{
  "atom_chain_ids": ["A","A","A","A","A","A","A","A","A","A","A","A","A","A","A","A","A","A","A","A","A","A","A","A","A","A","A","A","A","A","A","A","A","A","A","A","A","A","A","A","A","A","A","A","A","A","A","A","A","A","A","A","A","A","A","A","A","A","A","A","A","A","A","A","A","A","A","A","A","A","A","A","A","A","A","A","A","A","A","A","A","A","A","A","A","A","A","A","A","A","A","A","A","A","A","A","A","A","A","A","A","A","A","A","A","A","A","A","A","A","A","A","A","A","A","A","A","A","A","A","A","A","A","A","A","A","A","A","A","A","A","A","A","A","A","A","A","A","A","A","A","A","A","A","A","A","A","A","A","A","A","A","A","A","A","A","A","A","A","A","A","A","A","A","A","A","A","A","A","A","A","A","A","A","A","A","A","A","A","A","A","A","A","A","A","A","A","A","A","A","A","A","A","A","A","A","A","A","A","A","A","A","A","A","A","A","A","A","A","A","A","A","A","A","A","A","A","A","A","A","A","A","A","A","A","A","A","A","A","A","A","A","A","A","A","A","A","A","A","A","A","A","A","A","A","A","A","A","A","A","A","A","A","A","A","A","A","A","A","A","A","A","A","A","A","A","A","A","A","A","A","A","A","A","A","A","A","A","A","A","A","A","A","A","A","A","A","A","A","A","A","A","A","A","A","A","A","A","A","A","A","A","A","A","A","A","A","A","A","A","A","A","A","A","A","A","A","A","A","A","A","A","A","A","A","A","A","A","A","A","A","A","A","A","A","A","A","A","A","A","A","A","A","A","A","A","A","A","A","A","A","A","A","A","A","A","A","A","A","A","A","A","A","A","A","A","A","A","A","A","A","A","A","A","A","A","A"],
  "atom_plddts": [70.82,71.68,68.02,68.47,71.93,75.54,77.87,77.91,78.09,76.79,78.21,78.47,79.1,79.38,78.7,79.35,79.71,79.15,78.93,79.02,79.04,78.88,80.04,74.89,71.84,71.98,75.43,76.58,78.52,78.15,78.38,76.97,78.49,78.77,79.4,79.63,78.92,79.51,79.88,79.23,79.12,79.14,79.09,79.02,80.02,73.56,71.21,71.12,72.73,71.2,73.14,72.36,72.76,71.36,69.14,67.55,70.66,68.97,66.32,64.69,65.67,64.78,62.85,63.81,65.7,70.19,64.56,64.7,70.27,72.26,74.44,75.64,76.02,74.4,75.07,74.34,76.06,75.42,72.23,71.47,72.71,72.18,70.59,71.15,72.63,71.61,67.23,67.53,71.51,72.57,74.68,75.24,75.78,74.27,74.01,72.93,75.15,74.47,71.52,70.63,72.07,71.5,69.82,70.28,71.83,72.3,68.74,68.72,73.46,75.62,77.18,77.44,77.24,75.91,77.73,78.1,78.39,78.5,77.57,78.15,78.66,78.03,77.76,77.96,78.11,77.89,79.01,77.74,76.48,76.82,77.36,77.82,79.57,79.21,79.11,77.81,78.74,78.46,79.68,79.6,78.92,79.12,79.5,78.91,78.76,78.88,78.82,77.99,79.42,74.8,72.69,72.76,73.81,72.44,74.7,74.08,73.96,72.6,71.21,69.6,73.0,71.88,69.8,68.52,69.52,68.75,67.15,67.96,69.44,71.4,67.39,67.45,71.21,71.33,73.74,73.9,73.74,72.37,71.94,70.03,73.03,72.03,69.39,68.29,69.66,68.83,67.13,67.75,69.14,72.09,67.14,67.44,72.19,73.87,75.66,76.84,76.78,75.42,76.04,75.6,77.45,77.12,74.68,74.34,75.65,75.16,74.19,74.17,75.32,71.26,66.79,67.03,71.25,72.18,74.4,75.18,75.27,73.96,73.64,72.18,74.9,74.24,71.28,70.44,72.24,71.55,69.95,70.04,71.46,73.88,70.62,70.08,74.78,76.62,78.28,78.32,78.02,76.86,78.58,78.89,79.49,79.71,78.67,79.2,79.78,79.27,79.08,79.14,79.18,79.06,80.11,75.65,73.58,73.55,75.49,76.21,77.5,77.34,76.84,75.47,76.76,76.41,77.56,77.6,76.83,77.01,77.63,77.2,76.86,76.88,76.89,76.08,77.69,68.73,67.49,67.2,67.79,66.11,67.25,65.65,65.64,63.89,61.66,60.35,62.52,60.92,59.47,57.96,58.34,57.61,55.68,56.99,58.82,64.91,60.14,60.28,65.17,66.09,67.75,69.0,69.81,68.22,68.07,67.09,68.88,67.8,64.69,63.44,64.37,63.7,61.4,62.68,64.62,63.71,59.82,59.71,63.95,64.45,66.39,66.26,67.51,66.2,64.77,62.98,64.61,62.46,58.86,56.98,57.25,55.97,53.31,55.47,58.32,70.48,66.64,66.29,71.95,74.49,76.03,76.51,75.96,74.87,76.79,77.44,77.49,77.84,76.99,77.72,78.29,77.74,77.5,77.52,77.61,77.81,78.67,76.03,74.8,74.05,75.55,76.36,77.19,77.07,76.33,75.08,76.45,76.04,77.35,77.6,77.61,77.86,78.55,78.21,78.11,77.99,77.73,77.09,78.26],
  "contact_probs": [[1.0,1.0,0.13,0.36,0.01,0.05,0.28,0.34,0.3,0.9,0.08,0.37,0.8,0.07,0.12,0.01,0.01,0.01],[1.0,1.0,0.83,0.92,0.09,0.33,0.71,0.09,0.03,0.59,0.01,0.05,0.33,0.19,0.32,0.05,0.04,0.02],[0.13,0.83,1.0,0.74,0.21,0.13,0.07,0.03,0.01,0.02,0.01,0.01,0.13,0.38,0.35,0.18,0.02,0.01],[0.36,0.92,0.74,1.0,0.7,0.8,0.35,0.03,0.01,0.02,0.01,0.02,0.34,0.37,0.64,0.45,0.2,0.04],[0.01,0.09,0.21,0.7,1.0,0.75,0.05,0.01,0.01,0.01,0.02,0.02,0.08,0.2,0.53,0.69,0.61,0.27],[0.05,0.33,0.13,0.8,0.75,1.0,1.0,0.5,0.05,0.05,0.03,0.01,0.02,0.01,0.1,0.15,0.32,0.79],[0.28,0.71,0.07,0.35,0.05,1.0,1.0,0.96,0.69,0.67,0.05,0.01,0.01,0.01,0.01,0.02,0.06,0.33],[0.34,0.09,0.03,0.03,0.01,0.5,0.96,1.0,0.9,0.76,0.3,0.02,0.01,0.01,0.01,0.01,0.03,0.36],[0.3,0.03,0.01,0.01,0.01,0.05,0.69,0.9,1.0,0.86,0.68,0.13,0.01,0.01,0.01,0.01,0.04,0.42],[0.9,0.59,0.02,0.02,0.01,0.05,0.67,0.76,0.86,1.0,0.66,0.62,0.2,0.02,0.02,0.02,0.05,0.14],[0.08,0.01,0.01,0.01,0.02,0.03,0.05,0.3,0.68,0.66,1.0,0.88,0.08,0.01,0.04,0.06,0.32,0.59],[0.37,0.05,0.01,0.02,0.02,0.01,0.01,0.02,0.13,0.62,0.88,1.0,1.0,0.07,0.51,0.25,0.76,0.24],[0.8,0.33,0.13,0.34,0.08,0.02,0.01,0.01,0.01,0.2,0.08,1.0,1.0,0.63,0.89,0.59,0.49,0.02],[0.07,0.19,0.38,0.37,0.2,0.01,0.01,0.01,0.01,0.02,0.01,0.07,0.63,1.0,0.55,0.37,0.06,0.01],[0.12,0.32,0.35,0.64,0.53,0.1,0.01,0.01,0.01,0.02,0.04,0.51,0.89,0.55,1.0,0.81,0.69,0.08],[0.01,0.05,0.18,0.45,0.69,0.15,0.02,0.01,0.01,0.02,0.06,0.25,0.59,0.37,0.81,1.0,0.88,0.14],[0.01,0.04,0.02,0.2,0.61,0.32,0.06,0.03,0.04,0.05,0.32,0.76,0.49,0.06,0.69,0.88,1.0,1.0],[0.01,0.02,0.01,0.04,0.27,0.79,0.33,0.36,0.42,0.14,0.59,0.24,0.02,0.01,0.08,0.14,1.0,1.0]],
  "pae": [[1.0,1.9,4.3,3.4,4.8,4.7,3.9,4.4,4.0,3.0,4.0,4.2,4.1,6.4,5.4,8.3,4.9,4.4],[1.9,0.9,3.4,3.1,4.1,3.5,3.9,4.7,4.4,3.2,4.5,4.4,4.0,6.1,5.0,6.7,4.2,4.2],[6.7,4.8,1.4,5.7,7.5,7.4,9.3,10.1,10.2,8.4,10.4,11.0,9.1,9.0,5.5,11.6,9.6,10.2],[4.7,3.4,3.8,1.1,2.9,3.8,4.9,6.6,6.9,5.7,6.5,6.0,5.0,6.4,3.5,7.2,5.3,5.5],[6.1,4.5,4.8,3.1,1.2,3.4,5.0,6.4,7.3,6.3,7.4,7.3,5.5,7.2,4.9,7.0,5.1,5.3],[4.3,3.4,4.9,3.2,2.7,0.9,2.3,3.5,4.4,4.4,4.9,5.3,4.5,7.2,5.1,6.2,4.3,4.1],[4.0,3.5,5.2,3.6,3.1,2.0,0.9,2.5,2.9,3.0,4.1,4.1,4.2,7.7,5.2,7.6,3.8,3.6],[5.0,5.3,7.4,6.2,5.8,4.4,3.0,1.1,3.0,3.9,4.5,6.3,6.1,9.2,7.3,9.8,6.7,5.2],[5.1,5.5,8.1,7.2,6.8,5.3,4.0,2.9,1.1,4.0,3.8,5.1,6.0,9.8,7.4,10.4,7.1,5.7],[3.5,5.2,7.3,6.2,6.7,5.2,4.2,3.2,2.6,1.1,3.4,4.2,4.6,8.7,6.8,8.9,5.8,5.2],[5.5,7.3,8.3,8.1,8.3,7.0,6.1,4.8,3.9,3.7,1.3,4.1,4.4,9.7,8.0,9.8,7.1,6.0],[4.5,4.8,6.0,5.2,5.3,5.5,5.2,4.9,4.2,3.4,3.2,1.0,2.0,6.0,4.7,7.1,4.8,4.5],[4.3,4.6,6.3,4.8,5.4,5.1,5.4,5.2,4.7,3.7,3.4,2.0,0.9,5.9,4.5,6.7,4.7,4.8],[11.9,12.4,8.8,9.6,11.2,12.7,14.3,12.4,12.6,11.9,12.9,9.2,7.7,1.5,8.0,11.1,11.1,13.4],[8.5,7.7,6.3,5.9,8.4,8.4,9.6,9.1,10.3,9.6,9.4,9.0,6.8,4.8,1.3,8.3,6.9,8.4],[13.9,12.4,11.2,9.1,9.4,11.9,15.3,12.6,12.4,13.2,11.8,10.9,9.2,8.2,7.7,1.9,7.8,8.0],[5.7,5.2,6.7,5.2,5.6,4.8,4.8,5.6,5.8,5.5,5.7,5.9,5.3,7.3,4.9,4.9,1.0,2.1],[5.8,5.4,7.2,5.1,5.4,4.7,4.8,5.1,5.6,5.1,5.8,5.0,4.9,7.3,5.6,5.4,1.8,1.1]],
  "token_chain_ids": ["A","A","A","A","A","A","A","A","A","A","A","A","A","A","A","A","A","A"],
  "token_res_ids": [1,2,3,4,5,6,7,8,9,10,11,12,13,14,15,16,17,18]
}