{
  "atom_chain_ids": ["A","A","A","A","A","A","A","A","A","A","A","A","A","A","A","A","A","A","A","A","A","A","A","A","A","A","A","A","A","A","A","A","A","A","A","A","A","A","A","A","A","A","A","A","A","A","A","A","A","A","A","A","A","A","A","A","A","A","A","A","A","A","A","A","A","A","A","A","A","A","A","A","A","A","A","A","A","A","A","A","A","A","A","A","A","A","A","A","A","A","A","A","A","A","A","A","A","A","A","A","A","A","A","A","A","A","A","A","A","A","A","A","A","A","A","A","A","A","A","A","A","A","A","A","A","A","A","A","A","A","A","A","A","A","A","A","A","A","A","A","A","A","A","A","A","A","A","A","A","A","A","A","A","A","A","A","A","A","A","A","A","A","A","A","A","A","A","A","A","A","A","A","A","A","A","A","A","A","A","A","A","A","A","A","A","A","A","A","A","A","A","A","A","A","A","A","A","A","A","A","A","A","A","A","A","A","A","A","A","A","A","A","A","A","A","A","A","A","A","A","A","A","A","A","A","A","A","A","A","A","A","A","A","A","A","A","A","A","A","A","A","A","A","A","A","A","A","A","A","A","A","A","A","A","A","A","A","A","A","A","A","A","A","A","A","A","A","A","A","A","A","A","A","A","A","A","A","A","A","A","A","A","A","A","A","A","A","A","A","A","A","A","A","A","A","A","A","A","A","A","A","A","A","A","A","A","A","A","A","A","A","A","A","A","A","A","A","A","A","A","A","A","A","A","A","A","A","A","A","A","A","A","A","A","A","A","A","A","A","A","A","A","A","A","A","A","A","A","A","A","A","A","A","A","A","A","A","A","A","A","A","A","A","A","A","A","A","A","A","A","A","A","A","A","A","A","A"],
  "atom_plddts": [70.98,72.31,68.67,68.98,72.59,76.47,78.87,78.83,79.03,77.78,79.25,79.54,80.08,80.26,79.59,80.29,80.52,79.87,79.7,79.85,79.92,79.71,80.91,74.66,71.29,71.45,75.36,76.66,78.36,78.07,78.17,76.7,78.33,78.73,79.22,79.42,78.89,79.59,79.88,79.19,79.17,79.14,79.05,78.97,79.98,73.03,70.89,70.67,71.96,70.16,71.9,70.91,71.2,69.79,67.48,65.9,68.99,67.28,65.07,63.51,64.42,63.57,61.76,62.63,64.47,68.81,62.95,63.21,68.86,70.54,72.72,73.82,74.31,72.68,73.19,72.44,74.3,73.52,70.42,69.59,70.84,70.25,68.53,69.15,70.79,70.14,65.26,65.64,70.23,71.18,73.41,73.91,74.59,73.08,72.67,71.62,73.89,73.03,69.98,69.0,70.41,69.8,67.99,68.57,70.34,71.43,67.8,67.87,72.75,75.24,76.64,77.08,76.72,75.36,77.39,77.86,77.92,78.06,77.26,77.92,78.39,77.75,77.54,77.75,77.89,77.69,78.76,78.41,77.11,77.58,78.21,78.87,80.52,80.3,80.09,78.81,79.85,79.78,80.75,80.58,79.82,80.11,80.3,79.63,79.57,79.81,79.82,79.0,80.35,77.58,75.31,75.28,76.5,75.2,77.03,76.15,76.29,74.81,73.43,72.03,75.24,73.76,71.45,70.16,70.84,70.01,68.47,69.4,71.26,74.23,69.87,69.61,73.96,74.0,76.23,76.24,76.37,74.87,74.44,72.55,75.6,74.25,71.19,70.0,71.32,70.34,68.62,69.27,71.04,72.29,67.12,67.24,72.41,74.16,75.92,77.21,77.17,75.73,76.42,76.02,77.8,77.33,74.78,74.41,75.71,75.21,74.22,74.2,75.51,72.73,68.28,68.45,72.62,73.63,75.77,76.53,76.72,75.3,75.12,73.82,76.38,75.62,72.56,71.76,73.48,72.76,71.28,71.28,72.85,73.56,69.97,69.4,74.89,77.1,78.6,78.67,78.22,77.19,79.15,79.73,80.1,80.3,79.28,79.94,80.4,79.86,79.8,79.9,79.96,79.93,80.8,75.4,73.33,73.22,75.26,76.2,77.3,77.23,76.5,75.08,76.55,76.26,77.27,77.27,76.66,76.94,77.46,77.02,76.8,76.81,76.78,75.89,77.46,68.53,67.7,67.19,66.99,64.91,65.77,64.16,64.15,62.51,60.34,59.05,61.34,59.81,58.98,57.67,57.89,57.23,55.42,56.64,58.43,62.6,57.43,57.74,62.84,63.43,64.73,65.77,66.94,65.42,65.27,64.45,66.07,64.9,62.33,61.19,61.89,61.25,58.92,60.26,62.3,64.15,59.56,59.89,64.4,65.19,67.24,68.07,68.68,67.49,66.85,65.72,67.41,66.18,63.51,62.31,63.1,62.29,59.93,61.29,63.4,70.86,66.76,66.37,72.46,75.05,76.68,77.1,76.59,75.51,77.47,78.2,78.3,78.63,77.81,78.61,79.15,78.55,78.39,78.4,78.48,78.71,79.52,74.96,73.97,73.09,74.55,75.58,76.24,76.2,75.28,73.96,75.61,75.35,76.43,76.67,76.64,77.02,77.62,77.23,77.14,77.04,76.8,76.16,77.3],
  "contact_probs": [[1.0,1.0,0.13,0.36,0.01,0.05,0.28,0.34,0.3,0.9,0.08,0.37,0.8,0.07,0.12,0.01,0.01,0.01],[1.0,1.0,0.83,0.92,0.09,0.33,0.71,0.09,0.03,0.59,0.01,0.05,0.33,0.19,0.32,0.05,0.04,0.02],[0.13,0.83,1.0,0.74,0.21,0.13,0.07,0.03,0.01,0.02,0.01,0.01,0.13,0.38,0.35,0.18,0.02,0.01],[0.36,0.92,0.74,1.0,0.7,0.8,0.35,0.03,0.01,0.02,0.01,0.02,0.34,0.37,0.64,0.45,0.2,0.04],[0.01,0.09,0.21,0.7,1.0,0.75,0.05,0.01,0.01,0.01,0.02,0.02,0.08,0.2,0.53,0.69,0.61,0.27],[0.05,0.33,0.13,0.8,0.75,1.0,1.0,0.5,0.05,0.05,0.03,0.01,0.02,0.01,0.1,0.15,0.32,0.79],[0.28,0.71,0.07,0.35,0.05,1.0,1.0,0.96,0.69,0.67,0.05,0.01,0.01,0.01,0.01,0.02,0.06,0.33],[0.34,0.09,0.03,0.03,0.01,0.5,0.96,1.0,0.9,0.76,0.3,0.02,0.01,0.01,0.01,0.01,0.03,0.36],[0.3,0.03,0.01,0.01,0.01,0.05,0.69,0.9,1.0,0.86,0.68,0.13,0.01,0.01,0.01,0.01,0.04,0.42],[0.9,0.59,0.02,0.02,0.01,0.05,0.67,0.76,0.86,1.0,0.66,0.62,0.2,0.02,0.02,0.02,0.05,0.14],[0.08,0.01,0.01,0.01,0.02,0.03,0.05,0.3,0.68,0.66,1.0,0.88,0.08,0.01,0.04,0.06,0.32,0.59],[0.37,0.05,0.01,0.02,0.02,0.01,0.01,0.02,0.13,0.62,0.88,1.0,1.0,0.07,0.51,0.25,0.76,0.24],[0.8,0.33,0.13,0.34,0.08,0.02,0.01,0.01,0.01,0.2,0.08,1.0,1.0,0.63,0.89,0.59,0.49,0.02],[0.07,0.19,0.38,0.37,0.2,0.01,0.01,0.01,0.01,0.02,0.01,0.07,0.63,1.0,0.55,0.37,0.06,0.01],[0.12,0.32,0.35,0.64,0.53,0.1,0.01,0.01,0.01,0.02,0.04,0.51,0.89,0.55,1.0,0.81,0.69,0.08],[0.01,0.05,0.18,0.45,0.69,0.15,0.02,0.01,0.01,0.02,0.06,0.25,0.59,0.37,0.81,1.0,0.88,0.14],[0.01,0.04,0.02,0.2,0.61,0.32,0.06,0.03,0.04,0.05,0.32,0.76,0.49,0.06,0.69,0.88,1.0,1.0],[0.01,0.02,0.01,0.04,0.27,0.79,0.33,0.36,0.42,0.14,0.59,0.24,0.02,0.01,0.08,0.14,1.0,1.0]],
  "pae": [[0.9,2.0,4.8,4.0,5.2,4.7,4.1,4.4,4.3,3.3,4.2,4.4,4.6,6.7,5.8,6.5,4.7,5.0],[1.9,0.9,3.4,3.9,4.5,3.7,4.0,4.7,4.7,3.6,4.7,4.4,4.1,6.8,5.7,6.2,4.1,4.6],[6.6,4.8,1.5,6.5,8.0,7.9,10.2,10.8,11.4,9.8,12.0,11.2,10.3,10.3,8.3,11.9,10.8,11.6],[5.6,4.0,4.3,1.2,3.7,4.8,6.1,8.1,8.3,7.8,8.5,7.2,6.8,7.8,4.2,8.4,6.7,7.7],[7.4,6.1,5.8,4.1,1.2,4.4,5.7,7.8,8.9,8.0,10.2,9.8,8.0,9.6,5.5,8.5,7.1,7.5],[4.9,4.0,5.4,4.0,3.3,0.9,2.4,3.7,4.9,4.9,5.1,5.5,5.0,7.5,5.6,6.2,4.3,4.6],[4.4,4.4,5.8,4.7,3.7,2.2,0.9,2.8,3.1,3.6,4.5,4.7,4.7,7.2,5.5,6.3,4.0,4.2],[5.5,5.6,8.1,7.4,6.6,4.9,3.5,1.1,3.0,3.9,4.7,6.3,6.2,9.6,7.8,8.9,7.2,5.4],[5.2,6.7,8.8,8.3,7.7,5.9,4.7,3.2,1.1,3.7,4.8,5.6,6.2,9.7,8.5,9.0,7.5,6.4],[4.3,5.6,8.1,7.5,7.1,6.2,4.7,3.4,2.8,1.0,3.7,4.4,4.6,8.5,7.5,8.1,6.5,4.9],[5.8,6.9,8.4,8.1,8.3,7.3,6.6,4.8,3.8,3.3,1.2,3.4,4.4,8.8,7.5,8.1,6.8,6.0],[4.6,4.6,6.4,5.5,5.4,5.4,5.3,5.0,4.1,3.2,2.9,1.0,2.0,6.1,5.0,5.8,5.3,4.7],[4.2,4.5,6.7,5.0,5.7,4.9,5.8,5.5,4.7,3.6,3.3,1.7,0.9,6.0,4.5,5.6,5.1,5.0],[10.8,13.2,10.9,11.1,12.2,13.0,15.2,13.2,13.1,12.2,13.0,9.9,7.2,1.5,8.6,10.9,10.9,13.5],[8.9,8.5,9.0,7.9,6.6,7.9,10.6,10.0,11.0,10.9,10.4,8.5,6.6,6.8,1.3,8.7,6.9,8.0],[10.6,10.5,11.7,9.0,8.5,8.8,11.5,10.2,10.5,10.0,10.3,8.7,7.5,8.5,6.4,1.4,5.0,6.3],[5.3,5.3,7.1,5.9,6.1,5.1,4.7,5.7,5.7,5.1,5.4,5.0,5.4,8.0,5.3,4.4,1.0,2.4],[6.3,5.9,8.0,6.1,6.3,5.6,5.0,5.7,6.2,5.5,6.1,4.8,5.5,7.9,5.8,4.4,2.0,1.1]],
  "token_chain_ids": ["A","A","A","A","A","A","A","A","A","A","A","A","A","A","A","A","A","A"],
  "token_res_ids": [1,2,3,4,5,6,7,8,9,10,11,12,13,14,15,16,17,18]
}