{
  "atom_chain_ids": ["A","A","A","A","A","A","A","A","A","A","A","A","A","A","A","A","A","A","A","A","A","A","A","A","A","A","A","A","A","A","A","A","A","A","A","A","A","A","A","A","A","A","A","A","A","A","A","A","A","A","A","A","A","A","A","A","A","A","A","A","A","A","A","A","A","A","A","A","A","A","A","A","A","A","A","A","A","A","A","A","A","A","A","A","A","A","A","A","A","A","A","A","A","A","A","A","A","A","A","A","A","A","A","A","A","A","A","A","A","A","A","A","A","A","A","A","A","A","A","A","A","A","A","A","A","A","A","A","A","A","A","A","A","A","A","A","A","A","A","A","A","A","A","A","A","A","A","A","A","A","A","A","A","A","A","A","A","A","A","A","A","A","A","A","A","A","A","A","A","A","A","A","A","A","A","A","A","A","A","A","A","A","A","A","A","A","A","A","A","A","A","A","A","A","A","A","A","A","A","A","A","A","A","A","A","A","A","A","A","A","A","A","A","A","A","A","A","A","A","A","A","A","A","A","A","A","A","A","A","A","A","A","A","A","A","A","A","A","A","A","A","A","A","A","A","A","A","A","A","A","A","A","A","A","A","A","A","A","A","A","A","A","A","A","A","A","A","A","A","A","A","A","A","A","A","A","A","A","A","A","A","A","A","A","A","A","A","A","A","A","A","A","A","A","A","A","A","A","A","A","A","A","A","A","A","A","A","A","A","A","A","A","A","A","A","A","A","A","A","A","A","A","A","A","A","A","A","A","A","A","A","A","A","A","A","A","A","A","A","A","A","A","A","A","A","A","A","A","A","A","A","A","A","A","A","A","A","A","A","A","A","A","A","A","A","A","A","A","A","A","A","A","A","A","A","A","A"],
  "atom_plddts": [69.08,69.9,66.29,66.6,70.26,73.95,75.98,76.16,76.14,74.87,76.5,76.84,77.09,77.4,76.69,77.37,77.74,77.23,76.86,76.94,77.0,76.92,78.16,72.84,69.74,69.74,73.51,74.83,76.55,76.44,76.44,74.95,76.58,76.91,77.32,77.6,76.98,77.62,78.05,77.41,77.22,77.16,77.1,77.0,78.12,70.68,68.49,68.36,69.99,68.47,70.16,69.29,69.5,68.19,65.96,64.62,67.33,65.72,63.56,62.12,62.89,62.09,60.3,61.26,63.06,64.89,59.42,59.85,65.08,67.04,69.13,70.26,70.71,69.21,69.62,68.97,70.3,69.45,66.48,65.5,66.51,65.96,64.11,64.95,66.55,68.63,63.93,64.35,68.71,69.51,71.74,72.21,72.77,71.39,70.9,69.82,72.01,71.17,68.33,67.33,68.67,68.07,66.21,66.89,68.55,69.61,66.5,66.54,70.74,73.16,74.4,74.99,74.49,73.04,75.04,75.47,75.36,75.55,74.73,75.33,75.85,75.26,74.87,75.05,75.24,74.92,76.16,75.3,74.24,74.49,75.14,75.95,77.43,77.25,76.88,75.48,76.61,76.41,77.19,77.11,76.52,76.78,77.09,76.54,76.31,76.44,76.42,75.53,76.98,74.96,72.74,72.71,74.01,72.89,74.73,73.94,73.85,72.51,71.07,69.52,72.79,71.56,69.57,68.24,69.1,68.42,66.71,67.69,69.24,69.48,65.25,65.31,69.49,69.29,71.64,71.56,71.38,70.02,69.18,67.25,70.44,69.19,66.57,65.41,66.64,65.76,63.9,64.71,66.26,71.15,66.33,66.54,71.21,72.8,74.5,75.67,75.54,74.13,74.67,74.17,76.04,75.65,73.23,72.74,74.1,73.65,72.49,72.59,73.7,70.92,66.54,66.75,70.86,71.71,73.8,74.5,74.53,73.19,72.87,71.46,74.19,73.59,70.75,69.91,71.77,71.13,69.5,69.55,70.88,72.68,70.0,69.54,73.61,75.53,76.74,76.87,76.31,75.13,77.02,77.39,77.77,78.05,77.0,77.48,78.05,77.59,77.33,77.41,77.46,77.22,78.34,73.74,71.81,71.66,73.6,74.36,75.3,75.32,74.56,73.14,74.6,74.13,75.12,75.22,74.71,74.83,75.51,75.17,74.75,74.74,74.76,73.88,75.46,64.98,64.16,63.82,63.94,62.48,63.18,61.83,61.8,60.23,58.34,57.44,59.18,57.95,57.16,56.1,56.19,55.59,53.97,55.09,56.77,55.54,51.75,51.92,55.78,57.08,58.02,57.4,59.49,57.94,56.73,55.62,56.54,54.92,52.3,50.79,50.63,49.59,47.48,49.29,51.8,61.74,57.27,57.64,62.05,63.29,65.42,66.11,66.9,65.7,64.98,63.97,65.26,63.98,61.22,60.02,60.57,59.71,57.42,58.87,61.08,68.97,65.24,65.01,70.48,73.19,74.54,75.25,74.44,73.32,75.35,76.04,75.9,76.3,75.56,76.29,76.88,76.36,76.07,76.07,76.16,76.31,77.23,72.98,71.99,71.06,72.55,73.69,74.01,74.22,73.0,71.7,73.35,72.95,73.87,74.14,74.4,74.71,75.38,75.08,74.9,74.76,74.53,73.89,75.04],
  "contact_probs": [[1.0,1.0,0.13,0.36,0.01,0.05,0.28,0.34,0.3,0.9,0.08,0.37,0.8,0.07,0.12,0.01,0.01,0.01],[1.0,1.0,0.83,0.92,0.09,0.33,0.71,0.09,0.03,0.59,0.01,0.05,0.33,0.19,0.32,0.05,0.04,0.02],[0.13,0.83,1.0,0.74,0.21,0.13,0.07,0.03,0.01,0.02,0.01,0.01,0.13,0.38,0.35,0.18,0.02,0.01],[0.36,0.92,0.74,1.0,0.7,0.8,0.35,0.03,0.01,0.02,0.01,0.02,0.34,0.37,0.64,0.45,0.2,0.04],[0.01,0.09,0.21,0.7,1.0,0.75,0.05,0.01,0.01,0.01,0.02,0.02,0.08,0.2,0.53,0.69,0.61,0.27],[0.05,0.33,0.13,0.8,0.75,1.0,1.0,0.5,0.05,0.05,0.03,0.01,0.02,0.01,0.1,0.15,0.32,0.79],[0.28,0.71,0.07,0.35,0.05,1.0,1.0,0.96,0.69,0.67,0.05,0.01,0.01,0.01,0.01,0.02,0.06,0.33],[0.34,0.09,0.03,0.03,0.01,0.5,0.96,1.0,0.9,0.76,0.3,0.02,0.01,0.01,0.01,0.01,0.03,0.36],[0.3,0.03,0.01,0.01,0.01,0.05,0.69,0.9,1.0,0.86,0.68,0.13,0.01,0.01,0.01,0.01,0.04,0.42],[0.9,0.59,0.02,0.02,0.01,0.05,0.67,0.76,0.86,1.0,0.66,0.62,0.2,0.02,0.02,0.02,0.05,0.14],[0.08,0.01,0.01,0.01,0.02,0.03,0.05,0.3,0.68,0.66,1.0,0.88,0.08,0.01,0.04,0.06,0.32,0.59],[0.37,0.05,0.01,0.02,0.02,0.01,0.01,0.02,0.13,0.62,0.88,1.0,1.0,0.07,0.51,0.25,0.76,0.24],[0.8,0.33,0.13,0.34,0.08,0.02,0.01,0.01,0.01,0.2,0.08,1.0,1.0,0.63,0.89,0.59,0.49,0.02],[0.07,0.19,0.38,0.37,0.2,0.01,0.01,0.01,0.01,0.02,0.01,0.07,0.63,1.0,0.55,0.37,0.06,0.01],[0.12,0.32,0.35,0.64,0.53,0.1,0.01,0.01,0.01,0.02,0.04,0.51,0.89,0.55,1.0,0.81,0.69,0.08],[0.01,0.05,0.18,0.45,0.69,0.15,0.02,0.01,0.01,0.02,0.06,0.25,0.59,0.37,0.81,1.0,0.88,0.14],[0.01,0.04,0.02,0.2,0.61,0.32,0.06,0.03,0.04,0.05,0.32,0.76,0.49,0.06,0.69,0.88,1.0,1.0],[0.01,0.02,0.01,0.04,0.27,0.79,0.33,0.36,0.42,0.14,0.59,0.24,0.02,0.01,0.08,0.14,1.0,1.0]],
  "pae": [[1.0,2.0,4.7,3.6,5.7,5.3,4.5,4.8,4.9,3.5,4.8,4.7,4.9,7.0,7.6,5.6,5.1,5.2],[2.1,0.9,4.1,3.4,4.7,3.8,3.9,4.8,4.9,3.7,4.7,4.4,4.2,6.5,7.0,5.6,4.3,5.0],[6.5,4.7,1.4,5.6,8.1,7.8,9.8,10.6,11.0,9.3,11.7,11.5,9.8,8.3,11.1,9.2,10.5,10.9],[6.9,3.6,4.5,1.2,4.4,5.0,6.5,7.7,8.3,7.4,8.0,8.3,6.9,7.3,6.9,5.1,6.6,7.6],[8.2,6.4,6.3,4.8,1.3,4.6,6.1,8.0,9.5,8.8,9.8,10.4,8.2,8.5,7.4,5.6,6.7,7.6],[5.6,4.0,5.6,4.0,3.4,0.9,2.4,4.2,5.1,5.2,5.4,6.3,5.3,6.9,6.6,5.0,4.9,4.8],[5.2,4.6,5.9,4.6,3.8,2.4,0.9,3.3,3.7,3.8,4.9,5.0,5.0,7.6,6.7,5.5,4.2,4.3],[5.5,6.1,8.5,7.5,7.0,5.4,3.7,1.2,4.1,3.9,4.9,6.8,6.5,9.7,10.5,8.2,7.6,6.1],[6.1,7.2,9.7,8.4,7.9,6.3,5.4,3.6,1.2,3.9,4.4,5.9,6.9,11.0,10.7,9.6,7.9,6.3],[4.1,6.0,8.9,7.2,7.5,6.6,5.4,3.7,3.1,1.1,3.7,4.4,5.1,9.2,9.1,8.0,6.3,5.5],[5.9,7.5,8.9,8.0,8.5,7.9,7.0,5.1,4.1,3.4,1.3,4.0,5.0,10.1,9.7,8.4,6.7,6.0],[5.1,4.9,6.8,5.8,5.6,6.5,5.8,5.2,4.8,3.4,3.4,1.0,2.1,6.8,6.7,6.1,5.3,4.9],[4.6,4.8,7.0,5.6,5.8,5.7,6.0,5.6,5.3,3.7,3.5,2.0,0.9,6.5,6.4,5.5,5.0,5.4],[12.7,12.2,10.8,10.2,10.2,12.9,15.5,13.9,13.4,12.8,14.4,11.6,9.5,1.5,7.2,8.4,11.6,13.1],[12.7,13.1,11.0,9.2,7.8,12.5,14.2,13.0,14.1,13.2,13.2,13.2,11.2,6.2,1.4,6.4,8.9,10.6],[11.1,9.2,9.6,6.2,6.1,8.1,10.6,8.7,9.2,9.3,10.1,10.1,8.5,7.4,5.3,1.4,5.7,6.8],[5.7,5.1,7.0,5.6,5.2,5.3,4.8,5.7,5.9,5.6,5.6,5.3,4.8,6.8,6.6,3.4,1.0,2.4],[6.6,5.5,8.1,6.0,6.0,5.5,5.1,5.8,6.5,5.9,6.2,5.2,5.3,7.6,8.3,4.4,2.2,1.1]],
  "token_chain_ids": ["A","A","A","A","A","A","A","A","A","A","A","A","A","A","A","A","A","A"],
  "token_res_ids": [1,2,3,4,5,6,7,8,9,10,11,12,13,14,15,16,17,18]
}