{
  "atom_chain_ids": ["A","B","C","D","E","E","E","E","E","E","E","E","E","E","E","E","E","E","E","E","E","E","E","E","E","E","E","E","E","E","E","E","E","E","E","E","E","E","E","E","E","E","E","E","E","E","E","E","E","E","E","E","E","E","E","E","E","E","E","E","E","E","E","E","E","E","E","E","E","E","E","E","E","E","E","E","E","E","E","E","E","E","E","E","E","E","E","E","E","E","E","E","E","E","E","E","E","E","E","E","E","E","E","E","E","E","E","E","E","E","E","E","E","E","E","E","E","E","E","E","E","E","E","E","E","E","E","E","E","E","E","E","E","E","E","E","E","E","E","E","E","E","E","E","E","E","E","E","E","E","E","E","E","E","E","E","E","E","E","E","E","E","E","E","E","E","E","E","E","E","E","E","E","E","E","E","E","E","E","E","E","E","E","E","E","E","E","E","E","E","E","E","E","E","E","E","E","E","E","E","E","E","E","E","E","E","E","E","E","E","E","E","E","E","E","E","E","E","E","E","E","E","E","E","E","E","E","E","E","E","E","E","E","E","E","E","E","E","E","E","E","E","E","E","E","E","E","E","E","E","E","E","E","E","E","E","E","E","E","E","E","E","E","E","E","E","E","E","E","E","E","E","E","E","E","E","E","E","E","E","E","E","E","E","E","E","E","E","E","E","E","E","E","E","E","E","E","E","E","E","E","E","E","E","E","E","E","E","E","E","E","E","E","E","E","E","E","E","E","E","E","E","E","E","E","E","E","E","E","E","E","E","E","E","E","E","E","E","E","E","E","E","E","E","E","E","E","E","E","E","E","E","E","E","E","E","E","E","E","E","E","E","E","E","E","E","E","E","E","E","E","E","E","E","E","E","E","E","E","E","E","E","E","E","E","E","E","E","E","E","E","E","E","E","E","E","E","E","E","E","E","E","E","E","E","E","E","E","E","E","E","E","E","E","E","E","E","E","E","E","E","E","E","E","E","E","E","E","E","E","E","E","E","E","E","E","E","E","E","E","E","E","E","E","E","E","E","E","E","E","E","E","E","E","E","E","E","E","E","E","E","E","E","E","E","E","E","E","E","E","E","E","E","E","E","E","E","E","E","E","E","E","E","E","E","E","E","E","E","E","E","E","E","E","E","E","E","E","E","E","E","E","E","E","E","E","E","E","E","E","E","E","E","E","E","E","E","E","E","E","E","E","E","E","E","E","E","E","E","E","E","E","E","E","E","E","E","E","E","E","E","E","E","E","E","E","E","E","E","E","E","E","E","E","E","E","E","E","E"],
  "atom_plddts": [92.93,93.94,93.04,88.71,44.38,45.91,41.47,39.39,45.17,45.07,45.89,44.05,48.0,47.16,44.41,42.25,42.56,38.81,37.1,35.51,34.63,32.46,31.91,32.95,34.76,35.67,39.7,52.9,48.18,47.79,54.54,53.26,54.15,51.5,55.99,54.72,52.35,50.24,52.14,49.01,44.73,43.25,41.85,40.42,38.91,41.55,45.27,49.84,45.63,45.62,51.1,50.72,51.62,50.28,53.38,52.3,50.61,48.94,50.64,48.83,45.62,44.8,43.86,42.61,41.2,42.92,45.74,81.12,74.57,70.03,81.44,83.57,85.61,85.54,85.24,84.91,85.65,86.07,86.95,86.98,87.33,88.02,88.28,87.98,88.5,88.52,88.39,88.71,88.49,86.38,84.47,83.68,86.6,86.44,87.81,87.66,87.43,87.05,87.78,88.25,88.99,89.03,88.89,89.35,89.52,89.39,89.85,89.8,89.51,89.45,89.4,86.35,84.3,83.46,86.46,86.27,87.59,87.33,87.23,86.81,87.58,88.05,88.7,88.75,88.63,89.13,89.31,89.12,89.6,89.56,89.26,89.17,89.16,86.6,84.46,82.68,86.08,85.38,86.6,86.61,86.34,85.87,86.52,86.87,87.96,87.92,87.82,88.3,88.59,88.29,88.77,88.78,88.39,88.27,88.49,82.19,80.88,79.82,79.38,75.46,79.19,77.4,78.63,77.24,73.79,69.35,73.33,68.98,65.76,63.09,62.08,59.17,56.24,59.43,63.77,72.44,65.62,65.57,72.45,71.85,75.95,77.6,78.14,77.55,78.36,78.1,78.64,77.72,76.05,76.19,76.69,75.15,74.51,74.75,76.79,81.74,76.79,74.41,82.45,83.79,85.61,85.29,84.98,84.81,85.63,86.19,86.99,86.98,87.5,88.18,88.3,88.07,88.72,88.72,88.53,88.58,88.3,86.1,84.37,83.55,86.48,86.29,87.4,86.99,86.85,86.49,87.34,87.96,88.67,88.72,88.63,89.26,89.34,89.23,89.87,89.71,89.34,89.14,89.03,86.36,84.98,84.4,86.44,86.15,87.06,86.46,86.43,85.98,86.99,87.6,88.24,88.33,88.09,88.77,88.85,88.62,89.32,89.1,88.68,88.44,88.4,86.18,84.76,83.57,85.46,84.67,85.7,85.63,85.44,84.8,85.56,85.9,87.09,87.03,86.93,87.41,87.67,87.28,87.76,87.77,87.37,87.05,87.44,81.12,79.73,79.36,78.77,75.58,78.59,76.96,78.14,76.51,73.35,70.7,74.0,70.85,68.83,66.88,66.19,63.93,61.86,64.13,67.62,76.61,70.87,70.65,76.31,75.74,79.43,80.42,81.14,80.07,80.49,80.08,81.03,79.82,77.67,77.67,78.06,76.27,75.68,75.71,78.13,81.97,77.31,74.66,82.83,84.13,85.72,85.45,85.27,85.13,85.9,86.57,87.25,87.19,87.56,88.29,88.31,87.96,88.58,88.69,88.61,88.53,88.36,85.5,83.91,83.08,85.87,86.07,86.92,86.32,86.27,85.87,86.73,87.41,88.14,88.13,87.92,88.57,88.55,88.29,88.93,88.88,88.57,88.37,88.32,86.77,85.41,84.75,86.68,86.5,87.5,87.04,87.11,86.61,87.36,87.88,88.56,88.59,88.28,88.82,88.9,88.64,89.18,89.11,88.76,88.58,88.64,86.87,85.15,83.67,86.11,85.48,86.53,86.56,86.36,85.73,86.4,86.68,87.87,87.8,87.55,87.94,88.23,87.88,88.3,88.32,87.96,87.78,88.13,78.43,77.31,76.52,75.55,71.68,74.88,72.31,74.28,72.81,68.77,65.83,69.18,65.63,63.42,61.42,60.2,58.27,55.99,58.62,62.3,77.6,72.29,71.57,76.71,76.48,79.83,80.92,81.75,80.78,81.24,81.1,81.79,80.81,78.64,78.69,78.94,77.43,76.87,77.01,79.24,83.84,80.26,78.68,84.07,84.81,86.43,86.31,86.23,85.82,86.44,86.91,87.76,87.79,87.82,88.35,88.52,88.25,88.68,88.73,88.54,88.56,88.55,85.81,83.93,83.14,85.94,85.82,86.94,86.64,86.54,86.1,86.87,87.39,88.16,88.24,88.12,88.61,88.79,88.65,89.18,89.08,88.74,88.62,88.6,86.27,84.59,83.93,86.2,85.95,87.22,86.87,86.84,86.36,87.1,87.49,88.24,88.35,88.22,88.64,88.88,88.71,89.13,89.05,88.74,88.53,88.65,85.79,83.98,82.85,85.16,84.41,85.41,85.4,85.06,84.55,85.31,85.55,86.76,86.84,86.82,87.21,87.6,87.3,87.72,87.72,87.23,87.07,87.42,66.27,60.07,60.28,66.28,67.14,70.06,70.16,72.06,70.96,69.75,68.75,69.64,66.53,63.03,62.01,61.6,59.34,57.85,59.53,63.42],
  "contact_probs": [[1.0,0.99,0.97,0.05,0.01,0.0,0.01,0.01,0.85,0.99,0.98,0.01,0.06,0.02,0.85,1.0,0.98,0.01,0.04,0.03,0.85,1.0,0.98,0.01,0.08,0.02,0.81,1.0,0.98,0.32],[0.99,1.0,0.99,0.98,0.05,0.02,0.04,0.88,0.99,0.99,0.65,0.0,0.03,0.92,1.0,0.99,0.62,0.0,0.02,0.88,1.0,0.99,0.6,0.0,0.05,0.88,1.0,0.99,0.65,0.01],[0.97,0.99,1.0,0.99,0.33,0.21,0.29,0.99,0.99,0.76,0.02,0.0,0.01,0.99,0.99,0.74,0.02,0.0,0.01,0.99,0.99,0.73,0.02,0.0,0.02,0.99,0.99,0.67,0.02,0.0],[0.05,0.98,0.99,1.0,0.5,0.36,0.41,0.92,0.57,0.05,0.02,0.0,0.01,0.94,0.73,0.05,0.03,0.01,0.02,0.95,0.71,0.06,0.03,0.0,0.02,0.93,0.55,0.04,0.03,0.01],[0.01,0.05,0.33,0.5,1.0,0.66,0.38,0.17,0.05,0.01,0.0,0.0,0.01,0.19,0.07,0.0,0.0,0.0,0.0,0.38,0.14,0.0,0.0,0.0,0.01,0.42,0.08,0.01,0.0,0.0],[0.0,0.02,0.21,0.36,0.66,1.0,0.51,0.39,0.06,0.0,0.0,0.0,0.01,0.21,0.02,0.0,0.0,0.0,0.0,0.17,0.03,0.0,0.0,0.0,0.02,0.26,0.08,0.0,0.0,0.0],[0.01,0.04,0.29,0.41,0.38,0.51,1.0,0.65,0.09,0.0,0.0,0.0,0.01,0.07,0.0,0.0,0.0,0.0,0.0,0.04,0.01,0.0,0.0,0.0,0.02,0.45,0.38,0.02,0.0,0.0],[0.01,0.88,0.99,0.92,0.17,0.39,0.65,1.0,1.0,0.01,0.0,0.0,0.01,0.31,0.0,0.0,0.0,0.0,0.0,0.01,0.0,0.0,0.0,0.0,0.0,0.28,0.98,0.89,0.0,0.0],[0.85,0.99,0.99,0.57,0.05,0.06,0.09,1.0,1.0,1.0,0.01,0.0,0.16,0.98,0.17,0.01,0.01,0.0,0.0,0.0,0.01,0.01,0.0,0.0,0.0,0.0,0.18,0.98,0.8,0.0],[0.99,0.99,0.76,0.05,0.01,0.0,0.0,0.01,1.0,1.0,1.0,0.03,0.48,0.9,0.99,0.27,0.01,0.0,0.0,0.0,0.01,0.01,0.01,0.0,0.01,0.01,0.01,0.29,0.97,0.28],[0.98,0.65,0.02,0.02,0.0,0.0,0.0,0.0,0.01,1.0,1.0,0.08,0.48,0.0,0.77,0.98,0.09,0.01,0.01,0.0,0.0,0.01,0.01,0.0,0.0,0.0,0.01,0.0,0.19,0.39],[0.01,0.0,0.0,0.0,0.0,0.0,0.0,0.0,0.0,0.03,0.08,1.0,0.26,0.01,0.01,0.01,0.0,0.0,0.0,0.0,0.0,0.0,0.0,0.0,0.0,0.0,0.0,0.0,0.0,0.03],[0.06,0.03,0.01,0.01,0.01,0.01,0.01,0.01,0.16,0.48,0.48,0.26,1.0,0.16,0.23,0.03,0.01,0.0,0.01,0.0,0.0,0.01,0.0,0.0,0.01,0.0,0.0,0.0,0.02,0.05],[0.02,0.92,0.99,0.94,0.19,0.21,0.07,0.31,0.98,0.9,0.0,0.01,0.16,1.0,1.0,0.0,0.0,0.0,0.0,0.28,0.0,0.01,0.0,0.0,0.0,0.0,0.0,0.0,0.0,0.0],[0.85,1.0,0.99,0.73,0.07,0.02,0.0,0.0,0.17,0.99,0.77,0.01,0.23,1.0,1.0,1.0,0.0,0.0,0.17,0.98,0.24,0.01,0.01,0.0,0.0,0.0,0.0,0.01,0.0,0.0],[1.0,0.99,0.74,0.05,0.0,0.0,0.0,0.0,0.01,0.27,0.98,0.01,0.03,0.0,1.0,1.0,1.0,0.03,0.54,0.91,0.99,0.3,0.01,0.0,0.0,0.0,0.0,0.01,0.01,0.0],[0.98,0.62,0.02,0.03,0.0,0.0,0.0,0.0,0.01,0.01,0.09,0.0,0.01,0.0,0.0,1.0,1.0,0.07,0.45,0.0,0.74,0.97,0.06,0.0,0.01,0.0,0.0,0.01,0.01,0.01],[0.01,0.0,0.0,0.01,0.0,0.0,0.0,0.0,0.0,0.0,0.01,0.0,0.0,0.0,0.0,0.03,0.07,1.0,0.24,0.01,0.01,0.01,0.0,0.0,0.0,0.0,0.0,0.0,0.0,0.0],[0.04,0.02,0.01,0.02,0.0,0.0,0.0,0.0,0.0,0.0,0.01,0.0,0.01,0.0,0.17,0.54,0.45,0.24,1.0,0.14,0.18,0.01,0.0,0.0,0.01,0.0,0.0,0.0,0.0,0.01],[0.03,0.88,0.99,0.95,0.38,0.17,0.04,0.01,0.0,0.0,0.0,0.0,0.0,0.28,0.98,0.91,0.0,0.01,0.14,1.0,1.0,0.0,0.0,0.0,0.0,0.21,0.0,0.01,0.0,0.0],[0.85,1.0,0.99,0.71,0.14,0.03,0.01,0.0,0.01,0.01,0.0,0.0,0.0,0.0,0.24,0.99,0.74,0.01,0.18,1.0,1.0,1.0,0.01,0.0,0.18,0.99,0.17,0.03,0.02,0.0],[1.0,0.99,0.73,0.06,0.0,0.0,0.0,0.0,0.01,0.01,0.01,0.0,0.01,0.01,0.01,0.3,0.97,0.01,0.01,0.0,1.0,1.0,1.0,0.03,0.57,0.9,0.99,0.24,0.01,0.0],[0.98,0.6,0.02,0.03,0.0,0.0,0.0,0.0,0.0,0.01,0.01,0.0,0.0,0.0,0.01,0.01,0.06,0.0,0.0,0.0,0.01,1.0,1.0,0.06,0.55,0.0,0.73,0.97,0.08,0.12],[0.01,0.0,0.0,0.0,0.0,0.0,0.0,0.0,0.0,0.0,0.0,0.0,0.0,0.0,0.0,0.0,0.0,0.0,0.0,0.0,0.0,0.03,0.06,1.0,0.22,0.01,0.01,0.01,0.0,0.01],[0.08,0.05,0.02,0.02,0.01,0.02,0.02,0.0,0.0,0.01,0.0,0.0,0.01,0.0,0.0,0.0,0.01,0.0,0.01,0.0,0.18,0.57,0.55,0.22,1.0,0.24,0.28,0.06,0.01,0.02],[0.02,0.88,0.99,0.93,0.42,0.26,0.45,0.28,0.0,0.01,0.0,0.0,0.0,0.0,0.0,0.0,0.0,0.0,0.0,0.21,0.99,0.9,0.0,0.01,0.24,1.0,1.0,0.01,0.0,0.0],[0.81,1.0,0.99,0.55,0.08,0.08,0.38,0.98,0.18,0.01,0.01,0.0,0.0,0.0,0.0,0.0,0.0,0.0,0.0,0.0,0.17,0.99,0.73,0.01,0.28,1.0,1.0,1.0,0.01,0.0],[1.0,0.99,0.67,0.04,0.01,0.0,0.02,0.89,0.98,0.29,0.0,0.0,0.0,0.0,0.01,0.01,0.01,0.0,0.0,0.01,0.03,0.24,0.97,0.01,0.06,0.01,1.0,1.0,1.0,0.3],[0.98,0.65,0.02,0.03,0.0,0.0,0.0,0.0,0.8,0.97,0.19,0.0,0.02,0.0,0.0,0.01,0.01,0.0,0.0,0.0,0.02,0.01,0.08,0.0,0.01,0.0,0.01,1.0,1.0,0.82],[0.32,0.01,0.0,0.01,0.0,0.0,0.0,0.0,0.0,0.28,0.39,0.03,0.05,0.0,0.0,0.0,0.01,0.0,0.01,0.0,0.0,0.0,0.12,0.01,0.02,0.0,0.0,0.3,0.82,1.0]],
  "pae": [[0.8,2.1,2.4,4.0,12.8,10.1,8.5,3.5,2.7,2.2,2.3,6.6,4.6,3.3,2.7,2.1,2.3,6.3,4.8,3.4,2.5,2.1,2.3,5.7,4.3,3.3,2.7,1.9,2.3,7.2],[1.8,0.8,1.7,2.6,10.9,8.7,7.2,1.9,1.4,1.5,1.8,5.2,3.6,1.8,1.5,1.4,1.9,4.8,3.7,1.8,1.5,1.4,1.8,4.6,3.3,1.8,1.4,1.4,1.9,6.3],[2.4,2.0,0.8,2.7,12.5,9.8,8.0,1.9,1.9,2.9,3.7,7.1,4.7,2.0,2.2,3.1,3.7,6.5,4.5,2.1,2.1,2.8,3.3,6.1,4.3,1.9,2.0,2.4,3.3,8.1],[5.2,3.3,3.2,0.8,17.6,14.2,12.5,5.3,5.9,6.5,8.5,13.0,8.9,5.1,5.7,6.5,8.6,12.0,8.5,5.1,5.6,6.7,8.5,11.7,8.0,5.2,6.0,6.0,8.5,11.5],[18.9,18.0,17.6,20.5,1.1,4.2,5.5,13.8,15.8,17.7,19.4,18.8,17.6,18.8,19.2,18.7,20.2,23.4,19.3,18.9,18.8,17.3,18.1,17.9,13.5,15.8,14.3,13.9,16.4,15.1],[17.4,16.4,15.7,17.1,4.6,1.2,4.3,11.6,13.0,16.0,18.5,17.7,17.3,18.1,18.5,18.9,18.8,21.4,17.0,18.8,17.3,14.8,14.2,15.6,13.1,13.8,10.7,10.5,12.4,15.0],[16.4,15.1,14.1,16.3,5.7,4.1,1.1,10.3,10.7,13.7,16.5,17.9,15.8,15.9,16.3,16.5,17.4,21.3,16.4,17.0,16.2,15.1,14.4,14.9,12.0,12.4,9.6,9.9,11.7,14.1],[2.1,1.8,1.5,2.6,9.4,5.7,3.8,0.8,1.0,1.4,1.8,5.4,3.0,1.3,1.5,1.7,2.2,5.2,3.2,1.6,1.5,1.6,1.8,4.4,3.0,1.3,1.2,1.2,1.7,5.9],[1.9,1.4,1.5,2.7,9.4,7.6,5.1,1.0,0.8,0.9,1.3,4.4,2.5,1.2,1.1,1.4,1.6,4.2,3.0,1.4,1.4,1.4,1.5,4.0,2.8,1.4,1.1,1.0,1.3,5.3],[1.8,1.4,1.7,2.8,9.8,8.1,5.9,1.2,0.9,0.8,1.0,4.1,2.2,1.3,1.2,1.2,1.4,4.1,3.0,1.5,1.5,1.5,1.5,4.1,2.9,1.6,1.4,1.1,1.1,5.6],[1.6,1.5,1.8,3.3,10.1,7.7,6.0,1.8,1.2,0.9,0.8,3.8,2.1,1.5,1.3,1.2,1.3,3.9,3.1,1.6,1.5,1.5,1.6,4.4,3.0,1.8,1.7,1.4,1.2,5.6],[8.7,10.0,9.8,11.4,17.8,13.9,13.3,10.5,7.4,5.3,6.0,1.5,5.4,7.6,7.8,8.6,11.1,14.9,11.1,11.3,11.6,12.2,11.7,14.9,10.9,12.0,11.1,9.9,9.0,10.4],[5.6,5.3,4.4,5.7,14.3,11.6,10.2,5.0,4.8,4.9,4.1,5.8,1.2,4.5,4.2,5.7,5.4,9.7,7.8,4.9,6.2,5.3,5.4,11.8,8.7,6.5,5.6,5.1,5.8,10.8],[2.0,1.6,1.5,2.8,11.2,8.5,6.5,1.3,1.2,1.3,1.5,4.3,2.0,0.8,1.0,1.3,1.7,4.3,3.0,1.3,1.5,1.7,2.0,4.6,3.0,1.6,1.5,1.5,1.6,5.3],[1.9,1.4,1.5,2.7,10.3,7.8,6.4,1.4,1.1,1.1,1.2,4.2,2.2,0.9,0.8,0.9,1.3,3.6,2.8,1.2,1.1,1.4,1.6,4.1,2.8,1.4,1.4,1.3,1.5,6.2],[1.6,1.4,1.7,3.0,9.8,7.6,6.3,1.7,1.3,1.1,1.2,4.4,2.6,1.3,0.9,0.8,1.0,3.5,2.6,1.2,1.1,1.1,1.4,4.0,2.8,1.6,1.4,1.3,1.4,5.9],[1.6,1.6,1.8,3.4,10.3,8.1,6.5,2.1,1.6,1.5,1.3,4.7,2.9,1.6,1.3,0.9,0.8,3.4,2.3,1.6,1.3,1.2,1.4,4.1,2.9,1.7,1.6,1.5,1.6,6.1],[7.6,7.9,8.2,9.4,16.5,13.7,12.7,10.2,9.4,8.7,8.1,11.7,7.9,7.6,5.7,4.2,5.0,1.3,4.2,7.2,7.2,7.3,9.5,11.9,9.9,10.0,9.5,10.0,9.6,12.0],[4.5,3.9,4.0,5.3,13.6,11.0,9.1,5.3,4.2,4.2,4.3,7.8,5.8,4.3,3.1,3.0,2.9,5.6,1.1,4.1,3.3,4.3,4.3,8.6,6.0,4.0,4.4,4.0,4.7,9.9],[2.0,1.6,1.4,2.9,11.4,8.8,6.9,1.6,1.5,1.6,1.7,4.9,2.7,1.3,1.2,1.2,1.5,3.8,2.1,0.8,0.9,1.3,1.7,4.2,2.7,1.3,1.4,1.6,1.9,6.1],[1.9,1.4,1.5,2.8,10.7,7.9,6.5,1.5,1.4,1.5,1.5,4.8,2.7,1.4,1.2,1.1,1.2,3.6,2.3,1.0,0.8,0.9,1.3,3.6,2.3,1.3,1.2,1.4,1.6,5.8],[1.5,1.4,1.7,2.9,10.0,7.6,6.0,1.6,1.4,1.5,1.5,4.8,2.9,1.6,1.4,1.1,1.2,3.8,2.8,1.2,0.9,0.8,1.0,3.4,2.2,1.2,1.1,1.1,1.4,5.6],[1.6,1.6,1.8,3.4,10.0,7.5,6.0,1.7,1.6,1.7,1.7,5.5,3.1,2.0,1.7,1.4,1.3,3.9,3.1,1.6,1.2,0.9,0.8,3.2,1.9,1.5,1.3,1.3,1.4,5.8],[8.5,8.3,7.7,9.3,14.1,11.6,10.1,9.7,10.2,10.7,10.9,14.8,10.6,10.9,10.9,9.5,9.1,11.4,9.3,8.8,6.4,4.8,5.7,1.4,4.5,6.9,7.5,9.4,9.4,9.7],[4.2,3.8,3.6,5.1,11.9,9.9,8.0,4.9,4.2,4.1,3.7,9.8,6.6,4.5,3.9,3.6,3.8,6.7,5.6,3.6,2.8,3.0,2.8,5.6,1.1,3.3,3.0,4.9,4.6,9.0],[2.0,1.6,1.4,2.6,9.8,7.6,6.0,1.3,1.4,1.6,2.0,5.6,2.9,1.5,1.6,1.6,1.7,4.4,2.9,1.3,1.1,1.2,1.5,3.9,2.1,0.8,1.0,1.2,1.7,5.9],[1.8,1.4,1.4,2.7,9.4,7.4,6.0,1.1,1.1,1.4,1.7,4.9,2.8,1.5,1.5,1.5,1.5,4.3,3.0,1.4,1.2,1.1,1.2,3.5,2.1,0.9,0.8,0.9,1.3,5.1],[1.6,1.3,1.5,2.7,9.5,7.2,6.0,1.3,1.1,1.1,1.3,4.5,2.8,1.4,1.3,1.4,1.4,4.2,3.1,1.4,1.2,1.0,1.1,3.5,2.3,1.1,0.9,0.8,1.0,4.8],[1.8,1.7,1.9,3.5,9.3,7.2,5.4,1.5,1.3,1.3,1.4,4.6,2.9,1.6,1.6,1.5,1.5,4.7,3.3,1.8,1.6,1.4,1.3,4.1,2.9,1.6,1.1,0.9,0.8,4.1],[11.6,10.9,11.2,12.2,15.0,13.0,11.2,9.4,8.8,8.8,10.4,12.8,11.3,10.0,9.0,9.5,10.4,16.2,12.6,11.0,9.3,9.7,10.2,14.3,11.2,9.9,8.0,8.4,7.4,1.4]],
  "token_chain_ids": ["A","B","C","D","E","E","E","E","E","E","E","E","E","E","E","E","E","E","E","E","E","E","E","E","E","E","E","E","E","E"],
  "token_res_ids": [1,1,1,1,1,2,3,4,5,6,7,8,9,10,11,12,13,14,15,16,17,18,19,20,21,22,23,24,25,26]
}