{
  "atom_chain_ids": ["A","B","C","D","E","E","E","E","E","E","E","E","E","E","E","E","E","E","E","E","E","E","E","E","E","E","E","E","E","E","E","E","E","E","E","E","E","E","E","E","E","E","E","E","E","E","E","E","E","E","E","E","E","E","E","E","E","E","E","E","E","E","E","E","E","E","E","E","E","E","E","E","E","E","E","E","E","E","E","E","E","E","E","E","E","E","E","E","E","E","E","E","E","E","E","E","E","E","E","E","E","E","E","E","E","E","E","E","E","E","E","E","E","E","E","E","E","E","E","E","E","E","E","E","E","E","E","E","E","E","E","E","E","E","E","E","E","E","E","E","E","E","E","E","E","E","E","E","E","E","E","E","E","E","E","E","E","E","E","E","E","E","E","E","E","E","E","E","E","E","E","E","E","E","E","E","E","E","E","E","E","E","E","E","E","E","E","E","E","E","E","E","E","E","E","E","E","E","E","E","E","E","E","E","E","E","E","E","E","E","E","E","E","E","E","E","E","E","E","E","E","E","E","E","E","E","E","E","E","E","E","E","E","E","E","E","E","E","E","E","E","E","E","E","E","E","E","E","E","E","E","E","E","E","E","E","E","E","E","E","E","E","E","E","E","E","E","E","E","E","E","E","E","E","E","E","E","E","E","E","E","E","E","E","E","E","E","E","E","E","E","E","E","E","E","E","E","E","E","E","E","E","E","E","E","E","E","E","E","E","E","E","E","E","E","E","E","E","E","E","E","E","E","E","E","E","E","E","E","E","E","E","E","E","E","E","E","E","E","E","E","E","E","E","E","E","E","E","E","E","E","E","E","E","E","E","E","E","E","E","E","E","E","E","E","E","E","E","E","E","E","E","E","E","E","E","E","E","E","E","E","E","E","E","E","E","E","E","E","E","E","E","E","E","E","E","E","E","E","E","E","E","E","E","E","E","E","E","E","E","E","E","E","E","E","E","E","E","E","E","E","E","E","E","E","E","E","E","E","E","E","E","E","E","E","E","E","E","E","E","E","E","E","E","E","E","E","E","E","E","E","E","E","E","E","E","E","E","E","E","E","E","E","E","E","E","E","E","E","E","E","E","E","E","E","E","E","E","E","E","E","E","E","E","E","E","E","E","E","E","E","E","E","E","E","E","E","E","E","E","E","E","E","E","E","E","E","E","E","E","E","E","E","E","E","E","E","E","E","E","E","E","E","E","E","E","E","E","E","E","E","E","E","E","E","E","E","E","E","E","E","E","E","E","E","E","E","E","E","E","E","E","E","E","E","E","E","E","E"],
  "atom_plddts": [92.86,93.84,93.08,87.32,43.67,44.78,40.22,37.81,43.86,43.85,44.6,43.03,46.91,46.1,43.57,41.55,41.71,38.29,36.8,35.4,34.73,32.83,32.34,33.19,34.83,35.83,39.37,54.28,49.27,48.88,55.64,54.48,55.35,52.58,57.04,55.85,53.32,51.11,52.96,49.53,45.09,43.48,41.9,40.34,38.85,41.64,45.54,54.16,49.71,49.4,55.22,54.1,54.92,53.01,57.01,55.89,53.47,51.8,53.6,50.76,46.73,45.38,44.1,42.57,41.03,43.38,46.86,81.87,75.93,71.42,82.07,83.87,85.83,85.73,85.43,85.09,85.79,86.22,87.15,87.15,87.46,88.12,88.35,88.03,88.56,88.6,88.46,88.71,88.54,86.54,84.9,84.14,86.69,86.45,87.79,87.62,87.36,86.97,87.7,88.18,88.96,88.99,88.82,89.27,89.43,89.28,89.76,89.71,89.4,89.29,89.28,86.36,84.54,83.75,86.4,86.14,87.44,87.15,87.01,86.56,87.38,87.84,88.54,88.6,88.48,88.97,89.17,88.99,89.48,89.4,89.07,88.95,88.97,86.18,83.99,82.18,85.71,85.01,86.21,86.2,85.92,85.46,86.18,86.56,87.62,87.6,87.51,88.01,88.31,88.02,88.5,88.5,88.11,87.98,88.2,81.68,80.25,79.24,78.92,74.92,78.67,77.09,78.27,76.97,73.56,69.3,73.29,69.23,66.32,63.83,63.0,60.27,57.46,60.45,64.47,73.06,66.56,66.35,72.9,72.07,75.94,77.42,78.1,77.51,78.11,77.79,78.41,77.31,75.51,75.56,75.96,74.33,73.62,73.97,76.17,81.92,76.99,74.41,82.63,83.95,85.76,85.46,85.16,84.99,85.8,86.36,87.14,87.14,87.58,88.25,88.37,88.13,88.75,88.75,88.59,88.65,88.39,85.85,83.9,82.98,86.32,86.25,87.36,86.93,86.79,86.47,87.32,87.95,88.61,88.64,88.46,89.08,89.15,88.99,89.59,89.49,89.18,88.99,88.91,86.28,84.94,84.33,86.34,86.04,86.98,86.34,86.33,85.87,86.87,87.46,88.12,88.2,87.95,88.62,88.7,88.45,89.14,88.92,88.51,88.25,88.25,86.01,84.61,83.42,85.34,84.57,85.57,85.5,85.31,84.7,85.5,85.84,87.01,86.96,86.79,87.26,87.54,87.14,87.6,87.61,87.22,86.92,87.32,79.99,78.57,78.35,77.75,74.52,77.57,75.69,77.02,75.43,72.03,69.55,72.71,69.39,67.2,65.2,64.19,61.99,59.89,62.44,66.14,75.6,69.79,69.67,75.29,74.46,78.02,78.89,79.78,78.69,79.01,78.65,79.59,78.2,76.0,75.98,76.27,74.46,73.76,73.89,76.42,81.73,76.57,73.66,82.6,84.1,85.81,85.63,85.45,85.29,85.99,86.58,87.29,87.21,87.58,88.31,88.34,87.98,88.57,88.68,88.63,88.59,88.43,85.1,83.46,82.64,85.53,85.79,86.63,85.99,85.93,85.56,86.43,87.12,87.85,87.85,87.67,88.3,88.3,88.05,88.69,88.64,88.34,88.13,88.09,86.05,84.77,84.16,86.02,85.88,86.74,86.2,86.18,85.71,86.64,87.24,87.9,87.96,87.68,88.29,88.37,88.09,88.73,88.6,88.19,88.01,88.03,86.41,84.5,82.89,85.76,85.21,86.25,86.29,86.09,85.49,86.28,86.63,87.75,87.7,87.37,87.83,88.1,87.73,88.16,88.19,87.85,87.73,88.03,79.74,78.55,77.63,76.81,73.26,76.33,74.22,75.78,74.28,70.58,67.49,70.97,67.76,65.68,63.72,62.99,60.98,58.7,61.0,64.4,75.17,68.98,68.43,74.58,74.37,77.74,78.8,79.98,78.92,79.31,79.11,79.98,78.69,76.16,76.1,76.28,74.58,73.69,74.14,76.77,83.24,79.17,77.41,83.62,84.63,86.3,86.24,86.16,85.76,86.43,86.91,87.73,87.78,87.85,88.43,88.62,88.35,88.8,88.81,88.63,88.72,88.65,85.73,83.65,82.85,86.03,86.04,87.16,86.92,86.85,86.44,87.22,87.78,88.45,88.55,88.34,88.86,89.03,88.87,89.36,89.3,89.01,88.94,88.89,86.06,84.29,83.64,86.2,86.07,87.28,86.97,86.9,86.49,87.3,87.77,88.42,88.53,88.29,88.74,88.94,88.74,89.16,89.11,88.85,88.69,88.77,85.77,83.92,82.74,85.18,84.52,85.46,85.43,85.07,84.59,85.34,85.65,86.85,86.92,86.92,87.36,87.7,87.39,87.89,87.89,87.4,87.2,87.52,73.55,69.22,68.59,72.12,71.84,74.81,74.39,75.62,74.46,72.78,71.23,73.15,70.4,66.84,65.63,65.69,63.43,61.87,63.15,66.66],
  "contact_probs": [[1.0,0.99,0.97,0.05,0.01,0.0,0.01,0.01,0.85,0.99,0.98,0.01,0.06,0.02,0.85,1.0,0.98,0.01,0.04,0.03,0.85,1.0,0.98,0.01,0.08,0.02,0.81,1.0,0.98,0.32],[0.99,1.0,0.99,0.98,0.05,0.02,0.04,0.88,0.99,0.99,0.65,0.0,0.03,0.92,1.0,0.99,0.62,0.0,0.02,0.88,1.0,0.99,0.6,0.0,0.05,0.88,1.0,0.99,0.65,0.01],[0.97,0.99,1.0,0.99,0.33,0.21,0.29,0.99,0.99,0.76,0.02,0.0,0.01,0.99,0.99,0.74,0.02,0.0,0.01,0.99,0.99,0.73,0.02,0.0,0.02,0.99,0.99,0.67,0.02,0.0],[0.05,0.98,0.99,1.0,0.5,0.36,0.41,0.92,0.57,0.05,0.02,0.0,0.01,0.94,0.73,0.05,0.03,0.01,0.02,0.95,0.71,0.06,0.03,0.0,0.02,0.93,0.55,0.04,0.03,0.01],[0.01,0.05,0.33,0.5,1.0,0.66,0.38,0.17,0.05,0.01,0.0,0.0,0.01,0.19,0.07,0.0,0.0,0.0,0.0,0.38,0.14,0.0,0.0,0.0,0.01,0.42,0.08,0.01,0.0,0.0],[0.0,0.02,0.21,0.36,0.66,1.0,0.51,0.39,0.06,0.0,0.0,0.0,0.01,0.21,0.02,0.0,0.0,0.0,0.0,0.17,0.03,0.0,0.0,0.0,0.02,0.26,0.08,0.0,0.0,0.0],[0.01,0.04,0.29,0.41,0.38,0.51,1.0,0.65,0.09,0.0,0.0,0.0,0.01,0.07,0.0,0.0,0.0,0.0,0.0,0.04,0.01,0.0,0.0,0.0,0.02,0.45,0.38,0.02,0.0,0.0],[0.01,0.88,0.99,0.92,0.17,0.39,0.65,1.0,1.0,0.01,0.0,0.0,0.01,0.31,0.0,0.0,0.0,0.0,0.0,0.01,0.0,0.0,0.0,0.0,0.0,0.28,0.98,0.89,0.0,0.0],[0.85,0.99,0.99,0.57,0.05,0.06,0.09,1.0,1.0,1.0,0.01,0.0,0.16,0.98,0.17,0.01,0.01,0.0,0.0,0.0,0.01,0.01,0.0,0.0,0.0,0.0,0.18,0.98,0.8,0.0],[0.99,0.99,0.76,0.05,0.01,0.0,0.0,0.01,1.0,1.0,1.0,0.03,0.48,0.9,0.99,0.27,0.01,0.0,0.0,0.0,0.01,0.01,0.01,0.0,0.01,0.01,0.01,0.29,0.97,0.28],[0.98,0.65,0.02,0.02,0.0,0.0,0.0,0.0,0.01,1.0,1.0,0.08,0.48,0.0,0.77,0.98,0.09,0.01,0.01,0.0,0.0,0.01,0.01,0.0,0.0,0.0,0.01,0.0,0.19,0.39],[0.01,0.0,0.0,0.0,0.0,0.0,0.0,0.0,0.0,0.03,0.08,1.0,0.26,0.01,0.01,0.01,0.0,0.0,0.0,0.0,0.0,0.0,0.0,0.0,0.0,0.0,0.0,0.0,0.0,0.03],[0.06,0.03,0.01,0.01,0.01,0.01,0.01,0.01,0.16,0.48,0.48,0.26,1.0,0.16,0.23,0.03,0.01,0.0,0.01,0.0,0.0,0.01,0.0,0.0,0.01,0.0,0.0,0.0,0.02,0.05],[0.02,0.92,0.99,0.94,0.19,0.21,0.07,0.31,0.98,0.9,0.0,0.01,0.16,1.0,1.0,0.0,0.0,0.0,0.0,0.28,0.0,0.01,0.0,0.0,0.0,0.0,0.0,0.0,0.0,0.0],[0.85,1.0,0.99,0.73,0.07,0.02,0.0,0.0,0.17,0.99,0.77,0.01,0.23,1.0,1.0,1.0,0.0,0.0,0.17,0.98,0.24,0.01,0.01,0.0,0.0,0.0,0.0,0.01,0.0,0.0],[1.0,0.99,0.74,0.05,0.0,0.0,0.0,0.0,0.01,0.27,0.98,0.01,0.03,0.0,1.0,1.0,1.0,0.03,0.54,0.91,0.99,0.3,0.01,0.0,0.0,0.0,0.0,0.01,0.01,0.0],[0.98,0.62,0.02,0.03,0.0,0.0,0.0,0.0,0.01,0.01,0.09,0.0,0.01,0.0,0.0,1.0,1.0,0.07,0.45,0.0,0.74,0.97,0.06,0.0,0.01,0.0,0.0,0.01,0.01,0.01],[0.01,0.0,0.0,0.01,0.0,0.0,0.0,0.0,0.0,0.0,0.01,0.0,0.0,0.0,0.0,0.03,0.07,1.0,0.24,0.01,0.01,0.01,0.0,0.0,0.0,0.0,0.0,0.0,0.0,0.0],[0.04,0.02,0.01,0.02,0.0,0.0,0.0,0.0,0.0,0.0,0.01,0.0,0.01,0.0,0.17,0.54,0.45,0.24,1.0,0.14,0.18,0.01,0.0,0.0,0.01,0.0,0.0,0.0,0.0,0.01],[0.03,0.88,0.99,0.95,0.38,0.17,0.04,0.01,0.0,0.0,0.0,0.0,0.0,0.28,0.98,0.91,0.0,0.01,0.14,1.0,1.0,0.0,0.0,0.0,0.0,0.21,0.0,0.01,0.0,0.0],[0.85,1.0,0.99,0.71,0.14,0.03,0.01,0.0,0.01,0.01,0.0,0.0,0.0,0.0,0.24,0.99,0.74,0.01,0.18,1.0,1.0,1.0,0.01,0.0,0.18,0.99,0.17,0.03,0.02,0.0],[1.0,0.99,0.73,0.06,0.0,0.0,0.0,0.0,0.01,0.01,0.01,0.0,0.01,0.01,0.01,0.3,0.97,0.01,0.01,0.0,1.0,1.0,1.0,0.03,0.57,0.9,0.99,0.24,0.01,0.0],[0.98,0.6,0.02,0.03,0.0,0.0,0.0,0.0,0.0,0.01,0.01,0.0,0.0,0.0,0.01,0.01,0.06,0.0,0.0,0.0,0.01,1.0,1.0,0.06,0.55,0.0,0.73,0.97,0.08,0.12],[0.01,0.0,0.0,0.0,0.0,0.0,0.0,0.0,0.0,0.0,0.0,0.0,0.0,0.0,0.0,0.0,0.0,0.0,0.0,0.0,0.0,0.03,0.06,1.0,0.22,0.01,0.01,0.01,0.0,0.01],[0.08,0.05,0.02,0.02,0.01,0.02,0.02,0.0,0.0,0.01,0.0,0.0,0.01,0.0,0.0,0.0,0.01,0.0,0.01,0.0,0.18,0.57,0.55,0.22,1.0,0.24,0.28,0.06,0.01,0.02],[0.02,0.88,0.99,0.93,0.42,0.26,0.45,0.28,0.0,0.01,0.0,0.0,0.0,0.0,0.0,0.0,0.0,0.0,0.0,0.21,0.99,0.9,0.0,0.01,0.24,1.0,1.0,0.01,0.0,0.0],[0.81,1.0,0.99,0.55,0.08,0.08,0.38,0.98,0.18,0.01,0.01,0.0,0.0,0.0,0.0,0.0,0.0,0.0,0.0,0.0,0.17,0.99,0.73,0.01,0.28,1.0,1.0,1.0,0.01,0.0],[1.0,0.99,0.67,0.04,0.01,0.0,0.02,0.89,0.98,0.29,0.0,0.0,0.0,0.0,0.01,0.01,0.01,0.0,0.0,0.01,0.03,0.24,0.97,0.01,0.06,0.01,1.0,1.0,1.0,0.3],[0.98,0.65,0.02,0.03,0.0,0.0,0.0,0.0,0.8,0.97,0.19,0.0,0.02,0.0,0.0,0.01,0.01,0.0,0.0,0.0,0.02,0.01,0.08,0.0,0.01,0.0,0.01,1.0,1.0,0.82],[0.32,0.01,0.0,0.01,0.0,0.0,0.0,0.0,0.0,0.28,0.39,0.03,0.05,0.0,0.0,0.0,0.01,0.0,0.01,0.0,0.0,0.0,0.12,0.01,0.02,0.0,0.0,0.3,0.82,1.0]],
  "pae": [[0.8,1.8,2.4,4.0,12.5,11.0,8.6,3.5,2.6,2.2,2.2,6.1,4.9,3.2,2.6,2.1,2.4,6.5,5.3,3.3,2.4,2.0,2.2,5.6,4.4,3.2,2.8,1.9,2.2,6.0],[1.6,0.8,1.8,2.7,11.1,9.6,7.1,2.0,1.4,1.5,1.9,5.0,3.8,1.9,1.5,1.4,1.9,5.2,4.1,1.8,1.4,1.4,1.8,4.4,3.5,1.9,1.4,1.4,1.9,5.3],[2.5,2.0,0.8,3.1,12.2,10.9,8.3,2.1,2.0,3.0,3.9,6.9,4.9,2.2,2.4,3.3,3.9,6.9,4.8,2.1,2.2,2.9,3.4,6.1,4.6,2.0,2.2,2.5,3.4,6.9],[5.7,3.6,3.6,0.8,18.1,16.5,14.0,5.7,6.2,6.9,9.2,13.5,9.5,5.6,6.1,7.1,9.5,13.6,9.9,5.6,6.1,7.1,8.8,13.2,9.3,5.7,6.4,6.6,9.2,11.5],[19.3,18.2,18.2,20.7,1.1,5.3,5.6,13.6,14.8,18.2,19.9,19.2,16.9,19.4,20.1,19.5,20.5,24.1,18.2,19.5,19.6,19.7,19.1,19.0,15.2,17.0,15.3,14.2,14.9,16.2],[18.1,16.2,15.8,17.2,4.6,1.3,5.0,12.2,13.9,16.4,18.4,18.9,16.7,17.9,18.5,18.8,19.3,22.6,17.6,18.9,18.0,17.3,16.6,17.1,14.8,14.5,12.4,11.7,14.3,16.1],[17.5,15.2,14.8,17.1,5.6,5.1,1.3,10.5,10.6,14.1,16.4,18.2,16.1,16.1,16.6,17.0,18.1,21.6,15.8,16.6,16.7,16.3,16.5,15.8,13.8,13.8,9.8,10.6,12.3,14.4],[2.1,1.8,1.5,2.6,9.4,6.4,3.8,0.8,0.9,1.3,1.8,4.8,3.1,1.3,1.5,1.7,2.1,5.5,3.5,1.6,1.5,1.6,1.7,4.0,3.1,1.3,1.1,1.2,1.6,4.6],[1.9,1.4,1.5,2.9,9.5,8.3,4.7,0.9,0.8,0.9,1.3,4.0,2.8,1.2,1.1,1.4,1.6,4.5,3.3,1.4,1.4,1.4,1.5,3.7,3.0,1.4,1.1,1.0,1.2,4.1],[1.7,1.5,1.7,3.0,10.2,9.1,5.8,1.2,0.9,0.8,1.0,3.9,2.5,1.3,1.2,1.2,1.4,4.5,3.4,1.5,1.5,1.5,1.5,3.9,3.0,1.6,1.3,1.1,1.1,4.1],[1.7,1.6,1.9,3.5,10.1,8.8,5.9,1.7,1.2,0.9,0.8,3.6,2.4,1.5,1.3,1.2,1.3,4.3,3.6,1.7,1.6,1.6,1.6,4.3,3.3,2.0,1.7,1.4,1.3,4.4],[8.2,8.7,9.5,10.9,16.4,14.5,13.0,9.6,6.4,4.9,5.5,1.4,5.2,7.2,7.2,8.2,11.0,14.1,11.5,10.5,11.3,11.9,11.0,14.4,10.4,11.4,10.7,8.6,8.3,9.4],[4.9,4.6,4.4,5.7,13.9,12.8,9.9,4.4,4.0,4.1,3.8,5.7,1.2,4.1,3.7,5.3,4.9,9.1,8.0,4.8,6.1,5.0,4.7,10.9,8.0,5.7,5.4,4.3,5.0,9.0],[2.1,1.7,1.5,2.9,11.1,9.2,6.5,1.3,1.2,1.3,1.5,4.1,2.2,0.8,1.0,1.3,1.8,4.4,3.2,1.3,1.5,1.7,2.1,4.3,3.2,1.6,1.6,1.5,1.6,4.4],[1.9,1.5,1.5,2.8,10.2,8.5,6.5,1.4,1.1,1.1,1.2,3.9,2.4,1.0,0.8,1.0,1.3,4.0,3.0,1.2,1.1,1.4,1.6,3.9,2.9,1.4,1.4,1.4,1.5,5.0],[1.6,1.4,1.7,3.1,10.0,8.6,6.4,1.6,1.4,1.2,1.2,4.1,3.1,1.3,0.9,0.8,1.0,3.9,2.8,1.3,1.1,1.1,1.4,3.8,3.0,1.6,1.4,1.4,1.4,4.9],[1.6,1.6,1.9,3.5,10.5,9.0,6.2,2.1,1.7,1.5,1.3,4.3,3.3,1.7,1.3,0.9,0.8,3.6,2.5,1.6,1.3,1.3,1.4,4.1,3.2,1.7,1.6,1.6,1.6,5.2],[7.7,8.0,7.9,9.7,16.4,15.3,13.2,10.7,9.6,8.9,8.4,11.6,8.2,7.7,5.5,4.4,5.6,1.4,4.6,7.3,7.5,7.5,9.9,11.0,9.7,9.5,9.6,10.0,9.9,10.6],[4.8,4.1,4.0,5.3,13.7,12.4,10.0,5.0,4.2,4.4,4.6,7.7,6.7,4.2,3.0,3.4,3.0,5.8,1.1,4.4,3.4,4.5,4.8,8.0,6.1,3.9,4.7,4.1,4.5,8.5],[2.1,1.7,1.5,3.0,11.5,9.7,6.8,1.5,1.5,1.6,1.7,4.5,3.0,1.3,1.2,1.2,1.5,4.0,2.3,0.8,0.9,1.2,1.7,3.9,2.9,1.2,1.4,1.6,1.8,5.0],[1.9,1.5,1.5,3.0,10.6,8.5,6.1,1.5,1.4,1.5,1.5,4.5,3.1,1.4,1.2,1.1,1.2,3.9,2.6,1.0,0.8,0.9,1.3,3.6,2.7,1.2,1.1,1.4,1.6,5.1],[1.5,1.4,1.7,3.1,10.0,8.6,5.9,1.5,1.4,1.5,1.5,4.4,3.1,1.6,1.4,1.1,1.2,4.1,3.1,1.2,0.9,0.8,1.0,3.3,2.4,1.2,1.1,1.1,1.4,4.5],[1.7,1.6,1.9,3.6,10.5,8.8,6.3,1.8,1.6,1.6,1.6,5.0,3.3,2.0,1.7,1.4,1.3,4.4,3.4,1.6,1.2,0.9,0.8,3.1,2.1,1.5,1.3,1.3,1.4,4.8],[7.6,7.4,6.8,8.9,14.0,12.3,10.7,9.5,9.3,10.3,9.8,14.4,10.1,9.8,9.7,7.8,8.1,11.5,8.5,7.1,5.4,4.8,5.4,1.4,4.2,6.3,7.1,7.9,9.0,8.9],[5.3,4.9,4.4,5.9,13.2,11.6,9.0,5.7,5.6,5.1,4.8,11.0,7.9,5.5,5.2,4.5,4.7,8.6,7.4,4.8,4.3,4.0,3.8,6.0,1.2,4.2,3.9,6.1,5.8,8.6],[2.0,1.6,1.5,2.7,10.3,8.5,6.0,1.3,1.4,1.7,2.0,5.2,3.2,1.6,1.6,1.6,1.7,4.6,3.3,1.3,1.1,1.2,1.5,3.7,2.3,0.8,0.9,1.2,1.6,4.6],[1.9,1.5,1.4,2.8,9.7,8.3,5.9,1.1,1.1,1.4,1.7,4.5,3.0,1.5,1.5,1.5,1.5,4.5,3.2,1.4,1.1,1.1,1.3,3.4,2.4,0.9,0.8,0.9,1.3,3.8],[1.6,1.3,1.6,2.8,9.6,8.1,5.9,1.2,1.1,1.1,1.4,4.0,3.0,1.4,1.4,1.4,1.4,4.6,3.5,1.5,1.2,1.1,1.2,3.4,2.6,1.1,0.9,0.8,1.0,3.6],[1.8,1.7,1.9,3.5,9.2,8.3,5.5,1.5,1.2,1.3,1.3,4.0,3.1,1.6,1.5,1.5,1.5,5.0,3.9,1.8,1.6,1.4,1.3,3.9,3.1,1.6,1.1,0.8,0.8,3.1],[10.5,10.2,10.5,11.2,14.5,13.4,11.6,8.8,7.4,7.8,8.8,9.7,11.1,8.7,8.7,9.6,9.5,14.3,11.8,10.3,8.8,9.0,8.9,13.2,10.5,9.4,7.9,6.7,5.6,1.4]],
  "token_chain_ids": ["A","B","C","D","E","E","E","E","E","E","E","E","E","E","E","E","E","E","E","E","E","E","E","E","E","E","E","E","E","E"],
  "token_res_ids": [1,1,1,1,1,2,3,4,5,6,7,8,9,10,11,12,13,14,15,16,17,18,19,20,21,22,23,24,25,26]
}