{
  "atom_chain_ids": ["A","B","C","D","E","E","E","E","E","E","E","E","E","E","E","E","E","E","E","E","E","E","E","E","E","E","E","E","E","E","E","E","E","E","E","E","E","E","E","E","E","E","E","E","E","E","E","E","E","E","E","E","E","E","E","E","E","E","E","E","E","E","E","E","E","E","E","E","E","E","E","E","E","E","E","E","E","E","E","E","E","E","E","E","E","E","E","E","E","E","E","E","E","E","E","E","E","E","E","E","E","E","E","E","E","E","E","E","E","E","E","E","E","E","E","E","E","E","E","E","E","E","E","E","E","E","E","E","E","E","E","E","E","E","E","E","E","E","E","E","E","E","E","E","E","E","E","E","E","E","E","E","E","E","E","E","E","E","E","E","E","E","E","E","E","E","E","E","E","E","E","E","E","E","E","E","E","E","E","E","E","E","E","E","E","E","E","E","E","E","E","E","E","E","E","E","E","E","E","E","E","E","E","E","E","E","E","E","E","E","E","E","E","E","E","E","E","E","E","E","E","E","E","E","E","E","E","E","E","E","E","E","E","E","E","E","E","E","E","E","E","E","E","E","E","E","E","E","E","E","E","E","E","E","E","E","E","E","E","E","E","E","E","E","E","E","E","E","E","E","E","E","E","E","E","E","E","E","E","E","E","E","E","E","E","E","E","E","E","E","E","E","E","E","E","E","E","E","E","E","E","E","E","E","E","E","E","E","E","E","E","E","E","E","E","E","E","E","E","E","E","E","E","E","E","E","E","E","E","E","E","E","E","E","E","E","E","E","E","E","E","E","E","E","E","E","E","E","E","E","E","E","E","E","E","E","E","E","E","E","E","E","E","E","E","E","E","E","E","E","E","E","E","E","E","E","E","E","E","E","E","E","E","E","E","E","E","E","E","E","E","E","E","E","E","E","E","E","E","E","E","E","E","E","E","E","E","E","E","E","E","E","E","E","E","E","E","E","E","E","E","E","E","E","E","E","E","E","E","E","E","E","E","E","E","E","E","E","E","E","E","E","E","E","E","E","E","E","E","E","E","E","E","E","E","E","E","E","E","E","E","E","E","E","E","E","E","E","E","E","E","E","E","E","E","E","E","E","E","E","E","E","E","E","E","E","E","E","E","E","E","E","E","E","E","E","E","E","E","E","E","E","E","E","E","E","E","E","E","E","E","E","E","E","E","E","E","E","E","E","E","E","E","E","E","E","E","E","E","E","E","E","E","E","E","E","E","E","E","E","E","E","E","E","E","E","E","E","E","E","E","E","E","E","E","E","E","E","E"],
  "atom_plddts": [92.77,94.05,93.58,88.69,43.88,45.01,40.47,38.27,44.23,43.91,44.56,42.72,46.85,45.98,43.24,41.42,41.75,38.25,36.74,35.3,34.56,32.55,32.0,32.94,34.61,35.5,39.25,50.83,46.21,45.8,52.55,51.14,51.72,48.67,53.78,52.32,49.83,47.82,49.68,46.42,42.29,40.87,39.45,38.02,36.65,39.18,42.87,51.45,47.22,47.01,52.62,51.73,52.48,50.4,54.55,53.38,51.18,49.35,50.85,48.1,44.17,42.82,41.52,39.98,38.6,40.89,44.29,81.65,75.32,70.48,81.81,83.71,85.7,85.61,85.29,84.95,85.68,86.12,87.04,87.06,87.49,88.21,88.45,88.16,88.76,88.72,88.55,88.86,88.62,86.6,84.87,84.01,86.7,86.4,87.75,87.58,87.32,86.92,87.65,88.11,88.92,88.95,88.87,89.36,89.52,89.39,89.92,89.84,89.49,89.38,89.33,86.71,84.92,84.1,86.66,86.33,87.63,87.33,87.21,86.75,87.55,88.01,88.72,88.77,88.7,89.21,89.4,89.23,89.76,89.67,89.32,89.17,89.17,86.88,84.88,83.15,86.25,85.46,86.63,86.57,86.31,85.81,86.49,86.86,87.99,87.94,87.86,88.36,88.64,88.34,88.88,88.84,88.41,88.27,88.49,83.14,81.7,80.5,80.25,76.45,80.14,78.3,79.63,78.18,74.76,70.38,74.3,69.8,66.25,63.59,62.51,59.44,56.52,59.67,64.22,73.11,66.14,66.14,73.08,72.63,76.78,78.42,78.92,78.32,79.13,79.06,79.49,78.62,77.2,77.47,77.91,76.35,75.96,76.01,78.09,82.38,78.03,75.51,82.87,83.95,85.73,85.33,85.03,84.86,85.65,86.24,87.08,87.03,87.6,88.28,88.36,88.11,88.79,88.79,88.59,88.56,88.31,86.48,84.88,83.96,86.75,86.5,87.59,87.19,87.05,86.69,87.53,88.17,88.9,88.94,88.84,89.5,89.56,89.45,90.15,89.94,89.54,89.34,89.2,86.61,85.23,84.6,86.67,86.37,87.29,86.68,86.67,86.21,87.22,87.85,88.5,88.59,88.37,89.09,89.15,88.91,89.66,89.42,88.99,88.74,88.68,86.36,84.91,83.65,85.59,84.78,85.79,85.72,85.51,84.85,85.65,85.99,87.21,87.15,87.08,87.59,87.85,87.45,87.99,87.96,87.54,87.22,87.59,81.54,80.44,80.12,79.02,75.78,78.7,76.82,78.15,76.48,73.15,70.35,73.71,70.33,68.3,66.21,65.31,63.03,60.88,63.33,66.99,76.61,70.74,70.49,76.31,75.81,79.43,80.41,81.13,80.02,80.45,80.08,81.02,79.84,77.78,77.86,78.25,76.5,75.96,75.9,78.29,82.44,77.87,75.07,83.19,84.45,86.0,85.74,85.55,85.41,86.15,86.82,87.51,87.43,87.88,88.64,88.64,88.31,88.98,89.05,88.94,88.86,88.66,85.15,83.7,82.85,85.62,85.85,86.53,85.83,85.74,85.41,86.35,87.11,87.81,87.83,87.71,88.42,88.39,88.16,88.91,88.78,88.42,88.23,88.1,86.9,85.45,84.74,86.82,86.67,87.63,87.19,87.25,86.76,87.53,88.09,88.77,88.8,88.47,89.06,89.12,88.83,89.41,89.34,88.98,88.84,88.87,87.19,85.36,83.79,86.44,85.89,86.97,87.03,86.85,86.24,86.86,87.14,88.32,88.25,87.97,88.4,88.66,88.3,88.72,88.75,88.41,88.27,88.6,79.48,78.04,77.2,76.57,72.85,75.97,73.57,75.43,73.92,69.89,67.2,70.56,67.05,64.77,62.83,61.69,59.61,57.38,59.89,63.65,77.34,71.62,70.81,76.48,76.12,79.25,80.24,81.34,80.27,80.59,80.43,81.23,79.95,77.47,77.47,77.55,75.9,75.21,75.56,78.15,84.06,80.49,78.73,84.29,85.06,86.6,86.48,86.35,86.0,86.66,87.18,87.99,88.02,88.13,88.72,88.86,88.62,89.14,89.11,88.88,88.95,88.85,85.94,84.0,83.07,86.06,85.94,87.04,86.74,86.64,86.2,86.98,87.55,88.31,88.4,88.34,88.9,89.07,88.95,89.54,89.39,89.03,88.93,88.84,86.37,84.66,83.95,86.29,86.03,87.27,86.91,86.87,86.4,87.16,87.57,88.32,88.42,88.31,88.76,88.98,88.8,89.26,89.17,88.85,88.64,88.74,85.8,83.98,82.81,85.17,84.53,85.47,85.39,85.04,84.55,85.3,85.65,86.85,86.93,86.95,87.41,87.76,87.45,87.98,87.98,87.45,87.24,87.56,70.08,64.1,63.84,69.45,69.78,72.94,72.99,74.54,73.45,72.08,70.98,72.29,69.33,66.03,65.14,64.97,62.55,61.21,62.49,66.33],
  "contact_probs": [[1.0,0.99,0.97,0.05,0.01,0.0,0.01,0.01,0.85,0.99,0.98,0.01,0.06,0.02,0.85,1.0,0.98,0.01,0.04,0.03,0.85,1.0,0.98,0.01,0.08,0.02,0.81,1.0,0.98,0.32],[0.99,1.0,0.99,0.98,0.05,0.02,0.04,0.88,0.99,0.99,0.65,0.0,0.03,0.92,1.0,0.99,0.62,0.0,0.02,0.88,1.0,0.99,0.6,0.0,0.05,0.88,1.0,0.99,0.65,0.01],[0.97,0.99,1.0,0.99,0.33,0.21,0.29,0.99,0.99,0.76,0.02,0.0,0.01,0.99,0.99,0.74,0.02,0.0,0.01,0.99,0.99,0.73,0.02,0.0,0.02,0.99,0.99,0.67,0.02,0.0],[0.05,0.98,0.99,1.0,0.5,0.36,0.41,0.92,0.57,0.05,0.02,0.0,0.01,0.94,0.73,0.05,0.03,0.01,0.02,0.95,0.71,0.06,0.03,0.0,0.02,0.93,0.55,0.04,0.03,0.01],[0.01,0.05,0.33,0.5,1.0,0.66,0.38,0.17,0.05,0.01,0.0,0.0,0.01,0.19,0.07,0.0,0.0,0.0,0.0,0.38,0.14,0.0,0.0,0.0,0.01,0.42,0.08,0.01,0.0,0.0],[0.0,0.02,0.21,0.36,0.66,1.0,0.51,0.39,0.06,0.0,0.0,0.0,0.01,0.21,0.02,0.0,0.0,0.0,0.0,0.17,0.03,0.0,0.0,0.0,0.02,0.26,0.08,0.0,0.0,0.0],[0.01,0.04,0.29,0.41,0.38,0.51,1.0,0.65,0.09,0.0,0.0,0.0,0.01,0.07,0.0,0.0,0.0,0.0,0.0,0.04,0.01,0.0,0.0,0.0,0.02,0.45,0.38,0.02,0.0,0.0],[0.01,0.88,0.99,0.92,0.17,0.39,0.65,1.0,1.0,0.01,0.0,0.0,0.01,0.31,0.0,0.0,0.0,0.0,0.0,0.01,0.0,0.0,0.0,0.0,0.0,0.28,0.98,0.89,0.0,0.0],[0.85,0.99,0.99,0.57,0.05,0.06,0.09,1.0,1.0,1.0,0.01,0.0,0.16,0.98,0.17,0.01,0.01,0.0,0.0,0.0,0.01,0.01,0.0,0.0,0.0,0.0,0.18,0.98,0.8,0.0],[0.99,0.99,0.76,0.05,0.01,0.0,0.0,0.01,1.0,1.0,1.0,0.03,0.48,0.9,0.99,0.27,0.01,0.0,0.0,0.0,0.01,0.01,0.01,0.0,0.01,0.01,0.01,0.29,0.97,0.28],[0.98,0.65,0.02,0.02,0.0,0.0,0.0,0.0,0.01,1.0,1.0,0.08,0.48,0.0,0.77,0.98,0.09,0.01,0.01,0.0,0.0,0.01,0.01,0.0,0.0,0.0,0.01,0.0,0.19,0.39],[0.01,0.0,0.0,0.0,0.0,0.0,0.0,0.0,0.0,0.03,0.08,1.0,0.26,0.01,0.01,0.01,0.0,0.0,0.0,0.0,0.0,0.0,0.0,0.0,0.0,0.0,0.0,0.0,0.0,0.03],[0.06,0.03,0.01,0.01,0.01,0.01,0.01,0.01,0.16,0.48,0.48,0.26,1.0,0.16,0.23,0.03,0.01,0.0,0.01,0.0,0.0,0.01,0.0,0.0,0.01,0.0,0.0,0.0,0.02,0.05],[0.02,0.92,0.99,0.94,0.19,0.21,0.07,0.31,0.98,0.9,0.0,0.01,0.16,1.0,1.0,0.0,0.0,0.0,0.0,0.28,0.0,0.01,0.0,0.0,0.0,0.0,0.0,0.0,0.0,0.0],[0.85,1.0,0.99,0.73,0.07,0.02,0.0,0.0,0.17,0.99,0.77,0.01,0.23,1.0,1.0,1.0,0.0,0.0,0.17,0.98,0.24,0.01,0.01,0.0,0.0,0.0,0.0,0.01,0.0,0.0],[1.0,0.99,0.74,0.05,0.0,0.0,0.0,0.0,0.01,0.27,0.98,0.01,0.03,0.0,1.0,1.0,1.0,0.03,0.54,0.91,0.99,0.3,0.01,0.0,0.0,0.0,0.0,0.01,0.01,0.0],[0.98,0.62,0.02,0.03,0.0,0.0,0.0,0.0,0.01,0.01,0.09,0.0,0.01,0.0,0.0,1.0,1.0,0.07,0.45,0.0,0.74,0.97,0.06,0.0,0.01,0.0,0.0,0.01,0.01,0.01],[0.01,0.0,0.0,0.01,0.0,0.0,0.0,0.0,0.0,0.0,0.01,0.0,0.0,0.0,0.0,0.03,0.07,1.0,0.24,0.01,0.01,0.01,0.0,0.0,0.0,0.0,0.0,0.0,0.0,0.0],[0.04,0.02,0.01,0.02,0.0,0.0,0.0,0.0,0.0,0.0,0.01,0.0,0.01,0.0,0.17,0.54,0.45,0.24,1.0,0.14,0.18,0.01,0.0,0.0,0.01,0.0,0.0,0.0,0.0,0.01],[0.03,0.88,0.99,0.95,0.38,0.17,0.04,0.01,0.0,0.0,0.0,0.0,0.0,0.28,0.98,0.91,0.0,0.01,0.14,1.0,1.0,0.0,0.0,0.0,0.0,0.21,0.0,0.01,0.0,0.0],[0.85,1.0,0.99,0.71,0.14,0.03,0.01,0.0,0.01,0.01,0.0,0.0,0.0,0.0,0.24,0.99,0.74,0.01,0.18,1.0,1.0,1.0,0.01,0.0,0.18,0.99,0.17,0.03,0.02,0.0],[1.0,0.99,0.73,0.06,0.0,0.0,0.0,0.0,0.01,0.01,0.01,0.0,0.01,0.01,0.01,0.3,0.97,0.01,0.01,0.0,1.0,1.0,1.0,0.03,0.57,0.9,0.99,0.24,0.01,0.0],[0.98,0.6,0.02,0.03,0.0,0.0,0.0,0.0,0.0,0.01,0.01,0.0,0.0,0.0,0.01,0.01,0.06,0.0,0.0,0.0,0.01,1.0,1.0,0.06,0.55,0.0,0.73,0.97,0.08,0.12],[0.01,0.0,0.0,0.0,0.0,0.0,0.0,0.0,0.0,0.0,0.0,0.0,0.0,0.0,0.0,0.0,0.0,0.0,0.0,0.0,0.0,0.03,0.06,1.0,0.22,0.01,0.01,0.01,0.0,0.01],[0.08,0.05,0.02,0.02,0.01,0.02,0.02,0.0,0.0,0.01,0.0,0.0,0.01,0.0,0.0,0.0,0.01,0.0,0.01,0.0,0.18,0.57,0.55,0.22,1.0,0.24,0.28,0.06,0.01,0.02],[0.02,0.88,0.99,0.93,0.42,0.26,0.45,0.28,0.0,0.01,0.0,0.0,0.0,0.0,0.0,0.0,0.0,0.0,0.0,0.21,0.99,0.9,0.0,0.01,0.24,1.0,1.0,0.01,0.0,0.0],[0.81,1.0,0.99,0.55,0.08,0.08,0.38,0.98,0.18,0.01,0.01,0.0,0.0,0.0,0.0,0.0,0.0,0.0,0.0,0.0,0.17,0.99,0.73,0.01,0.28,1.0,1.0,1.0,0.01,0.0],[1.0,0.99,0.67,0.04,0.01,0.0,0.02,0.89,0.98,0.29,0.0,0.0,0.0,0.0,0.01,0.01,0.01,0.0,0.0,0.01,0.03,0.24,0.97,0.01,0.06,0.01,1.0,1.0,1.0,0.3],[0.98,0.65,0.02,0.03,0.0,0.0,0.0,0.0,0.8,0.97,0.19,0.0,0.02,0.0,0.0,0.01,0.01,0.0,0.0,0.0,0.02,0.01,0.08,0.0,0.01,0.0,0.01,1.0,1.0,0.82],[0.32,0.01,0.0,0.01,0.0,0.0,0.0,0.0,0.0,0.28,0.39,0.03,0.05,0.0,0.0,0.0,0.01,0.0,0.01,0.0,0.0,0.0,0.12,0.01,0.02,0.0,0.0,0.3,0.82,1.0]],
  "pae": [[0.8,1.9,2.4,4.0,12.5,10.5,8.5,3.5,2.7,2.2,2.3,6.5,4.6,3.3,2.7,2.1,2.5,6.3,4.8,3.4,2.6,2.1,2.4,6.3,4.5,3.4,2.7,2.0,2.4,6.4],[1.6,0.8,1.4,2.6,11.1,9.0,7.2,1.9,1.4,1.5,1.8,5.2,3.6,1.8,1.5,1.4,1.9,4.9,3.6,1.7,1.5,1.4,1.8,5.0,3.5,1.8,1.4,1.5,1.9,5.2],[2.5,1.9,0.8,2.7,12.6,10.3,8.3,1.8,1.9,2.7,3.6,7.0,4.6,1.9,2.1,3.0,3.5,6.4,4.4,1.9,2.0,2.8,3.4,6.3,4.4,1.8,2.0,2.4,3.4,7.0],[5.4,3.5,3.2,0.8,17.8,14.6,13.0,5.5,6.1,6.5,8.6,13.0,9.0,5.3,5.9,6.6,8.9,12.1,8.9,5.2,5.8,6.8,9.2,12.2,8.5,5.4,6.2,6.2,8.6,11.1],[19.0,17.6,17.5,20.5,1.0,4.2,5.6,13.6,15.0,17.2,19.8,18.8,17.6,18.9,19.5,19.0,20.3,23.0,18.8,18.8,19.3,17.8,17.8,17.1,12.8,15.7,13.6,12.0,13.6,15.3],[17.9,16.4,16.2,17.1,4.0,1.1,4.5,11.9,13.5,15.4,19.2,18.3,17.7,18.5,18.7,19.0,19.6,22.1,17.6,18.7,17.4,15.9,15.0,16.0,12.5,14.6,10.6,10.1,11.9,15.1],[16.3,14.9,14.3,16.2,5.3,4.2,1.2,10.5,10.3,13.4,16.7,17.8,16.1,15.3,16.2,16.8,17.6,22.1,16.2,16.9,16.4,15.2,15.8,15.3,11.9,13.1,9.2,9.1,11.5,13.8],[2.2,1.8,1.5,2.6,9.4,6.1,3.8,0.8,1.0,1.4,1.8,5.1,3.1,1.3,1.5,1.7,2.2,5.5,3.2,1.6,1.5,1.6,1.8,4.4,3.2,1.3,1.2,1.2,1.8,4.8],[1.9,1.4,1.5,2.7,9.5,8.2,5.1,0.9,0.8,0.9,1.3,4.3,2.5,1.2,1.1,1.3,1.6,4.4,3.0,1.4,1.4,1.4,1.5,4.1,3.0,1.4,1.1,1.0,1.3,4.4],[1.7,1.4,1.7,2.9,10.3,8.8,6.1,1.2,0.9,0.8,1.0,4.0,2.3,1.3,1.1,1.2,1.4,4.2,3.0,1.5,1.5,1.5,1.5,4.3,3.0,1.7,1.3,1.1,1.2,4.5],[1.7,1.6,1.8,3.3,10.1,8.0,6.0,1.8,1.2,0.9,0.8,3.7,2.1,1.5,1.3,1.2,1.3,4.1,3.2,1.7,1.5,1.6,1.6,4.6,3.2,1.9,1.7,1.4,1.3,4.3],[8.4,8.9,9.2,10.8,17.0,13.4,13.1,9.8,6.4,4.8,5.7,1.4,5.4,7.4,7.0,8.3,11.2,14.3,11.1,10.8,11.0,11.9,11.3,14.4,10.1,11.6,11.0,9.6,8.9,9.0],[4.7,4.1,3.9,5.3,13.7,11.1,9.6,3.9,4.0,3.6,3.5,5.9,1.2,3.8,3.3,4.6,4.3,8.0,6.9,4.1,5.4,4.6,4.2,10.3,7.6,5.2,5.1,4.1,4.4,8.7],[2.0,1.6,1.4,2.8,11.5,8.8,6.5,1.3,1.2,1.3,1.5,4.2,2.1,0.8,1.0,1.3,1.7,4.2,3.0,1.3,1.5,1.7,2.0,4.7,3.0,1.5,1.5,1.5,1.7,4.4],[1.9,1.5,1.5,2.7,10.7,8.0,6.6,1.4,1.1,1.1,1.2,4.0,2.2,0.9,0.8,0.9,1.3,3.8,2.8,1.2,1.1,1.4,1.7,4.4,2.8,1.4,1.4,1.4,1.5,5.0],[1.6,1.4,1.7,3.0,10.5,8.2,6.5,1.7,1.4,1.1,1.2,4.2,2.7,1.3,0.9,0.8,1.0,3.6,2.5,1.2,1.1,1.1,1.4,4.1,2.9,1.6,1.4,1.4,1.5,4.8],[1.6,1.6,1.8,3.4,10.7,8.7,6.5,2.1,1.7,1.5,1.3,4.5,3.0,1.7,1.2,0.9,0.8,3.4,2.2,1.5,1.4,1.2,1.4,4.2,3.1,1.7,1.6,1.5,1.6,5.2],[7.4,7.7,8.0,9.3,16.7,14.6,13.6,9.8,9.3,8.3,7.8,11.8,7.6,7.2,5.3,4.1,5.1,1.3,4.5,6.7,7.1,7.1,9.6,12.5,9.9,9.4,9.2,9.9,9.5,11.3],[4.6,4.1,4.0,5.2,13.7,11.3,9.7,5.3,4.1,4.3,4.3,8.3,6.4,4.2,2.8,3.1,2.9,5.3,1.1,4.0,3.4,4.1,4.3,8.9,6.4,3.7,4.8,4.1,4.8,9.0],[2.1,1.7,1.4,2.9,11.6,8.9,6.9,1.5,1.5,1.6,1.7,4.7,2.6,1.3,1.1,1.2,1.4,3.9,2.0,0.8,0.9,1.2,1.6,4.3,2.7,1.2,1.4,1.6,1.9,5.0],[1.9,1.4,1.5,2.9,11.0,8.4,6.4,1.5,1.5,1.5,1.6,4.6,2.7,1.4,1.2,1.1,1.2,3.8,2.3,1.0,0.8,0.9,1.3,4.0,2.5,1.2,1.2,1.4,1.7,5.0],[1.6,1.4,1.7,2.9,10.2,8.1,6.2,1.6,1.5,1.5,1.5,4.8,2.9,1.7,1.4,1.1,1.2,4.0,2.7,1.2,0.9,0.8,1.0,3.7,2.4,1.2,1.1,1.1,1.5,4.8],[1.6,1.6,1.9,3.5,10.2,8.0,6.1,1.8,1.7,1.7,1.7,5.3,3.2,2.0,1.7,1.4,1.3,4.2,3.1,1.7,1.2,0.9,0.8,3.4,2.2,1.6,1.3,1.3,1.5,5.1],[8.3,8.2,7.6,10.0,13.8,12.3,10.8,10.4,10.2,10.7,10.6,14.9,10.4,10.7,10.6,9.3,8.8,12.1,9.6,8.4,6.5,5.0,6.1,1.4,4.5,7.0,7.9,9.2,9.9,10.6],[5.1,4.5,4.1,5.5,12.1,10.3,8.5,5.4,5.2,4.6,4.5,10.4,7.2,5.4,4.8,4.2,4.9,8.0,6.4,4.6,3.8,3.6,3.6,6.0,1.1,3.7,3.6,5.9,5.5,8.5],[2.1,1.6,1.4,2.6,10.2,8.1,6.3,1.3,1.4,1.6,2.0,5.4,3.0,1.6,1.6,1.6,1.7,4.4,2.8,1.3,1.2,1.2,1.5,4.0,2.2,0.8,0.9,1.2,1.7,4.8],[1.8,1.4,1.4,2.7,9.7,7.9,6.1,1.2,1.1,1.3,1.7,4.8,2.9,1.5,1.5,1.5,1.5,4.5,2.9,1.4,1.2,1.1,1.3,3.8,2.3,0.9,0.8,0.9,1.3,4.0],[1.6,1.3,1.5,2.8,9.8,7.4,6.1,1.2,1.1,1.1,1.4,4.3,2.8,1.4,1.4,1.4,1.4,4.5,3.1,1.4,1.3,1.0,1.2,3.6,2.5,1.1,0.9,0.8,1.0,3.8],[1.9,1.8,2.0,3.6,9.2,7.0,5.5,1.5,1.3,1.3,1.3,4.5,3.0,1.7,1.6,1.5,1.5,4.9,3.4,1.8,1.7,1.4,1.3,4.4,3.1,1.6,1.2,0.9,0.8,3.2],[9.8,8.9,9.6,10.9,15.0,12.1,11.5,8.1,7.3,7.1,8.8,11.0,10.7,9.3,7.9,7.7,8.8,14.8,11.2,10.1,8.4,8.9,9.2,13.9,11.0,9.7,6.9,7.1,6.0,1.4]],
  "token_chain_ids": ["A","B","C","D","E","E","E","E","E","E","E","E","E","E","E","E","E","E","E","E","E","E","E","E","E","E","E","E","E","E"],
  "token_res_ids": [1,1,1,1,1,2,3,4,5,6,7,8,9,10,11,12,13,14,15,16,17,18,19,20,21,22,23,24,25,26]
}