{
  "atom_chain_ids": ["A","B","C","D","E","E","E","E","E","E","E","E","E","E","E","E","E","E","E","E","E","E","E","E","E","E","E","E","E","E","E","E","E","E","E","E","E","E","E","E","E","E","E","E","E","E","E","E","E","E","E","E","E","E","E","E","E","E","E","E","E","E","E","E","E","E","E","E","E","E","E","E","E","E","E","E","E","E","E","E","E","E","E","E","E","E","E","E","E","E","E","E","E","E","E","E","E","E","E","E","E","E","E","E","E","E","E","E","E","E","E","E","E","E","E","E","E","E","E","E","E","E","E","E","E","E","E","E","E","E","E","E","E","E","E","E","E","E","E","E","E","E","E","E","E","E","E","E","E","E","E","E","E","E","E","E","E","E","E","E","E","E","E","E","E","E","E","E","E","E","E","E","E","E","E","E","E","E","E","E","E","E","E","E","E","E","E","E","E","E","E","E","E","E","E","E","E","E","E","E","E","E","E","E","E","E","E","E","E","E","E","E","E","E","E","E","E","E","E","E","E","E","E","E","E","E","E","E","E","E","E","E","E","E","E","E","E","E","E","E","E","E","E","E","E","E","E","E","E","E","E","E","E","E","E","E","E","E","E","E","E","E","E","E","E","E","E","E","E","E","E","E","E","E","E","E","E","E","E","E","E","E","E","E","E","E","E","E","E","E","E","E","E","E","E","E","E","E","E","E","E","E","E","E","E","E","E","E","E","E","E","E","E","E","E","E","E","E","E","E","E","E","E","E","E","E","E","E","E","E","E","E","E","E","E","E","E","E","E","E","E","E","E","E","E","E","E","E","E","E","E","E","E","E","E","E","E","E","E","E","E","E","E","E","E","E","E","E","E","E","E","E","E","E","E","E","E","E","E","E","E","E","E","E","E","E","E","E","E","E","E","E","E","E","E","E","E","E","E","E","E","E","E","E","E","E","E","E","E","E","E","E","E","E","E","E","E","E","E","E","E","E","E","E","E","E","E","E","E","E","E","E","E","E","E","E","E","E","E","E","E","E","E","E","E","E","E","E","E","E","E","E","E","E","E","E","E","E","E","E","E","E","E","E","E","E","E","E","E","E","E","E","E","E","E","E","E","E","E","E","E","E","E","E","E","E","E","E","E","E","E","E","E","E","E","E","E","E","E","E","E","E","E","E","E","E","E","E","E","E","E","E","E","E","E","E","E","E","E","E","E","E","E","E","E","E","E","E","E","E","E","E","E","E","E","E","E","E","E","E","E","E","E","E","E","E","E","E","E","E","E","E","E","E","E","E","E","E","E"],
  "atom_plddts": [92.53,93.52,92.63,86.14,44.31,45.56,41.04,38.96,44.83,44.78,45.65,44.72,48.16,47.13,44.57,42.63,43.08,39.96,38.39,37.19,36.69,34.95,34.29,35.16,36.73,37.6,40.93,53.18,48.64,48.16,54.44,53.3,54.04,51.73,56.28,54.97,52.87,51.36,53.2,50.38,46.52,45.37,44.0,42.78,41.37,43.68,47.24,56.74,52.3,52.06,57.28,56.65,57.93,57.0,59.53,58.59,56.8,56.06,57.9,56.36,53.63,53.27,52.33,51.19,49.69,51.16,53.96,81.9,75.87,70.92,81.99,83.85,85.85,85.71,85.43,85.06,85.71,86.12,87.11,87.07,87.42,88.1,88.3,87.97,88.51,88.55,88.4,88.62,88.47,86.3,84.62,83.78,86.49,86.21,87.52,87.3,87.02,86.65,87.41,87.93,88.73,88.74,88.58,89.06,89.18,89.01,89.54,89.5,89.18,89.06,89.03,86.31,84.62,83.82,86.34,86.01,87.26,86.87,86.75,86.32,87.11,87.61,88.32,88.35,88.21,88.69,88.85,88.65,89.15,89.1,88.77,88.58,88.64,86.02,84.1,82.42,85.47,84.52,85.65,85.54,85.25,84.8,85.48,85.85,87.0,86.94,86.82,87.26,87.58,87.27,87.73,87.76,87.35,87.09,87.44,81.6,80.11,79.11,78.91,74.89,78.56,76.52,77.97,76.58,72.9,68.39,72.22,67.44,63.7,60.89,59.48,56.57,53.64,57.13,61.8,71.57,64.85,64.89,71.57,70.9,74.68,75.96,76.91,76.28,76.67,76.24,77.01,75.49,73.31,73.18,73.32,71.49,70.55,71.26,73.95,80.81,75.8,73.38,81.65,83.06,84.85,84.45,84.15,84.04,84.92,85.46,86.26,86.29,86.73,87.41,87.58,87.33,87.96,87.97,87.79,87.82,87.59,85.37,83.38,82.52,85.86,85.78,86.82,86.32,86.14,85.84,86.72,87.35,88.03,88.09,87.99,88.62,88.71,88.55,89.17,89.05,88.71,88.52,88.44,86.33,84.77,84.14,86.48,86.29,87.25,86.66,86.64,86.2,87.12,87.69,88.33,88.37,88.11,88.74,88.81,88.54,89.17,89.03,88.69,88.43,88.45,86.6,85.15,83.88,85.86,85.11,86.21,86.17,85.99,85.33,86.05,86.34,87.54,87.45,87.28,87.74,87.98,87.56,88.01,88.04,87.67,87.37,87.78,80.39,79.09,78.73,78.03,74.77,77.82,76.38,77.43,75.96,73.14,70.46,73.67,70.88,69.02,67.18,66.74,64.65,62.65,64.76,67.88,76.0,70.02,69.97,75.76,75.19,78.97,80.07,80.78,79.68,80.16,79.86,80.7,79.4,77.37,77.44,77.76,76.01,75.49,75.45,77.91,82.2,77.73,75.16,82.99,84.21,85.72,85.5,85.26,85.11,85.92,86.49,87.18,87.16,87.42,88.12,88.2,87.85,88.43,88.5,88.4,88.39,88.25,85.23,83.43,82.72,85.72,86.07,87.02,86.53,86.47,86.07,86.88,87.49,88.2,88.24,88.11,88.72,88.78,88.59,89.17,89.11,88.81,88.69,88.6,86.35,84.69,84.03,86.44,86.4,87.45,87.06,87.12,86.64,87.35,87.88,88.54,88.61,88.35,88.9,89.03,88.79,89.28,89.23,88.9,88.81,88.83,86.78,84.67,83.09,86.28,85.94,87.03,87.13,86.96,86.39,87.0,87.35,88.44,88.38,88.03,88.49,88.73,88.34,88.73,88.83,88.55,88.49,88.77,77.58,76.23,75.72,75.07,71.34,74.55,71.56,74.01,72.51,68.11,65.32,68.39,64.28,61.21,59.02,57.37,55.42,53.18,56.09,60.24,75.59,70.1,69.38,74.74,73.89,76.72,77.31,78.97,77.84,77.8,77.68,78.55,76.84,73.86,73.74,73.47,71.76,70.79,71.52,74.49,84.34,80.89,79.28,84.49,85.35,86.99,86.91,86.83,86.4,86.97,87.42,88.28,88.29,88.34,88.86,89.01,88.73,89.15,89.2,89.02,89.03,89.04,86.35,84.45,83.67,86.54,86.57,87.68,87.43,87.37,86.93,87.65,88.22,88.92,89.01,88.76,89.25,89.4,89.24,89.71,89.66,89.37,89.32,89.28,86.28,84.47,83.79,86.43,86.35,87.53,87.24,87.19,86.78,87.58,88.05,88.71,88.81,88.52,88.99,89.18,88.97,89.39,89.36,89.1,88.98,89.03,85.84,83.72,82.45,85.46,85.06,86.03,86.06,85.73,85.26,86.09,86.46,87.51,87.56,87.29,87.76,88.06,87.69,88.12,88.18,87.78,87.75,88.01,73.14,68.59,68.03,71.71,71.64,74.59,74.18,75.57,74.44,72.91,71.5,73.25,70.52,66.93,65.89,65.84,63.55,62.14,63.33,66.92],
  "contact_probs": [[1.0,0.99,0.97,0.05,0.01,0.0,0.01,0.01,0.85,0.99,0.98,0.01,0.06,0.02,0.85,1.0,0.98,0.01,0.04,0.03,0.85,1.0,0.98,0.01,0.08,0.02,0.81,1.0,0.98,0.32],[0.99,1.0,0.99,0.98,0.05,0.02,0.04,0.88,0.99,0.99,0.65,0.0,0.03,0.92,1.0,0.99,0.62,0.0,0.02,0.88,1.0,0.99,0.6,0.0,0.05,0.88,1.0,0.99,0.65,0.01],[0.97,0.99,1.0,0.99,0.33,0.21,0.29,0.99,0.99,0.76,0.02,0.0,0.01,0.99,0.99,0.74,0.02,0.0,0.01,0.99,0.99,0.73,0.02,0.0,0.02,0.99,0.99,0.67,0.02,0.0],[0.05,0.98,0.99,1.0,0.5,0.36,0.41,0.92,0.57,0.05,0.02,0.0,0.01,0.94,0.73,0.05,0.03,0.01,0.02,0.95,0.71,0.06,0.03,0.0,0.02,0.93,0.55,0.04,0.03,0.01],[0.01,0.05,0.33,0.5,1.0,0.66,0.38,0.17,0.05,0.01,0.0,0.0,0.01,0.19,0.07,0.0,0.0,0.0,0.0,0.38,0.14,0.0,0.0,0.0,0.01,0.42,0.08,0.01,0.0,0.0],[0.0,0.02,0.21,0.36,0.66,1.0,0.51,0.39,0.06,0.0,0.0,0.0,0.01,0.21,0.02,0.0,0.0,0.0,0.0,0.17,0.03,0.0,0.0,0.0,0.02,0.26,0.08,0.0,0.0,0.0],[0.01,0.04,0.29,0.41,0.38,0.51,1.0,0.65,0.09,0.0,0.0,0.0,0.01,0.07,0.0,0.0,0.0,0.0,0.0,0.04,0.01,0.0,0.0,0.0,0.02,0.45,0.38,0.02,0.0,0.0],[0.01,0.88,0.99,0.92,0.17,0.39,0.65,1.0,1.0,0.01,0.0,0.0,0.01,0.31,0.0,0.0,0.0,0.0,0.0,0.01,0.0,0.0,0.0,0.0,0.0,0.28,0.98,0.89,0.0,0.0],[0.85,0.99,0.99,0.57,0.05,0.06,0.09,1.0,1.0,1.0,0.01,0.0,0.16,0.98,0.17,0.01,0.01,0.0,0.0,0.0,0.01,0.01,0.0,0.0,0.0,0.0,0.18,0.98,0.8,0.0],[0.99,0.99,0.76,0.05,0.01,0.0,0.0,0.01,1.0,1.0,1.0,0.03,0.48,0.9,0.99,0.27,0.01,0.0,0.0,0.0,0.01,0.01,0.01,0.0,0.01,0.01,0.01,0.29,0.97,0.28],[0.98,0.65,0.02,0.02,0.0,0.0,0.0,0.0,0.01,1.0,1.0,0.08,0.48,0.0,0.77,0.98,0.09,0.01,0.01,0.0,0.0,0.01,0.01,0.0,0.0,0.0,0.01,0.0,0.19,0.39],[0.01,0.0,0.0,0.0,0.0,0.0,0.0,0.0,0.0,0.03,0.08,1.0,0.26,0.01,0.01,0.01,0.0,0.0,0.0,0.0,0.0,0.0,0.0,0.0,0.0,0.0,0.0,0.0,0.0,0.03],[0.06,0.03,0.01,0.01,0.01,0.01,0.01,0.01,0.16,0.48,0.48,0.26,1.0,0.16,0.23,0.03,0.01,0.0,0.01,0.0,0.0,0.01,0.0,0.0,0.01,0.0,0.0,0.0,0.02,0.05],[0.02,0.92,0.99,0.94,0.19,0.21,0.07,0.31,0.98,0.9,0.0,0.01,0.16,1.0,1.0,0.0,0.0,0.0,0.0,0.28,0.0,0.01,0.0,0.0,0.0,0.0,0.0,0.0,0.0,0.0],[0.85,1.0,0.99,0.73,0.07,0.02,0.0,0.0,0.17,0.99,0.77,0.01,0.23,1.0,1.0,1.0,0.0,0.0,0.17,0.98,0.24,0.01,0.01,0.0,0.0,0.0,0.0,0.01,0.0,0.0],[1.0,0.99,0.74,0.05,0.0,0.0,0.0,0.0,0.01,0.27,0.98,0.01,0.03,0.0,1.0,1.0,1.0,0.03,0.54,0.91,0.99,0.3,0.01,0.0,0.0,0.0,0.0,0.01,0.01,0.0],[0.98,0.62,0.02,0.03,0.0,0.0,0.0,0.0,0.01,0.01,0.09,0.0,0.01,0.0,0.0,1.0,1.0,0.07,0.45,0.0,0.74,0.97,0.06,0.0,0.01,0.0,0.0,0.01,0.01,0.01],[0.01,0.0,0.0,0.01,0.0,0.0,0.0,0.0,0.0,0.0,0.01,0.0,0.0,0.0,0.0,0.03,0.07,1.0,0.24,0.01,0.01,0.01,0.0,0.0,0.0,0.0,0.0,0.0,0.0,0.0],[0.04,0.02,0.01,0.02,0.0,0.0,0.0,0.0,0.0,0.0,0.01,0.0,0.01,0.0,0.17,0.54,0.45,0.24,1.0,0.14,0.18,0.01,0.0,0.0,0.01,0.0,0.0,0.0,0.0,0.01],[0.03,0.88,0.99,0.95,0.38,0.17,0.04,0.01,0.0,0.0,0.0,0.0,0.0,0.28,0.98,0.91,0.0,0.01,0.14,1.0,1.0,0.0,0.0,0.0,0.0,0.21,0.0,0.01,0.0,0.0],[0.85,1.0,0.99,0.71,0.14,0.03,0.01,0.0,0.01,0.01,0.0,0.0,0.0,0.0,0.24,0.99,0.74,0.01,0.18,1.0,1.0,1.0,0.01,0.0,0.18,0.99,0.17,0.03,0.02,0.0],[1.0,0.99,0.73,0.06,0.0,0.0,0.0,0.0,0.01,0.01,0.01,0.0,0.01,0.01,0.01,0.3,0.97,0.01,0.01,0.0,1.0,1.0,1.0,0.03,0.57,0.9,0.99,0.24,0.01,0.0],[0.98,0.6,0.02,0.03,0.0,0.0,0.0,0.0,0.0,0.01,0.01,0.0,0.0,0.0,0.01,0.01,0.06,0.0,0.0,0.0,0.01,1.0,1.0,0.06,0.55,0.0,0.73,0.97,0.08,0.12],[0.01,0.0,0.0,0.0,0.0,0.0,0.0,0.0,0.0,0.0,0.0,0.0,0.0,0.0,0.0,0.0,0.0,0.0,0.0,0.0,0.0,0.03,0.06,1.0,0.22,0.01,0.01,0.01,0.0,0.01],[0.08,0.05,0.02,0.02,0.01,0.02,0.02,0.0,0.0,0.01,0.0,0.0,0.01,0.0,0.0,0.0,0.01,0.0,0.01,0.0,0.18,0.57,0.55,0.22,1.0,0.24,0.28,0.06,0.01,0.02],[0.02,0.88,0.99,0.93,0.42,0.26,0.45,0.28,0.0,0.01,0.0,0.0,0.0,0.0,0.0,0.0,0.0,0.0,0.0,0.21,0.99,0.9,0.0,0.01,0.24,1.0,1.0,0.01,0.0,0.0],[0.81,1.0,0.99,0.55,0.08,0.08,0.38,0.98,0.18,0.01,0.01,0.0,0.0,0.0,0.0,0.0,0.0,0.0,0.0,0.0,0.17,0.99,0.73,0.01,0.28,1.0,1.0,1.0,0.01,0.0],[1.0,0.99,0.67,0.04,0.01,0.0,0.02,0.89,0.98,0.29,0.0,0.0,0.0,0.0,0.01,0.01,0.01,0.0,0.0,0.01,0.03,0.24,0.97,0.01,0.06,0.01,1.0,1.0,1.0,0.3],[0.98,0.65,0.02,0.03,0.0,0.0,0.0,0.0,0.8,0.97,0.19,0.0,0.02,0.0,0.0,0.01,0.01,0.0,0.0,0.0,0.02,0.01,0.08,0.0,0.01,0.0,0.01,1.0,1.0,0.82],[0.32,0.01,0.0,0.01,0.0,0.0,0.0,0.0,0.0,0.28,0.39,0.03,0.05,0.0,0.0,0.0,0.01,0.0,0.01,0.0,0.0,0.0,0.12,0.01,0.02,0.0,0.0,0.3,0.82,1.0]],
  "pae": [[0.8,2.0,2.5,4.3,12.1,10.2,7.9,3.9,2.8,2.3,2.6,7.0,5.5,3.5,2.7,2.2,2.5,5.7,4.8,3.5,2.7,2.2,2.5,7.1,4.7,3.9,3.1,1.9,2.5,6.6],[1.6,0.8,1.8,2.8,10.3,8.4,6.4,2.0,1.5,1.6,2.1,5.9,4.4,2.0,1.6,1.5,2.0,4.6,3.7,1.9,1.6,1.5,1.9,5.6,3.8,2.0,1.5,1.5,2.0,5.9],[2.6,2.1,0.8,3.4,11.5,9.3,6.6,2.1,2.1,3.1,4.1,7.9,5.5,2.4,2.3,3.1,3.9,6.6,4.8,2.3,2.3,3.0,3.6,7.1,4.8,2.0,2.2,2.6,3.4,7.7],[5.7,3.7,3.7,0.8,15.5,13.5,11.0,5.8,6.2,6.9,9.7,13.8,10.1,5.6,6.2,7.1,9.7,13.1,9.1,5.4,6.1,7.3,9.1,13.2,9.0,5.6,6.4,6.5,8.9,11.8],[18.1,15.7,15.4,17.6,1.1,4.6,5.3,11.9,15.3,18.0,19.6,19.9,17.3,17.3,19.3,19.1,19.4,22.6,19.7,17.6,16.2,14.5,15.3,16.8,11.9,12.0,9.9,12.4,16.4,16.7],[16.9,14.8,14.1,14.8,3.6,1.2,4.5,9.9,12.8,15.8,18.3,19.8,17.3,15.7,18.0,18.3,18.7,22.1,18.0,17.3,15.2,13.7,13.3,16.6,11.1,10.6,8.6,10.8,13.7,14.9],[14.7,12.5,11.4,12.5,4.9,3.9,1.1,7.3,9.5,12.8,15.8,17.7,15.6,14.0,15.1,16.3,17.9,20.7,16.2,15.2,14.0,13.5,12.2,13.9,10.2,9.7,7.9,8.7,11.6,13.0],[2.2,1.8,1.5,2.7,7.8,5.6,3.4,0.8,1.0,1.4,2.0,5.9,3.6,1.3,1.5,1.7,2.2,4.7,3.2,1.7,1.6,1.6,1.9,4.9,3.2,1.3,1.2,1.3,1.7,5.4],[2.0,1.4,1.5,2.9,8.7,6.9,4.0,0.9,0.8,0.9,1.3,4.8,3.1,1.3,1.1,1.4,1.7,4.0,3.1,1.5,1.5,1.4,1.6,4.8,3.1,1.4,1.1,1.1,1.3,4.9],[1.7,1.5,1.8,3.0,9.3,7.8,5.0,1.3,0.9,0.8,1.1,4.6,2.7,1.4,1.2,1.2,1.4,3.7,3.1,1.6,1.5,1.5,1.6,5.0,3.2,1.7,1.4,1.1,1.2,4.6],[1.8,1.7,2.0,3.6,9.3,7.6,5.4,1.9,1.3,1.0,0.8,4.2,2.7,1.7,1.4,1.3,1.4,3.9,3.1,1.9,1.7,1.7,1.8,5.3,3.5,2.2,1.9,1.5,1.3,4.5],[9.9,10.8,10.8,12.8,17.8,15.8,13.9,11.4,8.8,5.8,6.8,1.5,5.9,9.1,8.7,9.7,12.0,14.1,11.0,12.2,12.2,12.8,13.5,16.5,10.6,13.0,12.3,9.9,9.4,11.1],[6.5,5.5,5.1,6.9,14.6,11.9,10.1,5.3,5.9,5.0,5.2,7.9,1.3,4.9,4.5,6.3,6.6,10.3,7.2,5.7,6.8,5.7,5.9,13.4,9.5,6.7,6.3,4.8,6.0,9.9],[2.2,1.7,1.5,3.0,10.0,7.9,5.4,1.4,1.3,1.4,1.6,4.8,2.6,0.8,1.0,1.4,1.8,4.0,3.1,1.5,1.6,1.7,2.2,5.4,3.3,1.7,1.7,1.6,1.8,5.1],[1.9,1.5,1.5,2.8,9.3,7.7,5.2,1.4,1.1,1.1,1.3,4.8,2.7,1.0,0.8,0.9,1.3,3.4,2.6,1.3,1.2,1.4,1.7,4.9,3.0,1.4,1.4,1.4,1.5,5.5],[1.7,1.4,1.7,3.1,9.3,7.6,5.5,1.6,1.3,1.2,1.3,4.9,3.3,1.3,0.9,0.8,1.0,3.3,2.3,1.3,1.1,1.1,1.4,4.6,3.2,1.5,1.5,1.4,1.4,5.6],[1.6,1.6,1.9,3.5,9.8,7.9,5.6,2.0,1.6,1.5,1.3,5.1,3.6,1.7,1.2,0.9,0.8,3.0,2.2,1.7,1.4,1.3,1.4,4.6,3.2,1.8,1.6,1.6,1.6,6.0],[7.0,7.4,7.4,9.3,15.0,13.5,11.7,10.6,9.1,7.0,7.3,11.4,8.2,6.8,5.3,4.3,5.0,1.4,4.3,7.3,7.4,7.4,9.1,11.8,9.7,9.4,9.2,9.6,9.7,10.2],[4.9,4.2,4.0,5.6,12.5,10.7,8.8,5.4,5.2,4.6,5.0,8.9,7.1,4.2,3.1,3.5,3.1,5.3,1.1,3.6,3.7,4.2,4.7,9.7,6.6,4.1,4.6,4.3,4.8,8.6],[2.2,1.6,1.4,3.1,10.9,8.5,5.6,1.6,1.6,1.7,1.8,5.4,3.2,1.3,1.2,1.2,1.5,3.5,2.1,0.8,0.9,1.2,1.7,4.8,2.9,1.2,1.4,1.6,1.9,5.3],[1.9,1.4,1.5,3.0,9.7,8.1,5.0,1.6,1.5,1.6,1.7,5.5,3.3,1.5,1.2,1.1,1.3,3.4,2.3,0.9,0.8,0.9,1.3,4.2,2.5,1.2,1.2,1.4,1.6,5.3],[1.6,1.4,1.7,3.0,9.2,7.4,5.0,1.6,1.5,1.6,1.6,5.5,3.4,1.7,1.5,1.1,1.2,3.4,2.6,1.3,0.9,0.8,1.0,4.1,2.6,1.2,1.1,1.2,1.5,5.1],[1.7,1.6,1.9,3.6,9.4,7.5,5.2,1.8,1.7,1.8,1.7,6.1,3.9,2.1,1.8,1.5,1.3,3.7,3.1,1.7,1.3,1.0,0.8,3.8,2.5,1.6,1.4,1.4,1.5,5.6],[8.6,8.9,8.3,10.4,12.2,11.5,9.6,9.6,10.5,11.6,12.0,16.4,11.1,10.7,10.9,9.0,8.9,13.0,10.6,8.5,6.4,5.2,6.4,1.5,5.1,7.3,7.8,8.5,9.5,11.3],[5.2,4.6,4.4,6.1,10.9,9.4,7.0,5.6,5.0,4.9,4.8,11.6,8.5,5.3,4.6,4.3,4.9,8.0,6.9,4.9,4.1,3.7,3.7,7.1,1.2,3.6,3.9,5.1,5.6,9.2],[2.1,1.6,1.5,2.8,8.9,7.5,4.9,1.3,1.4,1.7,2.0,6.2,3.5,1.6,1.5,1.5,1.7,3.9,2.8,1.3,1.1,1.2,1.6,4.4,2.4,0.8,0.9,1.2,1.7,5.5],[1.9,1.4,1.5,2.8,8.6,7.0,4.6,1.1,1.1,1.4,1.8,5.4,3.3,1.5,1.4,1.4,1.5,3.7,2.8,1.4,1.1,1.1,1.3,4.1,2.4,0.9,0.8,0.9,1.3,4.5],[1.6,1.3,1.6,2.9,9.2,7.1,4.7,1.2,1.1,1.1,1.4,4.8,3.4,1.5,1.4,1.4,1.4,3.7,3.2,1.5,1.2,1.1,1.2,4.2,2.7,1.1,0.9,0.8,1.0,4.2],[1.8,1.8,1.9,3.7,9.2,7.6,4.9,1.5,1.2,1.3,1.4,4.7,3.6,1.7,1.6,1.5,1.5,4.1,3.4,1.8,1.6,1.4,1.3,4.8,3.2,1.6,1.1,0.8,0.8,3.6],[11.3,11.0,11.1,12.6,13.5,11.8,10.9,10.0,8.3,8.8,10.3,12.9,13.0,9.7,9.4,9.5,8.8,14.0,12.2,10.6,9.0,9.7,9.8,13.9,11.0,10.2,8.4,8.7,8.0,1.4]],
  "token_chain_ids": ["A","B","C","D","E","E","E","E","E","E","E","E","E","E","E","E","E","E","E","E","E","E","E","E","E","E","E","E","E","E"],
  "token_res_ids": [1,1,1,1,1,2,3,4,5,6,7,8,9,10,11,12,13,14,15,16,17,18,19,20,21,22,23,24,25,26]
}