{
  "atom_chain_ids": ["A","B","C","D","E","E","E","E","E","E","E","E","E","E","E","E","E","E","E","E","E","E","E","E","E","E","E","E","E","E","E","E","E","E","E","E","E","E","E","E","E","E","E","E","E","E","E","E","E","E","E","E","E","E","E","E","E","E","E","E","E","E","E","E","E","E","E","E","E","E","E","E","E","E","E","E","E","E","E","E","E","E","E","E","E","E","E","E","E","E","E","E","E","E","E","E","E","E","E","E","E","E","E","E","E","E","E","E","E","E","E","E","E","E","E","E","E","E","E","E","E","E","E","E","E","E","E","E","E","E","E","E","E","E","E","E","E","E","E","E","E","E","E","E","E","E","E","E","E","E","E","E","E","E","E","E","E","E","E","E","E","E","E","E","E","E","E","E","E","E","E","E","E","E","E","E","E","E","E","E","E","E","E","E","E","E","E","E","E","E","E","E","E","E","E","E","E","E","E","E","E","E","E","E","E","E","E","E","E","E","E","E","E","E","E","E","E","E","E","E","E","E","E","E","E","E","E","E","E","E","E","E","E","E","E","E","E","E","E","E","E","E","E","E","E","E","E","E","E","E","E","E","E","E","E","E","E","E","E","E","E","E","E","E","E","E","E","E","E","E","E","E","E","E","E","E","E","E","E","E","E","E","E","E","E","E","E","E","E","E","E","E","E","E","E","E","E","E","E","E","E","E","E","E","E","E","E","E","E","E","E","E","E","E","E","E","E","E","E","E","E","E","E","E","E","E","E","E","E","E","E","E","E","E","E","E","E","E","E","E","E","E","E","E","E","E","E","E","E","E","E","E","E","E","E","E","E","E","E","E","E","E","E","E","E","E","E","E","E","E","E","E","E","E","E","E","E","E","E","E","E","E","E","E","E","E","E","E","E","E","E","E","E","E","E","E","E","E","E","E","E","E","E","E","E","E","E","E","E","E","E","E","E","E","E","E","E","E","E","E","E","E","E","E","E","E","E","E","E","E","E","E","E","E","E","E","E","E","E","E","E","E","E","E","E","E","E","E","E","E","E","E","E","E","E","E","E","E","E","E","E","E","E","E","E","E","E","E","E","E","E","E","E","E","E","E","E","E","E","E","E","E","E","E","E","E","E","E","E","E","E","E","E","E","E","E","E","E","E","E","E","E","E","E","E","E","E","E","E","E","E","E","E","E","E","E","E","E","E","E","E","E","E","E","E","E","E","E","E","E","E","E","E","E","E","E","E","E","E","E","E","E","E","E","E","E","E","E","E","E","E","E","E","E","E","E","E","E","E"],
  "atom_plddts": [92.81,93.75,93.21,88.12,44.43,46.65,42.53,40.55,45.68,45.92,47.06,45.43,49.07,48.37,45.78,43.58,43.77,39.97,38.32,36.64,35.6,33.24,32.96,34.03,35.92,36.96,40.94,53.73,48.58,48.32,55.6,54.38,55.56,52.66,56.77,55.69,53.03,50.61,52.48,49.17,44.66,42.98,41.52,39.93,38.29,41.19,45.05,56.82,51.93,51.78,57.91,56.79,58.08,56.39,59.69,58.8,56.29,54.17,56.23,53.33,48.86,47.15,45.94,44.12,42.32,45.06,48.7,80.45,73.65,69.25,80.82,83.06,85.15,85.0,84.72,84.41,85.1,85.52,86.45,86.47,86.85,87.52,87.8,87.49,88.0,88.05,87.93,88.2,88.02,86.31,84.41,83.58,86.43,86.15,87.56,87.38,87.14,86.74,87.4,87.81,88.64,88.66,88.62,89.03,89.23,89.09,89.53,89.51,89.21,89.08,89.09,86.52,84.76,84.03,86.44,86.07,87.4,87.08,86.98,86.5,87.24,87.64,88.41,88.46,88.44,88.89,89.11,88.94,89.41,89.35,89.0,88.83,88.89,86.78,84.76,83.07,86.19,85.42,86.6,86.57,86.32,85.81,86.45,86.75,87.89,87.84,87.72,88.16,88.46,88.16,88.6,88.62,88.23,88.06,88.36,81.47,80.13,79.07,78.65,74.52,78.21,76.15,77.53,76.22,72.47,67.68,71.66,66.84,63.36,60.48,59.12,56.26,53.2,56.77,61.34,73.7,67.01,66.93,73.71,73.29,77.42,79.04,79.62,78.94,79.62,79.21,79.92,78.85,76.87,76.89,77.32,75.67,74.97,75.37,77.62,82.32,77.87,75.54,82.82,83.97,85.79,85.48,85.2,84.98,85.74,86.26,87.11,87.1,87.52,88.14,88.28,88.04,88.62,88.66,88.47,88.48,88.28,86.22,84.41,83.59,86.6,86.45,87.59,87.16,87.04,86.67,87.47,88.08,88.8,88.84,88.74,89.33,89.42,89.29,89.88,89.79,89.46,89.24,89.16,86.12,84.71,84.05,86.23,86.03,86.91,86.21,86.19,85.75,86.73,87.37,88.04,88.11,87.92,88.59,88.67,88.42,89.11,88.93,88.53,88.25,88.24,85.91,84.5,83.28,85.21,84.46,85.4,85.28,85.07,84.44,85.21,85.54,86.8,86.71,86.6,87.06,87.34,86.93,87.39,87.46,87.08,86.67,87.14,80.95,79.66,79.34,78.57,75.32,78.32,76.68,77.87,76.25,73.1,70.55,73.81,70.77,68.88,67.0,66.36,64.18,62.18,64.35,67.7,75.32,69.22,69.21,75.16,74.43,78.12,79.14,79.98,78.91,79.33,79.09,79.95,78.71,76.66,76.73,77.11,75.37,74.75,74.79,77.19,81.65,76.61,73.87,82.61,84.1,85.82,85.57,85.39,85.25,85.95,86.62,87.32,87.22,87.66,88.39,88.39,88.03,88.66,88.78,88.74,88.65,88.48,85.06,83.55,82.73,85.45,85.66,86.48,85.77,85.7,85.31,86.19,86.91,87.69,87.68,87.57,88.22,88.21,87.97,88.66,88.58,88.25,88.02,87.96,85.74,84.45,83.79,85.72,85.62,86.35,85.72,85.69,85.25,86.23,86.88,87.55,87.6,87.38,88.03,88.08,87.78,88.49,88.34,87.92,87.7,87.71,86.01,84.21,82.52,85.19,84.5,85.52,85.48,85.27,84.64,85.43,85.74,87.0,86.96,86.8,87.26,87.6,87.25,87.72,87.7,87.3,87.07,87.43,77.94,76.34,75.63,75.41,71.8,74.86,72.51,74.31,72.8,68.81,66.27,69.29,65.92,63.58,61.72,60.65,58.65,56.52,58.93,62.6,74.84,68.55,68.15,74.34,74.11,77.49,78.61,79.71,78.68,79.13,79.06,79.83,78.6,76.32,76.38,76.57,74.92,74.17,74.45,77.01,82.14,78.1,76.44,82.62,83.52,85.07,84.77,84.65,84.35,85.13,85.7,86.57,86.64,86.89,87.55,87.73,87.45,88.04,88.01,87.78,87.78,87.67,84.85,82.72,81.77,85.03,85.02,86.13,85.7,85.6,85.15,86.11,86.69,87.44,87.57,87.52,88.11,88.31,88.16,88.8,88.63,88.24,88.14,88.05,85.76,83.96,83.22,85.76,85.53,86.76,86.39,86.33,85.87,86.78,87.23,87.93,88.05,87.89,88.36,88.59,88.38,88.86,88.75,88.44,88.27,88.34,85.58,83.77,82.53,84.9,84.17,85.13,85.06,84.71,84.21,85.02,85.26,86.5,86.6,86.62,87.04,87.45,87.15,87.64,87.58,87.05,86.87,87.22,68.19,62.12,62.03,67.92,68.45,71.37,71.21,73.12,71.93,70.39,69.16,70.27,66.9,63.22,62.04,61.62,59.24,57.69,59.4,63.45],
  "contact_probs": [[1.0,0.99,0.97,0.05,0.01,0.0,0.01,0.01,0.85,0.99,0.98,0.01,0.06,0.02,0.85,1.0,0.98,0.01,0.04,0.03,0.85,1.0,0.98,0.01,0.08,0.02,0.81,1.0,0.98,0.32],[0.99,1.0,0.99,0.98,0.05,0.02,0.04,0.88,0.99,0.99,0.65,0.0,0.03,0.92,1.0,0.99,0.62,0.0,0.02,0.88,1.0,0.99,0.6,0.0,0.05,0.88,1.0,0.99,0.65,0.01],[0.97,0.99,1.0,0.99,0.33,0.21,0.29,0.99,0.99,0.76,0.02,0.0,0.01,0.99,0.99,0.74,0.02,0.0,0.01,0.99,0.99,0.73,0.02,0.0,0.02,0.99,0.99,0.67,0.02,0.0],[0.05,0.98,0.99,1.0,0.5,0.36,0.41,0.92,0.57,0.05,0.02,0.0,0.01,0.94,0.73,0.05,0.03,0.01,0.02,0.95,0.71,0.06,0.03,0.0,0.02,0.93,0.55,0.04,0.03,0.01],[0.01,0.05,0.33,0.5,1.0,0.66,0.38,0.17,0.05,0.01,0.0,0.0,0.01,0.19,0.07,0.0,0.0,0.0,0.0,0.38,0.14,0.0,0.0,0.0,0.01,0.42,0.08,0.01,0.0,0.0],[0.0,0.02,0.21,0.36,0.66,1.0,0.51,0.39,0.06,0.0,0.0,0.0,0.01,0.21,0.02,0.0,0.0,0.0,0.0,0.17,0.03,0.0,0.0,0.0,0.02,0.26,0.08,0.0,0.0,0.0],[0.01,0.04,0.29,0.41,0.38,0.51,1.0,0.65,0.09,0.0,0.0,0.0,0.01,0.07,0.0,0.0,0.0,0.0,0.0,0.04,0.01,0.0,0.0,0.0,0.02,0.45,0.38,0.02,0.0,0.0],[0.01,0.88,0.99,0.92,0.17,0.39,0.65,1.0,1.0,0.01,0.0,0.0,0.01,0.31,0.0,0.0,0.0,0.0,0.0,0.01,0.0,0.0,0.0,0.0,0.0,0.28,0.98,0.89,0.0,0.0],[0.85,0.99,0.99,0.57,0.05,0.06,0.09,1.0,1.0,1.0,0.01,0.0,0.16,0.98,0.17,0.01,0.01,0.0,0.0,0.0,0.01,0.01,0.0,0.0,0.0,0.0,0.18,0.98,0.8,0.0],[0.99,0.99,0.76,0.05,0.01,0.0,0.0,0.01,1.0,1.0,1.0,0.03,0.48,0.9,0.99,0.27,0.01,0.0,0.0,0.0,0.01,0.01,0.01,0.0,0.01,0.01,0.01,0.29,0.97,0.28],[0.98,0.65,0.02,0.02,0.0,0.0,0.0,0.0,0.01,1.0,1.0,0.08,0.48,0.0,0.77,0.98,0.09,0.01,0.01,0.0,0.0,0.01,0.01,0.0,0.0,0.0,0.01,0.0,0.19,0.39],[0.01,0.0,0.0,0.0,0.0,0.0,0.0,0.0,0.0,0.03,0.08,1.0,0.26,0.01,0.01,0.01,0.0,0.0,0.0,0.0,0.0,0.0,0.0,0.0,0.0,0.0,0.0,0.0,0.0,0.03],[0.06,0.03,0.01,0.01,0.01,0.01,0.01,0.01,0.16,0.48,0.48,0.26,1.0,0.16,0.23,0.03,0.01,0.0,0.01,0.0,0.0,0.01,0.0,0.0,0.01,0.0,0.0,0.0,0.02,0.05],[0.02,0.92,0.99,0.94,0.19,0.21,0.07,0.31,0.98,0.9,0.0,0.01,0.16,1.0,1.0,0.0,0.0,0.0,0.0,0.28,0.0,0.01,0.0,0.0,0.0,0.0,0.0,0.0,0.0,0.0],[0.85,1.0,0.99,0.73,0.07,0.02,0.0,0.0,0.17,0.99,0.77,0.01,0.23,1.0,1.0,1.0,0.0,0.0,0.17,0.98,0.24,0.01,0.01,0.0,0.0,0.0,0.0,0.01,0.0,0.0],[1.0,0.99,0.74,0.05,0.0,0.0,0.0,0.0,0.01,0.27,0.98,0.01,0.03,0.0,1.0,1.0,1.0,0.03,0.54,0.91,0.99,0.3,0.01,0.0,0.0,0.0,0.0,0.01,0.01,0.0],[0.98,0.62,0.02,0.03,0.0,0.0,0.0,0.0,0.01,0.01,0.09,0.0,0.01,0.0,0.0,1.0,1.0,0.07,0.45,0.0,0.74,0.97,0.06,0.0,0.01,0.0,0.0,0.01,0.01,0.01],[0.01,0.0,0.0,0.01,0.0,0.0,0.0,0.0,0.0,0.0,0.01,0.0,0.0,0.0,0.0,0.03,0.07,1.0,0.24,0.01,0.01,0.01,0.0,0.0,0.0,0.0,0.0,0.0,0.0,0.0],[0.04,0.02,0.01,0.02,0.0,0.0,0.0,0.0,0.0,0.0,0.01,0.0,0.01,0.0,0.17,0.54,0.45,0.24,1.0,0.14,0.18,0.01,0.0,0.0,0.01,0.0,0.0,0.0,0.0,0.01],[0.03,0.88,0.99,0.95,0.38,0.17,0.04,0.01,0.0,0.0,0.0,0.0,0.0,0.28,0.98,0.91,0.0,0.01,0.14,1.0,1.0,0.0,0.0,0.0,0.0,0.21,0.0,0.01,0.0,0.0],[0.85,1.0,0.99,0.71,0.14,0.03,0.01,0.0,0.01,0.01,0.0,0.0,0.0,0.0,0.24,0.99,0.74,0.01,0.18,1.0,1.0,1.0,0.01,0.0,0.18,0.99,0.17,0.03,0.02,0.0],[1.0,0.99,0.73,0.06,0.0,0.0,0.0,0.0,0.01,0.01,0.01,0.0,0.01,0.01,0.01,0.3,0.97,0.01,0.01,0.0,1.0,1.0,1.0,0.03,0.57,0.9,0.99,0.24,0.01,0.0],[0.98,0.6,0.02,0.03,0.0,0.0,0.0,0.0,0.0,0.01,0.01,0.0,0.0,0.0,0.01,0.01,0.06,0.0,0.0,0.0,0.01,1.0,1.0,0.06,0.55,0.0,0.73,0.97,0.08,0.12],[0.01,0.0,0.0,0.0,0.0,0.0,0.0,0.0,0.0,0.0,0.0,0.0,0.0,0.0,0.0,0.0,0.0,0.0,0.0,0.0,0.0,0.03,0.06,1.0,0.22,0.01,0.01,0.01,0.0,0.01],[0.08,0.05,0.02,0.02,0.01,0.02,0.02,0.0,0.0,0.01,0.0,0.0,0.01,0.0,0.0,0.0,0.01,0.0,0.01,0.0,0.18,0.57,0.55,0.22,1.0,0.24,0.28,0.06,0.01,0.02],[0.02,0.88,0.99,0.93,0.42,0.26,0.45,0.28,0.0,0.01,0.0,0.0,0.0,0.0,0.0,0.0,0.0,0.0,0.0,0.21,0.99,0.9,0.0,0.01,0.24,1.0,1.0,0.01,0.0,0.0],[0.81,1.0,0.99,0.55,0.08,0.08,0.38,0.98,0.18,0.01,0.01,0.0,0.0,0.0,0.0,0.0,0.0,0.0,0.0,0.0,0.17,0.99,0.73,0.01,0.28,1.0,1.0,1.0,0.01,0.0],[1.0,0.99,0.67,0.04,0.01,0.0,0.02,0.89,0.98,0.29,0.0,0.0,0.0,0.0,0.01,0.01,0.01,0.0,0.0,0.01,0.03,0.24,0.97,0.01,0.06,0.01,1.0,1.0,1.0,0.3],[0.98,0.65,0.02,0.03,0.0,0.0,0.0,0.0,0.8,0.97,0.19,0.0,0.02,0.0,0.0,0.01,0.01,0.0,0.0,0.0,0.02,0.01,0.08,0.0,0.01,0.0,0.01,1.0,1.0,0.82],[0.32,0.01,0.0,0.01,0.0,0.0,0.0,0.0,0.0,0.28,0.39,0.03,0.05,0.0,0.0,0.0,0.01,0.0,0.01,0.0,0.0,0.0,0.12,0.01,0.02,0.0,0.0,0.3,0.82,1.0]],
  "pae": [[0.8,1.8,2.3,3.8,12.9,10.4,8.3,3.2,2.6,2.0,2.0,6.5,4.6,3.1,2.4,2.0,2.2,5.7,4.5,3.1,2.3,1.9,2.1,6.7,5.0,3.1,2.5,1.8,2.2,7.0],[1.5,0.8,1.4,2.6,11.6,9.2,6.8,1.8,1.3,1.4,1.7,5.3,3.6,1.7,1.4,1.4,1.8,4.5,3.6,1.7,1.4,1.4,1.7,5.4,3.9,1.7,1.4,1.3,1.8,6.1],[2.4,1.8,0.8,2.7,13.0,10.2,7.7,1.7,1.8,2.6,3.4,6.9,4.6,1.8,2.0,2.9,3.4,6.0,4.2,1.9,1.9,2.7,3.2,6.7,4.8,1.8,2.0,2.3,3.3,7.5],[5.2,3.3,3.3,0.8,18.4,15.3,12.3,5.5,6.1,6.5,8.5,12.7,8.9,5.4,5.7,6.8,8.9,12.3,8.7,5.2,5.7,7.3,9.1,12.6,9.4,5.4,6.3,6.3,8.6,11.5],[18.8,18.0,17.4,20.9,1.0,5.0,6.5,13.9,14.7,16.9,19.6,20.2,18.0,18.0,19.2,18.6,20.7,23.8,19.7,18.5,19.0,19.0,19.3,20.4,17.1,18.7,17.8,16.7,18.7,15.9],[17.4,16.5,15.8,16.5,4.8,1.2,4.5,10.9,12.5,14.3,18.3,18.4,16.2,16.6,18.6,19.0,19.6,22.5,17.8,18.3,17.8,17.4,16.5,18.6,15.8,16.1,13.7,11.3,12.4,14.8],[16.3,14.1,13.5,15.6,5.7,4.5,1.1,8.8,9.5,12.5,15.8,16.5,13.5,13.1,15.2,16.4,17.2,21.1,15.6,16.0,16.1,13.1,16.0,16.9,15.8,15.6,11.4,10.7,11.5,13.4],[2.1,1.7,1.5,2.6,9.3,6.2,3.5,0.8,1.0,1.3,1.8,5.0,3.1,1.3,1.5,1.7,2.1,4.9,3.1,1.6,1.5,1.6,1.8,5.2,3.6,1.3,1.2,1.2,1.6,5.6],[1.8,1.4,1.5,2.7,9.0,7.6,4.6,0.9,0.8,0.9,1.2,4.4,2.7,1.2,1.1,1.3,1.6,3.9,2.9,1.4,1.3,1.4,1.5,4.8,3.4,1.4,1.1,1.0,1.3,5.1],[1.6,1.4,1.7,2.9,9.9,8.3,5.5,1.2,0.9,0.8,1.0,4.2,2.4,1.3,1.2,1.2,1.4,3.9,3.0,1.6,1.5,1.5,1.5,4.9,3.5,1.7,1.4,1.1,1.2,5.2],[1.5,1.5,1.8,3.3,10.2,8.1,5.7,1.7,1.2,0.9,0.8,3.8,2.3,1.4,1.2,1.2,1.3,3.7,3.1,1.6,1.5,1.5,1.6,5.2,3.7,1.9,1.6,1.3,1.3,5.6],[9.7,9.9,10.3,12.0,16.8,13.4,12.7,10.5,7.0,5.0,6.3,1.4,6.0,7.5,7.5,8.9,11.8,14.5,12.0,11.9,11.8,13.0,12.2,15.4,11.7,12.5,12.2,10.8,9.5,11.2],[5.1,4.7,4.3,5.6,13.3,11.1,9.0,4.4,3.7,4.1,3.9,6.2,1.2,4.4,3.7,5.0,4.8,8.1,7.2,4.8,5.8,5.0,4.4,11.6,8.3,6.2,5.6,4.7,4.8,9.8],[1.9,1.5,1.4,2.7,11.3,8.3,5.2,1.2,1.1,1.2,1.4,4.4,2.1,0.8,1.0,1.3,1.7,3.9,2.8,1.3,1.4,1.6,2.1,5.2,3.3,1.5,1.5,1.5,1.6,5.4],[1.9,1.4,1.5,2.7,10.7,7.8,5.9,1.3,1.1,1.1,1.2,4.2,2.2,0.9,0.8,0.9,1.3,3.5,2.7,1.2,1.1,1.4,1.7,4.9,3.2,1.4,1.4,1.4,1.5,5.9],[1.5,1.4,1.6,2.9,10.3,8.3,6.4,1.6,1.3,1.1,1.2,4.4,2.9,1.2,0.9,0.8,1.0,3.3,2.4,1.2,1.1,1.1,1.4,4.6,3.2,1.5,1.4,1.3,1.4,5.5],[1.6,1.6,1.8,3.2,10.8,8.3,5.9,2.0,1.6,1.4,1.3,4.6,3.0,1.6,1.2,0.9,0.8,3.1,2.2,1.6,1.4,1.3,1.4,4.8,3.4,1.7,1.6,1.5,1.6,5.8],[7.3,7.4,7.3,9.2,16.5,14.0,12.3,10.4,9.5,8.0,6.9,10.7,7.5,7.0,5.4,4.2,5.1,1.4,4.3,6.9,7.4,7.6,9.3,12.4,10.2,9.2,9.7,9.7,9.5,11.6],[4.4,3.7,3.6,4.9,13.8,11.8,9.2,5.1,4.1,4.1,4.0,7.1,6.3,3.8,2.8,3.1,2.8,4.9,1.1,3.5,3.0,4.1,4.3,8.8,6.2,3.8,4.5,3.9,4.6,9.3],[2.0,1.6,1.4,2.9,12.4,9.3,7.0,1.6,1.5,1.6,1.6,4.8,2.8,1.2,1.1,1.2,1.4,3.6,2.0,0.8,0.9,1.2,1.7,4.7,3.1,1.2,1.4,1.6,1.8,5.8],[1.9,1.4,1.5,2.9,11.3,8.1,6.3,1.5,1.4,1.5,1.5,4.7,2.8,1.4,1.2,1.1,1.2,3.4,2.3,0.9,0.8,0.9,1.3,4.2,2.9,1.2,1.2,1.3,1.6,5.4],[1.6,1.4,1.7,3.0,10.4,8.1,6.2,1.6,1.5,1.5,1.5,4.8,3.0,1.7,1.4,1.2,1.2,3.5,2.8,1.3,0.9,0.8,1.0,4.2,2.7,1.3,1.2,1.1,1.4,5.3],[1.6,1.6,1.8,3.5,11.0,8.6,6.6,1.8,1.6,1.7,1.7,5.3,3.2,2.0,1.7,1.4,1.3,3.8,3.1,1.6,1.2,0.9,0.8,3.8,2.3,1.6,1.4,1.4,1.5,5.8],[8.7,8.9,8.9,10.7,17.7,15.0,12.3,11.3,10.7,11.9,11.3,15.7,11.0,11.5,11.2,8.9,9.2,12.6,10.2,9.1,6.4,5.5,6.6,1.5,4.7,7.7,8.5,9.1,10.8,11.4],[5.7,5.1,4.5,6.1,14.6,12.8,10.1,5.6,5.8,5.4,4.6,11.1,7.7,5.7,5.4,4.7,5.0,8.8,7.7,4.7,4.1,4.4,3.9,6.4,1.2,4.9,4.3,6.3,6.5,9.3],[2.0,1.6,1.4,2.8,11.9,8.5,6.4,1.3,1.4,1.7,2.0,5.5,3.1,1.6,1.6,1.7,1.8,4.1,3.0,1.3,1.2,1.2,1.6,4.6,2.6,0.8,1.0,1.2,1.7,5.7],[1.8,1.4,1.4,2.8,11.0,7.9,6.2,1.2,1.1,1.3,1.7,4.9,2.9,1.5,1.5,1.5,1.5,4.0,2.9,1.4,1.1,1.1,1.3,4.4,2.6,0.9,0.8,0.9,1.3,4.8],[1.6,1.3,1.5,2.8,10.3,7.9,6.1,1.2,1.0,1.1,1.3,4.3,3.0,1.3,1.3,1.4,1.4,4.0,3.0,1.4,1.2,1.1,1.2,4.2,3.0,1.1,0.9,0.8,0.9,4.4],[1.8,1.7,1.8,3.5,10.0,8.0,5.4,1.4,1.3,1.3,1.3,4.3,3.0,1.6,1.5,1.5,1.5,4.3,3.2,1.7,1.6,1.4,1.3,4.9,3.6,1.6,1.1,0.9,0.8,3.8],[12.0,11.3,11.3,12.3,16.2,13.4,11.6,8.9,8.6,8.7,10.2,12.6,12.1,9.8,9.5,10.3,11.0,15.5,12.8,11.9,8.9,10.5,10.2,14.5,11.7,10.6,8.8,8.5,7.4,1.5]],
  "token_chain_ids": ["A","B","C","D","E","E","E","E","E","E","E","E","E","E","E","E","E","E","E","E","E","E","E","E","E","E","E","E","E","E"],
  "token_res_ids": [1,1,1,1,1,2,3,4,5,6,7,8,9,10,11,12,13,14,15,16,17,18,19,20,21,22,23,24,25,26]
}