{
  "atom_chain_ids": ["A","A","A","A","A","A","A","A","A","A","A","A","A","A","A","A","A","A","A","A","A","A","A","A","A","A","A","A","A","A","A","A","A","A","A","A","A","A","A","A","A","A","A","A","A","A","A","A","A","A","A","A","A","A","A","A","A","A","A","A","A","A","A","A","A","A","A","A","A","A","A","A","A","A","A","A","A","A","A","A","A","A","A","A","A","A","A","A","A","A","A","A","A","A","A","A","A","A","A","A","A","A","A","A","A","A","A","A","A","A","A","A","A","A","A","A","A","A","A","A","A","A","A","A","A","A","A","A","A","A","A","A","A","A","A","A","A","A","A","A","A","A","A","A","A","A","A","A","A","A","A","A","A","A","A","A","A","A","A","A","A","A","A","A","A","A","A","A","A","A","A","A","A","A","A","A","A","A","A","A","A","A","A","A","A","A","A","A","A","A","A","A","A","A","A","A","A","A","A","A","A","A","A","A","A","A","A","A","A","A","A","A","A","A","A","A","A","A","A","A","A","A","A","A","A","A","A","A","A","A","A","A","A","A","A","A","A","A","A","A","A","A","A","A","A","A","A","A","A","A","A","A","A","A","A","A","A","A","A","A","A","A","A","A","A","A","A","A","A","A","A","A","A","A","A","A","A","A","A","A","A","A","A","A","A","A","A","A","A","A","A","A","A","A","A","A","A","A","A","A","A","A","A","A","A","A","A","A","A","A","A","A","A","A","A","A","A","A","A","A","A","A","A","A","A","A","A","A","A","A","A","A","A","A","A","A","A","A","A","A","A","A","A","A","A","A","A","A","A","A","A","A","A","A","A","A","A","A","A","A","A","A","A","A","A","A","A","A","A","A","A","A","A","A","A","A","A","A","A","A","A","A","A","A","A","A","A","A","A","A","A","A","A","A","A","A","A","A","A","A","A","A","A","A","A","A","A","A","A","A","A","A","A","A","A","A","A","A","A","A","A","A","A","A","A","A","A","A","A","A","A","A","A","A","A","A","A","A","A","A","A","A","A","A","A","A","A","A","A","A","A","A","A","A","A","A","A","A","A","A","A","A","A","A","A","A","A"],
  "atom_plddts": [49.68,49.89,44.14,43.28,50.82,51.65,52.8,53.9,55.27,55.38,53.78,52.91,53.67,52.46,50.47,49.56,49.45,48.63,47.05,48.42,50.65,57.14,52.33,52.04,56.67,58.28,59.68,60.79,61.49,60.31,60.8,58.02,59.72,59.28,57.1,56.92,57.2,55.97,53.87,54.88,56.23,56.46,62.23,58.92,59.56,62.66,64.22,65.08,67.08,66.38,65.13,66.16,65.79,65.95,66.46,65.88,66.12,67.17,67.04,65.98,65.77,65.99,65.56,66.98,65.6,63.9,64.08,65.54,65.88,66.78,68.25,67.33,66.34,66.76,66.54,67.15,67.77,67.33,67.65,68.73,68.7,68.0,67.48,67.56,67.06,68.22,67.11,65.29,65.01,66.37,65.89,66.32,67.5,67.09,65.96,66.33,64.9,66.44,66.62,66.26,66.29,67.42,67.31,66.32,65.97,66.16,65.18,66.72,55.22,53.21,52.71,55.31,54.3,54.16,51.53,53.51,52.55,51.17,49.28,50.98,48.54,46.19,45.36,44.27,43.4,41.87,43.8,46.61,52.21,47.04,46.14,52.95,53.41,54.73,55.08,56.62,55.91,55.02,53.87,55.23,53.83,50.8,49.96,49.6,48.6,46.87,48.64,51.04,56.23,51.63,51.03,55.64,55.91,57.42,57.04,58.63,57.3,57.5,54.27,56.52,54.82,52.21,51.72,51.47,49.7,47.97,48.99,50.82,50.83,60.38,56.27,57.02,60.7,62.04,62.81,65.05,64.58,63.45,64.05,63.67,63.93,64.37,63.84,63.97,65.18,65.15,63.98,63.75,63.95,63.16,64.92,64.21,61.59,61.92,64.33,66.08,67.17,68.61,67.82,66.68,67.73,67.34,67.45,68.02,67.67,67.91,68.81,68.77,68.0,67.73,67.84,67.53,68.67,65.55,63.99,64.02,64.75,64.41,64.95,66.12,65.36,63.9,64.58,62.97,64.37,64.64,65.14,65.02,65.99,65.94,65.05,64.83,64.93,63.9,65.27,58.51,56.06,55.81,58.4,57.17,57.27,56.24,57.1,56.3,54.73,53.03,54.96,53.25,52.12,51.18,50.74,50.08,48.31,50.06,52.29,51.6,47.74,47.18,52.17,52.18,52.29,52.01,53.84,52.89,51.94,50.37,51.94,50.55,48.45,47.74,47.25,46.43,44.77,46.39,48.57,60.16,56.32,55.44,59.29,60.32,61.0,61.55,62.03,60.79,61.16,57.88,59.87,58.93,56.89,56.43,56.86,55.48,53.32,54.25,55.67,55.58,64.1,60.65,60.95,64.19,65.81,66.75,68.56,67.8,66.65,68.1,67.24,67.68,68.21,67.97,68.19,69.25,69.21,68.23,68.07,68.18,67.86,69.21,67.13,65.21,65.09,66.85,67.8,68.79,69.87,68.93,67.92,68.78,68.21,68.95,69.6,69.4,69.62,70.67,70.72,70.08,69.66,69.64,69.16,70.26,65.94,63.98,63.37,64.94,64.9,65.13,66.33,65.7,64.68,64.91,63.14,64.57,64.71,64.86,64.82,66.02,65.97,64.92,64.55,64.62,63.57,65.26,54.41,52.33,51.76,54.17,53.59,53.44,52.02,53.27,52.2,51.07,49.17,50.49,48.52,46.45,45.67,44.85,44.02,42.54,44.31,46.72,52.8,47.59,47.02,53.64,53.9,55.05,55.28,56.9,56.07,55.01,53.73,55.06,53.49,50.75,49.91,49.58,48.6,46.91,48.64,50.98,59.84,55.44,54.73,59.31,59.46,60.74,60.65,61.16,59.94,60.25,56.27,59.04,57.71,55.43,54.78,55.37,53.7,51.64,52.55,53.95,53.7,61.86,57.81,58.23,62.33,64.0,65.62,67.73,67.07,66.01,67.05,66.83,66.86,67.63,67.21,67.64,68.9,68.87,67.93,67.51,67.45,67.36,68.88,65.34,62.47,61.86,64.42,66.05,66.73,68.01,67.03,65.97,66.74,65.21,66.24,66.73,67.0,66.86,68.32,68.47,67.34,66.99,66.83,66.16,67.94],
  "contact_probs": [[1.0,0.94,0.2,0.01,0.0,0.0,0.0,0.0,0.0,0.01,0.05,0.17,0.42,0.69,0.18,0.02,0.01,0.01,0.02,0.02,0.07,0.41],[0.94,1.0,0.91,0.17,0.01,0.0,0.01,0.01,0.01,0.04,0.16,0.27,0.49,0.59,0.22,0.06,0.01,0.01,0.02,0.04,0.26,0.73],[0.2,0.91,1.0,1.0,0.25,0.02,0.02,0.02,0.1,0.2,0.41,0.28,0.25,0.19,0.04,0.06,0.03,0.01,0.02,0.1,0.52,0.65],[0.01,0.17,1.0,1.0,0.99,0.16,0.27,0.15,0.27,0.39,0.56,0.12,0.05,0.04,0.05,0.03,0.06,0.02,0.04,0.23,0.35,0.25],[0.0,0.01,0.25,0.99,1.0,0.52,0.59,0.54,0.53,0.64,0.3,0.02,0.01,0.01,0.02,0.05,0.06,0.09,0.13,0.28,0.14,0.07],[0.0,0.0,0.02,0.16,0.52,1.0,0.46,0.3,0.14,0.05,0.03,0.01,0.01,0.0,0.0,0.01,0.08,0.11,0.14,0.15,0.03,0.01],[0.0,0.01,0.02,0.27,0.59,0.46,1.0,0.75,0.31,0.09,0.02,0.0,0.0,0.0,0.01,0.03,0.17,0.19,0.32,0.45,0.12,0.02],[0.0,0.01,0.02,0.15,0.54,0.3,0.75,1.0,0.81,0.27,0.04,0.01,0.01,0.01,0.02,0.17,0.4,0.27,0.42,0.38,0.1,0.04],[0.0,0.01,0.1,0.27,0.53,0.14,0.31,0.81,1.0,0.98,0.19,0.02,0.02,0.02,0.37,0.54,0.43,0.16,0.18,0.14,0.06,0.05],[0.01,0.04,0.2,0.39,0.64,0.05,0.09,0.27,0.98,1.0,0.99,0.22,0.17,0.22,0.68,0.32,0.13,0.02,0.02,0.04,0.05,0.07],[0.05,0.16,0.41,0.56,0.3,0.03,0.02,0.04,0.19,0.99,1.0,0.76,0.54,0.57,0.53,0.13,0.04,0.01,0.01,0.01,0.03,0.07],[0.17,0.27,0.28,0.12,0.02,0.01,0.0,0.01,0.02,0.22,0.76,1.0,0.63,0.39,0.15,0.01,0.0,0.0,0.0,0.0,0.01,0.05],[0.42,0.49,0.25,0.05,0.01,0.01,0.0,0.01,0.02,0.17,0.54,0.63,1.0,0.8,0.33,0.03,0.01,0.0,0.0,0.01,0.02,0.13],[0.69,0.59,0.19,0.04,0.01,0.0,0.0,0.01,0.02,0.22,0.57,0.39,0.8,1.0,0.9,0.15,0.01,0.0,0.0,0.01,0.05,0.37],[0.18,0.22,0.04,0.05,0.02,0.0,0.01,0.02,0.37,0.68,0.53,0.15,0.33,0.9,1.0,0.99,0.19,0.02,0.01,0.03,0.17,0.43],[0.02,0.06,0.06,0.03,0.05,0.01,0.03,0.17,0.54,0.32,0.13,0.01,0.03,0.15,0.99,1.0,0.99,0.2,0.16,0.31,0.56,0.45],[0.01,0.01,0.03,0.06,0.06,0.08,0.17,0.4,0.43,0.13,0.04,0.0,0.01,0.01,0.19,0.99,1.0,0.63,0.58,0.75,0.62,0.21],[0.01,0.01,0.01,0.02,0.09,0.11,0.19,0.27,0.16,0.02,0.01,0.0,0.0,0.0,0.02,0.2,0.63,1.0,0.53,0.33,0.11,0.02],[0.02,0.02,0.02,0.04,0.13,0.14,0.32,0.42,0.18,0.02,0.01,0.0,0.0,0.0,0.01,0.16,0.58,0.53,1.0,0.76,0.21,0.03],[0.02,0.04,0.1,0.23,0.28,0.15,0.45,0.38,0.14,0.04,0.01,0.0,0.01,0.01,0.03,0.31,0.75,0.33,0.76,1.0,0.86,0.15],[0.07,0.26,0.52,0.35,0.14,0.03,0.12,0.1,0.06,0.05,0.03,0.01,0.02,0.05,0.17,0.56,0.62,0.11,0.21,0.86,1.0,0.99],[0.41,0.73,0.65,0.25,0.07,0.01,0.02,0.04,0.05,0.07,0.07,0.05,0.13,0.37,0.43,0.45,0.21,0.02,0.03,0.15,0.99,1.0]],
  "pae": [[1.5,5.9,7.5,9.5,12.2,14.6,14.7,15.4,13.0,12.1,10.7,10.1,8.8,8.4,10.1,11.3,13.3,14.9,16.3,13.3,11.6,9.1],[5.3,1.2,4.8,5.7,8.5,11.6,10.8,10.3,9.7,9.3,8.3,10.0,9.7,7.7,6.9,7.4,8.7,10.6,11.3,9.7,7.9,6.5],[5.7,3.4,1.0,2.2,5.2,7.6,7.4,7.1,6.0,5.3,5.1,9.4,9.5,6.9,4.9,5.6,6.1,9.1,9.0,7.4,5.7,5.2],[6.9,3.7,2.1,0.9,2.0,6.5,5.8,5.6,4.5,3.8,4.5,8.2,8.4,5.7,4.5,4.4,5.0,8.1,7.2,5.2,4.2,4.0],[7.9,5.2,3.5,2.3,0.9,6.2,5.2,5.8,5.2,4.5,5.2,9.3,9.6,6.4,5.5,5.4,5.4,9.2,7.9,5.6,4.9,5.1],[16.5,14.0,10.2,8.5,8.6,1.4,8.6,10.8,11.7,9.6,10.9,15.1,16.2,14.2,13.3,13.2,13.4,16.7,14.9,12.6,12.9,13.0],[13.2,11.7,9.4,8.5,6.2,6.8,1.3,5.2,6.1,8.1,10.3,13.7,13.9,12.3,10.1,9.9,8.7,12.0,7.8,6.3,8.0,9.8],[12.5,11.1,9.5,8.4,7.4,6.1,5.6,1.2,4.4,6.2,9.8,12.4,13.0,11.3,9.5,8.6,6.3,11.2,7.3,6.4,6.9,8.4],[10.3,8.4,7.7,6.7,5.5,7.7,5.4,3.8,1.0,2.2,5.3,8.8,10.1,8.4,6.8,6.7,5.9,9.2,7.0,5.7,5.8,7.0],[8.6,6.7,5.9,5.0,5.0,8.1,6.1,4.1,2.2,0.9,2.8,7.4,9.0,6.4,6.1,4.8,5.2,9.2,7.8,5.7,5.5,5.7],[9.6,8.0,5.7,5.5,5.3,8.7,7.2,6.2,4.6,2.4,0.9,7.0,8.8,6.7,5.3,6.5,7.8,10.7,9.4,7.5,7.4,6.9],[11.9,12.2,10.6,10.4,12.3,13.4,13.8,13.6,10.6,9.8,7.3,1.5,7.9,7.3,10.1,12.7,14.0,15.7,15.8,14.4,13.6,13.2],[11.7,10.7,11.5,11.9,13.6,14.6,15.5,14.4,13.3,11.3,8.6,7.2,1.4,7.6,9.6,12.5,15.2,16.3,16.6,14.9,14.4,13.4],[10.2,8.4,7.6,8.3,9.3,11.7,11.7,10.8,9.4,8.2,6.4,7.3,6.8,1.2,5.2,7.2,9.1,12.3,12.3,11.1,10.7,8.5],[8.4,6.6,5.9,6.3,6.8,9.3,8.2,7.4,7.6,7.1,6.1,8.1,7.5,4.2,1.0,2.6,5.3,8.0,8.8,7.8,6.1,5.7],[7.7,5.8,5.2,5.1,5.2,8.3,6.8,5.9,5.2,4.5,5.5,8.4,8.5,4.9,2.5,0.9,2.5,6.6,6.1,5.6,4.9,4.6],[9.0,7.2,6.9,6.3,6.1,10.0,7.8,6.3,5.8,6.4,6.9,9.9,9.7,6.5,4.6,3.0,0.9,6.0,5.2,6.3,5.8,6.0],[15.0,14.0,14.2,13.3,13.8,16.1,12.4,11.0,12.9,12.7,15.0,15.0,15.7,15.0,11.3,10.2,8.5,1.5,8.4,9.3,10.2,11.6],[12.7,11.2,10.0,9.4,9.9,13.6,7.8,6.9,8.4,9.9,10.9,13.2,14.0,12.4,8.9,7.4,5.5,7.0,1.2,6.1,6.5,8.0],[11.8,9.5,9.1,8.6,7.0,10.0,7.3,5.9,7.2,8.2,9.5,12.0,12.4,10.1,9.2,8.1,5.8,6.5,4.6,1.2,5.4,6.5],[8.7,6.2,6.8,5.6,5.5,8.5,7.1,5.5,5.1,5.7,6.7,9.5,9.8,6.8,5.9,5.6,5.4,7.3,5.2,3.6,1.0,2.7],[8.5,6.2,5.8,5.6,6.5,9.5,8.2,7.0,6.5,6.1,6.5,10.0,10.2,6.8,5.2,5.1,5.2,8.8,7.3,4.6,2.8,1.0]],
  "token_chain_ids": ["A","A","A","A","A","A","A","A","A","A","A","A","A","A","A","A","A","A","A","A","A","A"],
  "token_res_ids": [1,2,3,4,5,6,7,8,9,10,11,12,13,14,15,16,17,18,19,20,21,22]
}