{
  "atom_chain_ids": ["A","A","A","A","A","A","A","A","A","A","A","A","A","A","A","A","A","A","A","A","A","A","A","A","A","A","A","A","A","A","A","A","A","A","A","A","A","A","A","A","A","A","A","A","A","A","A","A","A","A","A","A","A","A","A","A","A","A","A","A","A","A","A","A","A","A","A","A","A","A","A","A","A","A","A","A","A","A","A","A","A","A","A","A","A","A","A","A","A","A","A","A","A","A","A","A","A","A","A","A","A","A","A","A","A","A","A","A","A","A","A","A","A","A","A","A","A","A","A","A","A","A","A","A","A","A","A","A","A","A","A","A","A","A","A","A","A","A","A","A","A","A","A","A","A","A","A","A","A","A","A","A","A","A","A","A","A","A","A","A","A","A","A","A","A","A","A","A","A","A","A","A","A","A","A","A","A","A","A","A","A","A","A","A","A","A","A","A","A","A","A","A","A","A","A","A","A","A","A","A","A","A","A","A","A","A","A","A","A","A","A","A","A","A","A","A","A","A","A","A","A","A","A","A","A","A","A","A","A","A","A","A","A","A","A","A","A","A","A","A","A","A","A","A","A","A","A","A","A","A","A","A","A","A","A","A","A","A","A","A","A","A","A","A","A","A","A","A","A","A","A","A","A","A","A","A","A","A","A","A","A","A","A","A","A","A","A","A","A","A","A","A","A","A","A","A","A","A","A","A","A","A","A","A","A","A","A","A","A","A","A","A","A","A","A","A","A","A","A","A","A","A","A","A","A","A","A","A","A","A","A","A","A","A","A","A","A","A","A","A","A","A","A","A","A","A","A","A","A","A","A","A","A","A","A","A","A","A","A","A","A","A","A","A","A","A","A","A","A","A","A","A","A","A","A","A","A","A","A","A","A","A","A","A","A","A","A","A","A","A","A","A","A","A","A","A","A","A","A","A","A","A","A","A","A","A","A","A","A","A","A","A","A","A","A","A","A","A","A","A","A","A","A","A","A","A","A","A","A","A","A","A","A","A","A","A","A","A","A","A","A","A","A","A","A","A","A","A","A","A","A","A","A","A","A","A","A","A","A","A","A","A","A","A","A","A","A"],
  "atom_plddts": [52.1,52.29,46.07,45.43,53.07,54.04,55.41,56.76,58.08,58.16,56.44,55.55,56.47,55.15,53.07,51.99,51.99,51.11,49.3,50.9,53.14,59.0,54.52,54.19,58.47,59.88,61.2,62.32,62.57,61.37,61.8,58.9,60.84,60.45,58.42,58.07,58.64,57.43,55.28,56.3,57.46,57.45,61.86,58.38,59.07,62.41,63.99,64.97,67.12,66.55,65.3,66.33,66.08,66.15,66.69,65.85,66.15,67.25,67.11,66.03,65.78,65.97,65.59,67.13,65.49,63.6,63.78,65.45,65.83,66.9,68.39,67.6,66.56,66.99,66.65,67.29,67.9,67.38,67.67,68.79,68.74,67.99,67.49,67.57,67.07,68.32,66.08,64.44,64.2,65.31,64.8,65.05,66.27,65.83,64.74,64.93,63.41,64.92,65.06,64.81,64.78,65.94,65.83,64.78,64.41,64.6,63.5,65.09,53.48,51.18,50.6,53.59,53.04,52.93,50.45,52.77,51.79,50.59,48.75,50.31,47.88,45.39,44.66,43.59,42.79,41.33,43.15,45.99,50.39,45.83,44.71,50.97,51.45,52.29,52.0,54.1,53.31,52.42,50.82,51.87,50.06,46.71,45.59,45.01,43.96,42.28,44.3,46.83,52.93,48.86,48.35,52.52,52.89,54.35,52.89,55.64,54.16,53.94,50.63,52.7,50.4,47.31,46.64,45.99,44.01,42.54,43.6,45.65,45.82,58.81,54.55,55.42,59.22,60.6,61.35,63.6,63.1,62.02,62.49,62.2,62.45,62.9,62.39,62.55,63.68,63.6,62.44,62.23,62.47,61.69,63.44,63.52,60.78,61.19,63.61,65.49,66.59,68.15,67.39,66.2,67.23,66.81,66.94,67.54,67.17,67.38,68.32,68.28,67.46,67.2,67.3,66.96,68.16,65.12,63.36,63.46,64.42,64.19,64.77,65.91,65.19,63.76,64.38,62.77,64.15,64.39,64.88,64.72,65.72,65.64,64.67,64.5,64.6,63.5,65.04,54.13,51.83,51.37,54.13,53.48,53.2,51.5,53.54,52.5,51.15,49.17,50.41,48.2,46.17,45.07,44.34,43.65,41.96,43.93,46.51,50.43,46.43,45.78,51.06,51.18,51.36,51.21,53.16,52.16,51.36,49.86,51.43,50.14,48.02,47.45,46.98,46.22,44.61,46.08,48.25,60.91,57.43,56.4,60.01,60.72,61.29,61.67,62.23,61.04,61.27,57.6,59.87,58.78,56.58,56.0,56.46,55.04,52.76,53.77,55.23,54.97,64.04,60.6,60.82,64.07,65.5,66.45,68.3,67.59,66.46,67.82,66.79,67.35,67.87,67.56,67.71,68.85,68.82,67.77,67.59,67.7,67.3,68.77,66.98,65.18,64.97,66.67,67.71,68.72,69.79,68.85,67.85,68.66,68.09,68.76,69.38,69.15,69.36,70.39,70.44,69.77,69.36,69.36,68.86,70.01,65.85,63.86,63.26,64.91,64.75,65.04,66.1,65.6,64.59,64.7,62.89,64.33,64.43,64.56,64.53,65.72,65.63,64.53,64.2,64.28,63.12,64.92,57.91,55.6,55.16,57.81,56.75,56.73,55.3,56.12,55.23,53.67,51.76,53.39,51.32,49.32,48.37,47.58,46.67,45.0,46.97,49.48,53.93,48.59,48.21,54.86,55.09,56.35,56.86,57.95,57.22,56.16,54.87,56.4,55.11,52.55,51.74,51.61,50.66,48.91,50.53,52.69,61.28,56.63,56.03,60.91,61.21,62.86,63.24,63.45,62.2,62.67,58.78,61.73,60.82,58.44,57.83,58.82,57.28,55.12,55.93,57.17,56.92,62.16,58.46,58.79,62.55,64.62,66.09,68.17,67.35,66.26,67.36,67.16,67.12,67.88,67.36,67.75,68.95,68.93,68.04,67.61,67.58,67.52,68.94,65.25,62.34,61.81,64.4,66.34,67.05,68.3,67.27,66.18,67.01,65.51,66.53,67.04,67.19,67.01,68.45,68.59,67.46,67.13,66.99,66.32,68.12],
  "contact_probs": [[1.0,0.94,0.2,0.01,0.0,0.0,0.0,0.0,0.0,0.01,0.05,0.17,0.42,0.69,0.18,0.02,0.01,0.01,0.02,0.02,0.07,0.41],[0.94,1.0,0.91,0.17,0.01,0.0,0.01,0.01,0.01,0.04,0.16,0.27,0.49,0.59,0.22,0.06,0.01,0.01,0.02,0.04,0.26,0.73],[0.2,0.91,1.0,1.0,0.25,0.02,0.02,0.02,0.1,0.2,0.41,0.28,0.25,0.19,0.04,0.06,0.03,0.01,0.02,0.1,0.52,0.65],[0.01,0.17,1.0,1.0,0.99,0.16,0.27,0.15,0.27,0.39,0.56,0.12,0.05,0.04,0.05,0.03,0.06,0.02,0.04,0.23,0.35,0.25],[0.0,0.01,0.25,0.99,1.0,0.52,0.59,0.54,0.53,0.64,0.3,0.02,0.01,0.01,0.02,0.05,0.06,0.09,0.13,0.28,0.14,0.07],[0.0,0.0,0.02,0.16,0.52,1.0,0.46,0.3,0.14,0.05,0.03,0.01,0.01,0.0,0.0,0.01,0.08,0.11,0.14,0.15,0.03,0.01],[0.0,0.01,0.02,0.27,0.59,0.46,1.0,0.75,0.31,0.09,0.02,0.0,0.0,0.0,0.01,0.03,0.17,0.19,0.32,0.45,0.12,0.02],[0.0,0.01,0.02,0.15,0.54,0.3,0.75,1.0,0.81,0.27,0.04,0.01,0.01,0.01,0.02,0.17,0.4,0.27,0.42,0.38,0.1,0.04],[0.0,0.01,0.1,0.27,0.53,0.14,0.31,0.81,1.0,0.98,0.19,0.02,0.02,0.02,0.37,0.54,0.43,0.16,0.18,0.14,0.06,0.05],[0.01,0.04,0.2,0.39,0.64,0.05,0.09,0.27,0.98,1.0,0.99,0.22,0.17,0.22,0.68,0.32,0.13,0.02,0.02,0.04,0.05,0.07],[0.05,0.16,0.41,0.56,0.3,0.03,0.02,0.04,0.19,0.99,1.0,0.76,0.54,0.57,0.53,0.13,0.04,0.01,0.01,0.01,0.03,0.07],[0.17,0.27,0.28,0.12,0.02,0.01,0.0,0.01,0.02,0.22,0.76,1.0,0.63,0.39,0.15,0.01,0.0,0.0,0.0,0.0,0.01,0.05],[0.42,0.49,0.25,0.05,0.01,0.01,0.0,0.01,0.02,0.17,0.54,0.63,1.0,0.8,0.33,0.03,0.01,0.0,0.0,0.01,0.02,0.13],[0.69,0.59,0.19,0.04,0.01,0.0,0.0,0.01,0.02,0.22,0.57,0.39,0.8,1.0,0.9,0.15,0.01,0.0,0.0,0.01,0.05,0.37],[0.18,0.22,0.04,0.05,0.02,0.0,0.01,0.02,0.37,0.68,0.53,0.15,0.33,0.9,1.0,0.99,0.19,0.02,0.01,0.03,0.17,0.43],[0.02,0.06,0.06,0.03,0.05,0.01,0.03,0.17,0.54,0.32,0.13,0.01,0.03,0.15,0.99,1.0,0.99,0.2,0.16,0.31,0.56,0.45],[0.01,0.01,0.03,0.06,0.06,0.08,0.17,0.4,0.43,0.13,0.04,0.0,0.01,0.01,0.19,0.99,1.0,0.63,0.58,0.75,0.62,0.21],[0.01,0.01,0.01,0.02,0.09,0.11,0.19,0.27,0.16,0.02,0.01,0.0,0.0,0.0,0.02,0.2,0.63,1.0,0.53,0.33,0.11,0.02],[0.02,0.02,0.02,0.04,0.13,0.14,0.32,0.42,0.18,0.02,0.01,0.0,0.0,0.0,0.01,0.16,0.58,0.53,1.0,0.76,0.21,0.03],[0.02,0.04,0.1,0.23,0.28,0.15,0.45,0.38,0.14,0.04,0.01,0.0,0.01,0.01,0.03,0.31,0.75,0.33,0.76,1.0,0.86,0.15],[0.07,0.26,0.52,0.35,0.14,0.03,0.12,0.1,0.06,0.05,0.03,0.01,0.02,0.05,0.17,0.56,0.62,0.11,0.21,0.86,1.0,0.99],[0.41,0.73,0.65,0.25,0.07,0.01,0.02,0.04,0.05,0.07,0.07,0.05,0.13,0.37,0.43,0.45,0.21,0.02,0.03,0.15,0.99,1.0]],
  "pae": [[1.4,4.5,7.1,8.4,10.8,12.7,12.9,13.9,11.4,10.2,8.4,10.4,8.6,7.8,8.2,9.7,11.5,13.2,14.0,12.0,9.3,7.4],[5.0,1.2,4.1,5.3,7.2,10.7,10.0,10.1,9.0,8.3,6.7,9.5,8.6,7.3,6.3,6.8,8.1,9.6,9.6,8.1,6.7,5.5],[5.2,3.4,1.0,2.5,4.2,7.7,7.7,7.4,5.7,5.1,5.0,9.3,9.0,6.4,5.0,5.1,5.7,8.1,7.5,5.9,5.1,4.9],[6.4,3.5,2.1,0.9,2.0,6.6,6.5,6.7,4.6,4.0,4.5,8.7,8.4,5.7,4.7,4.3,5.0,7.3,6.3,4.9,4.2,4.1],[7.5,5.2,3.4,2.5,0.9,6.5,6.3,7.2,5.4,4.9,5.4,10.3,9.8,7.0,5.7,5.2,5.7,8.4,6.4,5.0,5.2,5.2],[15.4,14.5,11.1,9.9,9.7,1.4,11.1,12.5,12.9,10.0,10.1,16.3,15.9,13.9,15.1,15.0,14.5,16.5,14.9,13.9,14.3,13.7],[14.3,13.4,11.9,9.9,8.5,7.9,1.3,6.4,7.0,9.0,11.1,15.8,14.8,14.2,12.5,12.1,9.7,12.3,7.4,8.4,10.7,11.6],[14.3,14.1,11.7,10.6,8.1,7.3,6.4,1.2,6.8,6.9,12.2,15.3,14.7,13.8,12.1,10.5,8.2,10.4,8.1,8.1,8.7,11.1],[10.2,9.2,8.4,7.8,6.3,8.5,6.5,5.5,1.0,2.5,5.7,9.8,10.4,8.7,6.8,6.8,6.6,8.5,7.1,6.9,6.8,7.6],[8.1,6.8,5.6,5.4,5.4,8.3,7.2,4.9,2.2,0.9,3.0,8.3,8.8,6.1,5.8,5.0,5.5,8.6,7.1,6.1,5.6,6.2],[8.7,7.4,5.4,6.1,5.7,9.2,8.0,7.7,5.3,2.8,0.9,7.8,8.6,6.1,5.7,6.4,7.5,10.0,8.8,7.5,7.1,7.1],[12.8,14.5,12.8,13.2,14.0,14.0,16.7,16.1,12.9,11.3,9.5,1.6,10.7,9.3,12.7,15.0,17.1,17.6,17.1,17.6,16.3,16.6],[10.8,10.5,11.9,12.3,14.4,14.8,15.7,15.4,14.3,12.3,9.0,8.3,1.4,7.9,11.0,13.3,14.7,15.7,16.8,16.4,14.8,13.2],[9.3,8.1,7.6,8.4,8.7,11.4,11.4,11.3,8.7,7.0,6.7,8.6,7.8,1.2,5.5,7.1,9.6,11.5,11.7,10.8,9.6,8.2],[8.0,6.0,5.6,6.2,6.6,9.7,8.2,7.9,6.6,6.5,5.5,9.0,7.6,4.3,1.0,2.7,5.1,7.4,7.9,6.9,5.5,5.4],[7.6,5.7,5.2,5.2,5.3,8.6,6.8,6.2,4.9,4.9,5.2,9.6,8.9,4.8,2.6,0.9,2.3,5.7,5.3,5.1,4.6,4.5],[8.4,6.8,6.6,6.0,6.0,9.8,7.0,7.0,5.4,6.2,6.3,10.5,9.4,6.0,4.5,2.7,0.9,4.7,4.3,5.0,5.4,5.7],[12.6,12.5,11.8,11.5,11.7,15.3,9.8,9.4,10.9,11.6,13.3,14.6,14.1,12.8,9.7,7.5,6.6,1.5,6.3,7.3,7.9,9.8],[10.9,9.5,8.7,8.6,8.3,12.0,6.2,6.5,7.8,8.9,9.9,12.8,12.4,10.4,8.2,6.2,3.9,5.6,1.1,4.1,5.3,6.4],[8.4,6.8,6.5,6.1,4.9,9.2,6.2,6.1,5.3,6.3,6.8,11.3,10.2,7.3,6.1,5.2,4.3,5.1,3.1,1.1,3.2,4.5],[7.2,5.3,5.2,4.9,4.9,8.3,6.5,5.9,4.7,5.2,5.8,9.2,9.0,6.1,4.9,4.7,4.6,6.2,4.3,2.6,1.0,2.2],[7.2,5.4,5.0,5.0,6.2,9.4,7.8,7.4,5.9,5.6,5.7,9.5,9.2,6.3,4.8,4.7,5.0,7.2,6.3,3.7,2.3,1.0]],
  "token_chain_ids": ["A","A","A","A","A","A","A","A","A","A","A","A","A","A","A","A","A","A","A","A","A","A"],
  "token_res_ids": [1,2,3,4,5,6,7,8,9,10,11,12,13,14,15,16,17,18,19,20,21,22]
}