{
  "atom_chain_ids": ["A","A","A","A","A","A","A","A","A","A","A","A","A","A","A","A","A","A","A","A","A","A","A","A","A","A","A","A","A","A","A","A","A","A","A","A","A","A","A","A","A","A","A","A","A","A","A","A","A","A","A","A","A","A","A","A","A","A","A","A","A","A","A","A","A","A","A","A","A","A","A","A","A","A","A","A","A","A","A","A","A","A","A","A","A","A","A","A","A","A","A","A","A","A","A","A","A","A","A","A","A","A","A","A","A","A","A","A","A","A","A","A","A","A","A","A","A","A","A","A","A","A","A","A","A","A","A","A","A","A","A","A","A","A","A","A","A","A","A","A","A","A","A","A","A","A","A","A","A","A","A","A","A","A","A","A","A","A","A","A","A","A","A","A","A","A","A","A","A","A","A","A","A","A","A","A","A","A","A","A","A","A","A","A","A","A","A","A","A","A","A","A","A","A","A","A","A","A","A","A","A","A","A","A","A","A","A","A","A","A","A","A","A","A","A","A","A","A","A","A","A","A","A","A","A","A","A","A","A","A","A","A","A","A","A","A","A","A","A","A","A","A","A","A","A","A","A","A","A","A","A","A","A","A","A","A","A","A","A","A","A","A","A","A","A","A","A","A"],
  "atom_plddts": [60.1,60.91,54.38,56.64,62.16,65.0,69.39,71.09,71.91,70.86,71.11,71.97,72.11,71.37,69.87,70.2,69.88,68.74,67.7,68.85,66.09,61.79,62.94,67.67,68.98,70.94,72.77,72.45,71.49,72.35,73.47,73.04,73.52,73.38,74.7,74.76,73.83,73.92,73.83,73.92,74.36,74.7,69.78,67.98,69.29,70.67,70.34,72.65,74.46,72.75,71.74,71.87,72.46,73.66,74.18,73.58,73.82,74.23,73.79,73.26,73.44,68.3,65.78,66.6,68.86,69.46,71.12,72.97,72.31,71.22,72.14,72.72,72.68,73.25,73.08,74.29,74.42,73.59,73.71,73.44,73.42,73.71,74.1,68.47,65.98,66.01,68.81,70.11,71.54,72.8,72.29,71.25,72.39,73.05,72.72,73.19,72.87,73.92,74.09,73.21,73.27,73.28,73.36,73.41,74.0,68.67,66.24,67.28,69.1,68.26,70.45,69.4,70.2,68.51,66.51,67.24,67.98,66.3,63.81,63.15,63.25,61.92,60.86,61.73,64.36,61.98,57.24,56.64,61.8,63.86,64.69,65.47,66.0,64.45,65.34,66.25,64.84,64.09,63.69,64.3,64.12,62.99,62.31,63.13,64.51,63.23,64.99,69.16,65.54,66.21,69.88,69.09,70.83,69.71,70.89,69.38,68.12,68.63,68.98,67.44,65.45,64.95,65.33,64.35,63.57,63.92,66.31,62.81,59.56,59.64,63.41,65.13,67.02,70.34,69.59,68.71,69.71,70.9,69.72,70.02,69.19,69.51,69.67,69.19,68.82,69.43,68.95,65.98,67.24,69.99,69.77,72.45,74.85,73.97,72.69,73.48,73.91,74.83,75.44,74.42,74.79,75.39,74.71,74.33,74.35,68.72,66.26,66.56,69.05,69.22,71.45,73.3,72.93,71.88,73.25,73.63,74.0,74.56,74.1,75.57,75.61,74.35,74.37,74.3,74.41,74.81,75.31,69.27,66.33,67.1,70.79,70.71,72.23,74.12,72.94,71.99,72.41,73.25,73.31,73.77,73.3,73.56,73.96,73.43,72.95,73.19,67.67,65.12,65.32,67.72,68.53,69.76,70.42,70.1,68.59,69.05,68.85,69.08,68.55,68.59,69.69,69.23,67.68,67.43,67.73,68.28,68.08,69.56],
  "contact_probs": [[1.0,0.98,0.37,0.0,0.0,0.0,0.0,0.0,0.0,0.0,0.08,0.56,0.97],[0.98,1.0,1.0,0.36,0.0,0.0,0.0,0.0,0.0,0.06,0.44,0.99,0.85],[0.37,1.0,1.0,1.0,0.39,0.0,0.0,0.0,0.08,0.61,0.99,0.96,0.48],[0.0,0.36,1.0,1.0,1.0,0.1,0.44,0.02,0.48,0.99,0.91,0.54,0.01],[0.0,0.0,0.39,1.0,1.0,0.74,0.91,0.07,0.97,0.89,0.47,0.01,0.0],[0.0,0.0,0.0,0.1,0.74,1.0,0.79,0.11,0.23,0.08,0.01,0.0,0.0],[0.0,0.0,0.0,0.44,0.91,0.79,1.0,0.5,0.88,0.36,0.0,0.0,0.0],[0.0,0.0,0.0,0.02,0.07,0.11,0.5,1.0,0.45,0.05,0.01,0.0,0.0],[0.0,0.0,0.08,0.48,0.97,0.23,0.88,0.45,1.0,0.99,0.41,0.0,0.0],[0.0,0.06,0.61,0.99,0.89,0.08,0.36,0.05,0.99,1.0,1.0,0.42,0.0],[0.08,0.44,0.99,0.91,0.47,0.01,0.0,0.01,0.41,1.0,1.0,0.99,0.28],[0.56,0.99,0.96,0.54,0.01,0.0,0.0,0.0,0.0,0.42,0.99,1.0,0.98],[0.97,0.85,0.48,0.01,0.0,0.0,0.0,0.0,0.0,0.0,0.28,0.98,1.0]],
  "pae": [[1.5,3.0,4.2,4.9,6.2,7.8,8.1,8.4,7.8,7.2,5.2,4.7,5.8],[3.1,0.9,2.2,3.3,4.4,6.3,5.7,6.8,4.6,4.4,3.4,2.8,3.6],[4.0,2.1,1.0,2.0,3.2,5.8,5.0,6.4,4.5,3.7,2.5,3.6,4.2],[4.3,2.5,2.2,0.9,2.1,4.4,4.0,5.5,3.7,3.4,2.9,3.4,4.5],[5.3,3.4,2.7,2.0,1.0,3.3,3.1,4.9,3.4,3.6,3.8,4.7,5.6],[7.9,6.9,6.4,3.8,3.4,1.3,3.7,5.2,5.0,5.0,5.8,7.4,10.1],[7.6,5.2,5.6,4.6,3.2,3.0,1.1,3.1,3.1,4.0,5.1,5.9,7.6],[8.8,7.4,7.4,5.7,5.0,4.5,3.3,1.3,3.1,4.9,6.4,7.9,10.2],[7.0,5.7,5.1,4.3,3.6,4.7,2.9,2.7,1.1,2.8,3.3,4.8,6.0],[6.6,4.5,4.4,3.1,4.0,4.9,3.1,3.6,2.1,1.0,2.2,3.5,5.3],[5.2,3.2,3.5,3.0,3.6,5.8,4.2,4.8,3.1,2.0,0.9,2.4,3.5],[4.7,2.9,3.2,3.9,4.1,6.1,5.4,5.6,3.6,3.0,1.9,1.0,2.4],[5.3,4.9,4.8,4.2,5.4,7.4,6.9,7.2,5.3,4.3,2.9,2.4,1.1]],
  "token_chain_ids": ["A","A","A","A","A","A","A","A","A","A","A","A","A"],
  "token_res_ids": [1,2,3,4,5,6,7,8,9,10,11,12,13]
}