{
  "atom_chain_ids": ["A","A","A","A","A","A","A","A","A","A","A","A","A","A","A","A","A","A","A","A","A","A","A","A","A","A","A","A","A","A","A","A","A","A","A","A","A","A","A","A","A","A","A","A","A","A","A","A","A","A","A","A","A","A","A","A","A","A","A","A","A","A","A","A","A","A","A","A","A","A","A","A","A","A","A","A","A","A","A","A","A","A","A","A","A","A","A","A","A","A","A","A","A","A","A","A","A","A","A","A","A","A","A","A","A","A","A","A","A","A","A","A","A","A","A","A","A","A","A","A","A","A","A","A","A","A","A","A","A","A","A","A","A","A","A","A","A","A","A","A","A","A","A","A","A","A","A","A","A","A","A","A","A","A","A","A","A","A","A","A","A","A","A","A","A","A","A","A","A","A","A","A","A","A","A","A","A","A","A","A","A","A","A","A","A","A","A","A","A","A","A","A","A","A","A","A","A","A","A","A","A","A","A","A","A","A","A","A","A","A","A","A","A","A","A","A","A","A","A","A","A","A","A","A","A","A","A","A","A","A","A","A","A","A","A","A","A","A","A","A","A","A","A","A","A","A","A","A","A","A","A","A","A","A","A","A","A","A","A","A","A","A","A","A","A","A","A","A"],
  "atom_plddts": [63.8,64.63,57.7,60.38,65.89,69.13,73.76,75.24,76.02,74.89,75.61,76.33,76.76,76.32,75.2,75.93,75.59,74.28,73.58,74.51,73.61,69.06,69.9,75.16,76.17,78.45,79.58,79.87,78.69,79.62,80.44,80.85,81.06,80.68,81.9,81.97,80.84,81.16,81.17,81.1,81.59,81.84,76.76,74.43,75.48,77.37,77.28,79.54,80.51,79.92,78.55,78.91,79.52,81.28,81.8,80.88,81.38,81.6,80.86,80.63,80.82,75.04,71.87,72.7,75.33,75.95,78.02,78.97,79.1,77.73,78.98,79.37,80.07,80.57,80.27,81.54,81.7,80.69,81.02,80.85,80.63,81.14,81.42,76.1,72.79,72.69,76.27,77.68,79.23,79.9,80.04,78.79,80.21,80.72,81.12,81.51,80.93,82.14,82.34,81.29,81.73,81.8,81.59,82.13,82.37,73.07,70.42,70.89,73.12,71.61,73.81,72.24,73.52,71.58,69.38,70.71,71.42,69.4,66.63,66.11,66.11,64.67,63.83,64.43,67.46,69.36,64.26,63.22,69.2,71.22,71.75,72.1,73.05,71.24,72.41,73.44,72.35,71.32,70.55,71.57,71.55,70.19,70.14,71.01,71.77,70.76,72.57,74.09,69.87,70.31,74.92,74.27,75.95,74.99,76.58,74.85,73.95,74.89,74.96,73.32,70.97,70.89,71.05,69.91,69.84,69.73,72.48,68.86,65.15,64.66,69.91,71.96,73.18,76.12,75.63,74.43,75.41,76.41,75.79,76.0,75.04,75.55,75.56,74.87,74.77,75.42,74.12,71.05,72.03,74.92,74.58,76.96,78.99,78.74,77.38,78.15,78.41,79.58,80.07,78.98,79.36,79.74,78.92,78.7,78.85,77.05,73.82,74.3,77.29,77.97,80.32,80.88,81.07,79.71,81.07,81.33,82.48,82.84,82.3,83.39,83.61,82.48,82.67,82.65,82.55,83.11,83.37,76.73,73.6,74.16,77.75,77.49,79.43,80.23,80.02,78.61,79.49,80.4,81.44,82.03,81.16,81.78,82.14,81.37,81.29,81.37,73.0,69.6,69.64,73.45,74.47,76.72,77.32,77.63,76.14,77.23,77.39,77.89,77.55,77.05,78.43,78.24,76.51,76.67,76.95,77.05,77.57,78.64],
  "contact_probs": [[1.0,0.98,0.37,0.0,0.0,0.0,0.0,0.0,0.0,0.0,0.08,0.56,0.97],[0.98,1.0,1.0,0.36,0.0,0.0,0.0,0.0,0.0,0.06,0.44,0.99,0.85],[0.37,1.0,1.0,1.0,0.39,0.0,0.0,0.0,0.08,0.61,0.99,0.96,0.48],[0.0,0.36,1.0,1.0,1.0,0.1,0.44,0.02,0.48,0.99,0.91,0.54,0.01],[0.0,0.0,0.39,1.0,1.0,0.74,0.91,0.07,0.97,0.89,0.47,0.01,0.0],[0.0,0.0,0.0,0.1,0.74,1.0,0.79,0.11,0.23,0.08,0.01,0.0,0.0],[0.0,0.0,0.0,0.44,0.91,0.79,1.0,0.5,0.88,0.36,0.0,0.0,0.0],[0.0,0.0,0.0,0.02,0.07,0.11,0.5,1.0,0.45,0.05,0.01,0.0,0.0],[0.0,0.0,0.08,0.48,0.97,0.23,0.88,0.45,1.0,0.99,0.41,0.0,0.0],[0.0,0.06,0.61,0.99,0.89,0.08,0.36,0.05,0.99,1.0,1.0,0.42,0.0],[0.08,0.44,0.99,0.91,0.47,0.01,0.0,0.01,0.41,1.0,1.0,0.99,0.28],[0.56,0.99,0.96,0.54,0.01,0.0,0.0,0.0,0.0,0.42,0.99,1.0,0.98],[0.97,0.85,0.48,0.01,0.0,0.0,0.0,0.0,0.0,0.0,0.28,0.98,1.0]],
  "pae": [[1.4,3.4,4.8,5.3,6.8,9.1,8.0,10.0,8.1,7.1,5.5,4.5,5.2],[2.8,0.9,2.0,3.0,4.1,6.4,5.7,7.3,4.5,4.0,3.3,2.5,3.4],[3.6,2.0,1.0,2.0,3.1,5.5,5.3,6.5,4.1,3.8,2.8,3.2,3.9],[4.1,2.6,2.2,0.9,2.1,5.0,4.5,6.1,3.9,3.5,3.2,3.4,4.1],[5.0,3.5,2.8,2.0,1.0,4.2,3.4,5.2,3.7,3.5,3.5,4.1,5.2],[9.7,8.2,7.7,4.9,4.4,1.5,4.5,5.7,6.0,6.7,7.1,8.4,10.2],[8.1,5.8,6.0,4.9,3.9,3.2,1.1,3.9,4.3,4.9,5.2,6.5,7.6],[9.4,7.8,7.9,6.2,5.4,4.2,3.7,1.4,3.1,5.3,6.7,7.5,9.5],[7.1,6.4,5.0,4.7,4.1,4.7,3.3,2.9,1.2,2.9,3.2,4.5,5.9],[6.8,5.0,4.5,3.7,4.4,5.3,3.5,4.1,2.4,1.1,2.4,3.8,5.3],[5.1,3.1,3.1,3.0,3.8,6.1,4.5,5.0,3.1,2.0,0.9,2.3,3.4],[4.3,2.8,2.9,3.7,4.2,6.3,5.2,5.9,3.8,3.0,2.1,1.0,2.4],[5.5,4.0,4.5,4.3,5.2,7.9,7.6,8.0,5.6,4.7,3.2,2.5,1.2]],
  "token_chain_ids": ["A","A","A","A","A","A","A","A","A","A","A","A","A"],
  "token_res_ids": [1,2,3,4,5,6,7,8,9,10,11,12,13]
}