{
  "atom_chain_ids": ["A","A","A","A","A","A","A","A","A","A","A","A","A","A","A","A","A","A","A","A","A","A","A","A","A","A","A","A","A","A","A","A","A","A","A","A","A","A","A","A","A","A","A","A","A","A","A","A","A","A","A","A","A","A","A","A","A","A","A","A","A","A","A","A","A","A","A","A","A","A","A","A","A","A","A","A","A","A","A","A","A","A","A","A","A","A","A","A","A","A","A","A","A","A","A","A","A","A","A","A","A","A","A","A","A","A","A","A","A","A","A","A","A","A","A","A","A","A","A","A","A","A","A","A","A","A","A","A","A","A","A","A","A","A","A","A","A","A","A","A","A","A","A","A","A","A","A","A","A","A","A","A","A","A","A","A","A","A","A","A","A","A","A","A","A","A","A","A","A","A","A","A","A","A","A","A","A","A","A","A","A","A","A","A","A","A","A","A","A","A","A","A","A","A","A","A","A","A","A","A","A","A","A","A","A","A","A","A","A","A","A","A","A","A","A","A","A","A","A","A","A","A","A","A","A","A","A","A","A","A","A","A","A","A","A","A","A","A","A","A","A","A","A","A","A","A","A","A","A","A","A","A","A","A","A","A","A","A","A","A","A","A","A","A","A","A","A","A"],
  "atom_plddts": [61.36,62.21,55.41,57.92,63.5,66.37,70.9,72.46,73.27,72.12,72.55,73.29,73.74,73.14,71.85,72.3,72.08,70.91,69.94,70.95,68.03,63.66,64.85,69.65,70.97,73.0,74.6,74.38,73.33,74.34,75.29,75.28,75.77,75.58,76.84,77.0,76.04,76.19,76.12,76.12,76.61,76.89,71.43,69.47,70.76,72.29,71.7,74.05,75.57,74.06,73.02,73.24,73.82,75.3,75.87,75.26,75.56,75.99,75.46,74.97,75.13,69.01,66.16,66.93,69.69,70.41,72.09,73.93,73.42,72.32,73.41,74.14,74.0,74.61,74.38,75.72,75.82,74.91,75.06,74.84,74.82,75.26,75.56,70.36,67.78,67.76,70.71,71.79,73.1,74.19,73.76,72.66,73.84,74.53,74.39,74.83,74.47,75.59,75.82,74.91,75.06,75.01,75.0,75.22,75.69,67.1,65.17,65.98,67.56,66.43,68.48,67.04,68.21,66.39,64.06,65.31,65.72,63.88,61.3,60.81,60.51,59.21,58.19,59.13,62.0,62.02,57.32,56.59,61.72,63.47,64.19,64.88,65.51,63.94,64.93,65.83,64.37,63.52,63.17,63.8,63.58,62.42,61.74,62.6,64.01,62.58,64.42,67.76,64.25,64.94,68.69,67.99,69.66,68.65,69.77,68.32,67.17,68.07,68.13,66.72,64.81,64.47,64.72,63.77,62.99,63.4,65.77,62.06,59.06,58.94,62.61,64.41,65.96,69.55,68.7,67.95,68.87,70.33,68.76,69.12,68.2,68.54,68.64,68.12,67.73,68.4,70.2,66.96,68.18,71.54,71.45,73.89,76.16,75.53,74.28,75.14,75.61,76.22,76.69,75.53,75.84,76.37,75.71,75.37,75.47,71.48,68.97,69.35,71.86,72.32,74.23,75.52,75.11,73.94,75.39,75.79,76.35,76.91,76.39,77.63,77.84,76.7,76.74,76.63,76.66,77.01,77.43,71.18,68.15,68.87,72.54,72.4,74.04,75.59,74.65,73.51,74.02,74.85,75.27,75.76,75.24,75.55,76.01,75.44,75.03,75.2,68.85,65.78,65.98,69.19,70.2,71.83,72.56,72.4,70.95,71.55,71.38,71.67,71.18,70.95,72.01,71.72,70.16,69.87,70.18,70.68,70.66,72.17],
  "contact_probs": [[1.0,0.98,0.37,0.0,0.0,0.0,0.0,0.0,0.0,0.0,0.08,0.56,0.97],[0.98,1.0,1.0,0.36,0.0,0.0,0.0,0.0,0.0,0.06,0.44,0.99,0.85],[0.37,1.0,1.0,1.0,0.39,0.0,0.0,0.0,0.08,0.61,0.99,0.96,0.48],[0.0,0.36,1.0,1.0,1.0,0.1,0.44,0.02,0.48,0.99,0.91,0.54,0.01],[0.0,0.0,0.39,1.0,1.0,0.74,0.91,0.07,0.97,0.89,0.47,0.01,0.0],[0.0,0.0,0.0,0.1,0.74,1.0,0.79,0.11,0.23,0.08,0.01,0.0,0.0],[0.0,0.0,0.0,0.44,0.91,0.79,1.0,0.5,0.88,0.36,0.0,0.0,0.0],[0.0,0.0,0.0,0.02,0.07,0.11,0.5,1.0,0.45,0.05,0.01,0.0,0.0],[0.0,0.0,0.08,0.48,0.97,0.23,0.88,0.45,1.0,0.99,0.41,0.0,0.0],[0.0,0.06,0.61,0.99,0.89,0.08,0.36,0.05,0.99,1.0,1.0,0.42,0.0],[0.08,0.44,0.99,0.91,0.47,0.01,0.0,0.01,0.41,1.0,1.0,0.99,0.28],[0.56,0.99,0.96,0.54,0.01,0.0,0.0,0.0,0.0,0.42,0.99,1.0,0.98],[0.97,0.85,0.48,0.01,0.0,0.0,0.0,0.0,0.0,0.0,0.28,0.98,1.0]],
  "pae": [[1.5,3.0,4.2,4.8,6.2,8.9,8.1,9.5,8.0,7.3,5.4,4.4,5.9],[2.7,0.9,2.2,3.3,4.4,7.0,6.2,7.6,4.9,4.3,3.5,2.6,4.4],[3.8,2.3,1.0,2.1,3.4,6.9,5.8,7.5,4.5,3.8,3.0,3.6,4.2],[4.3,2.6,2.3,0.9,2.2,5.0,4.7,6.4,3.8,3.4,3.1,3.8,4.7],[5.1,3.5,3.0,2.2,1.0,4.0,3.9,5.6,3.5,3.6,4.0,4.9,5.2],[9.1,7.7,7.3,4.5,4.1,1.4,4.0,4.9,5.1,5.9,6.7,9.1,11.2],[8.4,6.3,7.0,5.4,4.3,3.5,1.1,3.7,4.0,5.0,5.9,6.8,9.1],[9.9,9.2,8.5,6.6,5.7,4.4,3.9,1.4,3.3,5.6,6.8,8.3,10.2],[8.1,7.8,5.6,5.0,4.1,4.8,4.0,2.8,1.2,3.5,3.9,5.4,6.6],[7.4,5.0,4.8,3.9,4.4,5.3,3.7,4.4,2.4,1.1,2.6,4.0,5.5],[5.5,3.5,3.6,3.2,3.8,5.9,4.6,5.0,3.1,1.8,0.9,2.3,3.4],[4.5,3.1,3.1,3.8,4.1,6.5,5.8,6.0,3.8,3.1,2.1,1.0,2.5],[5.2,4.5,4.3,3.9,5.2,8.0,7.8,7.6,5.5,4.2,2.8,2.3,1.1]],
  "token_chain_ids": ["A","A","A","A","A","A","A","A","A","A","A","A","A"],
  "token_res_ids": [1,2,3,4,5,6,7,8,9,10,11,12,13]
}