{
  "atom_chain_ids": ["A","A","A","A","A","A","A","A","A","A","A","A","A","A","A","A","A","A","A","A","A","A","A","A","A","A","A","A","A","A","A","A","A","A","A","A","A","A","A","A","A","A","A","A","A","A","A","A","A","A","A","A","A","A","A","A","A","A","A","A","A","A","A","A","A","A","A","A","A","A","A","A","A","A","A","A","A","A","A","A","A","A","A","A","A","A","A","A","A","A","A","A","A","A","A","A","A","A","A","A","A","A","A","A","A","A","A","A","A","A","A","A","A","A","A","A","A","A","A","A","A","A","A","A","A","A","A","A","A","A","A","A","A","A","A","A","A","A","A","A","A","A","A","A","A","A","A","A","A","A","A","A","A","A","A","A","A","A","A","A","A","A","A","A","A","A","A","A","A","A","A","A","A","A","A","A","A","A","A","A","A","A","A","A","A","A","A","A","A","A","A","A","A","A","A","A","A","A","A","A","A","A","A","A","A","A","A","A","A","A","A","A","A","A","A","A","A","A","A","A","A","A","A","A","A","A","A","A","A","A","A","A","A","A","A","A","A","A","A","A","A","A","A","A","A","A","A","A","A","A","A","A","A","A","A","A","A","A","A","A","A","A","A","A","A","A","A","A"],
  "atom_plddts": [62.39,63.26,56.57,59.2,64.58,67.6,71.99,73.48,74.28,73.24,73.79,74.63,74.91,74.41,73.2,73.79,73.44,72.2,71.34,72.37,71.19,66.65,67.48,72.71,73.71,75.92,77.31,77.39,76.28,76.98,77.9,78.04,78.26,78.04,79.33,79.37,78.27,78.49,78.47,78.45,78.92,79.24,74.75,72.84,73.89,75.35,74.95,77.2,78.4,77.43,76.2,76.39,77.0,78.77,79.3,78.34,78.72,78.99,78.3,77.9,78.13,71.04,68.24,69.07,71.32,71.67,73.31,74.89,74.44,73.25,74.31,74.75,75.14,75.76,75.87,77.17,77.32,76.45,76.66,76.41,76.23,76.49,76.84,73.33,70.37,70.36,73.57,74.72,76.14,76.99,76.89,75.66,76.98,77.64,77.94,78.46,78.0,79.21,79.51,78.52,78.82,78.78,78.6,79.0,79.37,68.9,66.64,67.52,69.41,68.52,70.59,69.29,70.25,68.39,66.25,67.71,68.08,66.34,63.93,63.51,63.35,62.07,61.17,61.95,64.82,65.17,59.82,59.03,64.95,66.87,67.52,67.99,68.76,67.03,68.01,68.99,67.73,66.81,66.55,67.36,67.26,66.04,65.66,66.53,67.58,66.28,68.08,71.54,67.61,68.16,72.48,71.71,73.36,72.08,73.57,71.89,70.87,71.93,71.9,70.3,68.13,67.92,68.14,67.11,66.72,66.76,69.44,63.58,59.76,59.75,64.63,66.77,67.87,71.31,70.28,69.45,70.36,71.66,70.3,70.65,70.35,70.67,70.77,70.32,69.93,70.64,71.3,68.73,69.68,71.96,71.29,73.56,75.95,75.19,73.97,74.55,74.86,75.97,76.56,75.61,75.95,76.46,75.75,75.37,75.42,71.92,69.09,69.59,72.41,73.07,75.09,76.37,75.97,74.77,76.41,76.78,77.43,77.99,77.66,78.95,79.17,78.04,78.15,78.07,78.04,78.53,78.79,72.62,69.8,70.52,73.85,73.58,75.29,76.67,75.83,74.66,75.36,76.3,76.92,77.54,76.96,77.44,77.85,77.2,76.92,77.03,69.15,65.83,66.1,69.55,70.57,72.32,73.08,73.11,71.68,72.51,72.74,72.79,72.33,72.21,73.58,73.14,71.42,71.34,71.72,72.11,72.38,73.63],
  "contact_probs": [[1.0,0.98,0.37,0.0,0.0,0.0,0.0,0.0,0.0,0.0,0.08,0.56,0.97],[0.98,1.0,1.0,0.36,0.0,0.0,0.0,0.0,0.0,0.06,0.44,0.99,0.85],[0.37,1.0,1.0,1.0,0.39,0.0,0.0,0.0,0.08,0.61,0.99,0.96,0.48],[0.0,0.36,1.0,1.0,1.0,0.1,0.44,0.02,0.48,0.99,0.91,0.54,0.01],[0.0,0.0,0.39,1.0,1.0,0.74,0.91,0.07,0.97,0.89,0.47,0.01,0.0],[0.0,0.0,0.0,0.1,0.74,1.0,0.79,0.11,0.23,0.08,0.01,0.0,0.0],[0.0,0.0,0.0,0.44,0.91,0.79,1.0,0.5,0.88,0.36,0.0,0.0,0.0],[0.0,0.0,0.0,0.02,0.07,0.11,0.5,1.0,0.45,0.05,0.01,0.0,0.0],[0.0,0.0,0.08,0.48,0.97,0.23,0.88,0.45,1.0,0.99,0.41,0.0,0.0],[0.0,0.06,0.61,0.99,0.89,0.08,0.36,0.05,0.99,1.0,1.0,0.42,0.0],[0.08,0.44,0.99,0.91,0.47,0.01,0.0,0.01,0.41,1.0,1.0,0.99,0.28],[0.56,0.99,0.96,0.54,0.01,0.0,0.0,0.0,0.0,0.42,0.99,1.0,0.98],[0.97,0.85,0.48,0.01,0.0,0.0,0.0,0.0,0.0,0.0,0.28,0.98,1.0]],
  "pae": [[1.5,3.5,5.0,5.9,7.7,9.0,8.5,9.9,8.2,7.7,5.9,4.8,5.7],[2.8,0.9,2.0,2.9,4.3,6.5,5.6,6.7,4.4,4.2,3.2,2.6,3.8],[3.8,2.1,1.0,2.2,3.4,5.9,5.3,6.6,4.3,4.0,2.6,3.5,4.2],[4.4,2.8,2.4,0.9,2.2,5.2,4.4,6.1,4.0,3.5,3.4,3.8,4.3],[5.4,3.5,3.0,2.1,1.0,4.5,3.4,5.2,3.7,3.7,3.5,4.4,5.1],[9.9,8.2,7.3,5.2,4.6,1.6,4.7,5.4,6.4,6.7,6.4,8.4,10.8],[8.1,5.8,6.1,5.1,3.8,4.4,1.1,3.3,3.9,4.8,5.0,6.3,8.0],[8.8,7.6,7.2,6.2,5.4,5.2,3.7,1.4,3.3,5.4,6.7,7.4,9.4],[7.0,6.4,5.2,5.1,3.7,5.3,3.5,3.0,1.2,3.0,3.2,4.6,6.0],[6.8,5.1,4.4,3.9,4.5,5.9,3.6,3.9,2.5,1.1,2.4,3.8,4.9],[5.3,3.2,3.3,3.3,3.9,5.9,4.3,4.8,3.2,1.8,0.9,2.2,3.4],[4.6,2.8,3.1,4.0,4.4,6.5,5.3,5.7,3.9,3.0,2.1,1.0,2.4],[5.2,4.4,4.4,4.4,5.4,7.8,7.4,7.9,5.7,4.4,3.1,2.5,1.1]],
  "token_chain_ids": ["A","A","A","A","A","A","A","A","A","A","A","A","A"],
  "token_res_ids": [1,2,3,4,5,6,7,8,9,10,11,12,13]
}