{
  "atom_chain_ids": ["A","A","A","A","A","A","A","A","A","A","A","A","A","A","A","A","A","A","A","A","A","A","A","A","A","A","A","A","A","A","A","A","A","A","A","A","A","A","A","A","A","A","A","A","A","A","A","A","A","A","A","A","A","A","A","A","A","A","A","A","A","A","A","A","A","A","A","A","A","A","A","A","A","A","A","A","A","A","A","A","A","A","A","A","A","A","A","A","A","A","A","A","A","A","A","A","A","A","A","A","A","A","A","A","A","A","A","A","A","A","A","A","A","A","A","A","A","A","A","A","A","A","A","A","A","A","A","A","A","A","A","A","A","A","A","A","A","A","A","A","A","A","A","A","A","A","A","A","A","A","A","A","A","A","A","A","A","A","A","A","A","A","A","A","A","A","A","A","A","A","A","A","A","A","A","A","A","A","A","A","A","A","A","A","A","A","A","A","A","A","A","A","A","A","A","A","A","A","A","A","A","A","A","A","A","A","A","A","A","A","A","A","A","A","A","A","A","A","A","A","A","A","A","A","A","A","A","A","A","A","A","A","A","A","A","A","A","A","A","A","A","A","A","A","A","A","A","A","A","A","A","A","A","A","A","A","A","A","A","A","A","A","A","A","A","A","A","A"],
  "atom_plddts": [62.51,63.76,57.1,59.72,65.18,68.42,73.19,74.63,75.46,74.29,74.86,75.53,76.0,75.38,73.96,74.54,74.14,72.8,71.99,73.07,71.69,67.19,68.01,73.14,74.09,76.28,77.65,77.78,76.67,77.49,78.39,78.54,78.76,78.6,79.9,79.92,78.8,79.07,79.06,79.0,79.43,79.73,75.93,73.77,74.83,76.56,76.35,78.68,79.75,78.96,77.59,77.82,78.49,80.36,80.91,79.99,80.49,80.73,79.99,79.7,79.88,73.89,70.84,71.71,74.21,74.84,76.87,77.95,77.95,76.58,77.8,78.27,78.95,79.54,79.3,80.63,80.82,79.84,80.16,79.92,79.67,80.13,80.43,74.64,71.21,71.1,74.91,76.51,78.27,79.08,79.26,77.97,79.35,79.9,80.26,80.67,80.13,81.42,81.64,80.53,80.95,81.0,80.8,81.34,81.67,74.32,71.49,72.13,74.55,73.25,75.83,74.48,75.89,73.86,72.02,73.28,74.0,72.06,68.94,68.47,68.54,66.99,66.28,66.82,69.91,70.94,65.93,64.72,70.74,72.69,73.38,73.77,74.71,72.84,73.75,74.49,73.73,72.61,71.35,72.23,72.37,70.96,70.85,71.59,72.37,71.23,73.36,75.49,71.34,71.71,76.28,75.44,77.14,76.26,77.84,76.12,75.41,76.14,76.41,74.84,72.27,72.15,72.5,71.38,71.27,70.99,73.63,69.73,65.82,65.45,71.18,73.38,74.87,77.49,77.08,75.83,76.61,77.59,77.26,77.39,76.11,76.56,76.62,75.88,75.72,76.35,74.7,71.76,72.7,75.35,75.1,77.54,79.45,79.13,77.62,78.24,78.33,79.86,80.34,79.29,79.61,79.98,79.14,78.87,79.01,74.97,72.12,72.51,75.15,75.66,77.89,78.77,78.73,77.39,78.84,79.15,80.18,80.66,80.24,81.47,81.64,80.46,80.63,80.56,80.47,80.93,81.24,75.01,71.84,72.6,76.24,76.09,78.02,79.08,78.66,77.29,77.98,78.94,79.87,80.43,79.63,80.17,80.55,79.8,79.61,79.73,70.67,67.26,67.51,71.04,72.11,74.06,74.74,74.85,73.37,74.18,74.35,74.64,74.16,73.99,75.41,75.07,73.27,73.32,73.6,73.84,74.21,75.46],
  "contact_probs": [[1.0,0.98,0.37,0.0,0.0,0.0,0.0,0.0,0.0,0.0,0.08,0.56,0.97],[0.98,1.0,1.0,0.36,0.0,0.0,0.0,0.0,0.0,0.06,0.44,0.99,0.85],[0.37,1.0,1.0,1.0,0.39,0.0,0.0,0.0,0.08,0.61,0.99,0.96,0.48],[0.0,0.36,1.0,1.0,1.0,0.1,0.44,0.02,0.48,0.99,0.91,0.54,0.01],[0.0,0.0,0.39,1.0,1.0,0.74,0.91,0.07,0.97,0.89,0.47,0.01,0.0],[0.0,0.0,0.0,0.1,0.74,1.0,0.79,0.11,0.23,0.08,0.01,0.0,0.0],[0.0,0.0,0.0,0.44,0.91,0.79,1.0,0.5,0.88,0.36,0.0,0.0,0.0],[0.0,0.0,0.0,0.02,0.07,0.11,0.5,1.0,0.45,0.05,0.01,0.0,0.0],[0.0,0.0,0.08,0.48,0.97,0.23,0.88,0.45,1.0,0.99,0.41,0.0,0.0],[0.0,0.06,0.61,0.99,0.89,0.08,0.36,0.05,0.99,1.0,1.0,0.42,0.0],[0.08,0.44,0.99,0.91,0.47,0.01,0.0,0.01,0.41,1.0,1.0,0.99,0.28],[0.56,0.99,0.96,0.54,0.01,0.0,0.0,0.0,0.0,0.42,0.99,1.0,0.98],[0.97,0.85,0.48,0.01,0.0,0.0,0.0,0.0,0.0,0.0,0.28,0.98,1.0]],
  "pae": [[1.4,3.0,4.1,4.9,6.1,7.7,7.4,8.3,7.2,6.7,5.0,4.4,4.7],[2.5,0.9,1.8,2.7,3.9,5.7,5.0,5.8,4.1,3.8,2.9,2.3,3.0],[3.4,1.8,1.0,1.9,2.9,4.8,4.5,5.4,3.8,3.4,2.4,3.0,3.4],[3.8,2.4,2.1,0.9,2.0,4.2,3.9,5.1,3.5,3.2,2.8,3.0,3.8],[4.9,3.2,2.6,2.0,1.0,3.5,3.0,4.5,3.2,3.3,3.5,4.0,4.9],[8.3,6.5,6.2,4.5,3.5,1.4,3.6,5.2,5.3,5.9,6.3,7.2,9.8],[7.1,4.9,5.0,4.1,3.0,3.2,1.1,2.9,3.1,3.9,4.7,5.9,6.9],[7.9,6.4,6.2,5.1,4.5,4.3,2.9,1.3,2.7,4.7,5.8,6.7,8.4],[6.2,5.4,4.4,4.4,3.3,4.4,2.8,2.5,1.1,2.5,2.9,4.2,5.3],[6.0,4.5,4.0,3.1,3.7,4.9,3.0,3.2,2.1,1.0,2.2,3.4,4.6],[4.7,2.9,2.8,2.8,3.5,5.1,3.8,4.3,2.8,1.7,0.9,2.1,3.0],[4.1,2.6,2.7,3.4,3.9,5.8,4.7,5.0,3.4,2.8,1.9,1.0,2.2],[4.7,3.8,3.9,3.9,5.0,6.6,6.3,6.7,5.1,4.1,2.8,2.2,1.2]],
  "token_chain_ids": ["A","A","A","A","A","A","A","A","A","A","A","A","A"],
  "token_res_ids": [1,2,3,4,5,6,7,8,9,10,11,12,13]
}