{
  "atom_chain_ids": ["A","B","C","D","E","F","G","H","I","J","K","K","K","K","K","K","K","K","K","K","K","K","K","K","K","K","K","K","K","K","K","K","K","K","K","K","K","K","K","K","K","K","K","K","K","K","K","K","K","K","K","K","K","K","K","K","K","K","K","K","K","K","K","K","K","K","K","K","K","K","K","K","K","K","K","K","K","K","K","K","K","K","K","K","K","K","K","K","K","K","K","K","K","K","K","K","K","K","K","K","K","K","K","K","K","K","K","K","K","K","K","K","K","K","K","K","K","K","K","K","K","K","K","K","K","K","K","K","K","K","K","K","K","K","K","K","K","K","K","K","K","K","K","K","K","K","K","K","K","K","K","K","K","K","K","K","K","K","K","K","K","K","K","K","K","K","K","K","K","K","K","K","K","K","K","K","K","K","K","K","K","K","K","K","K","K","K","K","K","K","K","K","K","K","K","K","K","K","K","K","K","K","K","K","K","K","K","K","K","K","K","K","K","K","K","K","K","K","K","K","K","K","K","K","K","K","K","K","K","K","K","K","K","K","K","K","K","K","K","K","K","K","K","K","K","K","K","K","K","K","K","K","K","K","K","K","K","K","K"],
  "atom_plddts": [71.42,60.54,59.02,55.96,49.38,45.14,43.44,35.61,35.37,33.06,53.18,58.35,52.31,53.53,59.1,64.35,69.44,69.05,72.26,70.57,69.53,70.85,70.84,68.03,69.42,72.76,69.52,66.79,67.85,68.69,69.79,72.08,72.61,65.71,61.48,62.4,66.69,68.5,70.8,71.97,72.61,71.8,71.01,73.15,73.2,72.57,74.52,78.17,76.18,74.07,75.93,75.27,74.52,76.79,75.76,85.41,82.78,82.0,86.71,88.21,89.8,91.33,90.89,90.56,91.03,91.81,92.04,91.93,91.25,91.88,91.82,90.87,91.03,91.02,90.17,88.66,88.8,89.97,90.38,91.97,92.32,92.21,91.4,91.84,92.4,93.09,93.04,92.7,93.16,93.16,92.43,92.7,92.75,89.35,86.91,87.03,88.15,87.86,89.84,89.81,89.97,88.45,88.35,88.83,89.64,88.8,86.37,86.49,86.76,85.34,85.83,84.3,86.78,83.55,80.06,81.18,84.02,84.64,87.23,87.89,88.18,87.09,87.39,88.13,88.15,87.25,86.88,88.04,87.53,85.94,87.03,87.22,86.57,87.1,87.87,88.75,86.87,86.79,88.59,89.63,91.35,91.97,91.64,90.79,91.37,91.74,92.45,92.14,92.36,93.07,93.12,92.36,92.92,92.9,92.4,92.6,92.87,88.94,86.9,87.13,88.51,89.21,90.42,91.35,90.7,90.14,90.95,91.21,92.03,91.82,92.55,93.3,93.41,92.75,93.34,93.16,92.54,92.79,92.86,88.71,87.57,87.56,88.45,88.56,90.0,90.85,90.27,89.41,89.73,90.32,91.4,91.29,91.08,91.74,91.61,90.79,91.01,91.14,87.99,87.04,87.75,87.74,85.88,86.93,87.49,87.18,85.72,85.23,86.94,87.35,86.98,87.44,88.59,87.86,86.37,87.17,87.47,86.26,82.85,83.28,85.91,86.5,87.76,88.07,88.14,86.16,86.39,87.6,88.0,86.83,83.21,83.35,83.53,82.07,82.59,80.97,84.23,83.48,78.92,76.83,83.64,86.79,89.27,90.18,89.99,88.94,89.65,90.34,91.17,90.46,89.97,90.94,90.91,89.87,90.6,90.88,90.53,90.75,91.52],
  "contact_probs": [[1.0,0.05,0.15,0.11,0.03,0.11,0.06,0.1,0.06,0.09,0.19,0.23,0.15,0.11,0.09,0.07,0.08,0.12,0.12,0.18,0.24,0.26],[0.05,1.0,0.04,0.03,0.29,0.01,0.18,0.03,0.14,0.07,0.03,0.04,0.06,0.26,0.54,0.61,0.46,0.15,0.05,0.04,0.05,0.02],[0.15,0.04,1.0,0.17,0.04,0.12,0.06,0.1,0.05,0.08,0.11,0.13,0.1,0.08,0.07,0.07,0.11,0.16,0.22,0.25,0.37,0.21],[0.11,0.03,0.17,1.0,0.05,0.27,0.05,0.16,0.06,0.1,0.33,0.37,0.1,0.05,0.07,0.04,0.04,0.05,0.06,0.17,0.13,0.36],[0.03,0.29,0.04,0.05,1.0,0.05,0.3,0.04,0.15,0.07,0.03,0.05,0.06,0.2,0.34,0.45,0.41,0.16,0.06,0.06,0.05,0.03],[0.11,0.01,0.12,0.27,0.05,1.0,0.09,0.23,0.06,0.1,0.28,0.33,0.07,0.05,0.05,0.03,0.05,0.05,0.07,0.25,0.16,0.21],[0.06,0.18,0.06,0.05,0.3,0.09,1.0,0.13,0.21,0.08,0.06,0.09,0.11,0.27,0.28,0.3,0.39,0.28,0.14,0.11,0.1,0.09],[0.1,0.03,0.1,0.16,0.04,0.23,0.13,1.0,0.15,0.12,0.26,0.3,0.1,0.09,0.08,0.06,0.07,0.08,0.09,0.22,0.16,0.21],[0.06,0.14,0.05,0.06,0.15,0.06,0.21,0.15,1.0,0.16,0.08,0.12,0.11,0.19,0.26,0.24,0.24,0.17,0.11,0.11,0.11,0.1],[0.09,0.07,0.08,0.1,0.07,0.1,0.08,0.12,0.16,1.0,0.17,0.22,0.1,0.12,0.14,0.12,0.12,0.11,0.1,0.16,0.13,0.15],[0.19,0.03,0.11,0.33,0.03,0.28,0.06,0.26,0.08,0.17,1.0,0.96,0.02,0.01,0.0,0.0,0.01,0.02,0.03,0.33,0.08,0.13],[0.23,0.04,0.13,0.37,0.05,0.33,0.09,0.3,0.12,0.22,0.96,1.0,0.57,0.08,0.02,0.01,0.02,0.06,0.22,0.58,0.19,0.74],[0.15,0.06,0.1,0.1,0.06,0.07,0.11,0.1,0.11,0.1,0.02,0.57,1.0,1.0,0.27,0.01,0.02,0.98,0.97,0.54,0.72,0.98],[0.11,0.26,0.08,0.05,0.2,0.05,0.27,0.09,0.19,0.12,0.01,0.08,1.0,1.0,0.95,0.23,0.98,0.99,0.93,0.03,0.0,0.24],[0.09,0.54,0.07,0.07,0.34,0.05,0.28,0.08,0.26,0.14,0.0,0.02,0.27,0.95,1.0,0.85,0.78,0.19,0.0,0.0,0.0,0.0],[0.07,0.61,0.07,0.04,0.45,0.03,0.3,0.06,0.24,0.12,0.0,0.01,0.01,0.23,0.85,1.0,0.98,0.16,0.0,0.0,0.0,0.0],[0.08,0.46,0.11,0.04,0.41,0.05,0.39,0.07,0.24,0.12,0.01,0.02,0.02,0.98,0.78,0.98,1.0,1.0,0.09,0.0,0.0,0.0],[0.12,0.15,0.16,0.05,0.16,0.05,0.28,0.08,0.17,0.11,0.02,0.06,0.98,0.99,0.19,0.16,1.0,1.0,1.0,0.04,0.3,0.04],[0.12,0.05,0.22,0.06,0.06,0.07,0.14,0.09,0.11,0.1,0.03,0.22,0.97,0.93,0.0,0.0,0.09,1.0,1.0,0.81,0.95,0.93],[0.18,0.04,0.25,0.17,0.06,0.25,0.11,0.22,0.11,0.16,0.33,0.58,0.54,0.03,0.0,0.0,0.0,0.04,0.81,1.0,0.38,0.63],[0.24,0.05,0.37,0.13,0.05,0.16,0.1,0.16,0.11,0.13,0.08,0.19,0.72,0.0,0.0,0.0,0.0,0.3,0.95,0.38,1.0,0.99],[0.26,0.02,0.21,0.36,0.03,0.21,0.09,0.21,0.1,0.15,0.13,0.74,0.98,0.24,0.0,0.0,0.0,0.04,0.93,0.63,0.99,1.0]],
  "pae": [[1.9,18.6,16.0,16.3,19.6,15.5,20.4,19.2,22.7,21.4,14.3,13.1,12.3,15.0,17.1,18.9,17.6,14.9,13.4,14.0,12.0,11.4],[18.9,2.0,16.6,16.1,14.1,21.0,18.1,20.6,21.5,20.0,19.0,15.8,12.9,11.2,10.6,10.0,10.4,11.6,13.6,13.9,15.5,14.6],[15.4,14.6,1.7,14.9,15.9,17.1,18.5,21.4,22.9,21.0,22.0,12.8,12.1,12.6,14.1,14.1,13.6,12.3,11.5,13.4,12.1,12.8],[15.4,13.2,12.2,1.7,16.4,15.5,18.0,18.0,20.9,22.5,16.2,11.9,11.5,12.4,12.3,12.8,13.5,13.1,13.5,14.9,16.2,12.5],[20.2,10.5,15.2,15.1,1.8,19.3,15.6,19.9,21.3,21.6,20.1,16.6,13.3,12.3,12.5,11.9,11.2,12.6,14.0,14.7,16.3,14.9],[14.1,18.7,15.4,16.1,18.9,2.2,19.5,17.8,22.6,22.2,16.9,15.0,13.3,14.9,17.5,18.3,17.2,14.8,13.7,13.1,13.6,12.0],[22.0,13.1,16.7,15.0,11.1,18.9,1.8,18.1,19.8,21.2,20.3,16.8,14.2,12.0,12.5,12.3,12.7,13.3,14.8,15.7,18.2,15.8],[18.8,18.4,18.3,17.5,15.7,13.8,18.1,1.7,22.1,22.9,18.2,16.3,15.9,16.3,16.2,17.6,17.2,16.5,16.4,16.9,16.3,13.9],[23.6,17.3,21.3,17.6,16.2,20.8,14.7,20.0,1.6,22.4,22.6,19.3,16.6,15.7,15.1,15.3,15.9,16.4,19.0,19.2,21.6,18.9],[22.8,21.7,22.4,23.6,19.3,19.5,18.5,17.9,20.7,1.2,21.4,20.0,18.7,19.2,21.0,21.6,21.1,20.1,20.1,20.2,19.9,19.0],[9.9,11.2,12.5,14.0,14.2,13.4,15.0,14.3,17.7,18.0,1.2,5.5,7.1,8.5,10.8,12.2,13.9,10.3,11.1,11.6,12.2,8.3],[9.4,10.2,12.2,13.5,13.5,12.7,14.2,14.1,16.8,18.3,4.0,1.1,6.0,6.5,8.6,10.8,10.8,8.4,8.7,9.9,10.0,5.3],[8.3,8.2,10.1,11.6,11.4,11.2,11.4,13.5,14.4,17.9,5.8,4.4,1.0,2.6,3.8,5.6,4.3,4.7,4.5,5.3,5.3,3.8],[8.2,6.9,9.4,10.5,10.6,10.8,10.8,13.0,14.0,17.6,6.1,4.4,2.0,1.0,2.5,2.9,2.4,2.7,3.5,5.0,4.6,3.8],[9.8,7.4,10.0,11.0,10.5,11.3,10.8,13.5,13.3,18.3,7.5,5.8,3.7,2.2,1.1,2.2,2.7,4.0,4.7,5.8,6.7,5.8],[9.2,6.7,9.8,11.0,10.3,11.2,10.4,13.9,13.3,18.0,8.0,6.4,4.1,2.8,2.5,0.9,1.8,3.1,4.4,6.0,6.6,6.1],[9.0,7.0,9.0,10.6,10.0,10.8,10.6,13.4,13.7,17.7,7.3,5.7,4.2,2.4,2.6,1.6,0.9,1.7,3.1,4.7,5.1,5.3],[8.1,6.9,9.0,10.7,10.4,10.5,10.8,13.4,14.2,17.8,7.3,5.4,3.7,3.1,3.2,2.4,1.4,0.8,1.7,3.5,3.9,4.3],[7.8,7.3,9.1,10.7,10.3,10.4,10.8,13.3,14.0,17.8,7.6,5.4,3.3,3.0,4.0,3.2,2.3,1.7,0.9,2.6,3.3,3.2],[8.5,8.7,9.6,11.7,11.5,10.7,11.7,13.2,15.0,18.5,8.1,6.6,5.0,4.2,5.1,5.2,4.1,3.3,2.4,1.2,3.8,4.2],[8.5,9.5,9.5,11.8,12.8,10.3,12.6,12.4,15.3,18.1,9.1,6.1,4.5,4.8,6.8,6.6,5.6,4.7,3.0,3.4,1.2,3.0],[8.4,9.0,9.7,11.3,12.6,10.0,12.5,13.0,15.2,18.9,8.2,4.9,3.1,4.4,5.8,6.4,5.5,4.5,3.5,3.5,2.9,1.2]],
  "token_chain_ids": ["A","B","C","D","E","F","G","H","I","J","K","K","K","K","K","K","K","K","K","K","K","K"],
  "token_res_ids": [1,1,1,1,1,1,1,1,1,1,1,2,3,4,5,6,7,8,9,10,11,12]
}