{
  "atom_chain_ids": ["A","B","C","D","E","F","G","H","I","J","K","K","K","K","K","K","K","K","K","K","K","K","K","K","K","K","K","K","K","K","K","K","K","K","K","K","K","K","K","K","K","K","K","K","K","K","K","K","K","K","K","K","K","K","K","K","K","K","K","K","K","K","K","K","K","K","K","K","K","K","K","K","K","K","K","K","K","K","K","K","K","K","K","K","K","K","K","K","K","K","K","K","K","K","K","K","K","K","K","K","K","K","K","K","K","K","K","K","K","K","K","K","K","K","K","K","K","K","K","K","K","K","K","K","K","K","K","K","K","K","K","K","K","K","K","K","K","K","K","K","K","K","K","K","K","K","K","K","K","K","K","K","K","K","K","K","K","K","K","K","K","K","K","K","K","K","K","K","K","K","K","K","K","K","K","K","K","K","K","K","K","K","K","K","K","K","K","K","K","K","K","K","K","K","K","K","K","K","K","K","K","K","K","K","K","K","K","K","K","K","K","K","K","K","K","K","K","K","K","K","K","K","K","K","K","K","K","K","K","K","K","K","K","K","K","K","K","K","K","K","K","K","K","K","K","K","K","K","K","K","K","K","K","K","K","K","K","K","K"],
  "atom_plddts": [70.11,70.12,56.31,47.54,51.96,42.85,47.49,40.21,36.37,35.87,55.18,59.85,53.7,55.1,60.34,65.32,69.98,69.98,72.73,71.36,70.67,71.94,71.8,69.35,70.82,74.05,71.13,68.49,69.52,70.24,71.16,73.3,73.81,66.21,62.29,63.03,66.9,68.55,71.07,72.09,72.73,71.73,71.11,73.12,73.2,72.64,74.0,77.42,75.68,73.56,75.36,74.59,73.97,76.06,75.27,85.24,82.54,81.73,86.32,87.41,89.16,90.57,90.12,89.68,90.11,90.92,91.25,91.13,90.43,91.07,91.02,90.07,90.27,90.2,89.14,87.46,87.65,89.07,89.58,91.26,91.71,91.59,90.78,91.21,91.8,92.48,92.44,91.97,92.44,92.43,91.64,91.91,91.94,88.84,86.38,86.54,87.65,87.36,89.4,89.37,89.57,88.07,87.95,88.41,89.23,88.37,85.77,85.87,86.15,84.7,85.15,83.65,86.15,84.08,80.52,81.57,84.42,85.14,87.67,88.34,88.59,87.6,88.01,88.6,88.74,88.0,87.63,88.68,88.3,86.83,87.83,87.93,87.33,87.88,88.56,87.4,85.24,85.1,87.41,88.56,90.33,91.03,90.77,89.95,90.53,90.9,91.6,91.3,91.38,92.17,92.21,91.38,91.96,91.9,91.41,91.69,91.94,88.58,86.57,86.75,88.19,88.85,90.07,90.95,90.38,89.83,90.66,90.89,91.68,91.52,92.09,92.83,92.96,92.3,92.87,92.69,92.1,92.37,92.43,87.67,86.46,86.41,87.39,87.32,89.0,89.95,89.28,88.42,88.59,89.12,90.34,90.17,89.92,90.6,90.43,89.52,89.78,89.9,83.98,83.37,84.29,83.93,81.51,82.06,83.01,82.47,81.31,79.67,82.37,82.2,81.74,82.56,84.12,82.86,81.14,82.01,82.47,85.66,82.31,82.7,84.88,85.08,86.43,86.31,86.67,84.25,84.13,85.56,86.21,84.72,80.71,80.86,81.25,79.83,80.37,78.31,81.9,78.62,73.79,72.29,79.36,83.72,86.04,86.9,86.72,85.52,86.6,87.35,88.13,87.22,86.7,87.84,87.82,86.65,87.36,87.81,87.37,87.53,88.59],
  "contact_probs": [[1.0,0.05,0.15,0.11,0.03,0.11,0.06,0.1,0.06,0.09,0.19,0.23,0.15,0.11,0.09,0.07,0.08,0.12,0.12,0.18,0.24,0.26],[0.05,1.0,0.04,0.03,0.29,0.01,0.18,0.03,0.14,0.07,0.03,0.04,0.06,0.26,0.54,0.61,0.46,0.15,0.05,0.04,0.05,0.02],[0.15,0.04,1.0,0.17,0.04,0.12,0.06,0.1,0.05,0.08,0.11,0.13,0.1,0.08,0.07,0.07,0.11,0.16,0.22,0.25,0.37,0.21],[0.11,0.03,0.17,1.0,0.05,0.27,0.05,0.16,0.06,0.1,0.33,0.37,0.1,0.05,0.07,0.04,0.04,0.05,0.06,0.17,0.13,0.36],[0.03,0.29,0.04,0.05,1.0,0.05,0.3,0.04,0.15,0.07,0.03,0.05,0.06,0.2,0.34,0.45,0.41,0.16,0.06,0.06,0.05,0.03],[0.11,0.01,0.12,0.27,0.05,1.0,0.09,0.23,0.06,0.1,0.28,0.33,0.07,0.05,0.05,0.03,0.05,0.05,0.07,0.25,0.16,0.21],[0.06,0.18,0.06,0.05,0.3,0.09,1.0,0.13,0.21,0.08,0.06,0.09,0.11,0.27,0.28,0.3,0.39,0.28,0.14,0.11,0.1,0.09],[0.1,0.03,0.1,0.16,0.04,0.23,0.13,1.0,0.15,0.12,0.26,0.3,0.1,0.09,0.08,0.06,0.07,0.08,0.09,0.22,0.16,0.21],[0.06,0.14,0.05,0.06,0.15,0.06,0.21,0.15,1.0,0.16,0.08,0.12,0.11,0.19,0.26,0.24,0.24,0.17,0.11,0.11,0.11,0.1],[0.09,0.07,0.08,0.1,0.07,0.1,0.08,0.12,0.16,1.0,0.17,0.22,0.1,0.12,0.14,0.12,0.12,0.11,0.1,0.16,0.13,0.15],[0.19,0.03,0.11,0.33,0.03,0.28,0.06,0.26,0.08,0.17,1.0,0.96,0.02,0.01,0.0,0.0,0.01,0.02,0.03,0.33,0.08,0.13],[0.23,0.04,0.13,0.37,0.05,0.33,0.09,0.3,0.12,0.22,0.96,1.0,0.57,0.08,0.02,0.01,0.02,0.06,0.22,0.58,0.19,0.74],[0.15,0.06,0.1,0.1,0.06,0.07,0.11,0.1,0.11,0.1,0.02,0.57,1.0,1.0,0.27,0.01,0.02,0.98,0.97,0.54,0.72,0.98],[0.11,0.26,0.08,0.05,0.2,0.05,0.27,0.09,0.19,0.12,0.01,0.08,1.0,1.0,0.95,0.23,0.98,0.99,0.93,0.03,0.0,0.24],[0.09,0.54,0.07,0.07,0.34,0.05,0.28,0.08,0.26,0.14,0.0,0.02,0.27,0.95,1.0,0.85,0.78,0.19,0.0,0.0,0.0,0.0],[0.07,0.61,0.07,0.04,0.45,0.03,0.3,0.06,0.24,0.12,0.0,0.01,0.01,0.23,0.85,1.0,0.98,0.16,0.0,0.0,0.0,0.0],[0.08,0.46,0.11,0.04,0.41,0.05,0.39,0.07,0.24,0.12,0.01,0.02,0.02,0.98,0.78,0.98,1.0,1.0,0.09,0.0,0.0,0.0],[0.12,0.15,0.16,0.05,0.16,0.05,0.28,0.08,0.17,0.11,0.02,0.06,0.98,0.99,0.19,0.16,1.0,1.0,1.0,0.04,0.3,0.04],[0.12,0.05,0.22,0.06,0.06,0.07,0.14,0.09,0.11,0.1,0.03,0.22,0.97,0.93,0.0,0.0,0.09,1.0,1.0,0.81,0.95,0.93],[0.18,0.04,0.25,0.17,0.06,0.25,0.11,0.22,0.11,0.16,0.33,0.58,0.54,0.03,0.0,0.0,0.0,0.04,0.81,1.0,0.38,0.63],[0.24,0.05,0.37,0.13,0.05,0.16,0.1,0.16,0.11,0.13,0.08,0.19,0.72,0.0,0.0,0.0,0.0,0.3,0.95,0.38,1.0,0.99],[0.26,0.02,0.21,0.36,0.03,0.21,0.09,0.21,0.1,0.15,0.13,0.74,0.98,0.24,0.0,0.0,0.0,0.04,0.93,0.63,0.99,1.0]],
  "pae": [[2.1,17.3,12.8,14.1,20.4,17.4,20.1,18.5,22.0,18.9,15.1,12.7,11.7,13.4,16.8,19.0,15.9,13.0,11.6,12.3,10.8,10.4],[18.0,1.8,14.9,18.0,13.0,17.7,16.8,17.8,18.9,21.4,19.5,16.0,12.1,10.7,11.5,12.4,11.4,11.6,12.7,13.1,15.9,13.4],[13.9,16.8,1.2,12.3,18.4,14.3,19.2,18.5,21.0,21.6,18.5,16.3,13.5,14.8,15.9,17.4,16.7,14.1,12.6,12.9,12.7,12.6],[13.3,16.5,10.8,1.4,20.0,14.4,20.0,17.9,21.9,21.0,16.1,14.5,12.8,14.0,16.4,18.5,17.5,14.6,13.2,12.3,14.0,11.6],[20.3,12.7,20.5,19.9,1.9,17.8,13.7,18.5,17.3,21.7,19.9,17.0,12.8,10.8,9.5,10.6,11.6,12.6,15.1,16.9,18.8,16.1],[17.5,14.7,14.2,14.5,19.7,1.7,18.7,16.8,22.2,22.4,19.5,17.1,13.9,15.0,16.4,18.5,17.1,14.4,13.2,13.5,14.4,13.4],[20.8,12.6,19.2,18.8,12.2,18.4,1.8,16.0,16.3,21.2,20.6,16.9,13.2,11.7,11.5,13.1,13.4,13.2,15.1,15.3,18.8,15.9],[19.3,15.2,18.6,15.6,15.8,14.8,15.9,1.9,20.5,21.8,18.6,16.3,14.1,14.9,15.1,16.8,17.2,15.3,15.4,14.9,15.7,14.5],[23.4,17.2,23.0,22.9,14.9,20.2,15.0,19.0,1.7,20.8,21.9,20.1,15.8,14.5,14.2,14.9,15.2,15.4,17.6,18.1,21.1,18.3],[19.2,22.8,23.2,22.4,22.7,23.3,21.9,19.4,21.0,1.2,19.6,17.6,16.9,17.7,18.8,19.6,20.4,18.5,18.5,18.6,18.4,16.9],[9.6,11.8,11.9,11.9,12.6,13.7,13.4,14.1,16.6,15.9,1.1,2.9,6.7,7.7,9.3,10.5,12.6,10.2,11.2,9.5,11.9,7.8],[9.2,11.1,10.4,11.4,11.3,13.1,11.8,14.0,15.3,16.2,3.2,1.1,5.8,6.0,7.9,9.4,10.6,8.4,8.8,8.8,10.1,5.6],[7.8,8.1,8.6,9.9,7.6,10.9,8.9,12.7,13.2,15.3,5.4,4.2,1.0,2.3,3.6,5.1,4.4,4.4,4.7,5.2,5.5,4.1],[7.6,7.9,8.6,9.7,7.2,10.6,8.8,12.2,12.9,15.1,5.7,4.1,1.9,1.0,2.5,2.7,2.6,2.9,3.6,4.7,4.7,3.5],[8.9,8.5,9.6,11.6,7.3,12.1,9.1,12.9,13.1,16.1,7.2,5.7,3.2,2.0,1.1,2.1,2.6,3.8,4.4,5.5,6.0,5.2],[8.2,7.9,9.0,10.7,6.8,11.0,8.6,12.7,12.9,16.3,7.3,6.0,3.8,2.5,2.3,0.9,1.5,2.8,4.4,5.4,6.2,5.7],[8.0,8.1,8.9,10.6,7.0,11.0,8.5,12.4,12.3,15.8,6.9,5.5,3.7,2.3,2.5,1.5,0.9,1.6,2.9,4.1,4.7,4.9],[7.4,7.7,8.2,10.0,7.2,10.5,9.0,12.6,13.1,15.8,6.8,5.2,3.1,2.7,3.1,2.3,1.4,0.9,1.7,3.2,3.6,3.8],[7.7,7.9,7.9,10.0,7.6,10.4,9.0,12.6,13.0,15.9,7.5,5.5,3.4,3.0,3.9,3.0,2.2,1.7,0.9,2.4,3.2,2.7],[8.3,9.0,8.6,10.8,9.3,10.8,10.2,13.1,13.8,16.6,8.4,6.7,5.3,4.5,6.0,5.3,4.6,3.6,2.8,1.2,3.8,4.4],[8.6,9.7,8.5,10.5,10.2,10.3,10.8,12.9,14.2,16.2,10.8,6.5,4.4,4.8,6.8,7.1,6.2,4.9,3.0,3.4,1.3,3.2],[8.3,9.8,8.9,10.6,9.8,11.1,10.5,13.3,13.7,16.5,9.0,5.4,4.1,4.6,6.0,6.4,5.7,4.9,3.9,3.4,3.1,1.2]],
  "token_chain_ids": ["A","B","C","D","E","F","G","H","I","J","K","K","K","K","K","K","K","K","K","K","K","K"],
  "token_res_ids": [1,1,1,1,1,1,1,1,1,1,1,2,3,4,5,6,7,8,9,10,11,12]
}