{
  "atom_chain_ids": ["A","B","C","D","E","F","G","H","I","J","K","K","K","K","K","K","K","K","K","K","K","K","K","K","K","K","K","K","K","K","K","K","K","K","K","K","K","K","K","K","K","K","K","K","K","K","K","K","K","K","K","K","K","K","K","K","K","K","K","K","K","K","K","K","K","K","K","K","K","K","K","K","K","K","K","K","K","K","K","K","K","K","K","K","K","K","K","K","K","K","K","K","K","K","K","K","K","K","K","K","K","K","K","K","K","K","K","K","K","K","K","K","K","K","K","K","K","K","K","K","K","K","K","K","K","K","K","K","K","K","K","K","K","K","K","K","K","K","K","K","K","K","K","K","K","K","K","K","K","K","K","K","K","K","K","K","K","K","K","K","K","K","K","K","K","K","K","K","K","K","K","K","K","K","K","K","K","K","K","K","K","K","K","K","K","K","K","K","K","K","K","K","K","K","K","K","K","K","K","K","K","K","K","K","K","K","K","K","K","K","K","K","K","K","K","K","K","K","K","K","K","K","K","K","K","K","K","K","K","K","K","K","K","K","K","K","K","K","K","K","K","K","K","K","K","K","K","K","K","K","K","K","K","K","K","K","K","K","K"],
  "atom_plddts": [71.39,69.39,61.41,52.33,54.83,44.23,47.77,37.77,38.65,33.55,55.99,61.2,54.98,56.86,61.91,67.36,72.33,72.37,75.03,73.6,73.11,74.31,74.33,71.93,73.58,76.75,73.93,71.25,72.36,73.13,73.92,76.0,76.42,67.72,63.65,64.6,68.57,70.29,72.65,73.75,74.18,73.24,72.61,74.69,74.69,74.1,75.61,78.99,77.22,75.08,76.87,76.22,75.53,77.64,76.8,84.91,82.45,81.69,86.01,87.11,88.71,90.25,89.75,89.34,89.76,90.6,90.89,90.76,90.07,90.72,90.63,89.66,89.89,89.82,88.96,87.44,87.65,88.88,89.36,91.02,91.51,91.38,90.58,91.03,91.67,92.32,92.28,91.83,92.33,92.29,91.5,91.79,91.82,89.12,86.64,86.77,87.97,87.65,89.76,89.75,89.93,88.45,88.33,88.93,89.65,88.81,86.31,86.47,86.68,85.19,85.68,84.24,86.78,84.04,80.46,81.44,84.37,84.98,87.49,88.17,88.4,87.43,87.81,88.41,88.54,87.8,87.44,88.53,88.13,86.64,87.66,87.75,87.14,87.71,88.36,87.79,85.76,85.56,87.67,88.73,90.45,91.13,90.84,90.01,90.6,90.96,91.68,91.41,91.58,92.35,92.42,91.67,92.24,92.17,91.65,91.9,92.11,88.83,86.75,86.9,88.41,89.07,90.36,91.18,90.61,90.04,90.85,91.05,91.88,91.7,92.34,93.07,93.21,92.58,93.14,92.97,92.39,92.64,92.7,87.95,86.89,86.97,87.62,87.45,89.15,89.98,89.35,88.42,88.72,89.21,90.48,90.35,90.14,90.8,90.66,89.79,90.08,90.17,82.3,81.69,82.75,82.53,80.17,80.66,81.84,81.18,80.15,78.38,81.27,80.87,80.42,81.36,83.0,81.65,79.93,80.82,81.32,85.7,82.32,82.66,84.85,84.99,86.35,86.15,86.47,84.0,83.75,85.23,85.91,84.39,80.38,80.49,80.94,79.53,80.07,77.96,81.64,78.79,73.76,72.16,79.72,84.22,86.77,87.73,87.57,86.42,87.45,88.31,88.98,88.1,87.62,88.74,88.65,87.46,88.2,88.67,88.31,88.52,89.48],
  "contact_probs": [[1.0,0.05,0.15,0.11,0.03,0.11,0.06,0.1,0.06,0.09,0.19,0.23,0.15,0.11,0.09,0.07,0.08,0.12,0.12,0.18,0.24,0.26],[0.05,1.0,0.04,0.03,0.29,0.01,0.18,0.03,0.14,0.07,0.03,0.04,0.06,0.26,0.54,0.61,0.46,0.15,0.05,0.04,0.05,0.02],[0.15,0.04,1.0,0.17,0.04,0.12,0.06,0.1,0.05,0.08,0.11,0.13,0.1,0.08,0.07,0.07,0.11,0.16,0.22,0.25,0.37,0.21],[0.11,0.03,0.17,1.0,0.05,0.27,0.05,0.16,0.06,0.1,0.33,0.37,0.1,0.05,0.07,0.04,0.04,0.05,0.06,0.17,0.13,0.36],[0.03,0.29,0.04,0.05,1.0,0.05,0.3,0.04,0.15,0.07,0.03,0.05,0.06,0.2,0.34,0.45,0.41,0.16,0.06,0.06,0.05,0.03],[0.11,0.01,0.12,0.27,0.05,1.0,0.09,0.23,0.06,0.1,0.28,0.33,0.07,0.05,0.05,0.03,0.05,0.05,0.07,0.25,0.16,0.21],[0.06,0.18,0.06,0.05,0.3,0.09,1.0,0.13,0.21,0.08,0.06,0.09,0.11,0.27,0.28,0.3,0.39,0.28,0.14,0.11,0.1,0.09],[0.1,0.03,0.1,0.16,0.04,0.23,0.13,1.0,0.15,0.12,0.26,0.3,0.1,0.09,0.08,0.06,0.07,0.08,0.09,0.22,0.16,0.21],[0.06,0.14,0.05,0.06,0.15,0.06,0.21,0.15,1.0,0.16,0.08,0.12,0.11,0.19,0.26,0.24,0.24,0.17,0.11,0.11,0.11,0.1],[0.09,0.07,0.08,0.1,0.07,0.1,0.08,0.12,0.16,1.0,0.17,0.22,0.1,0.12,0.14,0.12,0.12,0.11,0.1,0.16,0.13,0.15],[0.19,0.03,0.11,0.33,0.03,0.28,0.06,0.26,0.08,0.17,1.0,0.96,0.02,0.01,0.0,0.0,0.01,0.02,0.03,0.33,0.08,0.13],[0.23,0.04,0.13,0.37,0.05,0.33,0.09,0.3,0.12,0.22,0.96,1.0,0.57,0.08,0.02,0.01,0.02,0.06,0.22,0.58,0.19,0.74],[0.15,0.06,0.1,0.1,0.06,0.07,0.11,0.1,0.11,0.1,0.02,0.57,1.0,1.0,0.27,0.01,0.02,0.98,0.97,0.54,0.72,0.98],[0.11,0.26,0.08,0.05,0.2,0.05,0.27,0.09,0.19,0.12,0.01,0.08,1.0,1.0,0.95,0.23,0.98,0.99,0.93,0.03,0.0,0.24],[0.09,0.54,0.07,0.07,0.34,0.05,0.28,0.08,0.26,0.14,0.0,0.02,0.27,0.95,1.0,0.85,0.78,0.19,0.0,0.0,0.0,0.0],[0.07,0.61,0.07,0.04,0.45,0.03,0.3,0.06,0.24,0.12,0.0,0.01,0.01,0.23,0.85,1.0,0.98,0.16,0.0,0.0,0.0,0.0],[0.08,0.46,0.11,0.04,0.41,0.05,0.39,0.07,0.24,0.12,0.01,0.02,0.02,0.98,0.78,0.98,1.0,1.0,0.09,0.0,0.0,0.0],[0.12,0.15,0.16,0.05,0.16,0.05,0.28,0.08,0.17,0.11,0.02,0.06,0.98,0.99,0.19,0.16,1.0,1.0,1.0,0.04,0.3,0.04],[0.12,0.05,0.22,0.06,0.06,0.07,0.14,0.09,0.11,0.1,0.03,0.22,0.97,0.93,0.0,0.0,0.09,1.0,1.0,0.81,0.95,0.93],[0.18,0.04,0.25,0.17,0.06,0.25,0.11,0.22,0.11,0.16,0.33,0.58,0.54,0.03,0.0,0.0,0.0,0.04,0.81,1.0,0.38,0.63],[0.24,0.05,0.37,0.13,0.05,0.16,0.1,0.16,0.11,0.13,0.08,0.19,0.72,0.0,0.0,0.0,0.0,0.3,0.95,0.38,1.0,0.99],[0.26,0.02,0.21,0.36,0.03,0.21,0.09,0.21,0.1,0.15,0.13,0.74,0.98,0.24,0.0,0.0,0.0,0.04,0.93,0.63,0.99,1.0]],
  "pae": [[1.9,15.5,12.3,12.9,17.4,16.6,18.7,18.5,17.7,21.4,14.1,11.5,11.3,12.4,15.1,17.2,16.3,13.7,13.1,13.6,13.5,11.6],[16.8,1.7,14.8,18.7,13.0,17.9,16.6,18.5,17.9,19.2,18.6,15.5,12.1,10.7,11.6,12.0,11.2,12.0,12.8,12.8,15.5,12.2],[14.4,15.5,1.3,13.0,17.3,14.6,19.2,17.3,19.7,20.5,17.1,14.2,12.5,13.5,16.3,17.4,16.9,14.0,12.8,12.7,12.8,11.4],[12.2,18.6,12.6,1.5,18.0,13.9,20.7,17.8,19.4,21.7,15.1,12.8,12.1,13.1,15.8,18.0,16.7,15.4,14.0,13.8,14.4,11.6],[19.4,12.0,18.6,18.7,1.6,17.9,12.9,18.1,17.1,21.0,19.9,17.5,12.8,11.5,11.5,12.3,12.7,13.2,14.8,15.4,18.0,15.2],[18.2,15.4,13.5,14.6,19.5,2.0,20.1,16.2,21.2,21.7,17.3,15.5,13.5,14.1,17.8,18.7,16.9,14.8,13.3,12.5,13.5,12.7],[21.0,14.0,20.1,20.4,12.9,19.5,2.0,17.3,16.5,20.6,20.9,18.0,13.8,12.6,11.9,12.7,11.2,12.8,14.7,15.9,19.3,16.3],[20.9,16.1,17.1,17.4,18.3,12.8,20.4,2.1,20.5,21.2,18.9,16.9,14.8,14.9,17.7,19.2,17.6,15.1,14.3,14.7,15.3,14.6],[21.4,16.6,21.7,20.0,15.1,20.1,16.0,19.9,1.7,21.1,21.8,18.5,15.5,14.9,14.3,15.5,16.5,16.4,18.8,17.8,20.5,16.9],[23.8,19.2,21.6,23.6,21.3,19.9,19.8,17.6,18.4,1.3,20.9,20.0,17.9,18.4,19.6,20.4,20.2,18.8,18.9,18.8,19.0,17.9],[9.3,11.4,10.6,11.3,12.4,12.8,14.1,14.6,15.3,16.8,1.1,2.9,6.8,7.4,9.7,11.0,11.9,9.9,10.7,9.2,11.3,7.2],[9.0,10.4,9.4,10.7,11.5,12.6,13.1,14.5,14.4,17.2,3.1,1.1,5.6,5.7,8.1,10.2,10.4,7.7,8.9,8.3,9.4,5.5],[7.8,8.4,8.8,9.7,8.6,11.0,10.0,12.7,12.7,16.6,5.3,4.0,1.0,2.4,3.9,5.8,4.4,4.7,5.0,5.5,6.0,3.9],[7.6,7.9,8.7,9.5,8.5,10.7,9.4,12.1,11.9,16.3,5.5,4.0,2.1,1.0,2.8,3.2,2.9,3.3,3.9,4.8,5.1,3.7],[9.0,8.6,9.6,10.8,8.3,11.3,9.2,12.8,12.6,17.2,7.2,5.5,3.7,2.2,1.1,2.4,2.7,3.9,4.7,5.6,6.5,5.5],[8.4,8.0,9.0,9.7,7.7,10.6,8.7,12.5,12.2,16.9,7.4,6.0,4.0,2.7,2.5,0.9,1.6,2.8,4.7,5.5,6.4,5.9],[8.0,7.9,9.1,9.7,7.7,10.4,8.6,12.0,11.9,16.4,6.7,5.3,3.9,2.5,2.7,1.7,0.9,1.7,3.1,4.4,5.2,5.2],[7.3,7.5,8.3,9.2,7.8,10.0,8.9,11.7,12.3,16.4,6.7,5.2,3.5,2.9,3.2,2.4,1.4,0.9,1.7,3.4,4.1,4.2],[7.4,7.5,8.4,9.3,8.0,10.0,9.0,11.7,12.2,16.4,7.2,5.5,3.7,3.2,3.8,3.1,2.3,1.7,0.9,2.6,4.0,3.1],[8.7,9.1,8.8,10.5,10.2,11.2,11.1,12.8,14.1,17.2,8.4,6.9,5.9,5.5,6.4,6.0,5.0,4.1,3.4,1.2,4.5,4.8],[8.6,9.9,8.8,9.7,10.7,10.4,12.3,12.2,14.3,17.3,10.2,6.7,4.5,5.0,7.2,7.6,6.4,5.2,3.5,3.4,1.3,3.4],[8.5,9.5,9.2,9.7,10.2,10.4,11.3,12.4,13.7,17.3,8.3,5.4,3.8,5.0,6.2,6.7,5.9,5.1,4.2,3.8,3.4,1.2]],
  "token_chain_ids": ["A","B","C","D","E","F","G","H","I","J","K","K","K","K","K","K","K","K","K","K","K","K"],
  "token_res_ids": [1,1,1,1,1,1,1,1,1,1,1,2,3,4,5,6,7,8,9,10,11,12]
}