{
  "atom_chain_ids": ["A","B","C","D","E","F","G","H","I","J","K","K","K","K","K","K","K","K","K","K","K","K","K","K","K","K","K","K","K","K","K","K","K","K","K","K","K","K","K","K","K","K","K","K","K","K","K","K","K","K","K","K","K","K","K","K","K","K","K","K","K","K","K","K","K","K","K","K","K","K","K","K","K","K","K","K","K","K","K","K","K","K","K","K","K","K","K","K","K","K","K","K","K","K","K","K","K","K","K","K","K","K","K","K","K","K","K","K","K","K","K","K","K","K","K","K","K","K","K","K","K","K","K","K","K","K","K","K","K","K","K","K","K","K","K","K","K","K","K","K","K","K","K","K","K","K","K","K","K","K","K","K","K","K","K","K","K","K","K","K","K","K","K","K","K","K","K","K","K","K","K","K","K","K","K","K","K","K","K","K","K","K","K","K","K","K","K","K","K","K","K","K","K","K","K","K","K","K","K","K","K","K","K","K","K","K","K","K","K","K","K","K","K","K","K","K","K","K","K","K","K","K","K","K","K","K","K","K","K","K","K","K","K","K","K","K","K","K","K","K","K","K","K","K","K","K","K","K","K","K","K","K","K","K","K","K","K","K","K"],
  "atom_plddts": [74.76,70.57,59.04,51.92,52.75,42.08,46.97,38.3,37.29,29.29,58.59,64.47,58.19,60.49,65.26,71.06,76.2,76.42,78.71,77.16,77.3,78.51,78.62,76.48,78.19,81.1,78.76,76.21,77.44,78.1,78.6,80.52,80.83,71.23,66.6,67.57,72.22,74.3,76.92,77.96,78.24,76.99,76.8,78.86,78.95,78.31,80.1,83.28,81.85,79.8,81.67,80.99,80.12,82.35,81.47,88.31,85.9,85.16,89.01,90.26,91.87,92.94,92.6,92.15,92.57,93.22,93.64,93.55,93.01,93.53,93.57,92.72,92.82,92.84,91.07,89.6,89.79,90.91,91.42,92.98,93.27,93.17,92.45,92.84,93.36,94.01,93.96,93.61,94.01,94.06,93.35,93.55,93.63,90.55,88.19,88.31,89.48,89.22,91.1,91.16,91.25,89.86,89.94,90.56,91.17,90.45,88.27,88.42,88.6,87.17,87.68,86.26,88.73,87.58,84.5,85.44,87.55,87.93,90.42,90.82,90.92,89.97,90.2,90.75,91.03,90.22,89.94,90.81,90.47,89.07,90.03,90.21,89.6,90.02,90.79,89.8,87.93,87.8,89.55,90.51,92.2,92.72,92.39,91.56,92.11,92.41,93.18,92.88,93.12,93.74,93.85,93.16,93.65,93.63,93.14,93.31,93.62,90.51,88.53,88.71,89.96,90.61,91.88,92.61,92.06,91.47,92.27,92.49,93.33,93.15,93.79,94.4,94.58,94.02,94.46,94.34,93.83,94.02,94.15,90.55,89.39,89.47,90.21,90.33,91.89,92.46,91.98,91.07,91.45,91.99,93.13,93.04,92.82,93.36,93.39,92.63,92.77,92.91,90.49,89.39,90.01,90.25,88.72,90.1,90.52,90.2,88.72,88.72,90.01,90.6,90.29,90.56,91.41,91.04,89.72,90.35,90.61,89.03,85.99,86.34,88.6,89.09,90.23,90.53,90.36,88.7,89.0,90.0,90.46,89.5,86.4,86.44,86.62,85.16,85.7,84.16,87.21,86.51,82.61,80.23,86.34,88.65,91.03,91.83,91.64,90.68,91.28,91.79,92.76,92.21,91.63,92.43,92.45,91.52,92.17,92.38,92.06,92.31,92.99],
  "contact_probs": [[1.0,0.05,0.15,0.11,0.03,0.11,0.06,0.1,0.06,0.09,0.19,0.23,0.15,0.11,0.09,0.07,0.08,0.12,0.12,0.18,0.24,0.26],[0.05,1.0,0.04,0.03,0.29,0.01,0.18,0.03,0.14,0.07,0.03,0.04,0.06,0.26,0.54,0.61,0.46,0.15,0.05,0.04,0.05,0.02],[0.15,0.04,1.0,0.17,0.04,0.12,0.06,0.1,0.05,0.08,0.11,0.13,0.1,0.08,0.07,0.07,0.11,0.16,0.22,0.25,0.37,0.21],[0.11,0.03,0.17,1.0,0.05,0.27,0.05,0.16,0.06,0.1,0.33,0.37,0.1,0.05,0.07,0.04,0.04,0.05,0.06,0.17,0.13,0.36],[0.03,0.29,0.04,0.05,1.0,0.05,0.3,0.04,0.15,0.07,0.03,0.05,0.06,0.2,0.34,0.45,0.41,0.16,0.06,0.06,0.05,0.03],[0.11,0.01,0.12,0.27,0.05,1.0,0.09,0.23,0.06,0.1,0.28,0.33,0.07,0.05,0.05,0.03,0.05,0.05,0.07,0.25,0.16,0.21],[0.06,0.18,0.06,0.05,0.3,0.09,1.0,0.13,0.21,0.08,0.06,0.09,0.11,0.27,0.28,0.3,0.39,0.28,0.14,0.11,0.1,0.09],[0.1,0.03,0.1,0.16,0.04,0.23,0.13,1.0,0.15,0.12,0.26,0.3,0.1,0.09,0.08,0.06,0.07,0.08,0.09,0.22,0.16,0.21],[0.06,0.14,0.05,0.06,0.15,0.06,0.21,0.15,1.0,0.16,0.08,0.12,0.11,0.19,0.26,0.24,0.24,0.17,0.11,0.11,0.11,0.1],[0.09,0.07,0.08,0.1,0.07,0.1,0.08,0.12,0.16,1.0,0.17,0.22,0.1,0.12,0.14,0.12,0.12,0.11,0.1,0.16,0.13,0.15],[0.19,0.03,0.11,0.33,0.03,0.28,0.06,0.26,0.08,0.17,1.0,0.96,0.02,0.01,0.0,0.0,0.01,0.02,0.03,0.33,0.08,0.13],[0.23,0.04,0.13,0.37,0.05,0.33,0.09,0.3,0.12,0.22,0.96,1.0,0.57,0.08,0.02,0.01,0.02,0.06,0.22,0.58,0.19,0.74],[0.15,0.06,0.1,0.1,0.06,0.07,0.11,0.1,0.11,0.1,0.02,0.57,1.0,1.0,0.27,0.01,0.02,0.98,0.97,0.54,0.72,0.98],[0.11,0.26,0.08,0.05,0.2,0.05,0.27,0.09,0.19,0.12,0.01,0.08,1.0,1.0,0.95,0.23,0.98,0.99,0.93,0.03,0.0,0.24],[0.09,0.54,0.07,0.07,0.34,0.05,0.28,0.08,0.26,0.14,0.0,0.02,0.27,0.95,1.0,0.85,0.78,0.19,0.0,0.0,0.0,0.0],[0.07,0.61,0.07,0.04,0.45,0.03,0.3,0.06,0.24,0.12,0.0,0.01,0.01,0.23,0.85,1.0,0.98,0.16,0.0,0.0,0.0,0.0],[0.08,0.46,0.11,0.04,0.41,0.05,0.39,0.07,0.24,0.12,0.01,0.02,0.02,0.98,0.78,0.98,1.0,1.0,0.09,0.0,0.0,0.0],[0.12,0.15,0.16,0.05,0.16,0.05,0.28,0.08,0.17,0.11,0.02,0.06,0.98,0.99,0.19,0.16,1.0,1.0,1.0,0.04,0.3,0.04],[0.12,0.05,0.22,0.06,0.06,0.07,0.14,0.09,0.11,0.1,0.03,0.22,0.97,0.93,0.0,0.0,0.09,1.0,1.0,0.81,0.95,0.93],[0.18,0.04,0.25,0.17,0.06,0.25,0.11,0.22,0.11,0.16,0.33,0.58,0.54,0.03,0.0,0.0,0.0,0.04,0.81,1.0,0.38,0.63],[0.24,0.05,0.37,0.13,0.05,0.16,0.1,0.16,0.11,0.13,0.08,0.19,0.72,0.0,0.0,0.0,0.0,0.3,0.95,0.38,1.0,0.99],[0.26,0.02,0.21,0.36,0.03,0.21,0.09,0.21,0.1,0.15,0.13,0.74,0.98,0.24,0.0,0.0,0.0,0.04,0.93,0.63,0.99,1.0]],
  "pae": [[1.7,16.8,12.5,13.6,17.9,15.6,18.0,19.7,20.8,22.4,14.9,13.2,12.2,13.8,17.1,18.6,15.7,12.5,11.8,12.5,10.9,10.5],[18.4,1.6,14.8,18.1,14.8,19.6,14.1,19.9,16.4,19.6,19.6,17.3,12.8,11.5,11.0,10.7,10.1,11.2,13.5,16.3,15.3,15.5],[13.7,19.3,1.2,12.8,17.2,14.3,17.1,18.7,19.7,22.1,17.3,15.3,13.1,14.3,15.4,17.0,16.4,12.9,11.9,12.6,12.7,12.9],[13.8,19.7,16.1,1.4,15.0,14.2,18.0,19.6,19.4,22.1,13.6,11.9,12.2,13.0,15.3,17.8,16.7,15.4,13.6,14.4,14.8,11.8],[17.3,14.1,16.8,14.1,2.1,17.4,14.1,19.3,16.9,21.6,17.8,14.9,12.0,11.6,11.4,13.5,13.2,12.8,14.2,15.4,16.9,15.0],[15.5,21.5,15.3,15.5,19.3,1.9,20.0,18.6,21.8,24.2,17.1,15.2,14.0,14.8,17.9,18.8,17.1,14.7,13.8,13.6,14.1,12.9],[20.3,12.2,17.9,19.0,14.3,19.2,2.1,17.3,17.6,21.4,19.6,16.2,12.9,11.2,11.6,11.9,10.6,11.2,13.7,15.3,16.3,16.0],[20.8,18.8,17.0,19.8,18.7,16.5,16.6,2.1,19.5,23.4,19.4,17.1,14.9,15.0,15.8,16.8,16.9,15.1,15.8,16.2,16.9,16.2],[22.9,18.4,22.1,22.6,15.8,19.9,13.2,17.5,1.6,19.9,21.6,18.1,15.1,14.3,14.7,15.4,15.6,15.5,17.1,18.0,19.9,18.6],[24.5,19.4,24.2,24.9,20.8,24.6,18.7,20.7,17.4,1.2,22.3,21.7,17.8,17.7,18.8,18.9,19.2,18.2,20.0,21.6,22.1,20.8],[9.3,11.6,10.6,10.2,11.1,12.3,12.6,14.4,14.7,18.4,1.2,5.7,7.4,7.4,9.4,10.0,10.8,9.0,8.8,9.0,8.9,7.1],[8.7,10.9,9.8,9.6,10.5,12.3,11.8,14.9,14.0,18.6,3.9,1.1,5.7,5.2,7.3,9.7,9.4,7.4,6.5,7.9,7.1,5.6],[7.6,6.7,7.9,8.3,8.6,11.0,8.9,13.3,12.4,17.2,5.2,4.1,1.0,2.5,3.5,5.5,4.2,4.1,4.1,5.2,4.5,4.0],[7.0,5.9,7.8,8.1,8.2,10.6,8.5,12.3,11.9,17.2,5.2,3.7,2.0,1.0,2.5,3.0,2.5,2.6,3.4,4.4,4.0,3.3],[8.2,6.4,9.0,9.5,8.6,12.0,8.8,12.9,11.6,17.1,6.1,4.7,3.1,2.1,1.1,2.4,2.5,3.7,4.2,4.9,5.5,4.6],[8.0,5.7,8.6,8.8,8.5,11.7,8.5,12.7,11.8,17.3,6.5,5.4,3.6,2.6,2.4,0.9,1.7,2.7,4.0,4.8,5.2,5.0],[7.4,5.7,8.3,9.1,8.5,11.4,8.3,12.7,11.9,17.2,6.0,5.0,3.7,2.3,2.5,1.7,0.9,1.6,2.8,3.8,4.6,4.6],[6.7,5.6,7.4,8.3,8.2,10.7,8.3,12.3,12.2,17.5,5.9,4.7,3.4,2.7,3.0,2.4,1.4,0.8,1.7,2.9,3.5,3.5],[6.9,5.8,7.2,8.1,8.2,11.0,8.5,12.5,12.5,17.3,6.2,5.0,3.2,2.9,3.5,3.1,2.3,1.6,0.9,2.3,2.7,2.8],[7.7,7.1,7.7,8.8,9.1,10.9,9.8,12.8,12.8,17.3,6.9,5.5,4.4,3.8,4.7,4.9,3.9,2.9,2.2,1.2,3.0,3.8],[7.7,8.5,7.9,8.6,9.8,10.2,10.6,12.7,13.1,18.2,8.4,6.1,4.1,4.2,6.5,6.4,5.3,4.3,2.8,3.1,1.1,2.4],[7.8,8.1,8.4,8.5,9.5,10.8,10.4,13.6,13.3,18.0,7.8,5.0,4.0,4.1,5.3,6.1,5.7,4.1,3.3,3.2,2.1,1.1]],
  "token_chain_ids": ["A","B","C","D","E","F","G","H","I","J","K","K","K","K","K","K","K","K","K","K","K","K"],
  "token_res_ids": [1,1,1,1,1,1,1,1,1,1,1,2,3,4,5,6,7,8,9,10,11,12]
}