{
  "atom_chain_ids": ["A","B","C","C","C","C","C","C","C","C","C","C","C","C","C","C","C","C","C","C","C","C","C","C","C","C","C","C","C","C","C","C","C","C","C","C","C","C","C","C","C","C","C","C","C","C","C","C","C","C","C","C","C","C","C","C","C","C","C","C","C","C","C","C","C","C","C","C","C","C","C","C","C","C","C","C","C","C","C","C","C","C","C","C","C","C","C","C","C","C","C","C","C","C","C","C","C","C","C","C","C","C","C","C","C","C","C","C","C","C","C","C","C","C","C","C","C","C","C","C","C","C","C","C","C","C","C","C","C","C","C","C","C","C","C","C","C","C","C","C","C","C","C","C","C","C","C","C","C","C","C","C","C","C","C","C","C","C","C","C","C","C","C","C","C","C","C","C","C","C","C","C","C","C","C","C","C","C","C","C","C","C","C","C","C","C","C","C","C","C","C","C","C","C","C","C","C","C","C","C","C","C","C","C","C","C","C","C","C","C","C","C","C","C","C","C","C","C","C","C","C","C","C","C","C","C","C","C","C","C","C","C","C","C","C","C","C","C","C","C","C","C","C","C","C","C","C","C","C","C","C","C","C","C","C","C","C","C","C","C","C","C","C","C","C","C","C","C","C","C","C","C","C","C","C","C","C","C","C","C","C","C","C","C","C","C","C","C","C","C","C","C","C","C","C","C","C","C","C","C","C","C","C","C","C","C","C","C","C","C","C","C","C","C","C","C","C","C","C","C","C","C","C","C","C","C","C","C","C","C","C","C","C","C","C","C","C","C","C","C","C","C","C","C","C","C","C","C","C","C","C","C","C","C","C","C","C","C","C","C","C","C","C","C","C","C","C","C","C","C","C","C","C","C","C","C","C","C","C","C","C","C","C","C","C","C","C","C","C","C","C","C","C","C","C","C","C","C","C","C","C","C","C","C","C","C","C","C","C","C","C","C","C","C","C","C","C","C","C","C","C","C","C","C","C","C","C","C","C","C","C","C","C","C","C","C","C","C","C","C","C","C","C","C","C","C","C","C","C","C","C","C","C","C","C","C","C","C","C","C","C","C","C","C","C","C","C","C","C","C","C","C"],
  "atom_plddts": [84.06,83.55,60.17,63.46,55.36,55.52,63.54,66.85,69.76,70.78,73.3,72.09,73.15,70.67,70.6,66.97,63.95,63.82,62.72,58.78,56.63,58.4,61.55,67.03,78.39,75.17,74.02,78.64,79.77,82.14,81.86,82.33,81.75,82.32,82.63,83.13,83.34,82.44,82.85,83.2,82.49,82.34,82.67,82.75,82.92,83.51,79.72,77.17,76.46,79.98,80.39,82.52,81.92,82.46,81.7,82.24,82.5,83.05,83.18,82.35,82.63,83.0,82.31,82.13,82.43,82.49,82.48,83.21,79.38,77.42,76.48,78.93,78.74,80.45,80.42,80.74,79.67,80.16,80.15,81.13,81.35,80.46,80.66,81.36,80.83,80.62,80.69,80.52,80.26,81.35,76.7,73.88,74.21,76.74,74.34,76.82,76.07,76.83,75.74,73.71,73.11,74.48,72.39,70.22,68.48,68.26,67.17,65.33,67.8,77.84,73.8,72.78,78.2,79.02,81.91,81.67,82.27,81.5,82.03,82.21,82.78,82.96,82.0,82.45,82.89,82.21,82.06,82.23,82.27,82.46,83.18,78.89,76.1,75.52,79.17,79.52,81.62,81.22,81.77,80.81,81.41,81.65,82.41,82.65,81.66,82.01,82.53,82.01,81.86,82.11,82.05,82.1,82.84,73.25,70.73,69.52,71.99,67.95,69.71,66.33,68.48,68.05,62.86,60.21,62.77,57.89,54.04,51.59,49.83,48.16,45.98,48.82,52.81,71.03,66.39,64.01,70.53,72.43,75.02,76.6,76.94,75.8,76.62,76.62,77.54,77.75,76.07,76.77,77.58,76.7,76.32,76.48,76.63,77.29,78.66,68.8,65.43,65.83,69.27,65.81,67.74,65.01,66.74,65.69,62.35,61.05,62.68,59.12,56.38,54.52,53.24,52.13,50.06,52.84,56.52,74.87,70.03,69.35,75.46,76.87,79.91,80.6,81.1,80.19,80.93,81.15,81.76,82.01,80.83,81.39,81.94,81.27,81.08,81.31,81.39,81.76,82.49,77.13,73.47,72.74,77.93,79.14,81.32,80.97,81.36,80.6,81.48,81.96,82.39,82.8,81.92,82.46,82.93,82.43,82.4,82.5,82.42,82.79,83.2,76.89,73.55,72.56,77.11,77.32,79.62,80.08,80.27,79.47,80.05,80.19,81.18,81.48,80.3,80.67,81.43,80.87,80.64,80.73,80.63,80.85,81.81,63.19,61.17,60.51,62.83,59.92,60.81,58.98,61.01,60.24,58.72,55.38,57.09,52.96,49.15,47.95,46.52,44.03,42.1,43.83,46.68,46.83,61.96,57.64,57.26,61.79,59.29,60.2,59.05,61.11,60.04,58.71,56.18,57.64,53.37,49.67,48.17,46.58,43.38,41.54,43.58,46.86,48.1,57.78,52.62,52.39,59.04,57.31,59.61,58.58,60.52,60.11,57.31,57.75,58.79,56.28,53.35,52.61,51.27,49.95,48.45,50.74,54.24,56.9,51.7,51.45,58.09,57.22,59.02,57.97,60.61,59.59,57.73,55.26,56.94,53.99,50.23,49.62,48.77,46.44,44.48,45.86,48.49,49.55,74.33,69.38,68.2,75.33,77.37,80.41,80.59,81.07,80.45,80.97,81.46,81.83,82.03,80.62,81.15,81.6,80.82,80.51,80.96,81.21,81.53,82.33,79.06,76.37,75.32,79.43,79.55,81.75,81.26,81.67,81.07,81.61,81.99,82.59,82.84,81.9,82.21,82.71,82.09,81.88,82.15,82.1,82.04,82.91,78.54,76.67,75.57,78.04,77.55,79.68,79.91,80.22,79.32,79.63,79.39,80.41,80.53,79.42,79.53,80.2,79.54,79.14,79.35,79.3,78.94,80.36,60.78,59.35,57.91,59.69,56.83,57.51,53.2,57.6,56.11,54.11,50.34,52.25,47.54,44.28,42.86,41.1,38.54,36.95,38.27,41.08,42.22,55.54,52.25,50.75,54.73,55.03,56.09,52.34,57.18,55.43,54.39,50.89,52.34,48.37,44.92,43.42,42.21,39.47,37.77,39.31,42.01,44.47],
  "contact_probs": [[1.0,1.0,0.06,0.9,1.0,0.99,0.01,0.96,1.0,0.28,0.96,0.02,0.85,1.0,0.99,0.02,0.01,0.0,0.01,0.85,1.0,0.98,0.42,0.48],[1.0,1.0,0.46,0.99,0.99,0.61,0.01,1.0,0.99,0.04,0.66,0.02,0.99,0.99,0.73,0.01,0.0,0.0,0.02,0.99,0.99,0.72,0.08,0.08],[0.06,0.46,1.0,0.64,0.21,0.0,0.0,0.22,0.01,0.01,0.01,0.0,0.12,0.02,0.0,0.01,0.01,0.02,0.06,0.48,0.35,0.01,0.02,0.01],[0.9,0.99,0.64,1.0,1.0,0.06,0.01,0.36,0.0,0.0,0.0,0.0,0.0,0.0,0.0,0.0,0.0,0.0,0.02,0.27,0.98,0.64,0.02,0.01],[1.0,0.99,0.21,1.0,1.0,1.0,0.05,0.98,0.16,0.03,0.0,0.0,0.0,0.0,0.0,0.0,0.0,0.0,0.0,0.0,0.32,0.96,0.3,0.31],[0.99,0.61,0.0,0.06,1.0,1.0,0.04,0.85,0.92,0.43,0.32,0.01,0.0,0.0,0.01,0.01,0.0,0.0,0.0,0.0,0.0,0.21,0.42,0.56],[0.01,0.01,0.0,0.01,0.05,0.04,1.0,0.02,0.01,0.01,0.01,0.0,0.0,0.0,0.0,0.0,0.0,0.0,0.0,0.0,0.0,0.0,0.01,0.01],[0.96,1.0,0.22,0.36,0.98,0.85,0.02,1.0,1.0,0.07,0.06,0.02,0.32,0.0,0.0,0.0,0.0,0.0,0.0,0.0,0.0,0.0,0.0,0.0],[1.0,0.99,0.01,0.0,0.16,0.92,0.01,1.0,1.0,0.43,0.96,0.04,0.98,0.26,0.01,0.01,0.0,0.0,0.0,0.0,0.0,0.0,0.03,0.14],[0.28,0.04,0.01,0.0,0.03,0.43,0.01,0.07,0.43,1.0,0.45,0.07,0.03,0.07,0.09,0.02,0.01,0.0,0.0,0.0,0.0,0.01,0.14,0.31],[0.96,0.66,0.01,0.0,0.0,0.32,0.01,0.06,0.96,0.45,1.0,0.11,0.67,0.93,0.25,0.02,0.01,0.0,0.0,0.0,0.0,0.0,0.12,0.35],[0.02,0.02,0.0,0.0,0.0,0.01,0.0,0.02,0.04,0.07,0.11,1.0,0.04,0.04,0.01,0.0,0.0,0.0,0.01,0.0,0.0,0.0,0.01,0.03],[0.85,0.99,0.12,0.0,0.0,0.0,0.0,0.32,0.98,0.03,0.67,0.04,1.0,1.0,0.02,0.01,0.01,0.01,0.09,0.2,0.0,0.0,0.0,0.0],[1.0,0.99,0.02,0.0,0.0,0.0,0.0,0.0,0.26,0.07,0.93,0.04,1.0,1.0,1.0,0.1,0.03,0.01,0.09,0.98,0.34,0.01,0.02,0.05],[0.99,0.73,0.0,0.0,0.0,0.01,0.0,0.0,0.01,0.09,0.25,0.01,0.02,1.0,1.0,0.24,0.07,0.02,0.07,0.88,0.97,0.41,0.26,0.3],[0.02,0.01,0.01,0.0,0.0,0.01,0.0,0.0,0.01,0.02,0.02,0.0,0.01,0.1,0.24,1.0,0.75,0.17,0.36,0.02,0.02,0.01,0.03,0.02],[0.01,0.0,0.01,0.0,0.0,0.0,0.0,0.0,0.0,0.01,0.01,0.0,0.01,0.03,0.07,0.75,1.0,0.58,0.49,0.02,0.01,0.0,0.01,0.01],[0.0,0.0,0.02,0.0,0.0,0.0,0.0,0.0,0.0,0.0,0.0,0.0,0.01,0.01,0.02,0.17,0.58,1.0,0.54,0.03,0.01,0.0,0.0,0.0],[0.01,0.02,0.06,0.02,0.0,0.0,0.0,0.0,0.0,0.0,0.0,0.01,0.09,0.09,0.07,0.36,0.49,0.54,1.0,0.1,0.03,0.0,0.0,0.0],[0.85,0.99,0.48,0.27,0.0,0.0,0.0,0.0,0.0,0.0,0.0,0.0,0.2,0.98,0.88,0.02,0.02,0.03,0.1,1.0,1.0,0.05,0.01,0.0],[1.0,0.99,0.35,0.98,0.32,0.0,0.0,0.0,0.0,0.0,0.0,0.0,0.0,0.34,0.97,0.02,0.01,0.01,0.03,1.0,1.0,1.0,0.41,0.11],[0.98,0.72,0.01,0.64,0.96,0.21,0.0,0.0,0.0,0.01,0.0,0.0,0.0,0.01,0.41,0.01,0.0,0.0,0.0,0.05,1.0,1.0,0.77,0.62],[0.42,0.08,0.02,0.02,0.3,0.42,0.01,0.0,0.03,0.14,0.12,0.01,0.0,0.02,0.26,0.03,0.01,0.0,0.0,0.01,0.41,0.77,1.0,0.63],[0.48,0.08,0.01,0.01,0.31,0.56,0.01,0.0,0.14,0.31,0.35,0.03,0.0,0.05,0.3,0.02,0.01,0.0,0.0,0.0,0.11,0.62,0.63,1.0]],
  "pae": [[0.8,1.3,4.1,1.5,1.4,1.6,3.9,1.8,1.4,4.9,1.9,4.6,1.7,1.4,1.5,6.7,6.3,6.9,5.0,1.8,1.4,1.5,6.5,7.3],[1.4,0.8,4.3,1.5,1.7,2.3,4.3,1.7,1.6,5.6,2.8,5.2,1.6,1.5,2.5,7.2,7.1,7.0,5.5,1.5,1.6,2.3,7.4,7.5],[5.5,4.6,1.1,2.3,4.4,7.8,7.7,5.8,6.3,9.0,7.5,10.1,6.8,6.0,6.4,11.7,10.9,10.6,9.4,5.3,4.6,6.0,10.4,11.8],[1.7,1.4,3.2,0.8,1.0,1.6,2.9,1.4,1.7,4.1,2.2,4.0,1.7,1.7,2.0,5.5,5.9,5.5,4.5,1.4,1.3,1.6,5.7,5.6],[1.4,1.4,2.9,1.0,0.8,1.0,2.6,1.3,1.3,3.9,1.8,3.9,1.6,1.6,1.8,5.4,5.8,5.4,4.2,1.5,1.2,1.5,5.6,5.7],[1.6,1.9,3.7,1.4,1.0,0.8,2.5,1.5,1.5,4.1,1.9,4.2,2.0,2.3,2.3,6.5,6.7,6.0,5.0,2.0,1.7,1.5,6.4,6.8],[4.3,4.2,6.0,3.7,3.0,3.5,1.3,3.4,3.2,5.6,5.2,6.0,5.6,5.6,6.3,11.1,10.8,10.1,9.1,5.5,5.6,5.6,8.8,8.8],[1.6,1.3,3.7,1.3,1.3,1.5,2.2,0.8,1.0,3.5,1.7,3.6,1.4,1.7,2.1,5.8,5.9,5.7,4.6,1.7,1.7,2.0,5.8,6.0],[1.4,1.4,3.9,1.5,1.3,1.5,2.5,1.0,0.8,3.3,1.5,3.5,1.5,1.4,1.8,5.7,6.1,5.8,4.8,1.7,1.7,2.0,6.2,7.4],[5.1,6.3,8.8,6.4,5.8,4.3,6.6,4.5,3.7,1.3,5.3,5.6,8.1,6.5,7.4,10.9,11.7,10.6,10.4,7.0,5.8,6.0,8.5,9.8],[2.0,2.7,5.4,3.3,3.1,2.9,4.4,2.8,1.8,3.4,0.9,3.1,2.7,2.8,2.7,6.7,7.0,7.4,6.1,3.4,3.3,3.5,7.3,8.1],[6.2,5.9,9.1,7.3,7.4,8.0,8.3,6.4,4.7,6.4,4.9,1.4,4.6,3.8,6.9,9.3,9.6,10.0,9.3,7.0,8.2,8.4,10.4,11.1],[1.8,1.4,4.3,1.7,1.9,2.1,3.3,1.5,1.4,4.5,1.7,3.0,0.8,1.0,1.5,5.3,5.5,5.6,4.3,1.5,1.8,2.3,6.9,7.3],[1.3,1.5,4.2,1.7,1.8,2.0,3.4,1.7,1.4,4.5,1.6,3.3,1.1,0.8,1.1,4.8,5.2,5.2,4.0,1.6,1.4,1.9,6.6,7.7],[1.6,2.0,4.1,2.1,2.4,2.6,3.9,2.5,2.2,4.7,2.0,3.9,1.7,1.1,0.8,4.5,4.8,4.9,4.4,2.0,1.7,1.7,6.4,7.5],[10.8,11.0,12.1,11.3,11.9,14.5,14.3,13.0,12.4,14.4,10.7,13.3,9.7,6.7,7.4,1.2,6.8,6.8,7.3,9.3,9.8,11.3,13.0,14.4],[10.2,9.9,11.2,11.1,11.5,13.2,14.0,12.1,11.2,12.4,10.5,12.0,9.8,8.0,6.4,4.4,1.2,4.5,6.2,8.9,9.6,11.1,12.9,13.3],[10.7,11.1,11.5,11.7,13.1,13.4,14.3,13.5,11.5,13.1,11.1,13.6,9.7,8.9,8.6,4.4,4.2,1.2,6.7,7.2,10.2,12.8,12.7,14.2],[8.8,8.2,8.8,7.7,10.4,11.0,12.8,10.2,9.5,11.4,9.5,12.9,8.0,5.4,6.0,6.1,5.5,5.9,1.1,5.9,5.3,9.8,11.4,12.7],[2.0,1.4,3.9,1.4,1.8,2.2,3.6,2.1,1.9,4.8,2.2,4.0,1.5,1.5,1.7,5.0,5.0,4.6,3.4,0.8,1.1,1.8,6.4,6.7],[1.3,1.4,3.7,1.3,1.3,1.8,3.4,1.8,1.7,5.0,2.1,4.3,1.6,1.4,1.4,5.3,5.8,5.0,3.7,1.0,0.8,1.0,5.8,6.3],[1.5,2.1,3.6,1.5,1.5,1.7,3.5,2.3,2.0,4.5,2.2,4.6,2.2,2.0,1.6,5.7,6.0,5.8,4.3,1.5,1.0,0.8,4.7,5.2],[9.2,10.4,11.0,8.0,8.4,8.3,11.2,9.8,10.0,10.2,9.6,12.7,11.0,9.4,9.4,12.4,13.8,14.2,11.9,8.7,7.4,7.4,1.1,4.2],[9.6,10.8,12.0,9.5,9.8,8.4,11.9,11.1,9.9,9.3,9.4,13.7,10.8,9.9,9.4,14.2,14.8,15.3,12.8,8.3,9.5,6.8,4.0,1.3]],
  "token_chain_ids": ["A","B","C","C","C","C","C","C","C","C","C","C","C","C","C","C","C","C","C","C","C","C","C","C"],
  "token_res_ids": [1,1,1,2,3,4,5,6,7,8,9,10,11,12,13,14,15,16,17,18,19,20,21,22]
}