{
  "atom_chain_ids": ["A","B","C","C","C","C","C","C","C","C","C","C","C","C","C","C","C","C","C","C","C","C","C","C","C","C","C","C","C","C","C","C","C","C","C","C","C","C","C","C","C","C","C","C","C","C","C","C","C","C","C","C","C","C","C","C","C","C","C","C","C","C","C","C","C","C","C","C","C","C","C","C","C","C","C","C","C","C","C","C","C","C","C","C","C","C","C","C","C","C","C","C","C","C","C","C","C","C","C","C","C","C","C","C","C","C","C","C","C","C","C","C","C","C","C","C","C","C","C","C","C","C","C","C","C","C","C","C","C","C","C","C","C","C","C","C","C","C","C","C","C","C","C","C","C","C","C","C","C","C","C","C","C","C","C","C","C","C","C","C","C","C","C","C","C","C","C","C","C","C","C","C","C","C","C","C","C","C","C","C","C","C","C","C","C","C","C","C","C","C","C","C","C","C","C","C","C","C","C","C","C","C","C","C","C","C","C","C","C","C","C","C","C","C","C","C","C","C","C","C","C","C","C","C","C","C","C","C","C","C","C","C","C","C","C","C","C","C","C","C","C","C","C","C","C","C","C","C","C","C","C","C","C","C","C","C","C","C","C","C","C","C","C","C","C","C","C","C","C","C","C","C","C","C","C","C","C","C","C","C","C","C","C","C","C","C","C","C","C","C","C","C","C","C","C","C","C","C","C","C","C","C","C","C","C","C","C","C","C","C","C","C","C","C","C","C","C","C","C","C","C","C","C","C","C","C","C","C","C","C","C","C","C","C","C","C","C","C","C","C","C","C","C","C","C","C","C","C","C","C","C","C","C","C","C","C","C","C","C","C","C","C","C","C","C","C","C","C","C","C","C","C","C","C","C","C","C","C","C","C","C","C","C","C","C","C","C","C","C","C","C","C","C","C","C","C","C","C","C","C","C","C","C","C","C","C","C","C","C","C","C","C","C","C","C","C","C","C","C","C","C","C","C","C","C","C","C","C","C","C","C","C","C","C","C","C","C","C","C","C","C","C","C","C","C","C","C","C","C","C","C","C","C","C","C","C","C","C","C","C","C","C","C","C","C","C","C","C","C","C","C","C"],
  "atom_plddts": [86.03,84.81,60.78,64.23,56.31,56.52,64.27,67.64,70.5,71.6,73.96,72.72,73.74,71.38,71.43,68.01,64.93,64.95,63.93,60.06,57.93,59.55,62.59,67.87,79.46,76.07,74.73,79.71,80.89,83.3,82.99,83.5,82.95,83.4,83.66,84.22,84.36,83.44,83.83,84.13,83.4,83.25,83.61,83.72,83.9,84.49,81.23,78.81,78.12,81.34,81.72,83.81,83.18,83.74,83.01,83.44,83.67,84.31,84.39,83.54,83.8,84.1,83.38,83.22,83.53,83.59,83.59,84.32,81.04,78.94,77.99,80.63,80.44,82.11,82.11,82.45,81.51,81.94,81.93,82.88,83.02,82.15,82.34,82.94,82.36,82.19,82.34,82.19,82.0,83.02,78.0,75.13,75.42,77.96,75.73,78.31,77.58,78.47,77.32,75.39,75.03,76.27,74.3,72.18,70.76,70.41,69.2,67.66,69.96,80.21,76.36,75.22,80.29,80.91,83.64,83.28,83.87,83.15,83.54,83.71,84.41,84.55,83.79,84.23,84.58,83.9,83.87,83.99,83.95,84.11,84.78,79.92,77.02,76.48,80.15,80.52,82.63,82.21,82.78,81.88,82.45,82.77,83.56,83.8,82.94,83.34,83.81,83.28,83.21,83.44,83.33,83.48,84.09,75.27,72.55,71.68,74.03,70.53,72.9,69.85,72.24,71.38,66.48,64.3,66.67,61.74,56.98,54.43,52.57,50.49,48.54,51.39,55.84,73.73,69.02,66.39,73.29,75.13,77.93,79.12,79.62,78.52,79.14,79.16,80.25,80.37,78.77,79.54,80.2,79.24,79.01,79.26,79.38,79.98,81.21,73.32,69.67,69.82,73.46,69.74,72.04,69.48,71.19,69.93,66.68,65.59,67.39,63.76,61.25,59.53,58.36,56.88,54.99,57.55,61.31,77.02,72.32,71.47,77.39,78.59,81.58,82.11,82.64,81.85,82.39,82.56,83.29,83.47,82.37,82.9,83.36,82.67,82.56,82.78,82.81,83.14,83.86,78.74,74.94,74.25,79.52,80.67,82.88,82.49,82.97,82.24,83.05,83.51,84.03,84.39,83.57,84.1,84.51,83.99,84.03,84.13,84.04,84.45,84.77,78.58,75.07,73.97,78.74,79.0,81.4,81.79,82.05,81.32,81.85,82.0,83.01,83.24,82.14,82.54,83.19,82.58,82.42,82.54,82.45,82.75,83.61,66.44,64.12,63.37,65.79,62.74,63.85,62.42,63.93,63.12,61.72,58.6,60.24,56.03,52.24,51.04,49.54,46.68,44.61,46.51,49.52,49.83,63.0,58.35,57.89,62.81,60.31,61.46,60.41,62.35,61.24,59.98,57.59,58.97,54.74,51.13,49.76,48.14,44.73,42.86,44.93,48.3,49.73,60.51,55.28,55.21,61.75,59.67,62.04,61.16,62.68,62.28,59.37,59.78,60.88,58.4,55.69,54.92,53.66,52.24,50.7,52.97,56.47,60.76,55.21,54.85,61.68,60.6,62.53,61.45,63.88,62.68,60.81,58.33,60.11,56.87,52.95,52.28,51.37,48.54,46.45,48.03,50.85,52.2,75.83,70.71,69.18,76.82,78.78,81.87,82.03,82.54,82.02,82.45,82.88,83.27,83.41,82.01,82.51,82.91,82.1,81.82,82.32,82.58,82.93,83.67,80.39,77.76,76.7,80.56,80.61,82.86,82.32,82.79,82.18,82.63,82.97,83.64,83.84,82.93,83.22,83.67,83.03,82.85,83.13,83.07,83.01,83.87,80.16,78.14,77.18,79.71,79.38,81.57,81.69,82.01,81.21,81.57,81.47,82.49,82.61,81.51,81.67,82.22,81.53,81.25,81.5,81.4,81.16,82.44,66.79,65.17,63.7,65.17,61.86,62.98,58.76,62.49,60.88,58.84,54.8,57.12,52.02,48.43,46.95,44.99,41.91,40.14,41.68,44.79,45.91,63.14,60.32,58.44,61.29,60.97,62.06,58.09,62.5,60.48,59.3,55.52,57.32,52.87,48.86,47.2,45.76,42.26,40.35,42.15,45.25,47.91],
  "contact_probs": [[1.0,1.0,0.06,0.9,1.0,0.99,0.01,0.96,1.0,0.28,0.96,0.02,0.85,1.0,0.99,0.02,0.01,0.0,0.01,0.85,1.0,0.98,0.42,0.48],[1.0,1.0,0.46,0.99,0.99,0.61,0.01,1.0,0.99,0.04,0.66,0.02,0.99,0.99,0.73,0.01,0.0,0.0,0.02,0.99,0.99,0.72,0.08,0.08],[0.06,0.46,1.0,0.64,0.21,0.0,0.0,0.22,0.01,0.01,0.01,0.0,0.12,0.02,0.0,0.01,0.01,0.02,0.06,0.48,0.35,0.01,0.02,0.01],[0.9,0.99,0.64,1.0,1.0,0.06,0.01,0.36,0.0,0.0,0.0,0.0,0.0,0.0,0.0,0.0,0.0,0.0,0.02,0.27,0.98,0.64,0.02,0.01],[1.0,0.99,0.21,1.0,1.0,1.0,0.05,0.98,0.16,0.03,0.0,0.0,0.0,0.0,0.0,0.0,0.0,0.0,0.0,0.0,0.32,0.96,0.3,0.31],[0.99,0.61,0.0,0.06,1.0,1.0,0.04,0.85,0.92,0.43,0.32,0.01,0.0,0.0,0.01,0.01,0.0,0.0,0.0,0.0,0.0,0.21,0.42,0.56],[0.01,0.01,0.0,0.01,0.05,0.04,1.0,0.02,0.01,0.01,0.01,0.0,0.0,0.0,0.0,0.0,0.0,0.0,0.0,0.0,0.0,0.0,0.01,0.01],[0.96,1.0,0.22,0.36,0.98,0.85,0.02,1.0,1.0,0.07,0.06,0.02,0.32,0.0,0.0,0.0,0.0,0.0,0.0,0.0,0.0,0.0,0.0,0.0],[1.0,0.99,0.01,0.0,0.16,0.92,0.01,1.0,1.0,0.43,0.96,0.04,0.98,0.26,0.01,0.01,0.0,0.0,0.0,0.0,0.0,0.0,0.03,0.14],[0.28,0.04,0.01,0.0,0.03,0.43,0.01,0.07,0.43,1.0,0.45,0.07,0.03,0.07,0.09,0.02,0.01,0.0,0.0,0.0,0.0,0.01,0.14,0.31],[0.96,0.66,0.01,0.0,0.0,0.32,0.01,0.06,0.96,0.45,1.0,0.11,0.67,0.93,0.25,0.02,0.01,0.0,0.0,0.0,0.0,0.0,0.12,0.35],[0.02,0.02,0.0,0.0,0.0,0.01,0.0,0.02,0.04,0.07,0.11,1.0,0.04,0.04,0.01,0.0,0.0,0.0,0.01,0.0,0.0,0.0,0.01,0.03],[0.85,0.99,0.12,0.0,0.0,0.0,0.0,0.32,0.98,0.03,0.67,0.04,1.0,1.0,0.02,0.01,0.01,0.01,0.09,0.2,0.0,0.0,0.0,0.0],[1.0,0.99,0.02,0.0,0.0,0.0,0.0,0.0,0.26,0.07,0.93,0.04,1.0,1.0,1.0,0.1,0.03,0.01,0.09,0.98,0.34,0.01,0.02,0.05],[0.99,0.73,0.0,0.0,0.0,0.01,0.0,0.0,0.01,0.09,0.25,0.01,0.02,1.0,1.0,0.24,0.07,0.02,0.07,0.88,0.97,0.41,0.26,0.3],[0.02,0.01,0.01,0.0,0.0,0.01,0.0,0.0,0.01,0.02,0.02,0.0,0.01,0.1,0.24,1.0,0.75,0.17,0.36,0.02,0.02,0.01,0.03,0.02],[0.01,0.0,0.01,0.0,0.0,0.0,0.0,0.0,0.0,0.01,0.01,0.0,0.01,0.03,0.07,0.75,1.0,0.58,0.49,0.02,0.01,0.0,0.01,0.01],[0.0,0.0,0.02,0.0,0.0,0.0,0.0,0.0,0.0,0.0,0.0,0.0,0.01,0.01,0.02,0.17,0.58,1.0,0.54,0.03,0.01,0.0,0.0,0.0],[0.01,0.02,0.06,0.02,0.0,0.0,0.0,0.0,0.0,0.0,0.0,0.01,0.09,0.09,0.07,0.36,0.49,0.54,1.0,0.1,0.03,0.0,0.0,0.0],[0.85,0.99,0.48,0.27,0.0,0.0,0.0,0.0,0.0,0.0,0.0,0.0,0.2,0.98,0.88,0.02,0.02,0.03,0.1,1.0,1.0,0.05,0.01,0.0],[1.0,0.99,0.35,0.98,0.32,0.0,0.0,0.0,0.0,0.0,0.0,0.0,0.0,0.34,0.97,0.02,0.01,0.01,0.03,1.0,1.0,1.0,0.41,0.11],[0.98,0.72,0.01,0.64,0.96,0.21,0.0,0.0,0.0,0.01,0.0,0.0,0.0,0.01,0.41,0.01,0.0,0.0,0.0,0.05,1.0,1.0,0.77,0.62],[0.42,0.08,0.02,0.02,0.3,0.42,0.01,0.0,0.03,0.14,0.12,0.01,0.0,0.02,0.26,0.03,0.01,0.0,0.0,0.01,0.41,0.77,1.0,0.63],[0.48,0.08,0.01,0.01,0.31,0.56,0.01,0.0,0.14,0.31,0.35,0.03,0.0,0.05,0.3,0.02,0.01,0.0,0.0,0.0,0.11,0.62,0.63,1.0]],
  "pae": [[0.8,1.3,3.8,1.6,1.5,1.6,3.7,1.8,1.4,4.0,1.8,4.1,1.7,1.4,1.5,5.7,6.1,6.6,5.6,1.7,1.4,1.4,4.5,4.7],[1.4,0.8,3.9,1.5,1.8,2.4,4.2,1.7,1.6,4.8,2.8,4.7,1.6,1.5,2.4,6.3,6.7,6.8,6.0,1.5,1.5,2.3,5.4,5.6],[4.4,3.6,1.1,2.2,3.9,6.3,7.9,5.6,5.6,8.5,6.7,9.2,5.4,5.1,5.8,10.1,9.2,9.4,7.4,4.6,4.0,4.9,9.5,10.4],[1.7,1.4,2.7,0.8,1.0,1.5,2.7,1.3,1.6,3.7,2.0,3.5,1.7,1.6,1.9,4.8,5.6,5.2,4.8,1.3,1.2,1.4,4.5,4.0],[1.3,1.4,2.6,1.0,0.8,1.0,2.3,1.2,1.2,3.3,1.6,3.4,1.5,1.5,1.7,4.8,5.5,5.0,4.7,1.4,1.2,1.3,4.0,3.6],[1.5,1.8,3.2,1.4,1.0,0.8,2.2,1.4,1.5,3.2,1.8,3.7,1.8,2.2,2.1,5.4,6.2,5.6,5.2,1.9,1.6,1.4,4.5,4.5],[3.8,3.6,5.2,3.2,2.6,2.9,1.3,2.9,2.9,4.5,4.4,5.0,4.3,5.1,5.6,8.8,9.5,9.1,8.1,5.0,5.0,4.7,6.6,6.5],[1.6,1.3,3.1,1.2,1.2,1.4,1.9,0.8,1.0,2.8,1.6,2.9,1.3,1.6,2.0,4.8,5.5,5.3,5.0,1.6,1.6,1.8,4.1,3.7],[1.4,1.4,3.2,1.5,1.2,1.3,2.2,1.0,0.8,2.5,1.4,3.0,1.4,1.3,1.7,4.7,5.5,5.2,5.0,1.6,1.6,1.8,4.4,4.5],[3.7,4.2,6.4,4.7,4.4,3.5,5.2,3.1,2.6,1.1,2.9,3.9,4.4,4.4,4.7,9.1,9.1,9.1,9.1,4.8,4.0,4.7,5.4,5.5],[2.0,2.5,4.2,2.8,2.6,2.4,3.7,2.3,1.6,2.2,0.9,2.4,2.1,2.4,2.4,5.4,6.1,6.3,5.7,2.8,2.6,2.8,4.8,4.9],[5.2,5.0,7.2,6.3,5.7,6.0,7.2,5.5,4.2,5.1,3.6,1.3,3.9,3.5,6.0,7.9,8.8,8.7,8.4,5.7,6.6,6.5,8.0,7.3],[1.7,1.4,3.4,1.6,1.9,2.0,3.1,1.4,1.4,3.5,1.5,2.7,0.8,1.1,1.5,4.7,5.2,5.1,4.8,1.4,1.6,2.0,4.7,5.1],[1.4,1.5,3.3,1.6,1.7,1.9,3.2,1.5,1.4,3.5,1.6,2.8,1.0,0.8,1.1,4.1,5.0,4.8,4.4,1.4,1.3,1.7,4.6,5.4],[1.6,2.0,3.5,2.1,2.4,2.7,3.7,2.5,2.3,4.0,1.9,3.5,1.7,1.1,0.8,4.1,4.6,4.8,4.9,1.8,1.6,1.7,4.8,5.4],[10.9,10.7,11.6,11.5,11.7,13.7,13.7,11.3,11.4,13.4,10.8,12.3,9.0,6.5,7.7,1.3,5.9,7.3,7.8,8.4,8.9,11.3,12.7,12.7],[11.0,10.6,11.5,12.1,11.7,12.8,14.3,12.3,11.3,12.6,10.8,11.6,10.6,8.2,8.0,4.2,1.2,5.2,7.0,8.3,9.6,11.0,12.7,12.9],[10.6,10.4,10.9,11.7,12.5,12.5,13.7,12.1,10.7,12.1,11.0,12.5,10.0,8.4,9.2,4.4,4.6,1.2,7.4,7.1,9.2,12.2,11.7,13.3],[8.7,7.8,9.0,7.8,10.2,10.4,12.5,9.3,9.1,11.3,9.4,11.9,7.4,5.7,6.8,6.2,6.5,7.1,1.1,5.8,5.1,9.0,11.5,11.8],[2.1,1.5,3.7,1.5,2.0,2.3,3.6,2.0,2.1,4.2,2.3,3.9,1.5,1.4,1.7,4.7,5.3,4.8,3.6,0.8,1.3,1.7,5.1,5.6],[1.3,1.4,3.2,1.3,1.3,1.7,3.2,1.6,1.7,4.3,2.0,3.9,1.6,1.3,1.4,4.8,5.7,5.3,4.0,1.0,0.8,1.0,4.4,5.1],[1.5,2.0,3.4,1.5,1.5,1.6,3.3,2.1,1.9,3.6,2.1,4.1,2.0,1.8,1.5,5.3,6.0,5.6,4.8,1.4,1.0,0.8,3.4,3.9],[7.4,8.2,9.6,6.4,6.5,7.0,9.2,7.1,8.4,6.8,8.6,10.2,9.2,8.1,8.3,12.0,12.7,13.4,11.5,7.5,5.6,5.7,1.1,3.6],[7.0,8.6,10.4,7.3,7.2,6.6,8.7,8.4,8.5,6.1,8.0,10.7,8.7,8.3,8.2,11.9,13.1,13.6,11.9,7.5,7.3,5.0,3.3,1.3]],
  "token_chain_ids": ["A","B","C","C","C","C","C","C","C","C","C","C","C","C","C","C","C","C","C","C","C","C","C","C"],
  "token_res_ids": [1,1,1,2,3,4,5,6,7,8,9,10,11,12,13,14,15,16,17,18,19,20,21,22]
}