{
  "atom_chain_ids": ["A","B","C","C","C","C","C","C","C","C","C","C","C","C","C","C","C","C","C","C","C","C","C","C","C","C","C","C","C","C","C","C","C","C","C","C","C","C","C","C","C","C","C","C","C","C","C","C","C","C","C","C","C","C","C","C","C","C","C","C","C","C","C","C","C","C","C","C","C","C","C","C","C","C","C","C","C","C","C","C","C","C","C","C","C","C","C","C","C","C","C","C","C","C","C","C","C","C","C","C","C","C","C","C","C","C","C","C","C","C","C","C","C","C","C","C","C","C","C","C","C","C","C","C","C","C","C","C","C","C","C","C","C","C","C","C","C","C","C","C","C","C","C","C","C","C","C","C","C","C","C","C","C","C","C","C","C","C","C","C","C","C","C","C","C","C","C","C","C","C","C","C","C","C","C","C","C","C","C","C","C","C","C","C","C","C","C","C","C","C","C","C","C","C","C","C","C","C","C","C","C","C","C","C","C","C","C","C","C","C","C","C","C","C","C","C","C","C","C","C","C","C","C","C","C","C","C","C","C","C","C","C","C","C","C","C","C","C","C","C","C","C","C","C","C","C","C","C","C","C","C","C","C","C","C","C","C","C","C","C","C","C","C","C","C","C","C","C","C","C","C","C","C","C","C","C","C","C","C","C","C","C","C","C","C","C","C","C","C","C","C","C","C","C","C","C","C","C","C","C","C","C","C","C","C","C","C","C","C","C","C","C","C","C","C","C","C","C","C","C","C","C","C","C","C","C","C","C","C","C","C","C","C","C","C","C","C","C","C","C","C","C","C","C","C","C","C","C","C","C","C","C","C","C","C","C","C","C","C","C","C","C","C","C","C","C","C","C","C","C","C","C","C","C","C","C","C","C","C","C","C","C","C","C","C","C","C","C","C","C","C","C","C","C","C","C","C","C","C","C","C","C","C","C","C","C","C","C","C","C","C","C","C","C","C","C","C","C","C","C","C","C","C","C","C","C","C","C","C","C","C","C","C","C","C","C","C","C","C","C","C","C","C","C","C","C","C","C","C","C","C","C","C","C","C","C","C","C","C","C","C","C","C","C","C","C","C","C","C","C","C","C"],
  "atom_plddts": [87.14,86.56,61.43,65.24,56.82,57.01,65.32,69.25,72.53,73.68,76.04,74.73,75.89,73.84,73.78,70.37,67.47,67.83,66.74,62.66,60.78,62.25,65.32,70.9,80.99,77.64,76.22,81.24,82.48,84.76,84.44,84.93,84.48,84.92,85.26,85.79,85.86,84.94,85.34,85.53,84.75,84.65,85.04,85.17,85.37,85.93,82.91,80.56,79.78,83.06,83.4,85.22,84.63,85.13,84.49,84.92,85.23,85.87,85.91,85.2,85.48,85.68,84.99,84.93,85.21,85.23,85.26,85.86,81.83,79.8,78.96,81.45,81.29,82.88,82.89,83.2,82.31,82.76,82.92,83.83,83.98,83.16,83.41,83.96,83.37,83.33,83.42,83.18,83.06,83.99,80.36,77.57,77.78,80.02,77.91,80.28,79.57,80.46,79.27,77.61,77.2,78.43,76.59,74.56,73.32,72.99,71.7,70.41,72.47,81.24,77.38,76.26,81.34,82.03,84.71,84.38,84.95,84.31,84.69,84.92,85.59,85.68,84.98,85.44,85.71,85.01,85.03,85.15,85.12,85.33,85.93,81.21,78.31,77.69,81.44,81.75,83.73,83.31,83.89,83.06,83.55,83.86,84.67,84.83,84.0,84.38,84.8,84.24,84.2,84.44,84.34,84.48,85.08,76.05,73.24,72.16,74.62,71.01,73.23,70.17,72.4,71.57,66.53,64.31,66.92,62.07,57.82,55.46,53.79,51.71,49.73,52.34,56.61,73.88,69.06,66.39,73.46,75.27,78.14,79.35,79.96,78.89,79.47,79.56,80.59,80.64,79.0,79.82,80.43,79.39,79.22,79.49,79.61,80.29,81.53,73.86,70.01,70.16,73.93,70.29,72.53,70.04,71.54,70.22,66.91,65.67,67.49,63.88,61.48,59.77,58.68,57.16,55.25,57.72,61.49,78.47,73.67,72.82,78.92,80.1,82.94,83.4,83.91,83.22,83.74,83.94,84.71,84.85,83.94,84.47,84.86,84.17,84.16,84.35,84.35,84.67,85.3,79.5,75.6,74.95,80.37,81.46,83.53,83.13,83.57,82.91,83.75,84.25,84.78,85.13,84.45,84.99,85.38,84.9,85.0,85.05,84.94,85.35,85.59,80.04,76.4,75.29,80.24,80.54,82.92,83.27,83.54,82.85,83.38,83.57,84.62,84.79,83.73,84.14,84.71,84.04,83.94,84.1,84.03,84.36,85.17,69.36,66.62,65.77,68.63,65.43,66.77,65.5,66.9,65.98,64.38,61.01,62.97,58.5,54.3,53.17,51.77,48.62,46.46,48.41,51.44,51.75,68.37,63.18,62.38,68.04,65.15,66.93,66.04,67.79,66.53,65.51,63.27,64.79,60.34,56.63,55.47,53.95,49.72,47.86,50.05,53.52,55.64,67.94,62.28,62.17,69.11,66.36,69.4,68.35,69.83,69.01,66.24,66.8,67.91,65.08,62.38,61.57,60.47,58.52,57.28,59.46,63.35,70.78,64.57,63.77,70.53,69.32,71.85,71.5,72.8,71.36,70.32,67.96,70.06,67.24,63.5,63.12,62.93,59.54,57.41,58.78,61.24,62.92,76.44,70.97,69.46,77.55,79.56,82.69,82.85,83.35,82.88,83.29,83.86,84.25,84.35,83.0,83.55,83.88,83.02,82.84,83.31,83.56,83.92,84.65,81.45,78.6,77.5,81.85,82.07,84.18,83.65,84.1,83.58,84.06,84.5,85.14,85.28,84.34,84.66,85.02,84.37,84.24,84.54,84.51,84.54,85.28,81.54,79.39,78.32,81.13,80.84,82.95,83.07,83.37,82.62,83.0,82.96,83.99,84.05,82.98,83.16,83.64,82.92,82.7,82.97,82.86,82.66,83.89,71.04,68.9,67.4,69.11,65.71,66.95,63.21,66.4,64.7,62.61,58.44,61.06,55.68,51.75,50.22,48.17,44.58,42.67,44.39,47.63,48.9,67.48,64.83,62.84,65.16,64.3,65.35,61.62,65.49,63.41,62.22,58.33,60.56,56.07,51.95,50.4,49.09,45.39,43.38,45.16,48.21,50.77],
  "contact_probs": [[1.0,1.0,0.06,0.9,1.0,0.99,0.01,0.96,1.0,0.28,0.96,0.02,0.85,1.0,0.99,0.02,0.01,0.0,0.01,0.85,1.0,0.98,0.42,0.48],[1.0,1.0,0.46,0.99,0.99,0.61,0.01,1.0,0.99,0.04,0.66,0.02,0.99,0.99,0.73,0.01,0.0,0.0,0.02,0.99,0.99,0.72,0.08,0.08],[0.06,0.46,1.0,0.64,0.21,0.0,0.0,0.22,0.01,0.01,0.01,0.0,0.12,0.02,0.0,0.01,0.01,0.02,0.06,0.48,0.35,0.01,0.02,0.01],[0.9,0.99,0.64,1.0,1.0,0.06,0.01,0.36,0.0,0.0,0.0,0.0,0.0,0.0,0.0,0.0,0.0,0.0,0.02,0.27,0.98,0.64,0.02,0.01],[1.0,0.99,0.21,1.0,1.0,1.0,0.05,0.98,0.16,0.03,0.0,0.0,0.0,0.0,0.0,0.0,0.0,0.0,0.0,0.0,0.32,0.96,0.3,0.31],[0.99,0.61,0.0,0.06,1.0,1.0,0.04,0.85,0.92,0.43,0.32,0.01,0.0,0.0,0.01,0.01,0.0,0.0,0.0,0.0,0.0,0.21,0.42,0.56],[0.01,0.01,0.0,0.01,0.05,0.04,1.0,0.02,0.01,0.01,0.01,0.0,0.0,0.0,0.0,0.0,0.0,0.0,0.0,0.0,0.0,0.0,0.01,0.01],[0.96,1.0,0.22,0.36,0.98,0.85,0.02,1.0,1.0,0.07,0.06,0.02,0.32,0.0,0.0,0.0,0.0,0.0,0.0,0.0,0.0,0.0,0.0,0.0],[1.0,0.99,0.01,0.0,0.16,0.92,0.01,1.0,1.0,0.43,0.96,0.04,0.98,0.26,0.01,0.01,0.0,0.0,0.0,0.0,0.0,0.0,0.03,0.14],[0.28,0.04,0.01,0.0,0.03,0.43,0.01,0.07,0.43,1.0,0.45,0.07,0.03,0.07,0.09,0.02,0.01,0.0,0.0,0.0,0.0,0.01,0.14,0.31],[0.96,0.66,0.01,0.0,0.0,0.32,0.01,0.06,0.96,0.45,1.0,0.11,0.67,0.93,0.25,0.02,0.01,0.0,0.0,0.0,0.0,0.0,0.12,0.35],[0.02,0.02,0.0,0.0,0.0,0.01,0.0,0.02,0.04,0.07,0.11,1.0,0.04,0.04,0.01,0.0,0.0,0.0,0.01,0.0,0.0,0.0,0.01,0.03],[0.85,0.99,0.12,0.0,0.0,0.0,0.0,0.32,0.98,0.03,0.67,0.04,1.0,1.0,0.02,0.01,0.01,0.01,0.09,0.2,0.0,0.0,0.0,0.0],[1.0,0.99,0.02,0.0,0.0,0.0,0.0,0.0,0.26,0.07,0.93,0.04,1.0,1.0,1.0,0.1,0.03,0.01,0.09,0.98,0.34,0.01,0.02,0.05],[0.99,0.73,0.0,0.0,0.0,0.01,0.0,0.0,0.01,0.09,0.25,0.01,0.02,1.0,1.0,0.24,0.07,0.02,0.07,0.88,0.97,0.41,0.26,0.3],[0.02,0.01,0.01,0.0,0.0,0.01,0.0,0.0,0.01,0.02,0.02,0.0,0.01,0.1,0.24,1.0,0.75,0.17,0.36,0.02,0.02,0.01,0.03,0.02],[0.01,0.0,0.01,0.0,0.0,0.0,0.0,0.0,0.0,0.01,0.01,0.0,0.01,0.03,0.07,0.75,1.0,0.58,0.49,0.02,0.01,0.0,0.01,0.01],[0.0,0.0,0.02,0.0,0.0,0.0,0.0,0.0,0.0,0.0,0.0,0.0,0.01,0.01,0.02,0.17,0.58,1.0,0.54,0.03,0.01,0.0,0.0,0.0],[0.01,0.02,0.06,0.02,0.0,0.0,0.0,0.0,0.0,0.0,0.0,0.01,0.09,0.09,0.07,0.36,0.49,0.54,1.0,0.1,0.03,0.0,0.0,0.0],[0.85,0.99,0.48,0.27,0.0,0.0,0.0,0.0,0.0,0.0,0.0,0.0,0.2,0.98,0.88,0.02,0.02,0.03,0.1,1.0,1.0,0.05,0.01,0.0],[1.0,0.99,0.35,0.98,0.32,0.0,0.0,0.0,0.0,0.0,0.0,0.0,0.0,0.34,0.97,0.02,0.01,0.01,0.03,1.0,1.0,1.0,0.41,0.11],[0.98,0.72,0.01,0.64,0.96,0.21,0.0,0.0,0.0,0.01,0.0,0.0,0.0,0.01,0.41,0.01,0.0,0.0,0.0,0.05,1.0,1.0,0.77,0.62],[0.42,0.08,0.02,0.02,0.3,0.42,0.01,0.0,0.03,0.14,0.12,0.01,0.0,0.02,0.26,0.03,0.01,0.0,0.0,0.01,0.41,0.77,1.0,0.63],[0.48,0.08,0.01,0.01,0.31,0.56,0.01,0.0,0.14,0.31,0.35,0.03,0.0,0.05,0.3,0.02,0.01,0.0,0.0,0.0,0.11,0.62,0.63,1.0]],
  "pae": [[0.8,1.2,3.6,1.5,1.3,1.4,3.5,1.7,1.3,4.0,1.8,4.1,1.6,1.3,1.4,5.4,5.7,6.3,3.9,1.7,1.3,1.4,3.7,4.5],[1.3,0.8,3.6,1.4,1.6,2.2,3.9,1.6,1.4,4.6,2.8,4.6,1.5,1.5,2.4,5.9,6.4,6.7,4.2,1.5,1.5,2.2,4.4,5.2],[4.6,3.9,1.1,2.2,4.2,7.0,6.6,5.9,5.9,7.6,6.9,9.9,5.9,4.9,6.0,11.3,10.7,10.8,9.3,5.2,4.0,5.9,8.2,10.6],[1.7,1.4,2.5,0.8,1.0,1.4,2.6,1.2,1.5,3.7,2.1,3.9,1.6,1.6,1.9,4.7,5.1,4.8,3.5,1.3,1.2,1.5,3.7,4.2],[1.4,1.4,2.5,0.9,0.8,1.0,2.3,1.2,1.1,3.4,1.6,3.6,1.5,1.5,1.7,4.8,5.0,4.5,3.2,1.5,1.1,1.3,3.5,4.3],[1.5,1.8,3.1,1.3,1.0,0.8,2.2,1.3,1.4,3.4,1.8,3.8,1.8,1.9,1.9,5.5,5.7,5.2,3.9,1.8,1.5,1.3,3.6,4.3],[3.9,3.6,5.2,3.2,2.6,2.7,1.2,2.9,2.8,4.8,4.6,5.0,4.7,5.1,5.6,9.0,9.5,9.1,7.9,5.0,4.7,4.4,5.9,6.9],[1.6,1.3,3.1,1.2,1.2,1.3,2.0,0.8,1.0,3.0,1.6,3.2,1.3,1.6,1.9,5.0,5.3,4.7,3.4,1.6,1.6,1.7,3.6,4.2],[1.4,1.4,3.1,1.4,1.2,1.3,2.2,1.0,0.8,2.8,1.3,3.1,1.3,1.3,1.7,4.7,5.1,4.7,3.3,1.6,1.6,1.7,3.8,4.6],[4.3,5.0,7.6,6.2,5.1,4.3,5.8,3.7,3.0,1.2,3.7,4.3,6.0,5.2,6.2,9.3,10.3,10.3,9.5,6.1,5.2,5.4,5.6,7.4],[2.3,2.6,4.8,3.0,2.8,2.7,3.9,2.6,1.9,2.8,0.9,2.6,2.3,2.5,2.5,5.7,5.9,6.4,5.1,3.0,2.8,2.8,4.6,5.4],[6.3,5.7,8.8,7.6,6.8,7.0,8.3,6.4,4.7,5.8,4.0,1.4,4.6,3.8,6.0,8.9,9.2,9.3,9.5,6.2,7.8,7.6,8.4,9.2],[1.8,1.4,3.6,1.6,1.7,2.0,3.0,1.3,1.3,3.9,1.6,2.9,0.8,1.0,1.4,4.6,4.9,4.7,3.2,1.4,1.6,2.0,4.3,5.5],[1.4,1.5,3.6,1.6,1.6,1.8,3.1,1.5,1.3,4.1,1.7,3.0,1.0,0.8,1.1,4.1,4.5,4.2,3.1,1.3,1.2,1.7,4.3,5.6],[1.6,2.0,3.6,2.1,2.3,2.5,3.7,2.4,2.3,4.2,1.9,3.7,1.7,1.1,0.8,4.0,4.1,4.3,3.4,1.8,1.6,1.6,4.3,5.4],[9.7,10.2,12.3,11.4,10.7,11.8,13.1,11.1,10.3,12.2,10.1,12.3,8.3,5.6,6.4,1.2,5.5,5.2,6.6,8.4,8.9,10.6,11.2,12.6],[10.3,10.2,11.0,10.8,10.3,11.8,13.2,11.0,10.2,11.1,9.7,11.4,10.2,7.7,6.9,4.1,1.2,3.1,4.4,8.1,9.1,9.0,11.0,11.9],[9.4,9.1,10.4,10.2,10.0,10.5,12.4,10.7,9.5,10.0,9.0,11.0,8.8,7.6,6.9,4.2,3.0,1.1,4.9,6.6,8.8,9.8,9.9,11.1],[7.1,6.3,7.7,6.8,7.1,7.7,10.5,7.7,6.9,8.7,7.6,9.6,6.7,4.9,6.1,5.1,3.9,3.4,1.1,4.9,4.8,7.3,9.3,10.1],[2.0,1.4,3.7,1.7,2.0,2.5,3.8,2.2,2.2,4.3,2.3,3.9,1.5,1.5,1.7,4.1,4.1,3.9,2.6,0.8,1.1,1.8,4.2,5.1],[1.3,1.4,3.1,1.2,1.2,1.6,2.9,1.6,1.6,4.4,1.9,3.8,1.5,1.3,1.4,4.4,4.8,4.5,2.8,0.9,0.8,1.0,3.5,4.5],[1.4,1.9,3.2,1.4,1.4,1.5,2.9,1.9,1.8,3.9,2.0,4.1,1.8,1.6,1.4,4.7,5.1,4.7,3.5,1.4,1.0,0.8,2.8,3.5],[6.0,6.6,8.2,6.1,6.3,5.4,7.5,6.2,7.0,5.2,7.2,9.0,7.3,7.1,7.2,9.2,10.6,11.5,11.2,6.1,5.2,4.8,1.1,3.2],[6.0,7.3,8.9,7.0,7.0,5.3,7.5,7.3,7.5,4.6,6.9,9.6,7.4,7.3,7.8,10.7,11.4,12.7,11.3,7.0,6.3,3.9,2.4,1.2]],
  "token_chain_ids": ["A","B","C","C","C","C","C","C","C","C","C","C","C","C","C","C","C","C","C","C","C","C","C","C"],
  "token_res_ids": [1,1,1,2,3,4,5,6,7,8,9,10,11,12,13,14,15,16,17,18,19,20,21,22]
}