{
  "atom_chain_ids": ["A","B","C","C","C","C","C","C","C","C","C","C","C","C","C","C","C","C","C","C","C","C","C","C","C","C","C","C","C","C","C","C","C","C","C","C","C","C","C","C","C","C","C","C","C","C","C","C","C","C","C","C","C","C","C","C","C","C","C","C","C","C","C","C","C","C","C","C","C","C","C","C","C","C","C","C","C","C","C","C","C","C","C","C","C","C","C","C","C","C","C","C","C","C","C","C","C","C","C","C","C","C","C","C","C","C","C","C","C","C","C","C","C","C","C","C","C","C","C","C","C","C","C","C","C","C","C","C","C","C","C","C","C","C","C","C","C","C","C","C","C","C","C","C","C","C","C","C","C","C","C","C","C","C","C","C","C","C","C","C","C","C","C","C","C","C","C","C","C","C","C","C","C","C","C","C","C","C","C","C","C","C","C","C","C","C","C","C","C","C","C","C","C","C","C","C","C","C","C","C","C","C","C","C","C","C","C","C","C","C","C","C","C","C","C","C","C","C","C","C","C","C","C","C","C","C","C","C","C","C","C","C","C","C","C","C","C","C","C","C","C","C","C","C","C","C","C","C","C","C","C","C","C","C","C","C","C","C","C","C","C","C","C","C","C","C","C","C","C","C","C","C","C","C","C","C","C","C","C","C","C","C","C","C","C","C","C","C","C","C","C","C","C","C","C","C","C","C","C","C","C","C","C","C","C","C","C","C","C","C","C","C","C","C","C","C","C","C","C","C","C","C","C","C","C","C","C","C","C","C","C","C","C","C","C","C","C","C","C","C","C","C","C","C","C","C","C","C","C","C","C","C","C","C","C","C","C","C","C","C","C","C","C","C","C","C","C","C","C","C","C","C","C","C","C","C","C","C","C","C","C","C","C","C","C","C","C","C","C","C","C","C","C","C","C","C","C","C","C","C","C","C","C","C","C","C","C","C","C","C","C","C","C","C","C","C","C","C","C","C","C","C","C","C","C","C","C","C","C","C","C","C","C","C","C","C","C","C","C","C","C","C","C","C","C","C","C","C","C","C","C","C","C","C","C","C","C","C","C","C","C","C","C","C","C","C","C","C","C","C","C","C"],
  "atom_plddts": [84.72,84.35,59.7,62.81,54.71,55.0,62.98,66.7,69.8,70.97,73.38,72.06,73.35,71.05,70.91,67.62,64.68,64.77,63.81,60.16,58.06,59.66,62.64,67.77,77.4,73.9,72.7,77.9,79.35,81.73,81.45,81.96,81.38,81.96,82.37,82.78,82.98,82.03,82.5,82.84,82.12,81.96,82.31,82.42,82.62,83.19,79.7,77.31,76.56,80.05,80.5,82.49,81.81,82.32,81.61,82.25,82.63,83.1,83.27,82.39,82.71,83.06,82.36,82.23,82.49,82.54,82.54,83.23,79.11,76.95,75.89,78.82,78.52,80.25,80.34,80.68,79.63,80.16,80.18,81.09,81.29,80.36,80.57,81.32,80.77,80.53,80.61,80.47,80.26,81.32,77.02,74.25,74.74,77.08,74.72,77.24,76.54,77.52,76.48,74.37,74.27,75.33,73.32,71.18,69.81,69.41,68.33,66.83,69.07,78.09,74.3,73.28,78.41,79.25,81.9,81.61,82.18,81.46,82.03,82.31,82.84,83.03,82.09,82.57,82.98,82.3,82.19,82.33,82.34,82.48,83.21,78.3,75.46,74.96,78.79,79.27,81.4,81.04,81.62,80.7,81.41,81.7,82.39,82.64,81.48,81.86,82.41,81.82,81.64,81.91,81.92,82.05,82.79,72.07,69.76,68.75,70.89,66.96,68.91,65.28,67.91,67.28,61.88,59.76,62.03,57.16,53.08,50.89,48.91,47.21,45.37,48.05,52.14,71.95,67.71,65.23,71.37,72.92,75.6,77.0,77.52,76.39,76.96,76.77,77.87,77.94,75.98,76.6,77.36,76.33,75.92,76.14,76.36,76.88,78.59,67.57,64.16,64.82,68.4,64.98,67.22,64.47,66.72,65.6,62.02,60.87,62.45,58.97,55.85,54.24,53.01,51.96,50.09,52.6,56.21,75.27,70.83,70.25,75.78,77.17,79.9,80.5,81.0,80.13,80.86,81.16,81.78,82.06,80.83,81.37,81.92,81.26,81.07,81.29,81.33,81.61,82.41,76.8,73.14,72.5,77.74,79.0,81.1,80.78,81.16,80.4,81.31,81.8,82.24,82.66,81.77,82.31,82.81,82.31,82.28,82.38,82.3,82.67,83.08,77.3,74.01,73.1,77.55,77.89,80.19,80.56,80.84,80.06,80.62,80.79,81.8,82.08,80.79,81.16,81.87,81.27,81.05,81.18,81.1,81.33,82.29,68.23,65.42,64.81,67.77,64.73,66.23,65.21,66.53,65.63,64.13,60.89,62.86,58.75,54.52,53.34,52.06,48.97,46.83,48.79,51.77,52.03,65.3,60.55,60.11,65.13,62.46,63.82,62.65,64.64,63.43,62.17,59.58,61.02,56.47,52.53,51.0,49.36,45.64,43.74,45.96,49.42,50.96,65.75,60.39,60.3,66.86,64.13,66.79,65.47,67.2,66.46,63.54,63.81,65.03,61.88,58.69,57.55,56.24,54.32,52.82,55.39,59.47,66.13,60.01,59.51,66.55,65.61,68.11,67.75,69.16,67.91,66.78,64.49,66.34,63.67,59.99,59.61,59.34,56.46,54.32,55.68,58.12,59.44,74.41,69.26,67.75,75.26,77.31,80.52,80.75,81.28,80.63,81.12,81.67,82.09,82.25,80.65,81.24,81.67,80.77,80.47,80.89,81.14,81.49,82.44,78.35,75.23,74.0,79.02,79.35,81.57,81.12,81.51,80.96,81.62,82.07,82.57,82.84,81.88,82.27,82.76,82.15,81.96,82.23,82.21,82.26,83.0,78.31,76.13,74.91,77.99,77.74,79.95,80.23,80.52,79.64,80.09,79.99,80.91,81.05,79.91,80.11,80.75,80.08,79.73,79.94,79.89,79.67,80.97,61.94,59.2,57.82,61.09,58.46,59.05,55.94,59.37,58.01,56.32,52.56,54.46,50.05,46.63,45.13,43.44,40.58,38.74,40.32,43.24,44.46,55.41,51.44,50.14,54.77,55.53,56.7,53.62,58.19,56.43,55.65,52.32,53.64,49.83,46.34,44.94,43.8,41.01,39.3,40.87,43.57,46.26],
  "contact_probs": [[1.0,1.0,0.06,0.9,1.0,0.99,0.01,0.96,1.0,0.28,0.96,0.02,0.85,1.0,0.99,0.02,0.01,0.0,0.01,0.85,1.0,0.98,0.42,0.48],[1.0,1.0,0.46,0.99,0.99,0.61,0.01,1.0,0.99,0.04,0.66,0.02,0.99,0.99,0.73,0.01,0.0,0.0,0.02,0.99,0.99,0.72,0.08,0.08],[0.06,0.46,1.0,0.64,0.21,0.0,0.0,0.22,0.01,0.01,0.01,0.0,0.12,0.02,0.0,0.01,0.01,0.02,0.06,0.48,0.35,0.01,0.02,0.01],[0.9,0.99,0.64,1.0,1.0,0.06,0.01,0.36,0.0,0.0,0.0,0.0,0.0,0.0,0.0,0.0,0.0,0.0,0.02,0.27,0.98,0.64,0.02,0.01],[1.0,0.99,0.21,1.0,1.0,1.0,0.05,0.98,0.16,0.03,0.0,0.0,0.0,0.0,0.0,0.0,0.0,0.0,0.0,0.0,0.32,0.96,0.3,0.31],[0.99,0.61,0.0,0.06,1.0,1.0,0.04,0.85,0.92,0.43,0.32,0.01,0.0,0.0,0.01,0.01,0.0,0.0,0.0,0.0,0.0,0.21,0.42,0.56],[0.01,0.01,0.0,0.01,0.05,0.04,1.0,0.02,0.01,0.01,0.01,0.0,0.0,0.0,0.0,0.0,0.0,0.0,0.0,0.0,0.0,0.0,0.01,0.01],[0.96,1.0,0.22,0.36,0.98,0.85,0.02,1.0,1.0,0.07,0.06,0.02,0.32,0.0,0.0,0.0,0.0,0.0,0.0,0.0,0.0,0.0,0.0,0.0],[1.0,0.99,0.01,0.0,0.16,0.92,0.01,1.0,1.0,0.43,0.96,0.04,0.98,0.26,0.01,0.01,0.0,0.0,0.0,0.0,0.0,0.0,0.03,0.14],[0.28,0.04,0.01,0.0,0.03,0.43,0.01,0.07,0.43,1.0,0.45,0.07,0.03,0.07,0.09,0.02,0.01,0.0,0.0,0.0,0.0,0.01,0.14,0.31],[0.96,0.66,0.01,0.0,0.0,0.32,0.01,0.06,0.96,0.45,1.0,0.11,0.67,0.93,0.25,0.02,0.01,0.0,0.0,0.0,0.0,0.0,0.12,0.35],[0.02,0.02,0.0,0.0,0.0,0.01,0.0,0.02,0.04,0.07,0.11,1.0,0.04,0.04,0.01,0.0,0.0,0.0,0.01,0.0,0.0,0.0,0.01,0.03],[0.85,0.99,0.12,0.0,0.0,0.0,0.0,0.32,0.98,0.03,0.67,0.04,1.0,1.0,0.02,0.01,0.01,0.01,0.09,0.2,0.0,0.0,0.0,0.0],[1.0,0.99,0.02,0.0,0.0,0.0,0.0,0.0,0.26,0.07,0.93,0.04,1.0,1.0,1.0,0.1,0.03,0.01,0.09,0.98,0.34,0.01,0.02,0.05],[0.99,0.73,0.0,0.0,0.0,0.01,0.0,0.0,0.01,0.09,0.25,0.01,0.02,1.0,1.0,0.24,0.07,0.02,0.07,0.88,0.97,0.41,0.26,0.3],[0.02,0.01,0.01,0.0,0.0,0.01,0.0,0.0,0.01,0.02,0.02,0.0,0.01,0.1,0.24,1.0,0.75,0.17,0.36,0.02,0.02,0.01,0.03,0.02],[0.01,0.0,0.01,0.0,0.0,0.0,0.0,0.0,0.0,0.01,0.01,0.0,0.01,0.03,0.07,0.75,1.0,0.58,0.49,0.02,0.01,0.0,0.01,0.01],[0.0,0.0,0.02,0.0,0.0,0.0,0.0,0.0,0.0,0.0,0.0,0.0,0.01,0.01,0.02,0.17,0.58,1.0,0.54,0.03,0.01,0.0,0.0,0.0],[0.01,0.02,0.06,0.02,0.0,0.0,0.0,0.0,0.0,0.0,0.0,0.01,0.09,0.09,0.07,0.36,0.49,0.54,1.0,0.1,0.03,0.0,0.0,0.0],[0.85,0.99,0.48,0.27,0.0,0.0,0.0,0.0,0.0,0.0,0.0,0.0,0.2,0.98,0.88,0.02,0.02,0.03,0.1,1.0,1.0,0.05,0.01,0.0],[1.0,0.99,0.35,0.98,0.32,0.0,0.0,0.0,0.0,0.0,0.0,0.0,0.0,0.34,0.97,0.02,0.01,0.01,0.03,1.0,1.0,1.0,0.41,0.11],[0.98,0.72,0.01,0.64,0.96,0.21,0.0,0.0,0.0,0.01,0.0,0.0,0.0,0.01,0.41,0.01,0.0,0.0,0.0,0.05,1.0,1.0,0.77,0.62],[0.42,0.08,0.02,0.02,0.3,0.42,0.01,0.0,0.03,0.14,0.12,0.01,0.0,0.02,0.26,0.03,0.01,0.0,0.0,0.01,0.41,0.77,1.0,0.63],[0.48,0.08,0.01,0.01,0.31,0.56,0.01,0.0,0.14,0.31,0.35,0.03,0.0,0.05,0.3,0.02,0.01,0.0,0.0,0.0,0.11,0.62,0.63,1.0]],
  "pae": [[0.8,1.4,3.7,1.6,1.5,1.5,3.8,1.9,1.5,4.8,1.9,5.3,1.9,1.4,1.5,6.4,6.6,6.3,4.3,1.9,1.4,1.5,5.5,5.2],[1.4,0.8,3.6,1.5,1.7,2.3,4.3,1.6,1.5,5.4,2.9,5.9,1.6,1.5,2.3,6.8,7.2,6.8,4.4,1.6,1.5,2.2,6.3,5.8],[4.2,3.5,1.0,2.3,3.7,6.2,6.7,4.9,5.2,8.6,6.2,9.2,5.5,5.3,6.0,10.5,9.9,9.7,8.1,4.6,4.1,5.8,8.8,9.5],[1.7,1.4,2.9,0.8,1.1,1.6,2.9,1.4,1.7,4.6,2.3,4.8,1.9,1.8,2.2,5.4,6.0,5.1,3.6,1.6,1.4,1.8,5.3,4.7],[1.3,1.4,2.7,1.0,0.8,1.0,2.5,1.3,1.2,4.1,1.8,4.3,1.6,1.6,1.9,5.4,5.8,4.8,3.5,1.6,1.3,1.7,5.0,4.6],[1.6,1.9,3.2,1.5,1.1,0.8,2.4,1.5,1.6,4.1,1.9,5.0,2.1,2.2,2.4,6.3,6.7,5.7,4.2,2.2,1.8,1.6,4.9,5.0],[4.3,3.9,5.6,3.8,2.8,3.3,1.3,3.3,3.2,5.1,5.0,7.1,5.6,6.1,6.2,10.2,10.3,9.7,8.3,5.7,5.7,5.7,7.3,7.2],[1.5,1.3,3.4,1.4,1.3,1.5,2.2,0.8,1.1,3.6,1.8,4.2,1.4,1.6,2.2,5.8,5.9,5.2,3.7,1.9,1.8,2.1,4.7,4.5],[1.4,1.5,3.4,1.6,1.3,1.5,2.4,1.0,0.8,3.3,1.6,3.7,1.8,1.5,2.0,5.4,6.0,5.1,3.7,1.9,1.9,2.0,4.8,5.0],[5.2,6.4,8.2,6.7,6.6,5.4,6.7,4.8,3.3,1.2,4.3,5.6,9.4,6.9,6.7,11.4,12.1,11.3,9.5,8.5,7.0,6.7,7.6,7.0],[2.0,2.6,4.4,3.1,2.6,2.2,4.0,2.6,1.6,3.1,0.9,3.0,2.4,3.2,2.8,6.2,6.7,6.3,4.7,3.1,2.9,2.9,5.9,5.8],[6.6,6.9,10.3,8.1,7.4,8.4,9.2,8.4,5.0,6.4,4.5,1.4,5.8,5.2,7.3,9.5,11.5,10.6,9.7,8.9,8.9,9.0,8.9,8.9],[1.7,1.4,3.6,1.7,1.8,2.2,3.3,1.4,1.5,4.6,1.9,3.3,0.8,1.0,1.6,4.9,5.4,5.0,3.4,1.5,1.8,2.3,5.4,5.7],[1.3,1.4,3.5,1.7,1.7,2.0,3.4,1.6,1.4,4.6,1.9,3.7,1.1,0.8,1.1,4.3,4.7,4.4,3.3,1.6,1.4,1.9,5.2,5.8],[1.6,2.1,3.6,2.4,2.5,2.8,3.9,2.7,2.3,4.8,2.2,4.4,1.9,1.1,0.8,4.3,4.6,4.5,3.5,2.0,1.8,1.9,5.4,6.2],[9.5,10.3,11.5,12.0,11.6,13.1,13.5,12.2,11.9,12.5,11.2,10.4,9.2,6.0,7.2,1.2,5.4,6.0,6.0,9.4,8.8,11.2,11.7,12.5],[10.3,10.3,11.3,11.7,11.2,12.8,14.0,11.7,11.3,12.8,10.7,11.0,11.1,7.4,7.5,4.2,1.2,3.8,5.0,8.7,9.1,10.6,12.2,12.4],[10.5,9.9,11.2,10.7,11.1,12.2,13.8,11.9,11.0,11.6,10.3,10.9,10.0,8.1,7.4,4.2,3.5,1.1,5.6,7.0,8.9,11.3,11.5,12.1],[6.8,6.1,8.3,7.3,7.5,8.4,10.4,7.8,6.9,9.4,7.9,9.2,8.1,4.9,6.0,5.0,4.7,4.7,1.1,5.7,4.6,7.7,10.5,10.4],[2.1,1.5,3.5,1.8,2.2,2.6,4.0,2.8,2.5,5.0,2.7,4.8,1.8,1.7,2.0,4.8,5.1,4.4,2.7,0.8,1.2,1.9,5.6,5.7],[1.2,1.3,3.0,1.3,1.3,1.7,3.2,1.8,1.7,5.0,2.2,4.5,1.8,1.4,1.6,5.1,5.5,4.5,2.7,1.0,0.8,1.1,4.8,5.2],[1.5,2.1,3.2,1.8,1.7,1.8,3.5,2.4,2.3,4.8,2.4,4.8,2.5,2.1,1.8,5.9,6.2,5.2,3.7,1.7,1.2,0.8,3.8,4.3],[8.0,8.8,10.2,8.2,7.6,6.6,10.0,7.8,8.6,8.5,8.5,10.8,9.2,9.1,8.9,10.9,12.2,13.2,12.1,8.9,7.3,7.7,1.2,4.1],[7.6,9.1,10.7,8.8,8.2,7.4,10.0,8.3,9.0,6.9,8.3,11.4,10.0,9.4,8.9,11.8,13.7,14.2,13.0,8.3,8.5,6.0,3.8,1.4]],
  "token_chain_ids": ["A","B","C","C","C","C","C","C","C","C","C","C","C","C","C","C","C","C","C","C","C","C","C","C"],
  "token_res_ids": [1,1,1,2,3,4,5,6,7,8,9,10,11,12,13,14,15,16,17,18,19,20,21,22]
}