{
  "atom_chain_ids": ["A","B","C","C","C","C","C","C","C","C","C","C","C","C","C","C","C","C","C","C","C","C","C","C","C","C","C","C","C","C","C","C","C","C","C","C","C","C","C","C","C","C","C","C","C","C","C","C","C","C","C","C","C","C","C","C","C","C","C","C","C","C","C","C","C","C","C","C","C","C","C","C","C","C","C","C","C","C","C","C","C","C","C","C","C","C","C","C","C","C","C","C","C","C","C","C","C","C","C","C","C","C","C","C","C","C","C","C","C","C","C","C","C","C","C","C","C","C","C","C","C","C","C","C","C","C","C","C","C","C","C","C","C","C","C","C","C","C","C","C","C","C","C","C","C","C","C","C","C","C","C","C","C","C","C","C","C","C","C","C","C","C","C","C","C","C","C","C","C","C","C","C","C","C","C","C","C","C","C","C","C","C","C","C","C","C","C","C","C","C","C","C","C","C","C","C","C","C","C","C","C","C","C","C","C","C","C","C","C","C","C","C","C","C","C","C","C","C","C","C","C","C","C","C","C","C","C","C","C","C","C","C","C","C","C","C","C","C","C","C","C","C","C","C","C","C","C","C","C","C","C","C","C","C","C","C","C","C","C","C","C","C","C","C","C","C","C","C","C","C","C","C","C","C","C","C","C","C","C","C","C","C","C","C","C","C","C","C","C","C","C","C","C","C","C","C","C","C","C","C","C","C","C","C","C","C","C","C","C","C","C","C","C","C","C","C","C","C","C","C","C","C","C","C","C","C","C","C","C","C","C","C","C","C","C","C","C","C","C","C","C","C","C","C","C","C","C","C","C","C","C","C","C","C","C","C","C","C","C","C","C","C","C","C","C","C","C","C","C","C","C","C","C","C","C","C","C","C","C","C","C","C","C","C","C","C","C","C","C","C","C","C","C","C","C","C","C","C","C","C","C","C","C","C","C","C","C","C","C","C","C","C","C","C","C","C","C","C","C","C","C","C","C","C","C","C","C","C","C","C","C","C","C","C","C","C","C","C","C","C","C","C","C","C","C","C","C","C","C","C","C","C","C","C","C","C","C","C","C","C","C","C","C","C","C","C","C","C","C","C","C","C"],
  "atom_plddts": [87.14,86.68,60.74,64.86,56.54,56.84,64.95,68.8,72.13,73.22,75.72,74.39,75.46,73.28,73.23,69.56,66.55,66.73,65.49,61.17,59.31,60.95,64.16,70.11,81.57,78.34,77.0,81.65,82.72,84.89,84.55,85.03,84.54,84.94,85.22,85.85,85.93,85.15,85.52,85.73,84.99,84.9,85.28,85.36,85.51,86.07,83.3,80.95,80.24,83.36,83.67,85.52,84.93,85.45,84.77,85.13,85.39,86.08,86.11,85.39,85.65,85.84,85.14,85.06,85.36,85.38,85.41,86.04,82.61,80.64,79.71,82.01,81.76,83.36,83.36,83.65,82.73,83.13,83.09,84.16,84.28,83.55,83.75,84.29,83.7,83.63,83.73,83.51,83.32,84.33,81.58,78.63,78.55,81.18,79.08,81.47,80.86,81.73,80.52,79.08,78.6,79.88,78.23,76.34,75.3,75.05,73.63,72.49,74.38,81.98,78.2,77.02,81.98,82.57,85.14,84.8,85.36,84.74,85.05,85.23,85.93,85.98,85.33,85.76,86.01,85.3,85.32,85.45,85.43,85.62,86.23,81.97,79.17,78.53,82.0,82.24,84.12,83.7,84.26,83.4,83.82,84.07,84.99,85.14,84.43,84.79,85.19,84.65,84.64,84.87,84.73,84.82,85.42,77.31,74.46,73.46,75.79,72.38,74.67,71.67,73.96,72.96,68.17,65.91,68.42,63.48,58.8,56.28,54.56,52.25,50.29,53.0,57.55,75.38,70.57,67.91,74.91,76.59,79.54,80.55,81.1,80.04,80.59,80.64,81.89,81.97,80.52,81.32,81.94,80.92,80.82,81.07,81.12,81.72,82.86,75.43,71.53,71.55,75.46,71.67,74.11,71.82,73.48,72.06,69.04,68.06,69.86,66.27,63.82,62.22,61.13,59.39,57.67,60.04,63.87,79.43,74.65,73.82,79.79,81.04,83.79,84.21,84.73,84.08,84.52,84.75,85.51,85.62,84.82,85.35,85.68,84.99,85.02,85.23,85.22,85.57,86.12,80.78,76.94,76.27,81.44,82.49,84.49,84.08,84.54,83.87,84.59,85.06,85.66,85.97,85.38,85.88,86.23,85.75,85.86,85.92,85.8,86.17,86.42,81.04,77.5,76.44,81.03,81.27,83.46,83.76,83.99,83.28,83.8,84.01,85.14,85.34,84.52,84.96,85.51,84.9,84.91,84.98,84.8,85.11,85.83,74.73,71.44,70.5,73.62,70.45,72.41,71.52,72.57,71.49,70.16,67.21,69.3,64.87,60.2,59.12,57.82,53.87,51.67,53.73,56.88,57.68,73.83,68.17,66.45,72.91,69.71,71.98,71.3,72.41,71.04,70.05,67.7,69.71,65.64,62.34,61.67,60.69,56.26,54.42,56.34,59.46,61.56,72.99,66.7,66.21,73.86,70.7,73.87,73.1,74.55,73.53,71.03,71.14,72.66,69.94,67.44,66.7,65.96,63.69,62.64,64.4,68.29,73.18,67.2,66.39,72.77,71.37,74.11,73.97,75.14,73.78,73.02,70.93,72.99,70.37,66.76,66.6,66.57,63.18,61.23,62.39,64.61,66.48,80.07,75.16,73.65,80.66,82.18,84.91,84.97,85.36,85.01,85.27,85.76,86.28,86.34,85.34,85.75,85.98,85.19,85.07,85.55,85.74,85.98,86.61,83.15,80.22,78.9,83.39,83.65,85.66,85.17,85.61,85.05,85.49,85.93,86.65,86.76,85.94,86.28,86.55,85.94,85.91,86.15,86.07,86.14,86.78,82.19,79.99,78.94,81.73,81.54,83.59,83.69,83.94,83.2,83.61,83.62,84.65,84.72,83.78,83.99,84.43,83.73,83.59,83.83,83.68,83.53,84.64,69.52,67.78,66.24,67.65,64.06,65.11,61.21,64.31,62.8,60.67,56.3,58.77,53.48,49.66,47.92,45.93,42.56,40.62,42.37,45.56,46.57,62.84,58.97,57.1,61.4,61.44,62.75,59.56,63.79,61.88,61.1,57.82,59.44,55.24,51.45,50.12,48.83,45.33,43.45,45.16,48.19,51.33],
  "contact_probs": [[1.0,1.0,0.06,0.9,1.0,0.99,0.01,0.96,1.0,0.28,0.96,0.02,0.85,1.0,0.99,0.02,0.01,0.0,0.01,0.85,1.0,0.98,0.42,0.48],[1.0,1.0,0.46,0.99,0.99,0.61,0.01,1.0,0.99,0.04,0.66,0.02,0.99,0.99,0.73,0.01,0.0,0.0,0.02,0.99,0.99,0.72,0.08,0.08],[0.06,0.46,1.0,0.64,0.21,0.0,0.0,0.22,0.01,0.01,0.01,0.0,0.12,0.02,0.0,0.01,0.01,0.02,0.06,0.48,0.35,0.01,0.02,0.01],[0.9,0.99,0.64,1.0,1.0,0.06,0.01,0.36,0.0,0.0,0.0,0.0,0.0,0.0,0.0,0.0,0.0,0.0,0.02,0.27,0.98,0.64,0.02,0.01],[1.0,0.99,0.21,1.0,1.0,1.0,0.05,0.98,0.16,0.03,0.0,0.0,0.0,0.0,0.0,0.0,0.0,0.0,0.0,0.0,0.32,0.96,0.3,0.31],[0.99,0.61,0.0,0.06,1.0,1.0,0.04,0.85,0.92,0.43,0.32,0.01,0.0,0.0,0.01,0.01,0.0,0.0,0.0,0.0,0.0,0.21,0.42,0.56],[0.01,0.01,0.0,0.01,0.05,0.04,1.0,0.02,0.01,0.01,0.01,0.0,0.0,0.0,0.0,0.0,0.0,0.0,0.0,0.0,0.0,0.0,0.01,0.01],[0.96,1.0,0.22,0.36,0.98,0.85,0.02,1.0,1.0,0.07,0.06,0.02,0.32,0.0,0.0,0.0,0.0,0.0,0.0,0.0,0.0,0.0,0.0,0.0],[1.0,0.99,0.01,0.0,0.16,0.92,0.01,1.0,1.0,0.43,0.96,0.04,0.98,0.26,0.01,0.01,0.0,0.0,0.0,0.0,0.0,0.0,0.03,0.14],[0.28,0.04,0.01,0.0,0.03,0.43,0.01,0.07,0.43,1.0,0.45,0.07,0.03,0.07,0.09,0.02,0.01,0.0,0.0,0.0,0.0,0.01,0.14,0.31],[0.96,0.66,0.01,0.0,0.0,0.32,0.01,0.06,0.96,0.45,1.0,0.11,0.67,0.93,0.25,0.02,0.01,0.0,0.0,0.0,0.0,0.0,0.12,0.35],[0.02,0.02,0.0,0.0,0.0,0.01,0.0,0.02,0.04,0.07,0.11,1.0,0.04,0.04,0.01,0.0,0.0,0.0,0.01,0.0,0.0,0.0,0.01,0.03],[0.85,0.99,0.12,0.0,0.0,0.0,0.0,0.32,0.98,0.03,0.67,0.04,1.0,1.0,0.02,0.01,0.01,0.01,0.09,0.2,0.0,0.0,0.0,0.0],[1.0,0.99,0.02,0.0,0.0,0.0,0.0,0.0,0.26,0.07,0.93,0.04,1.0,1.0,1.0,0.1,0.03,0.01,0.09,0.98,0.34,0.01,0.02,0.05],[0.99,0.73,0.0,0.0,0.0,0.01,0.0,0.0,0.01,0.09,0.25,0.01,0.02,1.0,1.0,0.24,0.07,0.02,0.07,0.88,0.97,0.41,0.26,0.3],[0.02,0.01,0.01,0.0,0.0,0.01,0.0,0.0,0.01,0.02,0.02,0.0,0.01,0.1,0.24,1.0,0.75,0.17,0.36,0.02,0.02,0.01,0.03,0.02],[0.01,0.0,0.01,0.0,0.0,0.0,0.0,0.0,0.0,0.01,0.01,0.0,0.01,0.03,0.07,0.75,1.0,0.58,0.49,0.02,0.01,0.0,0.01,0.01],[0.0,0.0,0.02,0.0,0.0,0.0,0.0,0.0,0.0,0.0,0.0,0.0,0.01,0.01,0.02,0.17,0.58,1.0,0.54,0.03,0.01,0.0,0.0,0.0],[0.01,0.02,0.06,0.02,0.0,0.0,0.0,0.0,0.0,0.0,0.0,0.01,0.09,0.09,0.07,0.36,0.49,0.54,1.0,0.1,0.03,0.0,0.0,0.0],[0.85,0.99,0.48,0.27,0.0,0.0,0.0,0.0,0.0,0.0,0.0,0.0,0.2,0.98,0.88,0.02,0.02,0.03,0.1,1.0,1.0,0.05,0.01,0.0],[1.0,0.99,0.35,0.98,0.32,0.0,0.0,0.0,0.0,0.0,0.0,0.0,0.0,0.34,0.97,0.02,0.01,0.01,0.03,1.0,1.0,1.0,0.41,0.11],[0.98,0.72,0.01,0.64,0.96,0.21,0.0,0.0,0.0,0.01,0.0,0.0,0.0,0.01,0.41,0.01,0.0,0.0,0.0,0.05,1.0,1.0,0.77,0.62],[0.42,0.08,0.02,0.02,0.3,0.42,0.01,0.0,0.03,0.14,0.12,0.01,0.0,0.02,0.26,0.03,0.01,0.0,0.0,0.01,0.41,0.77,1.0,0.63],[0.48,0.08,0.01,0.01,0.31,0.56,0.01,0.0,0.14,0.31,0.35,0.03,0.0,0.05,0.3,0.02,0.01,0.0,0.0,0.0,0.11,0.62,0.63,1.0]],
  "pae": [[0.8,1.2,3.5,1.4,1.3,1.4,3.2,1.6,1.3,4.1,1.6,3.7,1.6,1.3,1.3,4.6,4.1,4.8,3.4,1.5,1.2,1.3,4.2,4.7],[1.2,0.8,3.7,1.3,1.5,2.0,3.6,1.6,1.4,4.8,2.6,4.4,1.5,1.4,2.2,5.1,5.1,5.6,3.7,1.4,1.4,2.1,5.0,5.5],[4.1,3.5,1.0,2.1,3.6,5.9,5.9,5.0,4.9,7.3,5.5,8.6,5.7,4.2,4.8,8.7,8.7,8.5,6.3,4.7,3.6,4.7,7.2,9.0],[1.5,1.3,2.6,0.8,0.9,1.4,2.5,1.2,1.4,3.9,1.9,3.5,1.5,1.5,1.8,3.6,3.8,3.7,2.8,1.2,1.2,1.4,4.1,4.0],[1.2,1.2,2.5,0.9,0.8,0.9,2.1,1.1,1.1,3.4,1.5,3.3,1.4,1.4,1.6,3.5,3.7,3.5,2.8,1.4,1.1,1.2,3.7,3.7],[1.3,1.6,3.1,1.3,1.0,0.8,2.0,1.3,1.3,3.3,1.6,3.5,1.7,1.9,1.9,4.2,4.2,4.2,3.3,1.8,1.5,1.3,4.2,4.7],[3.4,3.2,4.7,2.8,2.4,2.7,1.2,2.6,2.7,4.2,4.0,4.6,4.3,4.4,5.0,7.4,7.9,7.6,6.7,4.4,4.3,4.1,6.0,6.7],[1.4,1.2,3.1,1.2,1.1,1.3,1.7,0.8,1.0,2.9,1.6,2.9,1.3,1.5,1.8,3.9,4.0,3.8,2.9,1.5,1.6,1.8,3.8,3.9],[1.3,1.3,3.3,1.4,1.2,1.3,2.1,1.0,0.8,2.5,1.3,2.9,1.3,1.2,1.6,3.7,3.9,3.7,2.9,1.5,1.5,1.7,4.1,4.6],[3.5,3.9,6.0,4.5,4.1,3.4,4.8,2.8,2.5,1.1,2.8,3.7,4.2,4.0,4.6,7.0,8.2,8.2,8.1,3.9,3.6,4.6,5.2,5.6],[1.7,2.2,4.1,2.5,2.5,2.3,3.4,2.2,1.6,2.2,0.9,2.3,1.9,2.2,2.1,4.3,4.4,4.8,3.6,2.4,2.4,2.6,4.6,5.2],[4.7,4.5,6.8,6.1,4.9,5.8,5.9,5.0,4.0,4.9,3.3,1.3,3.6,3.3,5.3,6.7,7.5,7.5,7.0,5.1,5.8,6.0,7.2,7.2],[1.6,1.3,3.3,1.5,1.6,1.8,2.8,1.3,1.3,3.6,1.4,2.7,0.8,1.0,1.4,3.7,3.7,3.8,2.8,1.3,1.5,1.9,4.3,4.9],[1.2,1.4,3.3,1.5,1.5,1.7,2.9,1.4,1.3,3.4,1.4,2.7,1.0,0.8,1.1,3.3,3.4,3.3,2.5,1.3,1.2,1.6,4.1,5.2],[1.3,1.8,3.4,1.8,2.1,2.3,3.2,2.2,2.0,3.8,1.7,3.3,1.4,1.0,0.8,3.1,3.0,3.3,2.6,1.4,1.4,1.5,4.2,5.3],[7.1,7.0,8.5,8.4,8.0,9.5,10.1,8.5,8.3,9.9,7.5,8.5,5.6,4.1,4.7,1.1,3.3,3.1,3.6,5.8,6.3,7.9,8.7,9.8],[6.4,5.9,7.9,7.7,7.5,8.7,9.4,7.8,7.4,9.0,6.6,8.1,5.9,4.8,4.6,2.5,1.1,2.4,2.7,5.2,5.8,6.4,8.6,9.4],[6.9,6.0,7.8,7.4,7.3,8.2,9.1,7.8,7.1,8.6,6.7,7.9,5.8,5.0,5.2,2.7,2.1,1.0,2.9,4.5,5.8,6.9,7.6,9.3],[4.7,4.5,6.2,5.3,5.8,6.2,7.9,5.9,5.6,7.6,5.7,6.9,4.4,3.5,4.4,3.1,2.4,2.3,1.0,3.7,3.7,5.2,7.3,8.5],[1.6,1.2,3.2,1.2,1.5,1.8,2.8,1.7,1.6,4.0,1.9,3.3,1.3,1.3,1.4,3.2,3.0,2.8,2.1,0.8,1.0,1.4,4.3,4.8],[1.1,1.2,3.1,1.2,1.2,1.5,2.6,1.5,1.5,4.1,1.8,3.5,1.4,1.2,1.2,3.5,3.4,3.4,2.2,0.9,0.8,1.0,3.8,4.8],[1.2,1.8,3.2,1.3,1.3,1.5,2.8,1.9,1.7,3.6,1.8,3.7,1.8,1.6,1.4,3.6,3.8,3.9,3.0,1.3,0.9,0.8,3.1,3.7],[7.0,7.8,9.0,6.2,6.2,6.3,8.6,7.7,8.2,6.6,8.1,9.4,9.0,7.6,7.8,9.7,11.6,12.3,10.6,6.4,5.4,5.2,1.2,3.6],[6.7,8.1,9.5,7.1,6.7,6.4,8.8,7.7,8.3,6.1,7.7,10.2,8.7,7.4,7.5,10.9,11.8,13.0,11.8,5.6,5.5,4.6,3.2,1.3]],
  "token_chain_ids": ["A","B","C","C","C","C","C","C","C","C","C","C","C","C","C","C","C","C","C","C","C","C","C","C"],
  "token_res_ids": [1,1,1,2,3,4,5,6,7,8,9,10,11,12,13,14,15,16,17,18,19,20,21,22]
}