{
  "atom_chain_ids": ["A","A","A","A","A","A","A","A","A","A","A","A","A","A","A","A","A","A","A","A","A","A","A","A","A","A","A","A","A","A","A","A","A","A","A","A","A","A","A","A","A","A","A","A","A","A","A","A","A","A","A","A","A","A","A","A","A","A","A","A","A","A","A","A","A","A","A","A","A","A","A","A","A","A","A","A","A","A","A","A","A","A","A","A","A","A","A","A","A","A","A","A","A","A","A","A","A","A","A","A","A","A","A","A","A","A","A","A","A","A","A","A","A","A","A","A","A","A","A","A","A","A","A","A","A","A","A","A","A","A","A","A","A","A","A","A","A","A","A","A","A","A","A","A","A","A","A","A","A","A","A","A","A","A","A","A","A","A","A","A","A","A","A","A","A","A","A","A","A","A","A","A","A","A","A","A","A","A","A","A","A","A","A","A","A","A","A","A","A","A","A","A","A","A","A","A","A","A","A","A","A","A","A","A","A","A","A","A","A","A","A","A","A","A","A","A","A","A","A","A","A","A","A","A","A","A","A","A","A","A","A","A","A","A","A","A","A","A","A","A","A","A","A","A","A","A","A","A","A","A","A","A","A","A","A","A","A","A","A","A","A","A","A","A","A","A","A","A","A","A","A","A","A","A","A","A","A","A","A","A","A","A","A","A","A","A","A","A","A","A","A","A","A","A","A","A","A","A","A","A","A","A","A","A","A","A","A","A","A","A","A","A","A","A","A","A","A","A","A","A","A","A","A","A","A","A","A","A","A","A","A","A","A","A","A","A","A","A","A","A","A","A","A","A","A","A","A","A","A","A","A","A","A","A","A","A","A","A","A","A","A","A","A","A","A","A","A","A","A","A","A","A","A","A","A","A","A","A","A","A","A","A","A","A","A","A","A","A","A","A","A","A","A","A","A","A","A","A","A","A","A","A","A","A","A","A","A","A","A","A","A","A","A","A","A","A","A","A","A","A","A","A","A","A","A","A","A","A","A","A","A","A","A","A","A","A","A","A","A","A","A","A","A","A","A","A","A","A","A","A","A"],
  "atom_plddts": [58.03,60.02,54.73,55.89,59.49,62.84,64.23,66.39,66.2,64.52,64.88,64.98,65.29,65.44,65.5,65.91,66.65,66.46,65.18,64.98,65.28,65.71,67.63,59.74,57.32,58.06,60.09,60.49,62.17,64.08,63.65,62.12,62.5,63.27,62.77,63.43,63.53,64.19,64.86,64.7,64.25,63.72,63.74,63.57,64.54,61.51,59.52,59.98,61.36,60.58,61.81,62.01,62.36,60.61,60.49,60.37,61.07,60.77,61.39,61.94,62.31,61.96,61.36,60.99,61.35,60.34,61.73,59.28,56.89,57.44,60.15,58.86,59.96,58.37,59.64,58.7,56.13,57.16,56.45,54.66,53.06,52.5,51.86,51.27,49.93,51.39,53.88,56.47,51.91,51.63,56.5,56.42,58.31,58.3,59.67,58.01,57.5,55.95,57.2,55.53,52.97,52.73,52.57,50.73,49.1,49.97,51.77,52.31,58.14,53.98,54.98,58.97,59.25,60.9,62.61,62.31,61.03,60.89,61.21,61.6,61.74,61.35,62.03,62.69,62.2,61.38,61.08,61.56,60.85,62.59,59.25,56.87,57.77,59.74,60.83,62.46,64.78,63.58,62.26,62.69,64.06,63.41,64.27,64.38,65.26,65.9,65.82,65.32,64.78,64.75,64.7,65.57,61.45,59.83,60.13,61.35,61.14,62.07,64.04,62.73,61.3,61.16,62.11,62.43,63.15,63.76,64.7,65.25,65.14,64.85,64.15,64.06,63.94,64.67,59.38,57.49,57.69,59.2,58.56,59.63,59.64,59.63,58.05,57.08,57.27,58.13,57.5,58.04,59.03,59.0,58.48,57.85,57.47,58.19,57.41,58.82,53.99,50.42,50.86,55.62,55.15,56.26,57.75,57.59,56.81,55.03,55.56,55.32,54.41,52.66,52.61,52.46,52.34,51.1,51.97,51.77,47.15,47.19,53.26,52.67,53.58,54.86,55.17,54.15,53.23,53.3,54.19,53.16,52.62,53.75,53.31,52.53,51.56,51.6,52.89,52.09,53.79,52.98,50.36,51.29,53.34,54.16,55.78,58.2,56.96,55.53,55.63,57.21,56.42,57.42,57.7,58.74,59.37,59.36,59.05,58.2,58.09,58.12,58.85,55.15,53.27,54.09,55.3,56.19,57.43,59.53,58.28,57.1,56.85,58.1,57.65,58.47,58.6,59.53,60.08,60.02,59.68,58.92,58.93,58.84,59.47,52.5,49.86,50.05,52.66,52.1,53.28,53.38,53.7,52.39,51.94,52.3,53.04,52.5,52.81,53.84,53.86,53.44,52.96,52.44,52.85,52.18,53.54,49.26,46.87,46.92,49.53,49.37,50.76,51.21,52.74,51.88,50.24,50.01,49.61,47.85,44.62,43.76,43.29,42.98,41.78,43.37,52.49,47.17,46.85,53.9,53.79,55.4,57.59,58.24,57.42,56.86,56.59,57.23,56.55,54.62,55.32,55.22,54.2,52.91,53.26,54.56,53.77,56.2,58.66,55.92,56.9,59.11,60.1,61.87,64.13,63.68,62.09,62.45,63.65,62.97,63.78,63.63,64.5,65.26,65.12,64.77,63.94,63.82,63.87,64.8,62.58,61.22,61.52,62.88,63.0,64.07,65.8,65.05,63.81,63.73,64.36,64.2,64.94,64.99,65.84,66.62,66.54,66.16,65.26,65.07,64.84,65.83,60.51,58.98,59.53,60.06,59.3,59.79,61.2,60.07,58.75,58.39,58.95,59.72,59.88,61.08,61.98,62.39,62.33,61.88,61.22,61.27,60.7,61.54,55.38,53.15,54.08,56.6,55.76,56.2,57.67,56.69,56.12,54.34,55.33,55.03,54.14,53.47,53.36,53.21,53.16,51.99,52.6,51.55,46.48,46.04,51.82,53.45,54.6,55.14,55.94,53.99,54.28,53.23,53.67,52.05,51.51,51.86,51.57,50.33,49.29,49.64,51.17,50.93,53.34],
  "contact_probs": [[1.0,0.99,0.16,0.01,0.04,0.29,0.5,0.42,0.21,0.09,0.18,0.13,0.05,0.02,0.01,0.07,0.21,0.42,0.54,0.31,0.45],[0.99,1.0,0.99,0.12,0.38,0.63,0.45,0.2,0.06,0.01,0.05,0.05,0.05,0.03,0.01,0.13,0.3,0.54,0.33,0.08,0.11],[0.16,0.99,1.0,0.53,0.69,0.45,0.2,0.1,0.03,0.01,0.02,0.02,0.03,0.05,0.01,0.29,0.59,0.37,0.07,0.02,0.02],[0.01,0.12,0.53,1.0,0.54,0.14,0.02,0.0,0.0,0.0,0.01,0.0,0.0,0.02,0.02,0.15,0.07,0.01,0.0,0.0,0.0],[0.04,0.38,0.69,0.54,1.0,0.87,0.19,0.01,0.01,0.01,0.04,0.02,0.02,0.06,0.07,0.56,0.26,0.02,0.01,0.0,0.01],[0.29,0.63,0.45,0.14,0.87,1.0,0.98,0.14,0.01,0.02,0.18,0.09,0.05,0.07,0.05,0.3,0.14,0.03,0.02,0.01,0.01],[0.5,0.45,0.2,0.02,0.19,0.98,1.0,0.99,0.2,0.04,0.39,0.28,0.19,0.16,0.03,0.1,0.05,0.06,0.04,0.01,0.06],[0.42,0.2,0.1,0.0,0.01,0.14,0.99,1.0,0.98,0.19,0.5,0.54,0.35,0.24,0.01,0.02,0.03,0.07,0.1,0.04,0.21],[0.21,0.06,0.03,0.0,0.01,0.01,0.2,0.98,1.0,0.45,0.39,0.57,0.37,0.11,0.02,0.01,0.01,0.03,0.1,0.14,0.32],[0.09,0.01,0.01,0.0,0.01,0.02,0.04,0.19,0.45,1.0,0.38,0.13,0.02,0.01,0.01,0.01,0.01,0.01,0.05,0.11,0.25],[0.18,0.05,0.02,0.01,0.04,0.18,0.39,0.5,0.39,0.38,1.0,0.93,0.2,0.03,0.01,0.11,0.12,0.07,0.09,0.15,0.22],[0.13,0.05,0.02,0.0,0.02,0.09,0.28,0.54,0.57,0.13,0.93,1.0,0.98,0.2,0.03,0.35,0.38,0.34,0.25,0.2,0.23],[0.05,0.05,0.03,0.0,0.02,0.05,0.19,0.35,0.37,0.02,0.2,0.98,1.0,0.96,0.16,0.36,0.61,0.44,0.29,0.09,0.08],[0.02,0.03,0.05,0.02,0.06,0.07,0.16,0.24,0.11,0.01,0.03,0.2,0.96,1.0,0.39,0.41,0.56,0.29,0.15,0.05,0.04],[0.01,0.01,0.01,0.02,0.07,0.05,0.03,0.01,0.02,0.01,0.01,0.03,0.16,0.39,1.0,0.2,0.11,0.02,0.01,0.01,0.02],[0.07,0.13,0.29,0.15,0.56,0.3,0.1,0.02,0.01,0.01,0.11,0.35,0.36,0.41,0.2,1.0,0.93,0.13,0.01,0.01,0.01],[0.21,0.3,0.59,0.07,0.26,0.14,0.05,0.03,0.01,0.01,0.12,0.38,0.61,0.56,0.11,0.93,1.0,0.99,0.21,0.01,0.01],[0.42,0.54,0.37,0.01,0.02,0.03,0.06,0.07,0.03,0.01,0.07,0.34,0.44,0.29,0.02,0.13,0.99,1.0,0.99,0.32,0.05],[0.54,0.33,0.07,0.0,0.01,0.02,0.04,0.1,0.1,0.05,0.09,0.25,0.29,0.15,0.01,0.01,0.21,0.99,1.0,0.86,0.58],[0.31,0.08,0.02,0.0,0.0,0.01,0.01,0.04,0.14,0.11,0.15,0.2,0.09,0.05,0.01,0.01,0.01,0.32,0.86,1.0,0.83],[0.45,0.11,0.02,0.0,0.01,0.01,0.06,0.21,0.32,0.25,0.22,0.23,0.08,0.04,0.02,0.01,0.01,0.05,0.58,0.83,1.0]],
  "pae": [[0.9,2.4,4.6,7.4,8.0,7.8,8.2,8.6,8.2,13.5,11.6,9.4,10.0,9.5,14.1,10.7,7.4,7.7,6.9,7.6,10.7],[2.3,0.9,2.4,6.2,5.0,6.2,5.3,6.6,8.5,12.8,11.5,8.8,8.3,8.3,11.1,7.5,6.3,6.4,6.4,8.2,11.8],[3.7,2.3,0.9,5.6,3.8,5.1,6.0,7.3,8.6,13.6,12.0,8.9,8.6,9.6,12.0,7.5,6.1,6.6,7.3,9.4,13.5],[8.3,5.3,4.5,1.3,4.1,6.0,7.2,9.5,11.4,15.3,15.9,12.4,11.9,12.1,13.5,10.3,8.0,9.0,11.8,13.5,15.6],[7.5,5.8,4.1,4.4,1.1,2.8,4.1,6.0,8.1,13.2,14.0,11.0,10.3,10.4,11.9,7.2,5.9,7.8,8.7,10.4,13.2],[7.3,5.7,5.0,5.4,3.0,0.9,2.1,4.0,6.2,12.2,12.6,9.1,8.7,9.5,12.2,8.0,6.3,7.6,8.4,9.3,12.1],[6.2,5.2,4.9,7.7,3.6,2.5,0.9,2.1,4.5,10.8,11.4,8.1,7.3,9.2,11.7,6.6,5.5,6.5,7.5,8.6,11.1],[7.4,6.8,7.1,9.5,4.7,4.2,2.8,0.9,2.8,10.0,9.2,8.4,8.1,9.3,12.6,6.7,6.4,7.3,8.4,9.4,12.0],[8.8,9.5,9.7,12.2,9.3,7.9,5.9,4.8,1.0,9.6,8.3,8.3,10.5,10.9,15.4,10.8,8.9,9.8,10.4,10.9,13.5],[15.5,16.4,17.9,18.9,17.6,14.1,11.2,10.0,8.0,1.6,7.7,8.4,11.9,13.7,17.6,18.5,17.2,16.4,15.6,11.9,12.7],[13.5,15.1,14.8,16.9,15.4,15.3,13.7,11.2,7.5,6.6,1.1,4.9,6.7,9.1,16.1,15.4,14.5,12.5,12.1,13.1,15.3],[11.3,11.5,11.2,14.1,12.1,12.6,10.9,9.4,8.7,7.3,4.2,1.0,3.2,5.1,12.9,12.7,11.8,9.2,11.3,10.8,14.4],[10.6,9.8,10.5,13.2,10.1,9.5,8.3,8.0,10.8,9.1,6.0,4.2,0.9,3.8,11.5,7.8,8.6,9.4,12.5,11.4,15.0],[12.7,12.8,12.4,14.9,10.9,10.9,10.0,11.5,13.3,13.1,10.0,6.0,4.4,1.1,10.8,7.5,8.5,11.7,13.9,14.3,16.6],[18.8,18.1,16.6,16.2,13.4,16.5,17.2,17.9,19.6,20.6,18.6,16.0,13.6,10.9,1.9,10.8,11.6,15.1,18.8,17.7,21.2],[10.4,9.9,7.2,12.4,7.3,7.3,7.8,10.4,11.3,15.6,14.0,12.9,9.5,7.3,6.8,1.1,4.4,6.0,8.4,10.4,13.8],[7.6,6.7,6.0,10.1,6.3,6.1,6.1,7.2,8.8,13.6,12.2,9.3,8.9,8.4,8.6,3.6,0.9,2.3,5.3,7.1,11.1],[6.6,7.2,6.6,10.5,6.6,6.2,6.7,7.1,8.0,12.1,10.1,9.0,8.8,9.8,11.0,4.7,3.4,0.9,2.8,5.3,8.0],[7.6,8.0,8.6,12.0,8.4,8.4,8.4,9.3,9.2,12.7,11.0,10.2,10.8,11.8,12.8,7.1,5.5,3.6,1.0,4.8,8.1],[9.8,12.2,12.6,15.1,12.7,11.8,12.5,13.4,13.0,12.1,12.3,10.7,12.3,14.1,17.1,12.7,10.0,7.5,6.3,1.4,6.6],[10.8,13.9,16.1,17.0,14.7,15.5,14.2,13.6,12.5,11.3,11.7,11.5,13.8,15.3,19.0,16.3,13.6,12.5,7.3,4.4,1.4]],
  "token_chain_ids": ["A","A","A","A","A","A","A","A","A","A","A","A","A","A","A","A","A","A","A","A","A"],
  "token_res_ids": [1,2,3,4,5,6,7,8,9,10,11,12,13,14,15,16,17,18,19,20,21]
}