{
  "atom_chain_ids": ["A","A","A","A","A","A","A","A","A","A","A","A","A","A","A","A","A","A","A","A","A","A","A","A","A","A","A","A","A","A","A","A","A","A","A","A","A","A","A","A","A","A","A","A","A","A","A","A","A","A","A","A","A","A","A","A","A","A","A","A","A","A","A","A","A","A","A","A","A","A","A","A","A","A","A","A","A","A","A","A","A","A","A","A","A","A","A","A","A","A","A","A","A","A","A","A","A","A","A","A","A","A","A","A","A","A","A","A","A","A","A","A","A","A","A","A","A","A","A","A","A","A","A","A","A","A","A","A","A","A","A","A","A","A","A","A","A","A","A","A","A","A","A","A","A","A","A","A","A","A","A","A","A","A","A","A","A","A","A","A","A","A","A","A","A","A","A","A","A","A","A","A","A","A","A","A","A","A","A","A","A","A","A","A","A","A","A","A","A","A","A","A","A","A","A","A","A","A","A","A","A","A","A","A","A","A","A","A","A","A","A","A","A","A","A","A","A","A","A","A","A","A","A","A","A","A","A","A","A","A","A","A","A","A","A","A","A","A","A","A","A","A","A","A","A","A","A","A","A","A","A","A","A","A","A","A","A","A","A","A","A","A","A","A","A","A","A","A","A","A","A","A","A","A","A","A","A","A","A","A","A","A","A","A","A","A","A","A","A","A","A","A","A","A","A","A","A","A","A","A","A","A","A","A","A","A","A","A","A","A","A","A","A","A","A","A","A","A","A","A","A","A","A","A","A","A","A","A","A","A","A","A","A","A","A","A","A","A","A","A","A","A","A","A","A","A","A","A","A","A","A","A","A","A","A","A","A","A","A","A","A","A","A","A","A","A","A","A","A","A","A","A","A","A","A","A","A","A","A","A","A","A","A","A","A","A","A","A","A","A","A","A","A","A","A","A","A","A","A","A","A","A","A","A","A","A","A","A","A","A","A","A","A","A","A","A","A","A","A","A","A","A","A","A","A","A","A","A","A","A","A","A","A","A","A","A","A","A","A","A","A","A","A","A","A","A","A","A","A","A","A"],
  "atom_plddts": [59.12,60.66,54.99,56.18,60.25,63.88,65.46,67.6,67.58,65.88,66.64,66.7,67.02,67.22,67.04,67.55,68.21,67.94,66.7,66.63,66.94,67.48,69.39,60.95,58.1,58.79,61.36,61.69,63.41,65.37,65.06,63.45,63.92,64.59,64.18,64.83,64.85,65.52,66.26,66.1,65.62,65.08,65.06,64.92,66.01,63.78,61.59,62.18,63.7,62.8,64.09,64.31,64.6,62.8,62.72,62.61,63.49,63.25,63.77,64.35,64.82,64.44,63.87,63.46,63.74,62.8,64.25,60.75,58.16,58.87,61.81,60.51,61.65,60.41,61.33,60.46,57.71,58.7,58.35,56.65,55.15,54.54,54.1,53.43,52.04,53.43,55.81,57.94,53.01,52.7,58.07,57.91,59.73,60.0,61.08,59.39,58.92,57.15,58.55,56.83,54.18,53.92,53.95,52.0,50.19,51.09,52.91,53.5,60.32,56.31,57.4,61.1,61.24,62.93,64.53,64.26,62.83,62.85,63.12,63.71,63.87,63.51,64.2,64.87,64.37,63.56,63.31,63.79,63.19,64.86,61.7,58.95,59.85,62.4,63.42,65.08,67.28,66.09,64.77,65.34,66.59,66.17,66.99,67.01,67.87,68.56,68.44,67.93,67.45,67.42,67.41,68.33,63.33,61.37,61.79,63.43,63.75,64.75,66.72,65.33,63.96,64.12,65.04,65.36,66.11,66.47,67.36,67.99,67.8,67.55,66.87,66.77,66.75,67.5,62.42,60.29,60.79,62.55,62.15,63.35,63.79,63.45,61.98,61.09,61.04,62.16,61.69,61.94,62.72,63.01,62.35,61.73,61.33,61.9,61.2,62.91,53.68,50.44,50.94,54.88,54.5,55.73,56.89,57.31,56.3,54.53,54.92,54.4,52.87,50.39,50.0,49.5,49.25,48.06,49.5,51.54,46.39,46.07,53.16,52.98,54.14,55.02,56.16,54.92,53.94,53.82,54.48,52.81,51.98,52.96,52.38,51.22,50.15,50.41,51.91,51.19,53.4,56.59,53.67,54.25,57.09,57.97,59.9,62.37,61.66,60.09,60.44,61.91,61.05,61.92,62.04,63.15,63.84,63.78,63.37,62.56,62.36,62.51,63.5,61.02,59.1,59.49,61.14,61.9,63.26,65.09,64.08,62.8,62.7,63.66,63.28,64.03,64.24,65.12,65.7,65.63,65.21,64.53,64.49,64.32,65.16,62.7,60.62,61.04,62.56,61.34,62.37,63.0,62.49,61.24,60.38,60.39,61.82,61.42,61.89,62.68,63.07,62.55,62.01,61.52,61.81,61.03,62.59,56.13,53.86,54.71,57.32,56.33,57.33,57.9,58.88,57.85,55.78,55.86,55.92,53.95,51.08,50.1,49.73,49.36,47.94,49.62,54.91,49.49,49.54,56.62,56.41,58.05,60.39,61.26,60.3,59.53,59.33,60.1,59.37,57.34,58.06,58.03,56.88,55.56,55.95,57.28,56.51,59.06,61.22,58.26,59.0,61.68,62.42,64.37,66.66,66.56,64.91,65.48,66.48,66.02,66.77,66.33,67.27,68.02,67.81,67.46,66.7,66.54,66.7,67.79,64.38,62.64,62.68,64.68,64.81,65.97,67.7,67.08,65.95,65.95,66.49,66.26,66.94,66.82,67.73,68.51,68.39,68.02,67.17,67.0,66.91,67.92,64.19,62.49,62.74,63.84,63.18,63.96,65.21,64.25,62.92,62.8,62.97,63.83,63.97,64.76,65.51,66.03,65.83,65.36,64.81,64.82,64.29,65.33,58.74,56.47,57.51,59.9,58.9,59.37,60.89,59.62,58.98,57.21,58.03,57.94,56.97,56.47,56.12,56.07,55.94,54.73,55.48,57.27,51.59,51.54,57.61,59.77,60.88,61.97,62.02,60.15,60.81,59.61,60.12,58.79,58.17,58.38,58.42,57.08,55.88,56.35,57.79,57.53,60.18],
  "contact_probs": [[1.0,0.99,0.16,0.01,0.04,0.29,0.5,0.42,0.21,0.09,0.18,0.13,0.05,0.02,0.01,0.07,0.21,0.42,0.54,0.31,0.45],[0.99,1.0,0.99,0.12,0.38,0.63,0.45,0.2,0.06,0.01,0.05,0.05,0.05,0.03,0.01,0.13,0.3,0.54,0.33,0.08,0.11],[0.16,0.99,1.0,0.53,0.69,0.45,0.2,0.1,0.03,0.01,0.02,0.02,0.03,0.05,0.01,0.29,0.59,0.37,0.07,0.02,0.02],[0.01,0.12,0.53,1.0,0.54,0.14,0.02,0.0,0.0,0.0,0.01,0.0,0.0,0.02,0.02,0.15,0.07,0.01,0.0,0.0,0.0],[0.04,0.38,0.69,0.54,1.0,0.87,0.19,0.01,0.01,0.01,0.04,0.02,0.02,0.06,0.07,0.56,0.26,0.02,0.01,0.0,0.01],[0.29,0.63,0.45,0.14,0.87,1.0,0.98,0.14,0.01,0.02,0.18,0.09,0.05,0.07,0.05,0.3,0.14,0.03,0.02,0.01,0.01],[0.5,0.45,0.2,0.02,0.19,0.98,1.0,0.99,0.2,0.04,0.39,0.28,0.19,0.16,0.03,0.1,0.05,0.06,0.04,0.01,0.06],[0.42,0.2,0.1,0.0,0.01,0.14,0.99,1.0,0.98,0.19,0.5,0.54,0.35,0.24,0.01,0.02,0.03,0.07,0.1,0.04,0.21],[0.21,0.06,0.03,0.0,0.01,0.01,0.2,0.98,1.0,0.45,0.39,0.57,0.37,0.11,0.02,0.01,0.01,0.03,0.1,0.14,0.32],[0.09,0.01,0.01,0.0,0.01,0.02,0.04,0.19,0.45,1.0,0.38,0.13,0.02,0.01,0.01,0.01,0.01,0.01,0.05,0.11,0.25],[0.18,0.05,0.02,0.01,0.04,0.18,0.39,0.5,0.39,0.38,1.0,0.93,0.2,0.03,0.01,0.11,0.12,0.07,0.09,0.15,0.22],[0.13,0.05,0.02,0.0,0.02,0.09,0.28,0.54,0.57,0.13,0.93,1.0,0.98,0.2,0.03,0.35,0.38,0.34,0.25,0.2,0.23],[0.05,0.05,0.03,0.0,0.02,0.05,0.19,0.35,0.37,0.02,0.2,0.98,1.0,0.96,0.16,0.36,0.61,0.44,0.29,0.09,0.08],[0.02,0.03,0.05,0.02,0.06,0.07,0.16,0.24,0.11,0.01,0.03,0.2,0.96,1.0,0.39,0.41,0.56,0.29,0.15,0.05,0.04],[0.01,0.01,0.01,0.02,0.07,0.05,0.03,0.01,0.02,0.01,0.01,0.03,0.16,0.39,1.0,0.2,0.11,0.02,0.01,0.01,0.02],[0.07,0.13,0.29,0.15,0.56,0.3,0.1,0.02,0.01,0.01,0.11,0.35,0.36,0.41,0.2,1.0,0.93,0.13,0.01,0.01,0.01],[0.21,0.3,0.59,0.07,0.26,0.14,0.05,0.03,0.01,0.01,0.12,0.38,0.61,0.56,0.11,0.93,1.0,0.99,0.21,0.01,0.01],[0.42,0.54,0.37,0.01,0.02,0.03,0.06,0.07,0.03,0.01,0.07,0.34,0.44,0.29,0.02,0.13,0.99,1.0,0.99,0.32,0.05],[0.54,0.33,0.07,0.0,0.01,0.02,0.04,0.1,0.1,0.05,0.09,0.25,0.29,0.15,0.01,0.01,0.21,0.99,1.0,0.86,0.58],[0.31,0.08,0.02,0.0,0.0,0.01,0.01,0.04,0.14,0.11,0.15,0.2,0.09,0.05,0.01,0.01,0.01,0.32,0.86,1.0,0.83],[0.45,0.11,0.02,0.0,0.01,0.01,0.06,0.21,0.32,0.25,0.22,0.23,0.08,0.04,0.02,0.01,0.01,0.05,0.58,0.83,1.0]],
  "pae": [[0.9,2.2,4.1,7.0,7.7,6.8,8.4,7.3,6.8,12.0,11.4,7.5,7.5,7.9,10.0,8.9,6.9,6.1,6.3,8.2,6.7],[2.1,0.9,2.7,5.8,6.0,6.7,6.5,6.3,7.7,11.7,11.4,7.9,7.2,7.2,9.2,7.4,6.3,5.5,6.0,8.2,7.5],[3.7,2.6,1.0,5.0,4.6,5.6,6.6,8.0,8.4,11.6,11.1,7.8,7.2,7.8,9.6,6.8,6.0,5.7,6.9,9.1,8.7],[8.7,6.0,5.8,1.5,5.2,7.0,8.6,10.9,11.9,15.0,14.3,11.8,10.0,11.6,11.7,10.8,9.1,8.3,10.8,12.4,12.7],[8.8,5.8,5.2,5.7,1.1,3.2,5.0,7.3,8.4,12.8,12.4,9.1,8.5,10.2,10.3,7.3,7.0,8.0,9.8,10.3,10.5],[7.1,5.8,5.0,5.2,3.2,0.9,2.2,4.3,6.2,11.1,11.5,7.9,6.9,9.2,10.2,7.1,7.0,7.4,8.4,9.0,8.3],[6.2,5.8,5.3,7.2,3.8,2.4,0.9,2.2,4.5,10.5,10.4,6.1,5.9,8.3,10.1,6.4,5.9,6.1,7.3,8.5,7.9],[6.3,6.3,6.1,8.1,4.9,4.0,3.0,0.9,2.8,10.1,9.0,6.1,5.6,8.3,9.8,6.3,6.4,6.6,7.0,8.2,7.5],[7.1,8.4,8.8,10.7,8.3,6.7,5.4,3.3,1.1,10.6,8.4,5.9,6.1,9.0,11.3,9.0,8.4,8.2,7.9,10.1,8.7],[17.0,17.5,17.5,18.4,17.5,16.9,14.7,11.1,11.2,2.1,10.6,8.8,13.4,15.8,16.1,17.4,18.2,18.0,17.5,14.6,15.7],[13.9,15.0,15.2,17.2,16.4,15.0,14.5,10.9,7.7,8.5,1.2,6.3,8.2,12.3,15.3,14.0,15.4,14.8,14.8,17.0,15.8],[8.6,8.6,8.1,11.3,10.6,10.2,8.5,7.2,6.8,7.9,5.6,1.0,3.1,4.5,9.0,9.6,7.6,7.6,8.6,10.5,10.6],[7.0,6.9,6.7,9.4,8.1,7.5,7.1,6.2,6.5,9.1,6.8,3.6,0.9,3.4,6.6,5.5,5.4,5.7,6.9,8.7,8.9],[8.4,8.7,8.6,11.2,9.7,9.8,9.9,9.2,7.2,11.0,11.2,4.8,2.6,1.0,6.5,5.5,5.5,5.6,7.0,8.8,10.0],[15.1,15.1,14.3,13.2,12.5,14.8,15.2,14.4,13.8,16.4,15.3,9.0,6.6,5.6,1.9,8.6,8.1,10.1,11.8,13.4,14.3],[9.2,9.7,8.6,10.4,8.8,9.3,7.8,8.8,9.3,14.1,14.4,7.9,5.7,5.7,5.1,1.1,5.2,5.5,7.3,10.0,10.8],[6.5,5.4,5.4,7.3,6.1,5.7,5.6,6.1,7.0,11.2,12.2,5.9,5.6,5.7,5.7,3.2,0.9,2.2,4.0,5.9,6.6],[6.1,5.8,5.7,8.1,6.1,6.1,6.1,6.0,6.5,11.8,12.8,7.5,5.9,6.8,8.0,4.0,2.7,0.9,2.2,3.6,4.6],[6.2,6.5,7.4,10.0,8.1,8.2,7.5,7.8,6.7,12.3,12.9,8.1,6.6,7.7,9.3,6.9,5.0,3.2,0.9,3.3,4.4],[7.6,8.8,9.6,11.3,10.2,10.2,9.9,9.8,9.0,14.7,15.7,9.6,8.2,9.3,11.4,9.1,7.8,5.2,3.6,1.4,3.9],[8.6,9.7,10.4,11.5,10.4,10.8,10.2,9.6,8.3,12.8,13.4,9.3,8.2,10.3,11.1,9.0,8.8,7.3,5.6,3.8,1.5]],
  "token_chain_ids": ["A","A","A","A","A","A","A","A","A","A","A","A","A","A","A","A","A","A","A","A","A"],
  "token_res_ids": [1,2,3,4,5,6,7,8,9,10,11,12,13,14,15,16,17,18,19,20,21]
}