{
  "atom_chain_ids": ["A","A","A","A","A","A","A","A","A","A","A","A","A","A","A","A","A","A","A","A","A","A","A","A","A","A","A","A","A","A","A","A","A","A","A","A","A","A","A","A","A","A","A","A","A","A","A","A","A","A","A","A","A","A","A","A","A","A","A","A","A","A","A","A","A","A","A","A","A","A","A","A","A","A","A","A","A","A","A","A","A","A","A","A","A","A","A","A","A","A","A","A","A","A","A","A","A","A","A","A","A","A","A","A","A","A","A","A","A","A","A","A","A","A","A","A","A","A","A","A","A","A","A","A","A","A","A","A","A","A","A","A","A","A","A","A","A","A","A","A","A","A","A","A","A","A","A","A","A","A","A","A","A","A","A","A","A","A","A","A","A","A","A","A","A","A","A","A","A","A","A","A","A","A","A","A","A","A","A","A","A","A","A","A","A","A","A","A","A","A","A","A","A","A","A","A","A","A","A","A","A","A","A","A","A","A","A","A","A","A","A","A","A","A","A","A","A","A","A","A","A","A","A","A","A","A","A","A","A","A","A","A","A","A","A","A","A","A","A","A","A","A","A","A","A","A","A","A","A","A","A","A","A","A","A","A","A","A","A","A","A","A","A","A","A","A","A","A","A","A","A","A","A","A","A","A","A","A","A","A","A","A","A","A","A","A","A","A","A","A","A","A","A","A","A","A","A","A","A","A","A","A","A","A","A","A","A","A","A","A","A","A","A","A","A","A","A","A","A","A","A","A","A","A","A","A","A","A","A","A","A","A","A","A","A","A","A","A","A","A","A","A","A","A","A","A","A","A","A","A","A","A","A","A","A","A","A","A","A","A","A","A","A","A","A","A","A","A","A","A","A","A","A","A","A","A","A","A","A","A","A","A","A","A","A","A","A","A","A","A","A","A","A","A","A","A","A","A","A","A","A","A","A","A","A","A","A","A","A","A","A","A","A","A","A","A","A","A","A","A","A","A","A","A","A","A","A","A","A","A","A","A","A","A","A","A","A","A","A","A","A","A","A","A","A","A","A","A","A","A","A"],
  "atom_plddts": [57.74,59.29,53.45,54.43,58.95,62.55,64.47,66.63,66.75,65.0,65.56,65.66,65.77,65.85,65.62,66.1,66.76,66.45,65.17,65.05,65.44,66.08,68.09,58.85,56.17,57.05,59.26,59.58,61.35,63.17,62.95,61.37,61.65,62.47,61.95,62.6,62.86,63.58,64.17,64.0,63.58,63.05,63.09,62.84,63.79,61.78,59.14,59.77,61.89,61.36,62.76,63.14,63.39,61.59,61.47,61.48,62.21,61.99,62.48,63.09,63.53,63.07,62.49,62.1,62.46,61.56,63.05,59.69,56.83,57.62,60.97,59.84,61.17,59.85,60.97,60.07,57.44,58.55,58.02,56.29,54.55,53.98,53.5,52.79,51.43,52.83,55.31,56.96,52.23,52.15,57.09,57.14,59.16,59.51,60.45,58.86,58.35,56.97,58.23,56.93,54.59,54.48,54.57,52.88,51.21,51.95,53.62,54.05,58.49,54.09,55.07,59.45,59.79,61.64,63.33,63.16,61.79,61.76,62.15,62.55,62.71,62.25,62.98,63.62,63.05,62.2,61.98,62.51,61.9,63.69,60.62,57.91,58.96,61.38,62.66,64.46,66.66,65.46,64.04,64.66,66.08,65.43,66.33,66.39,67.34,68.01,67.91,67.44,66.88,66.81,66.82,67.69,63.12,61.18,61.66,63.24,63.33,64.41,66.27,64.91,63.51,63.48,64.52,64.85,65.65,66.12,67.07,67.75,67.61,67.35,66.56,66.38,66.28,67.07,62.05,59.66,60.19,62.24,61.89,63.18,63.64,63.36,61.84,60.95,60.97,62.09,61.62,61.86,62.66,62.95,62.28,61.64,61.26,61.86,61.18,62.92,55.57,52.08,52.69,57.04,56.45,57.69,58.89,58.82,57.93,56.06,56.64,56.36,54.92,52.94,52.69,52.28,51.99,50.79,52.08,53.56,48.3,48.52,55.06,54.67,55.88,57.29,57.65,56.48,55.69,55.84,56.72,55.71,55.24,56.31,55.83,54.93,53.97,54.18,55.5,54.73,56.49,57.5,54.39,54.84,57.99,58.98,60.64,63.18,62.21,60.71,61.03,62.44,61.53,62.39,62.59,63.64,64.36,64.3,63.88,63.09,62.91,63.03,64.0,61.35,59.37,59.64,61.45,62.31,63.59,65.43,64.36,63.08,63.0,63.84,63.49,64.17,64.25,65.05,65.71,65.63,65.18,64.47,64.44,64.28,65.18,60.25,57.78,58.17,60.22,59.44,60.49,61.36,60.81,59.61,58.93,59.01,60.18,59.88,60.31,61.07,61.4,60.93,60.35,59.93,60.28,59.57,61.06,55.51,53.26,54.01,56.58,55.57,56.56,57.21,57.92,56.99,55.08,55.23,55.31,53.47,50.73,49.89,49.55,49.2,47.86,49.39,54.33,48.86,48.77,55.92,55.77,57.4,59.84,60.42,59.52,58.83,58.55,59.27,58.61,56.63,57.25,57.32,56.24,54.88,55.25,56.53,55.67,58.27,59.54,56.61,57.54,59.99,60.81,62.68,65.04,64.74,63.1,63.52,64.79,64.15,65.0,64.84,65.82,66.58,66.44,66.09,65.24,65.08,65.18,66.17,63.36,61.58,62.01,63.83,64.2,65.36,67.14,66.37,65.2,65.21,66.0,65.72,66.51,66.53,67.45,68.25,68.18,67.8,66.92,66.71,66.54,67.57,63.36,61.64,62.09,63.0,62.28,63.05,64.28,63.24,61.81,61.6,61.96,62.84,63.0,64.0,64.83,65.38,65.23,64.77,64.13,64.12,63.54,64.57,58.26,55.7,56.89,59.69,58.93,59.49,61.06,59.7,59.09,57.32,58.3,58.07,57.16,56.62,56.31,56.29,56.16,54.95,55.65,56.69,51.04,51.08,57.07,59.04,60.1,61.28,61.42,59.57,60.06,58.91,59.6,58.27,57.63,57.88,57.9,56.58,55.43,55.87,57.3,57.02,59.61],
  "contact_probs": [[1.0,0.99,0.16,0.01,0.04,0.29,0.5,0.42,0.21,0.09,0.18,0.13,0.05,0.02,0.01,0.07,0.21,0.42,0.54,0.31,0.45],[0.99,1.0,0.99,0.12,0.38,0.63,0.45,0.2,0.06,0.01,0.05,0.05,0.05,0.03,0.01,0.13,0.3,0.54,0.33,0.08,0.11],[0.16,0.99,1.0,0.53,0.69,0.45,0.2,0.1,0.03,0.01,0.02,0.02,0.03,0.05,0.01,0.29,0.59,0.37,0.07,0.02,0.02],[0.01,0.12,0.53,1.0,0.54,0.14,0.02,0.0,0.0,0.0,0.01,0.0,0.0,0.02,0.02,0.15,0.07,0.01,0.0,0.0,0.0],[0.04,0.38,0.69,0.54,1.0,0.87,0.19,0.01,0.01,0.01,0.04,0.02,0.02,0.06,0.07,0.56,0.26,0.02,0.01,0.0,0.01],[0.29,0.63,0.45,0.14,0.87,1.0,0.98,0.14,0.01,0.02,0.18,0.09,0.05,0.07,0.05,0.3,0.14,0.03,0.02,0.01,0.01],[0.5,0.45,0.2,0.02,0.19,0.98,1.0,0.99,0.2,0.04,0.39,0.28,0.19,0.16,0.03,0.1,0.05,0.06,0.04,0.01,0.06],[0.42,0.2,0.1,0.0,0.01,0.14,0.99,1.0,0.98,0.19,0.5,0.54,0.35,0.24,0.01,0.02,0.03,0.07,0.1,0.04,0.21],[0.21,0.06,0.03,0.0,0.01,0.01,0.2,0.98,1.0,0.45,0.39,0.57,0.37,0.11,0.02,0.01,0.01,0.03,0.1,0.14,0.32],[0.09,0.01,0.01,0.0,0.01,0.02,0.04,0.19,0.45,1.0,0.38,0.13,0.02,0.01,0.01,0.01,0.01,0.01,0.05,0.11,0.25],[0.18,0.05,0.02,0.01,0.04,0.18,0.39,0.5,0.39,0.38,1.0,0.93,0.2,0.03,0.01,0.11,0.12,0.07,0.09,0.15,0.22],[0.13,0.05,0.02,0.0,0.02,0.09,0.28,0.54,0.57,0.13,0.93,1.0,0.98,0.2,0.03,0.35,0.38,0.34,0.25,0.2,0.23],[0.05,0.05,0.03,0.0,0.02,0.05,0.19,0.35,0.37,0.02,0.2,0.98,1.0,0.96,0.16,0.36,0.61,0.44,0.29,0.09,0.08],[0.02,0.03,0.05,0.02,0.06,0.07,0.16,0.24,0.11,0.01,0.03,0.2,0.96,1.0,0.39,0.41,0.56,0.29,0.15,0.05,0.04],[0.01,0.01,0.01,0.02,0.07,0.05,0.03,0.01,0.02,0.01,0.01,0.03,0.16,0.39,1.0,0.2,0.11,0.02,0.01,0.01,0.02],[0.07,0.13,0.29,0.15,0.56,0.3,0.1,0.02,0.01,0.01,0.11,0.35,0.36,0.41,0.2,1.0,0.93,0.13,0.01,0.01,0.01],[0.21,0.3,0.59,0.07,0.26,0.14,0.05,0.03,0.01,0.01,0.12,0.38,0.61,0.56,0.11,0.93,1.0,0.99,0.21,0.01,0.01],[0.42,0.54,0.37,0.01,0.02,0.03,0.06,0.07,0.03,0.01,0.07,0.34,0.44,0.29,0.02,0.13,0.99,1.0,0.99,0.32,0.05],[0.54,0.33,0.07,0.0,0.01,0.02,0.04,0.1,0.1,0.05,0.09,0.25,0.29,0.15,0.01,0.01,0.21,0.99,1.0,0.86,0.58],[0.31,0.08,0.02,0.0,0.0,0.01,0.01,0.04,0.14,0.11,0.15,0.2,0.09,0.05,0.01,0.01,0.01,0.32,0.86,1.0,0.83],[0.45,0.11,0.02,0.0,0.01,0.01,0.06,0.21,0.32,0.25,0.22,0.23,0.08,0.04,0.02,0.01,0.01,0.05,0.58,0.83,1.0]],
  "pae": [[0.9,2.2,3.5,7.0,6.7,6.8,7.0,7.1,7.2,11.8,10.7,8.8,8.0,8.3,12.5,10.1,6.5,6.5,6.0,8.3,7.6],[2.0,0.9,2.2,4.7,4.2,5.6,5.2,6.1,7.5,11.2,9.9,8.6,7.3,7.7,11.5,9.2,6.3,5.7,6.4,7.8,7.8],[3.3,2.2,0.9,4.1,3.2,4.1,5.8,7.0,8.0,11.3,9.7,7.3,7.5,8.3,11.9,7.5,6.2,6.4,7.6,9.1,9.2],[6.7,4.6,4.0,1.3,3.5,4.5,6.0,8.7,9.9,13.7,12.3,10.5,9.1,12.2,15.5,11.2,7.9,7.9,9.9,11.3,11.6],[6.4,5.0,3.9,3.3,1.0,2.6,4.0,6.0,7.5,11.5,10.6,8.4,8.5,10.7,13.5,9.2,7.3,7.6,8.9,9.9,10.2],[6.4,5.4,4.5,4.0,2.4,0.9,2.3,4.1,5.8,10.5,9.4,7.8,7.4,9.7,13.2,9.1,6.9,7.3,7.8,9.2,8.3],[5.7,5.9,5.0,6.4,3.3,2.5,0.9,2.3,4.2,8.9,8.0,6.4,6.1,8.6,11.6,8.2,6.1,6.3,6.8,8.3,8.2],[6.8,7.0,6.7,8.6,5.2,4.3,2.7,0.9,2.6,8.3,7.0,6.1,5.5,8.6,11.6,7.3,6.5,6.8,6.8,8.1,8.6],[8.0,8.8,8.8,11.8,9.3,6.8,5.1,3.1,1.1,8.9,6.5,5.8,5.4,8.7,12.6,10.6,8.7,8.3,8.5,10.2,10.0],[17.0,16.7,16.5,17.9,16.1,14.7,10.2,7.8,9.3,2.0,9.1,8.2,12.4,14.4,14.7,15.9,16.5,17.0,16.9,16.3,16.2],[11.6,12.6,12.1,14.1,12.1,12.5,7.4,7.3,6.9,7.6,1.1,3.1,4.8,7.3,11.5,10.6,10.9,11.3,12.2,14.5,13.7],[9.5,9.7,9.0,12.4,10.6,10.2,6.6,5.9,6.1,5.8,2.9,0.9,2.6,4.4,8.7,9.2,6.3,7.2,9.4,10.8,10.9],[7.8,8.3,7.2,10.8,8.9,7.9,6.7,6.0,7.0,7.7,4.2,3.2,0.9,3.4,8.0,6.0,5.4,5.8,8.2,10.0,9.8],[11.0,13.3,12.6,15.1,14.3,13.1,11.3,10.9,9.5,12.1,7.7,4.7,3.4,1.1,6.1,6.1,7.2,7.3,9.7,11.4,12.7],[17.3,17.6,16.3,18.5,16.9,18.9,17.7,16.7,14.4,18.2,13.8,9.0,7.1,6.8,1.9,10.3,10.8,12.4,14.5,16.5,17.5],[9.5,10.8,8.7,11.2,10.0,10.7,8.8,8.7,9.7,14.1,11.0,7.7,6.0,5.8,6.6,1.1,4.7,5.1,7.5,9.5,10.0],[6.8,7.2,6.2,9.4,7.8,6.7,5.9,6.6,7.7,11.3,9.0,6.1,5.8,6.1,6.7,3.2,0.9,2.5,4.5,6.0,7.0],[7.4,8.1,6.8,9.6,7.6,6.7,6.0,6.2,6.8,11.5,9.1,7.5,6.4,6.8,8.6,4.3,2.7,0.9,2.6,3.6,4.7],[7.0,8.5,7.8,11.2,8.8,8.5,7.2,7.4,7.0,12.3,11.4,8.4,6.6,8.1,10.5,6.4,4.8,3.0,0.9,3.4,4.1],[8.7,9.8,10.3,12.9,10.1,11.1,10.1,9.4,9.0,14.7,13.8,10.9,8.5,10.2,12.5,9.3,8.1,5.0,3.2,1.3,3.4],[9.6,11.1,9.7,12.8,11.1,11.5,9.8,9.1,8.2,14.8,12.7,9.9,8.9,10.1,12.1,8.2,8.5,7.1,4.8,3.4,1.3]],
  "token_chain_ids": ["A","A","A","A","A","A","A","A","A","A","A","A","A","A","A","A","A","A","A","A","A"],
  "token_res_ids": [1,2,3,4,5,6,7,8,9,10,11,12,13,14,15,16,17,18,19,20,21]
}