{
  "atom_chain_ids": ["A","A","A","A","A","A","A","A","A","A","A","A","A","A","A","A","A","A","A","A","A","A","A","A","A","A","A","A","A","A","A","A","A","A","A","A","A","A","A","A","A","A","A","A","A","A","A","A","A","A","A","A","A","A","A","A","A","A","A","A","A","A","A","A","A","A","A","A","A","A","A","A","A","A","A","A","A","A","A","A","A","A","A","A","A","A","A","A","A","A","A","A","A","A","A","A","A","A","A","A","A","A","A","A","A","A","A","A","A","A","A","A","A","A","A","A","A","A","A","A","A","A","A","A","A","A","A","A","A","A","A","A","A","A","A","A","A","A","A","A","A","A","A","A","A","A","A","A","A","A","A","A","A","A","A","A","A","A","A","A","A","A","A","A","A","A","A","A","A","A","A","A","A","A","A","A","A","A","A","A","A","A","A","A","A","A","A","A","A","A","A","A","A","A","A","A","A","A","A","A","A","A","A","A","A","A","A","A","A","A","A","A","A","A","A","A","A","A","A","A","A","A","A","A","A","A","A","A","A","A","A","A","A","A","A","A","A","A","A","A","A","A","A","A","A","A","A","A","A","A","A","A","A","A","A","A","A","A","A","A","A","A","A","A","A","A","A","A","A","A","A","A","A","A","A","A","A","A","A","A","A","A","A","A","A","A","A","A","A","A","A","A","A","A","A","A","A","A","A","A","A","A","A","A","A","A","A","A","A","A","A","A","A","A","A","A","A","A","A","A","A","A","A","A","A","A","A","A","A","A","A","A","A","A","A","A","A","A","A","A","A","A","A","A","A","A","A","A","A","A","A","A","A","A","A","A","A","A","A","A","A","A","A","A","A","A","A","A","A","A","A","A","A","A","A","A","A","A","A","A","A","A","A","A","A","A","A","A","A","A","A","A","A","A","A","A","A","A","A","A","A","A","A","A","A","A","A","A","A","A","A","A","A","A","A","A","A","A","A","A","A","A","A","A","A","A","A","A","A","A","A","A","A","A","A","A","A","A","A","A","A","A","A","A","A","A","A","A","A","A","A"],
  "atom_plddts": [55.79,57.22,51.53,52.63,57.04,60.29,62.07,64.3,64.15,62.47,62.79,63.09,63.04,63.11,63.18,63.59,64.31,64.07,62.76,62.52,62.94,63.55,65.46,56.59,53.97,54.87,56.94,57.02,58.7,60.63,60.42,58.85,58.82,59.79,59.36,60.04,60.42,61.21,61.87,61.73,61.31,60.66,60.63,60.39,61.32,59.32,57.04,57.75,59.27,58.72,60.02,60.4,60.64,58.92,58.72,58.95,59.59,59.37,60.05,60.73,61.09,60.73,60.18,59.75,60.11,59.2,60.51,58.06,55.5,56.14,59.17,58.14,59.39,58.05,59.32,58.38,55.84,56.97,56.31,54.67,52.93,52.42,51.86,51.24,49.91,51.29,53.73,57.7,52.88,52.77,57.79,57.81,59.82,60.34,61.13,59.52,59.19,57.78,59.08,57.82,55.52,55.44,55.63,53.95,52.25,52.97,54.59,55.04,57.61,53.22,54.21,58.44,58.87,60.61,62.4,62.06,60.73,60.69,61.2,61.47,61.71,61.37,62.11,62.74,62.26,61.43,61.17,61.67,61.1,62.75,60.27,57.7,58.72,60.89,62.17,63.82,66.09,64.86,63.51,64.05,65.42,64.83,65.69,65.73,66.6,67.27,67.19,66.68,66.16,66.11,66.09,66.97,63.08,61.33,61.71,63.09,63.3,64.31,66.14,64.82,63.42,63.5,64.43,64.76,65.49,65.92,66.81,67.4,67.24,66.99,66.29,66.19,66.12,66.88,60.68,58.47,58.98,60.82,60.42,61.72,61.92,61.79,60.25,59.34,59.51,60.44,59.93,60.34,61.24,61.32,60.67,60.06,59.72,60.4,59.67,61.23,53.42,50.02,50.42,54.68,54.28,55.57,56.75,56.93,55.97,54.25,54.81,54.44,53.18,51.07,50.93,50.52,50.3,49.14,50.32,50.13,45.04,44.56,51.65,51.4,52.68,53.44,54.63,53.38,52.5,52.43,53.17,51.6,50.78,51.81,51.23,50.17,49.13,49.34,50.86,50.11,52.14,53.1,50.23,51.05,53.49,54.25,56.24,58.54,57.74,56.17,56.3,57.8,57.01,57.98,58.4,59.54,60.17,60.15,59.83,58.93,58.74,58.77,59.55,58.2,56.43,57.03,58.23,58.98,60.29,62.17,61.12,59.8,59.54,60.68,60.26,61.01,61.41,62.36,62.9,62.85,62.48,61.71,61.67,61.5,62.22,58.44,56.16,56.5,58.36,57.41,58.43,58.9,58.61,57.33,56.55,56.9,57.97,57.5,58.06,59.03,59.19,58.72,58.22,57.73,58.13,57.42,58.83,52.47,50.37,50.94,53.27,52.78,53.97,54.44,55.87,54.86,53.0,53.17,53.0,51.22,48.25,47.54,47.14,46.85,45.63,47.06,51.24,45.94,45.43,52.75,52.73,54.31,56.09,57.36,56.43,55.82,55.41,56.09,55.12,52.92,53.67,53.48,52.35,51.09,51.42,52.79,52.04,54.57,57.86,54.99,56.08,58.33,59.15,61.12,63.47,63.35,61.74,62.12,63.47,62.67,63.53,63.42,64.43,65.12,64.98,64.64,63.83,63.71,63.83,64.75,61.59,59.87,60.19,61.94,62.14,63.15,64.95,64.28,63.05,62.92,63.64,63.28,64.01,64.22,65.21,65.94,65.85,65.53,64.58,64.39,64.26,65.18,61.57,60.15,60.42,61.2,60.41,61.11,62.2,61.36,59.96,59.47,59.83,60.68,60.69,61.68,62.59,63.04,62.85,62.42,61.71,61.68,61.07,62.13,57.12,54.65,55.75,58.5,57.78,58.32,59.85,58.75,58.11,56.27,57.35,57.02,56.08,55.43,55.19,55.04,54.91,53.73,54.48,55.12,49.57,49.44,55.48,57.52,58.72,59.58,59.77,57.84,58.24,57.12,57.61,56.18,55.67,55.9,55.79,54.44,53.3,53.77,55.32,54.99,57.52],
  "contact_probs": [[1.0,0.99,0.16,0.01,0.04,0.29,0.5,0.42,0.21,0.09,0.18,0.13,0.05,0.02,0.01,0.07,0.21,0.42,0.54,0.31,0.45],[0.99,1.0,0.99,0.12,0.38,0.63,0.45,0.2,0.06,0.01,0.05,0.05,0.05,0.03,0.01,0.13,0.3,0.54,0.33,0.08,0.11],[0.16,0.99,1.0,0.53,0.69,0.45,0.2,0.1,0.03,0.01,0.02,0.02,0.03,0.05,0.01,0.29,0.59,0.37,0.07,0.02,0.02],[0.01,0.12,0.53,1.0,0.54,0.14,0.02,0.0,0.0,0.0,0.01,0.0,0.0,0.02,0.02,0.15,0.07,0.01,0.0,0.0,0.0],[0.04,0.38,0.69,0.54,1.0,0.87,0.19,0.01,0.01,0.01,0.04,0.02,0.02,0.06,0.07,0.56,0.26,0.02,0.01,0.0,0.01],[0.29,0.63,0.45,0.14,0.87,1.0,0.98,0.14,0.01,0.02,0.18,0.09,0.05,0.07,0.05,0.3,0.14,0.03,0.02,0.01,0.01],[0.5,0.45,0.2,0.02,0.19,0.98,1.0,0.99,0.2,0.04,0.39,0.28,0.19,0.16,0.03,0.1,0.05,0.06,0.04,0.01,0.06],[0.42,0.2,0.1,0.0,0.01,0.14,0.99,1.0,0.98,0.19,0.5,0.54,0.35,0.24,0.01,0.02,0.03,0.07,0.1,0.04,0.21],[0.21,0.06,0.03,0.0,0.01,0.01,0.2,0.98,1.0,0.45,0.39,0.57,0.37,0.11,0.02,0.01,0.01,0.03,0.1,0.14,0.32],[0.09,0.01,0.01,0.0,0.01,0.02,0.04,0.19,0.45,1.0,0.38,0.13,0.02,0.01,0.01,0.01,0.01,0.01,0.05,0.11,0.25],[0.18,0.05,0.02,0.01,0.04,0.18,0.39,0.5,0.39,0.38,1.0,0.93,0.2,0.03,0.01,0.11,0.12,0.07,0.09,0.15,0.22],[0.13,0.05,0.02,0.0,0.02,0.09,0.28,0.54,0.57,0.13,0.93,1.0,0.98,0.2,0.03,0.35,0.38,0.34,0.25,0.2,0.23],[0.05,0.05,0.03,0.0,0.02,0.05,0.19,0.35,0.37,0.02,0.2,0.98,1.0,0.96,0.16,0.36,0.61,0.44,0.29,0.09,0.08],[0.02,0.03,0.05,0.02,0.06,0.07,0.16,0.24,0.11,0.01,0.03,0.2,0.96,1.0,0.39,0.41,0.56,0.29,0.15,0.05,0.04],[0.01,0.01,0.01,0.02,0.07,0.05,0.03,0.01,0.02,0.01,0.01,0.03,0.16,0.39,1.0,0.2,0.11,0.02,0.01,0.01,0.02],[0.07,0.13,0.29,0.15,0.56,0.3,0.1,0.02,0.01,0.01,0.11,0.35,0.36,0.41,0.2,1.0,0.93,0.13,0.01,0.01,0.01],[0.21,0.3,0.59,0.07,0.26,0.14,0.05,0.03,0.01,0.01,0.12,0.38,0.61,0.56,0.11,0.93,1.0,0.99,0.21,0.01,0.01],[0.42,0.54,0.37,0.01,0.02,0.03,0.06,0.07,0.03,0.01,0.07,0.34,0.44,0.29,0.02,0.13,0.99,1.0,0.99,0.32,0.05],[0.54,0.33,0.07,0.0,0.01,0.02,0.04,0.1,0.1,0.05,0.09,0.25,0.29,0.15,0.01,0.01,0.21,0.99,1.0,0.86,0.58],[0.31,0.08,0.02,0.0,0.0,0.01,0.01,0.04,0.14,0.11,0.15,0.2,0.09,0.05,0.01,0.01,0.01,0.32,0.86,1.0,0.83],[0.45,0.11,0.02,0.0,0.01,0.01,0.06,0.21,0.32,0.25,0.22,0.23,0.08,0.04,0.02,0.01,0.01,0.05,0.58,0.83,1.0]],
  "pae": [[0.9,2.2,4.5,7.2,7.8,8.7,8.1,8.2,7.6,13.1,13.3,9.1,8.4,9.1,11.9,14.2,8.3,6.9,5.9,7.6,7.7],[2.3,0.9,2.8,5.5,5.8,7.1,5.8,7.0,8.4,12.1,12.5,9.1,8.1,8.7,10.6,12.1,7.1,5.9,6.4,7.7,8.4],[3.9,2.4,0.9,5.1,4.7,5.5,6.5,8.0,8.8,12.9,12.8,8.9,8.0,9.0,11.2,13.1,6.7,6.1,6.7,9.1,9.4],[9.4,6.3,6.4,1.5,5.7,7.7,9.3,11.9,12.9,15.6,16.0,12.8,12.3,12.5,14.7,14.8,10.1,9.1,10.2,12.5,13.3],[7.8,5.7,4.9,5.4,1.1,3.0,4.5,6.2,7.9,12.2,12.5,9.7,8.7,10.3,11.8,12.1,7.5,7.6,8.6,9.8,10.3],[7.4,5.5,5.1,5.0,2.9,0.9,2.3,4.0,5.8,10.6,11.2,7.2,6.7,9.8,11.7,12.0,7.4,7.1,8.3,9.0,8.5],[6.1,5.3,5.2,7.1,3.7,2.4,0.9,2.1,4.2,10.0,10.7,6.7,6.1,8.5,10.9,10.6,5.7,5.4,6.9,8.2,8.1],[7.3,6.8,6.7,8.6,4.8,4.0,2.7,0.9,2.7,9.5,9.7,6.3,5.6,8.5,10.8,10.2,7.0,6.9,7.6,8.9,8.8],[8.3,9.1,9.2,12.0,8.7,7.2,5.1,3.3,1.1,9.4,7.9,6.6,6.1,9.2,12.6,12.6,9.6,9.1,9.0,10.9,11.0],[16.9,17.2,16.7,18.1,15.7,13.8,11.1,9.3,10.5,2.0,6.8,9.6,13.8,15.4,16.8,17.1,18.2,17.5,16.8,16.8,17.1],[17.1,16.1,15.9,18.5,17.1,16.1,14.0,11.0,7.7,6.5,1.1,5.9,7.9,11.4,15.7,14.7,17.2,17.1,16.7,19.0,18.5],[12.0,11.7,10.6,13.6,11.7,12.4,9.6,7.7,7.4,7.0,4.8,1.0,3.5,5.3,10.2,12.8,9.9,10.3,10.9,12.7,12.9],[9.4,8.7,8.9,11.4,9.7,9.4,8.5,6.9,7.7,9.2,6.3,3.9,0.9,3.6,8.2,9.2,7.2,7.8,8.7,10.7,11.1],[11.5,11.2,11.2,13.3,12.7,14.0,11.8,10.8,8.7,12.2,9.8,5.1,3.2,1.1,7.4,7.2,7.7,8.3,8.9,12.1,13.0],[18.9,17.9,17.4,17.2,15.9,18.4,17.5,16.4,15.0,17.8,16.4,11.6,8.3,7.1,2.0,9.9,12.0,13.4,16.2,16.9,17.5],[17.1,15.3,14.9,17.3,15.8,13.6,14.1,13.2,11.8,17.3,16.7,10.7,8.2,7.4,6.7,1.2,9.5,11.4,13.6,16.7,17.3],[8.5,6.8,6.6,9.7,7.8,7.3,6.7,6.6,8.2,13.0,12.7,7.2,8.0,7.2,7.0,6.4,1.0,2.1,3.9,6.1,7.9],[7.5,6.5,6.6,9.3,6.3,6.7,6.3,6.3,6.9,13.0,13.0,8.4,6.9,7.8,9.6,8.0,3.0,0.9,2.3,4.2,5.2],[7.2,7.5,8.1,11.1,8.3,9.1,8.0,8.9,8.1,13.9,13.8,9.7,7.8,9.1,10.2,10.7,4.6,2.7,0.9,4.0,5.0],[9.0,8.2,9.3,11.5,9.5,10.5,9.0,9.6,9.1,15.2,15.0,10.8,9.0,10.3,12.4,12.0,7.5,4.5,3.2,1.3,3.4],[8.1,9.4,10.2,11.6,10.3,11.1,9.9,9.5,8.9,15.5,14.1,10.9,9.5,11.4,12.2,13.3,8.7,7.9,4.7,3.2,1.4]],
  "token_chain_ids": ["A","A","A","A","A","A","A","A","A","A","A","A","A","A","A","A","A","A","A","A","A"],
  "token_res_ids": [1,2,3,4,5,6,7,8,9,10,11,12,13,14,15,16,17,18,19,20,21]
}