{
  "atom_chain_ids": ["A","B","C","D","E","F","G","H","H","H","H","H","H","H","H","H","H","H","H","H","H","H","H","H","H","H","H","H","H","H","H","H","H","H","H","H","H","H","H","H","H","H","H","H","H","H","H","H","H","H","H","H","H","H","H","H","H","H","H","H","H","H","H","H","H","H","H","H","H","H","H","H","H","H","H","H","H","H","H","H","H","H","H","H","H","H","H","H","H","H","H","H","H","H","H","H","H","H","H","H","H","H","H","H","H","H","H","H","H","H","H","H","H","H","H","H","H","H","H","H","H","H","H","H","H","H","H","H","H","H","H","H","H","H","H","H","H","H","H","H","H","H","H","H","H","H","H","H","H","H","H","H","H","H","H","H","H","H","H","H","H","H","H","H","H","H","H","H","H","H"],
  "atom_plddts": [87.89,83.72,70.84,67.0,60.23,57.78,51.96,86.34,91.16,88.43,87.19,90.72,92.47,95.15,95.7,95.57,95.17,95.49,95.71,96.32,96.23,95.85,96.02,95.94,95.34,95.58,95.84,94.49,92.96,92.57,93.7,93.81,94.55,94.99,94.78,94.08,94.49,94.52,95.13,94.83,93.67,93.58,93.69,92.78,93.19,92.31,93.72,94.74,92.53,92.13,94.08,94.29,95.27,95.65,95.52,94.89,95.25,95.26,95.84,95.67,94.65,94.56,94.73,93.96,94.11,93.47,94.76,93.83,92.15,91.89,93.42,93.95,95.32,95.67,95.37,94.91,95.3,95.48,96.15,95.96,95.9,96.22,96.3,95.91,96.23,96.35,96.02,96.27,96.44,94.0,92.43,92.62,93.68,93.62,95.05,95.2,94.99,94.3,94.6,95.03,95.81,95.82,95.52,95.7,95.83,95.44,95.6,95.79,93.61,91.95,91.86,92.81,92.93,93.62,94.08,93.81,93.03,93.52,93.49,94.08,93.8,92.35,92.03,92.34,91.52,91.81,90.85,92.35,93.73,91.19,90.79,93.1,93.76,94.85,95.24,95.13,94.54,94.85,94.88,95.42,95.18,94.04,93.75,93.96,93.12,93.11,92.62,94.14,94.22,92.39,90.84,93.5,94.03,95.48,95.87,95.66,95.12,95.53,95.77,96.42,96.18,95.96,96.45,96.41,95.77,96.22,96.35,96.14,96.5,96.69],
  "contact_probs": [[1.0,0.01,0.43,0.04,0.26,0.07,0.16,0.07,0.56,0.6,0.55,0.03,0.05,0.0,0.01],[0.01,1.0,0.03,0.52,0.04,0.27,0.11,0.04,0.06,0.01,0.01,0.14,0.45,0.78,0.67],[0.43,0.03,1.0,0.17,0.41,0.12,0.21,0.16,0.22,0.33,0.62,0.29,0.24,0.06,0.08],[0.04,0.52,0.17,1.0,0.24,0.4,0.16,0.41,0.47,0.11,0.21,0.42,0.63,0.37,0.61],[0.26,0.04,0.41,0.24,1.0,0.26,0.24,0.19,0.23,0.34,0.6,0.36,0.27,0.12,0.13],[0.07,0.27,0.12,0.4,0.26,1.0,0.26,0.34,0.49,0.14,0.24,0.37,0.64,0.29,0.4],[0.16,0.11,0.21,0.16,0.24,0.26,1.0,0.2,0.24,0.25,0.31,0.29,0.27,0.21,0.21],[0.07,0.04,0.16,0.41,0.19,0.34,0.2,1.0,1.0,1.0,1.0,1.0,0.97,0.08,1.0],[0.56,0.06,0.22,0.47,0.23,0.49,0.24,1.0,1.0,0.34,0.97,0.82,1.0,0.0,0.95],[0.6,0.01,0.33,0.11,0.34,0.14,0.25,1.0,0.34,1.0,1.0,0.39,0.0,0.0,0.23],[0.55,0.01,0.62,0.21,0.6,0.24,0.31,1.0,0.97,1.0,1.0,1.0,0.98,0.37,0.65],[0.03,0.14,0.29,0.42,0.36,0.37,0.29,1.0,0.82,0.39,1.0,1.0,0.99,1.0,1.0],[0.05,0.45,0.24,0.63,0.27,0.64,0.27,0.97,1.0,0.0,0.98,0.99,1.0,0.24,0.92],[0.0,0.78,0.06,0.37,0.12,0.29,0.21,0.08,0.0,0.0,0.37,1.0,0.24,1.0,1.0],[0.01,0.67,0.08,0.61,0.13,0.4,0.21,1.0,0.95,0.23,0.65,1.0,0.92,1.0,1.0]],
  "pae": [[1.1,11.4,8.4,11.0,11.1,12.0,15.1,8.0,7.7,7.4,7.0,7.9,9.0,9.6,9.4],[10.9,1.2,10.6,8.2,11.7,12.3,12.4,7.9,8.8,9.2,8.0,7.1,7.0,6.8,6.6],[9.6,15.7,1.6,14.0,12.2,16.6,16.9,12.2,10.5,10.8,8.9,9.7,10.3,12.4,12.8],[15.3,8.5,15.5,1.7,13.1,13.4,14.9,8.5,8.5,10.0,8.4,9.0,8.0,9.0,8.1],[14.0,15.9,8.3,14.1,1.7,15.6,16.8,10.9,10.0,11.1,9.1,9.3,9.5,11.7,10.8],[12.9,14.8,13.2,11.9,14.9,1.6,15.9,9.1,9.1,10.8,9.5,10.6,9.6,12.6,9.8],[20.3,13.4,19.4,13.0,15.8,17.0,1.4,12.1,12.6,12.8,11.0,11.0,10.8,10.9,11.1],[3.8,3.6,4.8,5.2,6.1,6.1,8.2,0.9,1.6,1.8,1.6,1.8,1.9,1.9,1.6],[3.3,3.9,4.5,5.2,5.8,6.0,8.4,1.1,0.9,1.5,1.5,1.7,1.7,2.1,1.7],[3.2,4.2,4.4,5.3,5.6,5.9,8.2,1.2,1.4,0.9,1.0,1.6,1.9,2.2,1.9],[3.0,3.2,4.3,4.9,5.7,6.0,8.0,1.2,1.3,1.1,0.8,1.1,1.5,1.6,1.5],[3.1,3.1,4.3,4.8,5.4,5.7,7.3,1.5,1.8,1.5,1.0,0.8,1.4,1.3,1.4],[4.0,3.2,4.7,4.9,5.9,6.3,7.6,2.0,1.9,2.1,1.6,1.2,0.9,1.6,1.8],[4.3,3.2,5.1,4.8,6.0,6.2,7.1,1.7,2.0,2.1,1.8,1.1,1.5,0.9,1.2],[3.7,2.8,4.8,4.7,5.8,5.8,7.3,1.2,1.6,1.6,1.4,1.2,1.5,1.1,0.8]],
  "token_chain_ids": ["A","B","C","D","E","F","G","H","H","H","H","H","H","H","H"],
  "token_res_ids": [1,1,1,1,1,1,1,1,2,3,4,5,6,7,8]
}