{
  "atom_chain_ids": ["A","B","C","D","E","F","G","H","H","H","H","H","H","H","H","H","H","H","H","H","H","H","H","H","H","H","H","H","H","H","H","H","H","H","H","H","H","H","H","H","H","H","H","H","H","H","H","H","H","H","H","H","H","H","H","H","H","H","H","H","H","H","H","H","H","H","H","H","H","H","H","H","H","H","H","H","H","H","H","H","H","H","H","H","H","H","H","H","H","H","H","H","H","H","H","H","H","H","H","H","H","H","H","H","H","H","H","H","H","H","H","H","H","H","H","H","H","H","H","H","H","H","H","H","H","H","H","H","H","H","H","H","H","H","H","H","H","H","H","H","H","H","H","H","H","H","H","H","H","H","H","H","H","H","H","H","H","H","H","H","H","H","H","H","H","H","H","H","H","H"],
  "atom_plddts": [88.87,83.3,71.91,67.1,60.99,60.91,49.69,86.34,91.32,88.59,87.4,90.94,92.75,95.43,95.96,95.86,95.44,95.77,96.0,96.58,96.51,96.14,96.31,96.24,95.65,95.9,96.13,94.8,93.31,92.96,94.06,94.13,94.86,95.28,95.07,94.39,94.79,94.83,95.43,95.15,94.06,94.0,94.09,93.19,93.62,92.72,94.12,94.78,92.45,92.03,94.17,94.43,95.43,95.79,95.66,95.05,95.4,95.41,95.96,95.81,94.82,94.73,94.9,94.15,94.27,93.62,94.93,93.86,92.15,91.86,93.47,94.05,95.47,95.81,95.5,95.04,95.44,95.63,96.29,96.1,96.05,96.37,96.46,96.07,96.39,96.5,96.18,96.43,96.59,94.13,92.51,92.71,93.85,93.85,95.3,95.47,95.26,94.59,94.91,95.34,96.08,96.1,95.81,95.98,96.13,95.74,95.88,96.07,93.89,92.17,92.06,93.16,93.28,93.99,94.42,94.16,93.4,93.88,93.9,94.46,94.18,92.79,92.51,92.78,91.94,92.26,91.3,92.82,94.04,91.55,91.22,93.49,94.13,95.17,95.52,95.41,94.84,95.13,95.18,95.7,95.48,94.42,94.13,94.32,93.49,93.5,93.01,94.51,94.36,92.49,90.93,93.66,94.16,95.65,96.02,95.82,95.27,95.68,95.94,96.58,96.35,96.17,96.65,96.62,96.01,96.45,96.56,96.35,96.7,96.88],
  "contact_probs": [[1.0,0.01,0.43,0.04,0.26,0.07,0.16,0.07,0.56,0.6,0.55,0.03,0.05,0.0,0.01],[0.01,1.0,0.03,0.52,0.04,0.27,0.11,0.04,0.06,0.01,0.01,0.14,0.45,0.78,0.67],[0.43,0.03,1.0,0.17,0.41,0.12,0.21,0.16,0.22,0.33,0.62,0.29,0.24,0.06,0.08],[0.04,0.52,0.17,1.0,0.24,0.4,0.16,0.41,0.47,0.11,0.21,0.42,0.63,0.37,0.61],[0.26,0.04,0.41,0.24,1.0,0.26,0.24,0.19,0.23,0.34,0.6,0.36,0.27,0.12,0.13],[0.07,0.27,0.12,0.4,0.26,1.0,0.26,0.34,0.49,0.14,0.24,0.37,0.64,0.29,0.4],[0.16,0.11,0.21,0.16,0.24,0.26,1.0,0.2,0.24,0.25,0.31,0.29,0.27,0.21,0.21],[0.07,0.04,0.16,0.41,0.19,0.34,0.2,1.0,1.0,1.0,1.0,1.0,0.97,0.08,1.0],[0.56,0.06,0.22,0.47,0.23,0.49,0.24,1.0,1.0,0.34,0.97,0.82,1.0,0.0,0.95],[0.6,0.01,0.33,0.11,0.34,0.14,0.25,1.0,0.34,1.0,1.0,0.39,0.0,0.0,0.23],[0.55,0.01,0.62,0.21,0.6,0.24,0.31,1.0,0.97,1.0,1.0,1.0,0.98,0.37,0.65],[0.03,0.14,0.29,0.42,0.36,0.37,0.29,1.0,0.82,0.39,1.0,1.0,0.99,1.0,1.0],[0.05,0.45,0.24,0.63,0.27,0.64,0.27,0.97,1.0,0.0,0.98,0.99,1.0,0.24,0.92],[0.0,0.78,0.06,0.37,0.12,0.29,0.21,0.08,0.0,0.0,0.37,1.0,0.24,1.0,1.0],[0.01,0.67,0.08,0.61,0.13,0.4,0.21,1.0,0.95,0.23,0.65,1.0,0.92,1.0,1.0]],
  "pae": [[1.0,11.6,8.0,10.5,10.4,11.5,13.5,7.9,7.5,7.1,6.6,7.8,9.0,9.4,9.5],[11.4,1.2,10.5,9.8,12.0,8.2,14.0,7.6,8.7,9.0,7.7,7.0,7.1,6.8,6.8],[8.6,15.4,1.7,12.4,11.0,13.2,15.4,10.8,9.5,9.6,8.2,9.4,9.7,11.7,11.9],[12.0,12.9,14.1,1.5,13.3,13.2,18.2,9.2,9.2,10.9,9.8,11.1,9.6,11.5,9.5],[13.5,15.6,9.3,16.0,1.8,12.4,15.4,10.9,9.9,10.6,8.7,8.8,9.3,11.4,11.4],[17.1,8.3,14.8,14.4,15.4,2.1,14.4,9.3,10.5,11.6,9.7,8.4,8.4,8.8,8.6],[18.7,17.5,15.6,19.7,12.4,13.5,1.3,13.9,13.1,13.7,10.8,11.0,11.6,13.0,14.2],[3.7,3.6,4.6,5.2,5.2,5.0,8.3,0.9,1.5,1.7,1.5,1.8,1.8,1.9,1.5],[3.1,3.8,4.2,5.1,4.9,5.1,8.3,1.1,0.9,1.5,1.4,1.8,1.7,2.0,1.6],[3.0,4.1,4.1,5.2,4.7,5.1,7.8,1.1,1.4,0.9,1.0,1.6,1.8,2.0,1.8],[2.8,3.2,3.9,4.9,4.7,4.7,8.0,1.2,1.2,1.0,0.8,1.0,1.4,1.5,1.4],[2.9,3.1,4.0,4.9,4.7,4.5,7.6,1.4,1.7,1.4,0.9,0.8,1.3,1.2,1.3],[3.7,3.2,4.4,5.2,4.9,4.7,7.9,1.9,1.8,2.0,1.5,1.2,0.9,1.5,1.6],[4.1,3.3,4.9,5.3,5.2,4.6,7.8,1.6,1.9,2.0,1.7,1.0,1.4,0.9,1.1],[3.6,2.9,4.6,4.6,5.0,4.5,8.0,1.2,1.6,1.6,1.4,1.2,1.4,1.1,0.8]],
  "token_chain_ids": ["A","B","C","D","E","F","G","H","H","H","H","H","H","H","H"],
  "token_res_ids": [1,1,1,1,1,1,1,1,2,3,4,5,6,7,8]
}