{
  "atom_chain_ids": ["A","B","C","D","E","F","G","H","H","H","H","H","H","H","H","H","H","H","H","H","H","H","H","H","H","H","H","H","H","H","H","H","H","H","H","H","H","H","H","H","H","H","H","H","H","H","H","H","H","H","H","H","H","H","H","H","H","H","H","H","H","H","H","H","H","H","H","H","H","H","H","H","H","H","H","H","H","H","H","H","H","H","H","H","H","H","H","H","H","H","H","H","H","H","H","H","H","H","H","H","H","H","H","H","H","H","H","H","H","H","H","H","H","H","H","H","H","H","H","H","H","H","H","H","H","H","H","H","H","H","H","H","H","H","H","H","H","H","H","H","H","H","H","H","H","H","H","H","H","H","H","H","H","H","H","H","H","H","H","H","H","H","H","H","H","H","H","H","H","H"],
  "atom_plddts": [89.9,85.58,71.3,68.9,61.3,57.21,49.15,86.39,91.19,88.47,87.19,90.78,92.54,95.24,95.78,95.66,95.25,95.57,95.8,96.4,96.31,95.94,96.12,96.04,95.44,95.68,95.92,94.48,92.91,92.53,93.72,93.86,94.61,95.06,94.85,94.15,94.56,94.61,95.21,94.93,93.79,93.72,93.83,92.93,93.33,92.46,93.86,94.68,92.37,91.95,94.05,94.29,95.31,95.68,95.54,94.92,95.27,95.28,95.85,95.69,94.68,94.59,94.77,94.0,94.13,93.49,94.79,93.8,92.08,91.81,93.43,93.99,95.39,95.73,95.42,94.97,95.36,95.55,96.21,96.02,95.96,96.28,96.36,95.97,96.3,96.41,96.09,96.33,96.5,94.17,92.66,92.88,93.86,93.8,95.22,95.37,95.15,94.47,94.76,95.19,95.97,95.97,95.68,95.86,96.0,95.61,95.76,95.94,93.73,92.02,91.9,92.95,93.07,93.79,94.23,93.96,93.17,93.66,93.65,94.24,93.95,92.53,92.24,92.53,91.7,92.02,91.02,92.55,93.81,91.28,90.89,93.22,93.9,94.95,95.33,95.22,94.64,94.95,94.98,95.5,95.28,94.19,93.91,94.1,93.27,93.26,92.8,94.29,94.14,92.22,90.58,93.43,93.94,95.44,95.82,95.61,95.06,95.47,95.74,96.4,96.15,95.96,96.45,96.42,95.78,96.23,96.36,96.15,96.5,96.69],
  "contact_probs": [[1.0,0.01,0.43,0.04,0.26,0.07,0.16,0.07,0.56,0.6,0.55,0.03,0.05,0.0,0.01],[0.01,1.0,0.03,0.52,0.04,0.27,0.11,0.04,0.06,0.01,0.01,0.14,0.45,0.78,0.67],[0.43,0.03,1.0,0.17,0.41,0.12,0.21,0.16,0.22,0.33,0.62,0.29,0.24,0.06,0.08],[0.04,0.52,0.17,1.0,0.24,0.4,0.16,0.41,0.47,0.11,0.21,0.42,0.63,0.37,0.61],[0.26,0.04,0.41,0.24,1.0,0.26,0.24,0.19,0.23,0.34,0.6,0.36,0.27,0.12,0.13],[0.07,0.27,0.12,0.4,0.26,1.0,0.26,0.34,0.49,0.14,0.24,0.37,0.64,0.29,0.4],[0.16,0.11,0.21,0.16,0.24,0.26,1.0,0.2,0.24,0.25,0.31,0.29,0.27,0.21,0.21],[0.07,0.04,0.16,0.41,0.19,0.34,0.2,1.0,1.0,1.0,1.0,1.0,0.97,0.08,1.0],[0.56,0.06,0.22,0.47,0.23,0.49,0.24,1.0,1.0,0.34,0.97,0.82,1.0,0.0,0.95],[0.6,0.01,0.33,0.11,0.34,0.14,0.25,1.0,0.34,1.0,1.0,0.39,0.0,0.0,0.23],[0.55,0.01,0.62,0.21,0.6,0.24,0.31,1.0,0.97,1.0,1.0,1.0,0.98,0.37,0.65],[0.03,0.14,0.29,0.42,0.36,0.37,0.29,1.0,0.82,0.39,1.0,1.0,0.99,1.0,1.0],[0.05,0.45,0.24,0.63,0.27,0.64,0.27,0.97,1.0,0.0,0.98,0.99,1.0,0.24,0.92],[0.0,0.78,0.06,0.37,0.12,0.29,0.21,0.08,0.0,0.0,0.37,1.0,0.24,1.0,1.0],[0.01,0.67,0.08,0.61,0.13,0.4,0.21,1.0,0.95,0.23,0.65,1.0,0.92,1.0,1.0]],
  "pae": [[1.1,10.8,8.6,10.2,10.0,11.1,13.3,7.0,6.8,6.8,6.4,7.2,8.3,9.2,9.1],[10.7,1.1,9.6,7.9,10.6,10.9,12.6,7.5,8.1,8.8,7.7,6.7,6.8,6.3,6.3],[10.0,14.1,1.7,13.5,9.7,15.0,15.3,11.6,10.5,9.7,7.8,8.4,10.0,11.0,11.8],[16.3,8.7,16.1,1.6,13.7,13.0,16.3,8.8,9.9,10.3,9.0,8.6,8.9,8.3,8.2],[12.3,16.4,8.0,16.7,1.9,13.8,16.4,10.9,10.1,10.6,9.2,9.4,9.8,11.7,11.2],[12.7,14.0,14.0,12.8,15.5,1.5,16.2,9.2,9.3,11.3,10.1,11.0,9.9,11.9,9.5],[18.1,15.8,16.0,16.0,12.6,15.3,1.3,13.8,12.9,14.6,11.4,11.5,11.7,13.5,13.6],[3.6,3.3,4.5,5.0,5.1,5.6,8.7,0.9,1.5,1.7,1.5,1.8,1.8,1.9,1.6],[3.0,3.5,4.4,5.1,4.8,5.5,8.7,1.1,0.9,1.5,1.5,1.8,1.7,2.0,1.7],[2.9,3.9,4.1,5.1,4.7,5.6,8.3,1.1,1.4,0.9,1.0,1.6,1.8,2.1,1.9],[2.7,2.9,4.0,4.6,4.7,5.6,8.4,1.2,1.2,1.0,0.8,1.0,1.4,1.5,1.4],[2.7,2.7,3.9,4.4,4.6,5.3,8.1,1.4,1.7,1.4,0.9,0.8,1.3,1.2,1.3],[3.5,2.9,4.5,4.7,5.0,5.8,8.3,2.0,1.8,2.0,1.5,1.2,0.9,1.5,1.7],[4.1,2.9,4.7,4.5,5.3,6.0,8.5,1.6,2.0,2.1,1.8,1.1,1.4,0.9,1.1],[3.4,2.5,4.4,4.3,5.0,5.4,8.5,1.2,1.6,1.6,1.4,1.2,1.4,1.1,0.8]],
  "token_chain_ids": ["A","B","C","D","E","F","G","H","H","H","H","H","H","H","H"],
  "token_res_ids": [1,1,1,1,1,1,1,1,2,3,4,5,6,7,8]
}