{
  "atom_chain_ids": ["A","B","C","D","E","F","G","H","H","H","H","H","H","H","H","H","H","H","H","H","H","H","H","H","H","H","H","H","H","H","H","H","H","H","H","H","H","H","H","H","H","H","H","H","H","H","H","H","H","H","H","H","H","H","H","H","H","H","H","H","H","H","H","H","H","H","H","H","H","H","H","H","H","H","H","H","H","H","H","H","H","H","H","H","H","H","H","H","H","H","H","H","H","H","H","H","H","H","H","H","H","H","H","H","H","H","H","H","H","H","H","H","H","H","H","H","H","H","H","H","H","H","H","H","H","H","H","H","H","H","H","H","H","H","H","H","H","H","H","H","H","H","H","H","H","H","H","H","H","H","H","H","H","H","H","H","H","H","H","H","H","H","H","H","H","H","H","H","H","H"],
  "atom_plddts": [88.4,83.44,70.25,67.53,60.56,59.41,53.12,86.17,90.96,88.16,86.83,90.57,92.38,95.08,95.63,95.51,95.09,95.43,95.67,96.28,96.19,95.81,95.98,95.9,95.3,95.54,95.8,94.45,92.9,92.5,93.66,93.78,94.51,94.97,94.76,94.06,94.48,94.51,95.12,94.83,93.67,93.58,93.69,92.78,93.18,92.31,93.73,94.67,92.39,91.96,94.01,94.26,95.25,95.63,95.5,94.87,95.23,95.23,95.81,95.64,94.6,94.49,94.67,93.89,94.02,93.38,94.7,93.7,92.0,91.7,93.3,93.86,95.28,95.62,95.31,94.85,95.24,95.44,96.11,95.92,95.86,96.19,96.27,95.87,96.2,96.32,95.99,96.24,96.41,93.9,92.32,92.47,93.59,93.53,94.99,95.14,94.91,94.2,94.52,94.99,95.78,95.79,95.48,95.64,95.79,95.39,95.54,95.75,93.57,91.89,91.77,92.81,92.95,93.6,94.07,93.8,93.03,93.53,93.51,94.08,93.79,92.34,92.02,92.31,91.5,91.78,90.84,92.34,93.77,91.24,90.84,93.14,93.8,94.86,95.26,95.16,94.57,94.89,94.92,95.44,95.22,94.12,93.84,94.04,93.2,93.19,92.74,94.23,94.25,92.43,90.87,93.48,94.01,95.51,95.89,95.68,95.12,95.53,95.78,96.45,96.21,96.0,96.48,96.45,95.8,96.25,96.38,96.17,96.53,96.73],
  "contact_probs": [[1.0,0.01,0.43,0.04,0.26,0.07,0.16,0.07,0.56,0.6,0.55,0.03,0.05,0.0,0.01],[0.01,1.0,0.03,0.52,0.04,0.27,0.11,0.04,0.06,0.01,0.01,0.14,0.45,0.78,0.67],[0.43,0.03,1.0,0.17,0.41,0.12,0.21,0.16,0.22,0.33,0.62,0.29,0.24,0.06,0.08],[0.04,0.52,0.17,1.0,0.24,0.4,0.16,0.41,0.47,0.11,0.21,0.42,0.63,0.37,0.61],[0.26,0.04,0.41,0.24,1.0,0.26,0.24,0.19,0.23,0.34,0.6,0.36,0.27,0.12,0.13],[0.07,0.27,0.12,0.4,0.26,1.0,0.26,0.34,0.49,0.14,0.24,0.37,0.64,0.29,0.4],[0.16,0.11,0.21,0.16,0.24,0.26,1.0,0.2,0.24,0.25,0.31,0.29,0.27,0.21,0.21],[0.07,0.04,0.16,0.41,0.19,0.34,0.2,1.0,1.0,1.0,1.0,1.0,0.97,0.08,1.0],[0.56,0.06,0.22,0.47,0.23,0.49,0.24,1.0,1.0,0.34,0.97,0.82,1.0,0.0,0.95],[0.6,0.01,0.33,0.11,0.34,0.14,0.25,1.0,0.34,1.0,1.0,0.39,0.0,0.0,0.23],[0.55,0.01,0.62,0.21,0.6,0.24,0.31,1.0,0.97,1.0,1.0,1.0,0.98,0.37,0.65],[0.03,0.14,0.29,0.42,0.36,0.37,0.29,1.0,0.82,0.39,1.0,1.0,0.99,1.0,1.0],[0.05,0.45,0.24,0.63,0.27,0.64,0.27,0.97,1.0,0.0,0.98,0.99,1.0,0.24,0.92],[0.0,0.78,0.06,0.37,0.12,0.29,0.21,0.08,0.0,0.0,0.37,1.0,0.24,1.0,1.0],[0.01,0.67,0.08,0.61,0.13,0.4,0.21,1.0,0.95,0.23,0.65,1.0,0.92,1.0,1.0]],
  "pae": [[1.1,11.3,8.8,10.9,10.8,11.9,12.5,7.8,7.4,7.2,6.8,7.5,8.8,9.7,9.5],[11.1,1.2,10.8,8.0,12.1,9.8,15.0,8.4,9.2,9.4,8.4,7.7,7.4,7.1,7.1],[10.0,15.2,1.7,13.3,12.3,14.5,18.0,12.1,10.7,10.8,8.8,9.1,10.5,11.8,12.9],[15.7,8.6,15.3,1.7,13.2,12.0,16.3,8.6,8.6,10.5,8.7,8.8,7.8,9.3,8.2],[13.8,14.1,9.9,12.3,1.6,13.8,18.2,10.1,9.8,11.0,9.0,8.7,8.6,11.3,10.7],[16.7,12.3,15.3,11.0,15.5,1.9,15.0,9.2,10.3,10.6,9.5,8.9,9.2,8.5,8.4],[16.3,17.8,18.0,14.1,15.8,15.5,1.5,11.3,10.5,12.8,11.3,12.1,11.4,14.6,12.0],[3.8,4.0,4.9,5.3,6.4,6.4,7.9,0.9,1.7,1.9,1.7,1.9,2.0,2.1,1.7],[3.3,4.2,4.7,5.4,6.2,6.4,8.0,1.2,1.0,1.6,1.5,1.9,1.8,2.3,1.9],[3.2,4.5,4.5,5.5,6.0,6.2,7.7,1.3,1.5,0.9,1.1,1.8,2.0,2.4,2.1],[3.0,3.4,4.4,4.9,6.0,5.9,8.0,1.2,1.4,1.1,0.8,1.1,1.5,1.7,1.5],[3.0,3.4,4.4,4.8,5.7,5.3,7.6,1.6,1.9,1.5,1.0,0.8,1.5,1.4,1.5],[3.9,3.6,4.8,5.1,6.2,5.8,8.0,2.2,2.0,2.2,1.7,1.3,1.0,1.7,1.9],[4.4,3.6,4.9,4.9,6.1,5.3,8.1,1.8,2.2,2.3,2.0,1.2,1.6,0.9,1.2],[3.9,3.2,4.8,4.8,6.2,5.4,8.1,1.3,1.7,1.7,1.5,1.3,1.6,1.2,0.9]],
  "token_chain_ids": ["A","B","C","D","E","F","G","H","H","H","H","H","H","H","H"],
  "token_res_ids": [1,1,1,1,1,1,1,1,2,3,4,5,6,7,8]
}