{
  "atom_chain_ids": ["A","B","C","D","E","F","G","H","H","H","H","H","H","H","H","H","H","H","H","H","H","H","H","H","H","H","H","H","H","H","H","H","H","H","H","H","H","H","H","H","H","H","H","H","H","H","H","H","H","H","H","H","H","H","H","H","H","H","H","H","H","H","H","H","H","H","H","H","H","H","H","H","H","H","H","H","H","H","H","H","H","H","H","H","H","H","H","H","H","H","H","H","H","H","H","H","H","H","H","H","H","H","H","H","H","H","H","H","H","H","H","H","H","H","H","H","H","H","H","H","H","H","H","H","H","H","H","H","H","H","H","H","H","H","H","H","H","H","H","H","H","H","H","H","H","H","H","H","H","H","H","H","H","H","H","H","H","H","H","H","H","H","H","H","H","H","H","H","H","H"],
  "atom_plddts": [90.28,86.0,72.74,68.03,62.79,61.16,50.18,86.49,91.25,88.51,87.22,90.84,92.59,95.29,95.82,95.7,95.28,95.6,95.84,96.43,96.34,95.98,96.15,96.08,95.48,95.72,95.97,94.58,93.08,92.71,93.82,93.93,94.66,95.1,94.89,94.2,94.61,94.64,95.25,94.96,93.82,93.74,93.85,92.94,93.35,92.46,93.87,94.71,92.41,91.97,94.07,94.32,95.33,95.7,95.57,94.95,95.31,95.32,95.88,95.72,94.71,94.63,94.81,94.05,94.18,93.53,94.83,93.74,92.01,91.74,93.36,93.94,95.37,95.72,95.42,94.96,95.36,95.55,96.22,96.03,95.97,96.29,96.37,95.99,96.3,96.42,96.1,96.35,96.52,94.08,92.47,92.7,93.79,93.79,95.24,95.4,95.21,94.53,94.84,95.27,96.01,96.02,95.74,95.92,96.06,95.68,95.82,96.0,93.78,92.07,91.94,93.04,93.14,93.86,94.3,94.02,93.23,93.72,93.72,94.3,94.0,92.57,92.28,92.57,91.72,92.04,91.04,92.59,93.86,91.38,91.01,93.28,93.93,94.99,95.35,95.24,94.66,94.96,95.0,95.53,95.3,94.19,93.9,94.09,93.26,93.27,92.78,94.29,94.27,92.37,90.78,93.55,94.07,95.54,95.91,95.71,95.16,95.57,95.82,96.46,96.23,96.04,96.52,96.49,95.86,96.3,96.42,96.22,96.58,96.76],
  "contact_probs": [[1.0,0.01,0.43,0.04,0.26,0.07,0.16,0.07,0.56,0.6,0.55,0.03,0.05,0.0,0.01],[0.01,1.0,0.03,0.52,0.04,0.27,0.11,0.04,0.06,0.01,0.01,0.14,0.45,0.78,0.67],[0.43,0.03,1.0,0.17,0.41,0.12,0.21,0.16,0.22,0.33,0.62,0.29,0.24,0.06,0.08],[0.04,0.52,0.17,1.0,0.24,0.4,0.16,0.41,0.47,0.11,0.21,0.42,0.63,0.37,0.61],[0.26,0.04,0.41,0.24,1.0,0.26,0.24,0.19,0.23,0.34,0.6,0.36,0.27,0.12,0.13],[0.07,0.27,0.12,0.4,0.26,1.0,0.26,0.34,0.49,0.14,0.24,0.37,0.64,0.29,0.4],[0.16,0.11,0.21,0.16,0.24,0.26,1.0,0.2,0.24,0.25,0.31,0.29,0.27,0.21,0.21],[0.07,0.04,0.16,0.41,0.19,0.34,0.2,1.0,1.0,1.0,1.0,1.0,0.97,0.08,1.0],[0.56,0.06,0.22,0.47,0.23,0.49,0.24,1.0,1.0,0.34,0.97,0.82,1.0,0.0,0.95],[0.6,0.01,0.33,0.11,0.34,0.14,0.25,1.0,0.34,1.0,1.0,0.39,0.0,0.0,0.23],[0.55,0.01,0.62,0.21,0.6,0.24,0.31,1.0,0.97,1.0,1.0,1.0,0.98,0.37,0.65],[0.03,0.14,0.29,0.42,0.36,0.37,0.29,1.0,0.82,0.39,1.0,1.0,0.99,1.0,1.0],[0.05,0.45,0.24,0.63,0.27,0.64,0.27,0.97,1.0,0.0,0.98,0.99,1.0,0.24,0.92],[0.0,0.78,0.06,0.37,0.12,0.29,0.21,0.08,0.0,0.0,0.37,1.0,0.24,1.0,1.0],[0.01,0.67,0.08,0.61,0.13,0.4,0.21,1.0,0.95,0.23,0.65,1.0,0.92,1.0,1.0]],
  "pae": [[1.0,10.3,8.1,9.9,10.0,10.8,12.8,7.1,6.7,6.6,6.0,7.1,8.4,8.9,8.7],[10.8,1.1,9.7,8.9,11.8,8.9,13.5,7.3,7.9,8.5,7.5,6.4,6.8,6.4,6.6],[9.1,14.9,1.7,12.9,11.8,13.8,15.9,11.6,9.9,10.1,8.1,9.1,10.0,11.9,12.7],[13.3,11.8,14.4,1.7,13.6,11.9,17.8,9.0,9.0,10.9,9.7,10.0,9.1,10.4,8.9],[10.9,15.9,9.0,15.5,1.9,12.6,15.2,10.2,9.8,9.1,8.0,8.7,9.7,11.1,11.4],[16.9,11.5,15.1,12.8,16.3,1.8,15.4,9.3,10.6,11.0,9.4,8.9,9.5,8.4,8.5],[18.0,17.5,13.2,16.5,13.3,14.4,1.4,13.6,12.3,13.5,10.8,11.2,11.5,13.6,13.8],[3.5,3.4,4.5,5.0,4.8,5.5,8.2,0.9,1.6,1.7,1.5,1.8,1.9,1.9,1.6],[2.9,3.7,4.2,5.0,4.5,5.7,8.2,1.1,0.9,1.5,1.4,1.8,1.7,2.1,1.7],[2.8,4.1,4.1,5.0,4.4,5.5,7.9,1.1,1.3,0.9,1.0,1.6,1.8,2.0,1.8],[2.6,3.1,3.9,4.6,4.3,5.2,8.0,1.2,1.2,1.0,0.8,1.0,1.4,1.6,1.4],[2.7,2.8,3.9,4.4,4.3,4.9,7.7,1.5,1.7,1.4,0.9,0.8,1.4,1.3,1.3],[3.6,3.1,4.4,4.9,4.8,5.3,7.9,2.0,1.9,2.0,1.5,1.2,0.9,1.5,1.7],[4.1,3.0,4.9,4.8,5.0,4.8,8.0,1.7,2.0,2.1,1.8,1.1,1.4,0.9,1.2],[3.4,2.7,4.6,4.4,4.7,4.8,8.1,1.2,1.6,1.6,1.4,1.2,1.5,1.1,0.8]],
  "token_chain_ids": ["A","B","C","D","E","F","G","H","H","H","H","H","H","H","H"],
  "token_res_ids": [1,1,1,1,1,1,1,1,2,3,4,5,6,7,8]
}