{
  "atom_chain_ids": ["A","A","A","A","A","A","A","A","A","A","A","A","A","A","A","A","A","A","A","A","A","A","A","A","A","A","A","A","A","A","A","A","A","A","A","A","A","A","A","A","A","A","A","A","A","A","A","A","A","A","A","A","A","A","A","A","A","A","A","A","A","A","A","A","A","A","A","A","A","A","A","A","A","A","A","A","A","A","A","A","A","A","A","A","A","A","A","A","A","A","A","A","A","A","A","A","A","A","A","A","A","A","A","A","A","A","A","A","A","A","A","A","A","A","A","A","A","A","A","A","A","A","A","A","A","A","A","A","A","A","A","A","A","A","A","A","A","A","A","A","A","A","A","A","A","A","A","A","A","A","A","A","A","A","A","A","A","A","A","A","A","A","A","A","A","A","A","A","A","A","A","A","A","A","A","A","A","A","A","A","A","A","A","A","A","A","A","A","A","A","A","A","A","A","A","A","A","A","A","A","A","A","A","A","A","A","A","A","A","A","A","A","A","A","A","A","A","A","A","A","A","A","A","A","A","A","A","A","A","A","A","A","A","A","A","A","A","A","A","A","A","A","A","A","A","A","A","A","A","A","A","A","A","A","A","A","A","A","A","A","A","A","A","A","A","A","A","A","A","A","A","A","A","A","A","A","A","A","A","A","A","A","A","A","A","A","A","A","A","A","A","A","A","A","A","A","A","A","A","A","A","A","A","A","A","A","A","A","A","A","A","A","A","A","A","A","A","A","A","A","A","A","A","A","A","A","A","A","A","A","A","A","A","A","A","A","A","A","A","A","A","A","A","A","A","A","A","A","A","A","A","A","A","A","A","A","A","A","A","A","A","A","A","A","A","A","A","A","A","A","A","A","A","A","A","A","A","A","A","A","A","A","A","A","A","A","A","A","A","A","A","A","A","A","A","A","A","A","A","A","A","A","A","A","A","A","A","A","A","A","A","A","A","A","A","A","A","A","A","A","A","A","A","A","A","A","A","A","A","A","A","A","A","A","A","A","A","A","A","A","A","A","A","A","A","A","A","A","A","A","A","A","A","A","A","A","A","A","A","A","A","A","A","A","A","A","A","A","A","A","A","A","A","A","A","A","A","A","A","A","A","A","A","A","A","A","A","A","A","A","A"],
  "atom_plddts": [62.83,63.8,57.3,58.78,64.08,67.28,69.3,71.16,71.03,69.23,70.55,70.67,71.67,72.01,71.43,72.13,72.66,71.85,70.63,70.99,71.36,71.92,73.79,66.0,62.8,62.97,67.01,68.25,69.2,70.89,69.93,68.46,70.17,71.51,70.85,71.64,71.08,71.9,72.48,71.99,71.61,71.37,71.53,71.86,72.63,68.06,66.55,66.14,68.05,67.83,68.86,69.5,68.9,67.33,68.25,68.48,68.99,69.31,69.03,69.59,70.38,69.91,69.41,68.93,68.94,68.53,69.84,58.6,56.66,57.5,59.62,58.07,58.66,58.21,59.25,58.64,56.05,55.77,55.73,53.27,50.47,49.26,48.35,47.7,46.16,48.05,56.18,50.16,49.88,57.6,56.9,58.18,58.74,60.53,59.78,58.96,57.62,58.99,57.2,54.85,55.19,54.61,52.84,51.24,52.49,54.51,52.71,56.32,59.21,54.43,55.67,60.92,60.74,61.77,63.51,62.87,62.07,60.86,61.42,61.43,60.63,59.35,58.75,59.02,58.46,56.9,57.87,66.53,63.1,63.72,66.88,66.6,68.1,69.85,69.72,68.31,69.11,69.13,69.8,70.04,69.18,69.88,70.57,69.85,69.17,68.99,69.22,68.93,70.51,62.64,60.5,60.93,62.88,62.83,64.79,66.32,65.66,64.41,65.0,65.11,65.28,65.72,65.64,66.36,66.76,66.27,65.78,65.47,65.5,65.16,66.41,61.13,58.83,59.77,61.52,60.38,61.26,62.05,61.46,60.51,60.11,59.64,60.83,60.59,60.84,61.59,61.9,61.2,60.46,60.2,60.46,59.26,61.14,57.57,55.49,56.15,57.37,56.46,58.3,57.81,59.39,57.95,57.04,56.02,56.77,54.95,52.54,52.64,52.05,50.32,49.21,49.76,51.32,51.78,47.32,43.93,44.08,47.71,47.17,48.82,49.53,51.36,50.83,50.24,50.21,50.49,49.78,48.59,49.38,48.88,47.75,46.88,47.08,47.85,47.16,49.48,47.08,43.82,43.85,47.3,47.61,49.37,50.51,51.7,50.7,50.36,50.54,50.58,50.35,49.25,50.13,49.74,48.81,47.98,48.2,48.9,47.91,50.24,51.96,48.38,48.51,52.11,51.67,53.58,53.92,55.81,54.39,53.89,53.17,53.51,52.13,49.94,50.04,49.35,47.73,46.44,47.28,48.98,49.67,55.55,51.94,51.88,55.52,54.96,56.47,56.59,58.24,56.58,56.16,54.6,55.42,54.01,52.11,51.96,51.62,49.9,48.4,49.27,50.93,51.57,56.83,52.69,53.45,58.32,57.97,59.34,59.77,60.76,59.41,58.38,58.25,59.46,58.58,56.86,56.32,56.33,55.65,53.88,55.08,56.84,58.23,54.57,55.58,59.54,59.13,60.34,61.2,61.45,60.25,58.85,58.67,59.79,58.97,57.31,56.78,56.96,56.36,54.69,55.69,57.22,68.26,64.57,64.55,68.99,70.24,71.8,73.0,72.86,71.05,72.54,73.12,73.29,73.61,72.58,73.04,73.81,73.24,72.59,72.69,72.94,73.05,74.28,71.86,69.46,69.36,71.96,72.78,74.36,74.84,74.84,73.2,74.4,74.82,75.09,75.37,74.5,75.0,75.45,74.78,74.45,74.44,74.59,74.57,75.58,71.83,70.32,70.1,71.48,71.45,72.83,73.32,73.2,71.55,72.51,72.35,73.27,73.48,73.13,73.65,74.09,73.42,73.07,72.97,73.12,72.87,73.92,70.26,68.36,68.74,70.95,68.6,70.1,70.41,69.97,68.99,67.05,67.55,68.33,67.23,66.82,66.21,66.4,66.06,64.82,65.77,69.95,66.6,66.89,70.32,70.66,71.99,73.14,73.1,71.5,72.31,72.55,73.11,73.29,72.47,72.82,73.35,72.69,72.0,72.12,72.44,72.32,73.6,71.05,69.1,69.05,71.31,71.36,72.39,73.12,72.56,70.94,72.31,72.71,72.99,73.41,72.82,73.22,73.69,73.23,72.78,72.78,72.88,72.74,73.68,71.02,69.1,68.55,70.54,71.21,71.72,72.34,71.77,70.04,71.34,71.2,72.15,72.35,71.68,71.9,72.62,72.14,71.48,71.42,71.56,71.28,72.72],
  "contact_probs": [[1.0,1.0,0.19,0.01,0.01,0.01,0.09,0.23,0.36,0.14,0.42,0.5,0.34,0.46,0.38,0.07,0.0,0.01,0.01,0.0,0.34,0.79,0.36],[1.0,1.0,1.0,0.18,0.17,0.23,0.3,0.39,0.66,0.25,0.29,0.17,0.05,0.1,0.1,0.02,0.01,0.02,0.01,0.01,0.06,0.38,0.84],[0.19,1.0,1.0,0.52,0.56,0.68,0.57,0.7,0.45,0.17,0.05,0.02,0.0,0.01,0.01,0.01,0.0,0.01,0.02,0.01,0.04,0.07,0.4],[0.01,0.18,0.52,1.0,0.45,0.17,0.05,0.05,0.06,0.08,0.02,0.01,0.0,0.0,0.0,0.0,0.0,0.01,0.03,0.01,0.02,0.08,0.18],[0.01,0.17,0.56,0.45,1.0,0.74,0.11,0.07,0.06,0.02,0.01,0.0,0.0,0.0,0.0,0.0,0.01,0.03,0.14,0.05,0.02,0.08,0.38],[0.01,0.23,0.68,0.17,0.74,1.0,0.69,0.17,0.04,0.01,0.01,0.0,0.01,0.01,0.01,0.01,0.03,0.27,0.6,0.06,0.02,0.14,0.45],[0.09,0.3,0.57,0.05,0.11,0.69,1.0,0.97,0.24,0.04,0.04,0.02,0.01,0.02,0.08,0.12,0.65,0.63,0.14,0.01,0.02,0.03,0.03],[0.23,0.39,0.7,0.05,0.07,0.17,0.97,1.0,0.93,0.26,0.14,0.08,0.03,0.08,0.18,0.23,0.63,0.23,0.06,0.01,0.01,0.02,0.02],[0.36,0.66,0.45,0.06,0.06,0.04,0.24,0.93,1.0,0.69,0.47,0.29,0.11,0.16,0.16,0.16,0.06,0.06,0.05,0.01,0.02,0.02,0.02],[0.14,0.25,0.17,0.08,0.02,0.01,0.04,0.26,0.69,1.0,0.68,0.24,0.07,0.07,0.06,0.06,0.03,0.01,0.01,0.0,0.01,0.01,0.01],[0.42,0.29,0.05,0.02,0.01,0.01,0.04,0.14,0.47,0.68,1.0,0.87,0.33,0.21,0.14,0.07,0.03,0.01,0.01,0.0,0.02,0.01,0.01],[0.5,0.17,0.02,0.01,0.0,0.0,0.02,0.08,0.29,0.24,0.87,1.0,0.78,0.44,0.2,0.1,0.03,0.02,0.01,0.0,0.03,0.01,0.01],[0.34,0.05,0.0,0.0,0.0,0.01,0.01,0.03,0.11,0.07,0.33,0.78,1.0,0.69,0.25,0.14,0.02,0.01,0.0,0.0,0.04,0.01,0.01],[0.46,0.1,0.01,0.0,0.0,0.01,0.02,0.08,0.16,0.07,0.21,0.44,0.69,1.0,0.71,0.36,0.08,0.02,0.01,0.01,0.21,0.05,0.01],[0.38,0.1,0.01,0.0,0.0,0.01,0.08,0.18,0.16,0.06,0.14,0.2,0.25,0.71,1.0,0.64,0.54,0.11,0.01,0.01,0.43,0.1,0.01],[0.07,0.02,0.01,0.0,0.0,0.01,0.12,0.23,0.16,0.06,0.07,0.1,0.14,0.36,0.64,1.0,0.77,0.08,0.01,0.01,0.12,0.01,0.01],[0.0,0.01,0.0,0.0,0.01,0.03,0.65,0.63,0.06,0.03,0.03,0.03,0.02,0.08,0.54,0.77,1.0,1.0,0.08,0.02,0.21,0.03,0.01],[0.01,0.02,0.01,0.01,0.03,0.27,0.63,0.23,0.06,0.01,0.01,0.02,0.01,0.02,0.11,0.08,1.0,1.0,1.0,0.15,0.92,0.15,0.02],[0.01,0.01,0.02,0.03,0.14,0.6,0.14,0.06,0.05,0.01,0.01,0.01,0.0,0.01,0.01,0.01,0.08,1.0,1.0,0.27,0.77,0.9,0.19],[0.0,0.01,0.01,0.01,0.05,0.06,0.01,0.01,0.01,0.0,0.0,0.0,0.0,0.01,0.01,0.01,0.02,0.15,0.27,1.0,0.08,0.07,0.02],[0.34,0.06,0.04,0.02,0.02,0.02,0.02,0.01,0.02,0.01,0.02,0.03,0.04,0.21,0.43,0.12,0.21,0.92,0.77,0.08,1.0,1.0,0.06],[0.79,0.38,0.07,0.08,0.08,0.14,0.03,0.02,0.02,0.01,0.01,0.01,0.01,0.05,0.1,0.01,0.03,0.15,0.9,0.07,1.0,1.0,1.0],[0.36,0.84,0.4,0.18,0.38,0.45,0.03,0.02,0.02,0.01,0.01,0.01,0.01,0.01,0.01,0.01,0.01,0.02,0.19,0.02,0.06,1.0,1.0]],
  "pae": [[0.9,1.8,3.0,8.1,6.6,6.4,5.3,4.7,4.8,7.0,8.2,7.7,8.7,7.0,6.0,6.8,4.5,4.6,5.3,7.3,3.9,3.9,4.4],[1.4,0.9,1.9,7.2,5.2,5.5,4.4,4.2,4.8,6.5,7.4,7.3,8.3,6.8,5.8,6.4,3.6,3.5,4.0,5.9,3.6,3.0,3.6],[2.6,1.8,1.0,6.8,4.8,5.8,4.6,5.0,5.4,7.1,8.1,8.3,8.9,7.5,6.4,7.0,4.2,3.9,4.3,7.1,4.3,4.0,3.8],[14.0,10.5,10.5,1.8,8.8,10.1,13.0,15.3,15.6,16.0,16.0,16.5,18.5,17.2,15.4,16.7,16.4,15.5,13.8,15.9,16.7,15.3,12.1],[11.6,10.2,6.9,6.5,1.4,5.5,6.3,8.1,10.8,13.0,14.1,14.6,14.8,14.0,12.9,13.7,11.0,10.3,8.0,10.3,11.1,9.3,8.3],[10.1,9.2,6.6,7.5,4.7,1.4,5.1,6.5,9.3,11.3,12.3,13.0,13.2,12.6,10.8,11.1,8.6,7.7,6.7,10.2,9.1,7.9,7.3],[5.5,4.7,5.1,8.5,5.1,4.1,1.1,1.9,3.9,5.7,8.3,8.3,9.0,8.4,7.0,6.9,4.9,5.1,5.5,8.0,5.9,5.9,5.6],[4.7,4.8,4.8,8.7,5.5,4.1,2.4,1.0,2.5,4.4,6.4,7.5,8.2,7.0,6.3,6.0,4.7,5.0,5.7,7.7,5.3,5.2,5.7],[5.2,4.8,5.4,9.7,7.2,5.8,3.8,2.5,1.0,3.6,6.1,6.5,7.6,7.1,6.5,6.0,5.1,6.3,7.4,9.9,6.3,6.0,6.7],[8.2,7.3,8.5,12.9,10.9,10.0,8.2,5.5,4.8,1.1,6.9,5.9,7.6,7.1,8.3,7.6,8.4,10.3,11.4,13.2,10.6,10.0,9.9],[10.2,9.9,11.3,15.5,15.0,14.3,13.0,8.4,7.1,5.6,1.1,4.9,6.6,7.2,9.5,9.5,12.9,13.7,15.5,17.9,14.2,14.3,14.7],[9.2,9.5,11.2,15.4,14.6,12.9,11.7,10.5,7.5,5.1,4.3,1.1,5.4,5.6,8.6,8.8,11.3,13.4,14.2,16.8,13.0,13.4,14.0],[8.9,9.8,11.1,14.9,14.3,13.3,11.3,9.2,8.0,6.2,5.5,3.6,1.1,3.7,5.3,6.1,9.2,12.0,13.3,13.3,11.2,12.5,13.6],[8.5,9.3,10.6,14.4,13.3,12.0,10.5,8.6,8.0,5.8,7.2,5.0,3.4,1.0,5.0,5.2,7.2,10.1,12.1,12.2,9.5,11.1,12.4],[7.9,8.5,9.4,12.7,11.2,10.5,9.2,7.4,7.4,6.5,7.6,6.1,4.2,3.3,1.2,4.5,4.9,8.2,10.8,10.8,8.3,10.0,11.6],[8.4,8.9,9.4,12.8,11.1,10.3,8.1,8.2,7.7,6.7,8.6,7.7,6.2,4.5,4.5,1.3,4.7,6.5,9.8,9.6,8.9,10.4,11.3],[3.6,3.5,3.8,8.5,5.6,5.1,3.8,4.2,4.9,6.7,8.3,7.1,7.0,5.3,4.2,3.5,0.9,1.6,3.0,4.7,3.1,3.3,4.1],[3.2,2.9,3.3,8.2,4.9,4.7,3.5,4.0,4.4,6.7,8.6,8.2,7.4,6.1,5.0,4.1,1.7,0.8,1.8,4.2,2.6,2.4,3.0],[3.6,3.5,3.7,8.4,5.2,4.4,3.6,4.1,5.4,8.3,9.7,9.4,8.8,7.0,5.5,6.0,2.5,1.6,0.9,3.7,2.8,2.6,3.2],[9.5,10.8,11.4,12.5,10.2,8.8,9.6,10.6,10.7,13.0,13.1,12.5,12.6,10.8,8.6,10.1,6.5,5.2,5.6,1.7,6.1,5.1,7.9],[3.4,3.1,3.5,8.9,5.6,5.0,3.5,4.1,4.9,7.1,8.9,8.8,8.5,6.6,5.6,6.2,2.8,2.2,2.4,3.8,0.9,1.5,2.2],[3.1,2.9,3.2,8.5,5.1,4.8,3.6,3.7,4.8,7.4,9.5,8.9,9.1,7.9,6.0,6.4,2.9,2.2,2.2,4.0,1.5,0.8,1.5],[3.7,3.5,3.9,8.6,5.4,4.6,4.2,4.7,5.5,8.6,9.9,9.5,10.0,8.4,6.9,7.3,4.2,3.4,3.0,5.2,2.9,1.6,0.9]],
  "token_chain_ids": ["A","A","A","A","A","A","A","A","A","A","A","A","A","A","A","A","A","A","A","A","A","A","A"],
  "token_res_ids": [1,2,3,4,5,6,7,8,9,10,11,12,13,14,15,16,17,18,19,20,21,22,23]
}