{
  "atom_chain_ids": ["A","A","A","A","A","A","A","A","A","A","A","A","A","A","A","A","A","A","A","A","A","A","A","A","A","A","A","A","A","A","A","A","A","A","A","A","A","A","A","A","A","A","A","A","A","A","A","A","A","A","A","A","A","A","A","A","A","A","A","A","A","A","A","A","A","A","A","A","A","A","A","A","A","A","A","A","A","A","A","A","A","A","A","A","A","A","A","A","A","A","A","A","A","A","A","A","A","A","A","A","A","A","A","A","A","A","A","A","A","A","A","A","A","A","A","A","A","A","A","A","A","A","A","A","A","A","A","A","A","A","A","A","A","A","A","A","A","A","A","A","A","A","A","A","A","A","A","A","A","A","A","A","A","A","A","A","A","A","A","A","A","A","A","A","A","A","A","A","A","A","A","A","A","A","A","A","A","A","A","A","A","A","A","A","A","A","A","A","A","A","A","A","A","A","A","A","A","A","A","A","A","A","A","A","A","A","A","A","A","A","A","A","A","A","A","A","A","A","A","A","A","A","A","A","A","A","A","A","A","A","A","A","A","A","A","A","A","A","A","A","A","A","A","A","A","A","A","A","A","A","A","A","A","A","A","A","A","A","A","A","A","A","A","A","A","A","A","A","A","A","A","A","A","A","A","A","A","A","A","A","A","A","A","A","A","A","A","A","A","A","A","A","A","A","A","A","A","A","A","A","A","A","A","A","A","A","A","A","A","A","A","A","A","A","A","A","A","A","A","A","A","A","A","A","A","A","A","A","A","A","A","A","A","A","A","A","A","A","A","A","A","A","A","A","A","A","A","A","A","A","A","A","A","A","A","A","A","A","A","A","A","A","A","A","A","A","A","A","A","A","A","A","A","A","A","A","A","A","A","A","A","A","A","A","A","A","A","A","A","A","A","A","A","A","A","A","A","A","A","A","A","A","A","A","A","A","A","A","A","A","A","A","A","A","A","A","A","A","A","A","A","A","A","A","A","A","A","A","A","A","A","A","A","A","A","A","A","A","A","A","A","A","A","A","A","A","A","A","A","A","A","A","A","A","A","A","A","A","A","A","A","A","A","A","A","A","A","A","A","A","A","A","A","A","A","A","A","A","A","A","A","A","A","A","A","A","A","A","A","A","A"],
  "atom_plddts": [63.03,63.77,57.26,58.73,64.14,67.63,69.53,71.34,71.24,69.53,71.01,71.27,72.05,72.45,71.87,72.63,73.08,72.25,71.12,71.53,71.88,72.5,74.21,65.82,62.68,62.74,66.99,68.33,69.24,70.85,69.86,68.53,70.27,71.63,70.79,71.56,70.88,71.73,72.26,71.73,71.38,71.16,71.33,71.71,72.45,68.12,66.46,66.02,68.22,68.25,69.31,69.86,69.27,67.73,68.85,69.01,69.34,69.65,69.35,69.89,70.62,70.12,69.68,69.23,69.25,68.85,70.13,59.79,57.59,58.7,60.96,59.43,60.11,59.72,60.24,59.54,56.82,56.79,56.87,54.74,52.46,51.39,50.7,50.02,48.47,50.15,55.06,49.01,48.7,56.57,56.28,58.02,58.02,60.2,59.33,58.47,57.59,58.58,56.68,54.38,54.89,54.08,52.17,50.78,52.05,54.15,52.36,55.9,57.88,52.46,53.72,59.93,60.11,61.53,63.07,62.73,61.89,60.69,61.22,61.01,60.08,58.61,57.92,58.09,57.45,55.9,57.04,64.29,60.93,61.69,64.69,64.6,66.05,67.82,67.58,66.25,66.91,66.99,67.45,67.66,66.99,67.72,68.33,67.61,66.9,66.72,66.95,66.46,68.12,61.48,59.2,59.76,61.88,62.29,64.48,66.0,65.4,64.18,64.96,65.37,65.2,65.71,65.55,66.42,66.72,66.15,65.77,65.45,65.48,65.28,66.44,58.66,56.38,57.29,59.0,58.23,59.15,59.79,59.37,58.55,58.06,57.8,58.69,58.39,58.76,59.67,59.78,59.07,58.38,58.13,58.41,57.25,59.09,56.35,54.2,54.93,56.17,54.89,56.74,56.01,58.14,56.75,55.55,54.72,55.49,53.45,50.87,51.05,50.38,48.64,47.58,48.07,49.66,50.21,51.06,47.03,47.66,52.31,51.79,53.79,54.83,56.05,55.26,54.74,55.55,55.55,55.33,54.93,56.38,55.81,54.9,54.16,54.34,55.04,54.43,55.85,49.9,46.31,46.69,50.88,50.82,52.31,53.31,53.88,52.96,52.4,53.03,53.15,53.12,52.89,54.25,53.89,53.13,52.28,52.41,52.99,51.95,53.73,54.14,50.91,51.01,54.21,53.35,55.08,55.22,56.96,55.49,54.72,54.07,54.54,52.91,50.77,50.92,50.21,48.55,47.22,48.06,49.8,50.49,56.73,52.85,52.75,56.71,56.1,57.6,57.88,59.28,57.62,57.15,55.81,56.68,55.38,53.67,53.73,53.52,51.93,50.41,51.17,52.73,53.37,54.77,50.5,51.23,56.31,56.13,57.46,57.69,58.85,57.59,56.53,56.74,57.76,57.07,55.65,55.33,55.22,54.67,53.0,54.07,55.86,58.32,54.32,55.31,59.83,59.26,60.48,61.21,61.71,60.42,58.91,58.93,60.03,59.08,57.37,56.9,57.0,56.34,54.67,55.66,57.36,67.08,63.14,63.27,68.01,69.55,71.1,72.4,72.11,70.31,71.96,72.63,72.64,73.0,72.04,72.54,73.28,72.71,72.08,72.18,72.44,72.59,73.76,71.41,69.09,69.01,71.6,72.32,73.82,74.37,74.21,72.56,73.88,74.35,74.57,74.89,74.14,74.65,75.12,74.49,74.18,74.13,74.27,74.25,75.19,72.5,70.73,70.52,72.34,72.58,74.03,74.46,74.47,72.75,73.77,73.7,74.57,74.74,74.24,74.79,75.22,74.5,74.21,74.11,74.26,74.11,75.13,70.7,68.6,69.08,71.46,69.0,70.44,70.57,70.15,69.15,66.99,67.93,68.3,67.07,66.83,66.36,66.35,65.95,64.89,65.81,69.68,65.8,66.12,70.28,70.95,72.45,73.57,73.58,71.92,72.76,73.05,73.51,73.66,72.78,73.19,73.7,73.0,72.37,72.41,72.69,72.59,73.92,71.78,69.49,69.49,72.18,72.45,73.86,74.41,74.1,72.46,73.8,74.22,74.54,74.96,74.19,74.59,75.07,74.57,74.14,74.15,74.23,74.11,75.13,73.6,71.46,70.85,73.22,73.96,74.81,75.16,74.95,73.18,74.38,74.14,75.27,75.38,74.44,74.62,75.31,74.73,74.15,74.18,74.28,73.99,75.54],
  "contact_probs": [[1.0,1.0,0.19,0.01,0.01,0.01,0.09,0.23,0.36,0.14,0.42,0.5,0.34,0.46,0.38,0.07,0.0,0.01,0.01,0.0,0.34,0.79,0.36],[1.0,1.0,1.0,0.18,0.17,0.23,0.3,0.39,0.66,0.25,0.29,0.17,0.05,0.1,0.1,0.02,0.01,0.02,0.01,0.01,0.06,0.38,0.84],[0.19,1.0,1.0,0.52,0.56,0.68,0.57,0.7,0.45,0.17,0.05,0.02,0.0,0.01,0.01,0.01,0.0,0.01,0.02,0.01,0.04,0.07,0.4],[0.01,0.18,0.52,1.0,0.45,0.17,0.05,0.05,0.06,0.08,0.02,0.01,0.0,0.0,0.0,0.0,0.0,0.01,0.03,0.01,0.02,0.08,0.18],[0.01,0.17,0.56,0.45,1.0,0.74,0.11,0.07,0.06,0.02,0.01,0.0,0.0,0.0,0.0,0.0,0.01,0.03,0.14,0.05,0.02,0.08,0.38],[0.01,0.23,0.68,0.17,0.74,1.0,0.69,0.17,0.04,0.01,0.01,0.0,0.01,0.01,0.01,0.01,0.03,0.27,0.6,0.06,0.02,0.14,0.45],[0.09,0.3,0.57,0.05,0.11,0.69,1.0,0.97,0.24,0.04,0.04,0.02,0.01,0.02,0.08,0.12,0.65,0.63,0.14,0.01,0.02,0.03,0.03],[0.23,0.39,0.7,0.05,0.07,0.17,0.97,1.0,0.93,0.26,0.14,0.08,0.03,0.08,0.18,0.23,0.63,0.23,0.06,0.01,0.01,0.02,0.02],[0.36,0.66,0.45,0.06,0.06,0.04,0.24,0.93,1.0,0.69,0.47,0.29,0.11,0.16,0.16,0.16,0.06,0.06,0.05,0.01,0.02,0.02,0.02],[0.14,0.25,0.17,0.08,0.02,0.01,0.04,0.26,0.69,1.0,0.68,0.24,0.07,0.07,0.06,0.06,0.03,0.01,0.01,0.0,0.01,0.01,0.01],[0.42,0.29,0.05,0.02,0.01,0.01,0.04,0.14,0.47,0.68,1.0,0.87,0.33,0.21,0.14,0.07,0.03,0.01,0.01,0.0,0.02,0.01,0.01],[0.5,0.17,0.02,0.01,0.0,0.0,0.02,0.08,0.29,0.24,0.87,1.0,0.78,0.44,0.2,0.1,0.03,0.02,0.01,0.0,0.03,0.01,0.01],[0.34,0.05,0.0,0.0,0.0,0.01,0.01,0.03,0.11,0.07,0.33,0.78,1.0,0.69,0.25,0.14,0.02,0.01,0.0,0.0,0.04,0.01,0.01],[0.46,0.1,0.01,0.0,0.0,0.01,0.02,0.08,0.16,0.07,0.21,0.44,0.69,1.0,0.71,0.36,0.08,0.02,0.01,0.01,0.21,0.05,0.01],[0.38,0.1,0.01,0.0,0.0,0.01,0.08,0.18,0.16,0.06,0.14,0.2,0.25,0.71,1.0,0.64,0.54,0.11,0.01,0.01,0.43,0.1,0.01],[0.07,0.02,0.01,0.0,0.0,0.01,0.12,0.23,0.16,0.06,0.07,0.1,0.14,0.36,0.64,1.0,0.77,0.08,0.01,0.01,0.12,0.01,0.01],[0.0,0.01,0.0,0.0,0.01,0.03,0.65,0.63,0.06,0.03,0.03,0.03,0.02,0.08,0.54,0.77,1.0,1.0,0.08,0.02,0.21,0.03,0.01],[0.01,0.02,0.01,0.01,0.03,0.27,0.63,0.23,0.06,0.01,0.01,0.02,0.01,0.02,0.11,0.08,1.0,1.0,1.0,0.15,0.92,0.15,0.02],[0.01,0.01,0.02,0.03,0.14,0.6,0.14,0.06,0.05,0.01,0.01,0.01,0.0,0.01,0.01,0.01,0.08,1.0,1.0,0.27,0.77,0.9,0.19],[0.0,0.01,0.01,0.01,0.05,0.06,0.01,0.01,0.01,0.0,0.0,0.0,0.0,0.01,0.01,0.01,0.02,0.15,0.27,1.0,0.08,0.07,0.02],[0.34,0.06,0.04,0.02,0.02,0.02,0.02,0.01,0.02,0.01,0.02,0.03,0.04,0.21,0.43,0.12,0.21,0.92,0.77,0.08,1.0,1.0,0.06],[0.79,0.38,0.07,0.08,0.08,0.14,0.03,0.02,0.02,0.01,0.01,0.01,0.01,0.05,0.1,0.01,0.03,0.15,0.9,0.07,1.0,1.0,1.0],[0.36,0.84,0.4,0.18,0.38,0.45,0.03,0.02,0.02,0.01,0.01,0.01,0.01,0.01,0.01,0.01,0.01,0.02,0.19,0.02,0.06,1.0,1.0]],
  "pae": [[1.0,1.7,2.9,7.6,7.1,6.6,5.1,4.3,4.7,7.3,6.1,6.5,8.0,6.4,6.1,6.5,4.3,4.1,5.0,7.7,3.9,3.6,3.9],[1.5,0.9,1.9,6.7,6.0,5.7,4.5,3.8,4.7,7.4,6.4,6.3,8.1,6.2,6.2,6.3,3.2,3.0,3.6,6.8,3.3,2.8,3.2],[2.9,1.8,1.0,5.9,5.3,6.3,4.9,4.6,5.8,8.1,6.6,6.3,8.3,6.7,6.4,6.8,4.1,3.7,4.3,7.8,4.4,4.0,3.9],[10.8,8.3,7.5,1.6,5.7,7.4,9.1,11.2,12.1,11.0,13.5,13.2,15.1,14.6,14.0,14.5,13.5,13.2,13.3,17.6,14.5,13.3,10.8],[10.5,8.9,6.3,5.5,1.3,5.8,6.2,8.2,9.5,12.4,12.1,12.7,14.9,13.7,12.4,12.9,10.6,9.7,9.1,13.0,11.5,10.3,8.8],[10.0,8.4,7.0,6.8,4.8,1.4,5.3,6.7,9.2,11.5,11.8,11.7,13.0,12.2,11.0,11.2,8.4,7.3,7.8,13.1,9.1,8.4,7.5],[5.4,4.7,5.0,7.7,5.4,4.1,1.1,2.1,4.0,6.4,6.9,7.6,8.6,7.3,7.3,6.7,5.1,5.0,6.0,9.2,6.2,6.0,6.0],[4.2,4.2,4.4,7.4,5.6,4.1,2.1,1.0,2.5,5.7,5.7,6.9,8.1,6.7,6.6,6.4,4.5,4.5,5.7,9.0,4.8,5.1,5.3],[6.3,5.2,5.3,9.1,8.0,6.3,4.3,2.7,1.0,4.8,4.9,6.3,8.1,7.1,7.5,6.7,5.6,6.8,9.0,11.2,7.3,6.7,7.1],[9.4,7.7,8.2,11.8,11.9,11.3,8.3,6.5,5.3,1.3,5.0,6.5,9.2,9.3,10.4,9.6,10.6,11.2,12.9,16.4,12.5,11.9,11.5],[7.8,7.4,8.7,11.5,11.6,11.5,9.0,6.7,5.2,4.6,1.1,5.0,6.1,6.7,8.1,7.8,9.0,10.3,11.6,14.9,12.2,10.7,11.4],[7.5,7.9,9.1,12.1,11.9,12.4,9.3,8.1,6.0,5.2,4.0,1.1,5.1,5.1,7.2,7.5,9.3,11.2,12.4,16.1,11.8,11.1,12.3],[8.5,8.6,10.0,13.1,12.4,13.4,10.4,8.1,7.4,8.4,5.1,4.2,1.1,3.8,5.3,6.1,8.1,11.4,12.9,14.5,11.1,11.6,12.8],[7.8,8.6,9.8,12.0,12.5,11.8,9.9,8.1,8.3,8.8,6.0,5.0,3.7,1.1,4.5,5.0,6.8,9.1,10.4,13.6,9.2,11.0,12.0],[7.1,8.0,9.3,12.1,10.9,10.8,8.8,8.1,7.8,9.1,7.8,6.5,4.9,3.8,1.2,5.1,5.5,7.9,10.3,12.0,8.4,10.4,11.7],[8.0,8.3,9.9,11.9,12.1,11.3,8.3,8.3,8.1,10.0,8.3,9.2,7.8,5.3,4.8,1.3,4.2,6.5,9.8,10.0,9.4,11.1,12.8],[4.1,3.4,3.7,8.2,6.3,5.3,3.9,4.2,5.4,8.0,7.2,6.9,7.7,5.6,4.2,3.5,0.9,1.6,3.1,5.5,3.0,3.3,3.9],[3.2,2.6,3.0,7.7,5.7,5.0,3.7,3.8,4.9,7.7,7.3,7.0,7.5,5.8,4.7,3.8,1.4,0.8,1.6,4.9,2.5,2.1,2.5],[3.3,3.0,3.3,7.7,5.7,4.8,4.0,3.8,5.6,8.2,7.5,7.6,7.8,5.8,5.0,5.0,2.1,1.3,0.9,3.8,2.5,2.1,2.7],[11.2,13.5,13.9,13.9,14.2,11.1,12.3,13.0,13.5,16.2,14.8,14.8,15.5,13.7,11.0,11.7,8.2,6.9,7.1,1.6,7.2,7.1,10.4],[3.6,3.3,4.2,8.8,6.4,5.3,3.8,4.2,5.5,8.5,7.4,7.3,8.6,6.7,6.2,6.4,2.9,2.1,2.4,4.3,0.9,1.4,2.2],[3.5,2.7,3.2,7.7,6.3,5.0,3.6,3.6,4.8,8.1,6.8,7.2,8.4,7.1,5.9,6.0,2.8,2.2,2.1,4.3,1.6,0.8,1.5],[3.8,3.4,3.6,7.9,6.1,4.8,4.1,4.4,5.3,8.2,7.7,8.0,10.1,8.0,6.6,7.1,3.9,3.0,2.6,5.6,2.5,1.4,0.9]],
  "token_chain_ids": ["A","A","A","A","A","A","A","A","A","A","A","A","A","A","A","A","A","A","A","A","A","A","A"],
  "token_res_ids": [1,2,3,4,5,6,7,8,9,10,11,12,13,14,15,16,17,18,19,20,21,22,23]
}