{
  "atom_chain_ids": ["A","A","A","A","A","A","A","A","A","A","A","A","A","A","A","A","A","A","A","A","A","A","A","A","A","A","A","A","A","A","A","A","A","A","A","A","A","A","A","A","A","A","A","A","A","A","A","A","A","A","A","A","A","A","A","A","A","A","A","A","A","A","A","A","A","A","A","A","A","A","A","A","A","A","A","A","A","A","A","A","A","A","A","A","A","A","A","A","A","A","A","A","A","A","A","A","A","A","A","A","A","A","A","A","A","A","A","A","A","A","A","A","A","A","A","A","A","A","A","A","A","A","A","A","A","A","A","A","A","A","A","A","A","A","A","A","A","A","A","A","A","A","A","A","A","A","A","A","A","A","A","A","A","A","A","A","A","A","A","A","A","A","A","A","A","A","A","A","A","A","A","A","A","A","A","A","A","A","A","A","A","A","A","A","A","A","A","A","A","A","A","A","A","A","A","A","A","A","A","A","A","A","A","A","A","A","A","A","A","A","A","A","A","A","A","A","A","A","A","A","A","A","A","A","A","A","A","A","A","A","A","A","A","A","A","A","A","A","A","A","A","A","A","A","A","A","A","A","A","A","A","A","A","A","A","A","A","A","A","A","A","A","A","A","A","A","A","A","A","A","A","A","A","A","A","A","A","A","A","A","A","A","A","A","A","A","A","A","A","A","A","A","A","A","A","A","A","A","A","A","A","A","A","A","A","A","A","A","A","A","A","A","A","A","A","A","A","A","A","A","A","A","A","A","A","A","A","A","A","A","A","A","A","A","A","A","A","A","A","A","A","A","A","A","A","A","A","A","A","A","A","A","A","A","A","A","A","A","A","A","A","A","A","A","A","A","A","A","A","A","A","A","A","A","A","A","A","A","A","A","A","A","A","A","A","A","A","A","A","A","A","A","A","A","A","A","A","A","A","A","A","A","A","A","A","A","A","A","A","A","A","A","A","A","A","A","A","A","A","A","A","A","A","A","A","A","A","A","A","A","A","A","A","A","A","A","A","A","A","A","A","A","A","A","A","A","A","A","A","A","A","A","A","A","A","A","A","A","A","A","A","A","A","A","A","A","A","A","A","A","A","A","A","A","A","A","A","A","A","A","A","A","A","A","A","A","A","A","A","A","A"],
  "atom_plddts": [61.44,61.75,55.13,56.35,62.03,65.32,67.21,69.2,68.92,67.23,68.66,69.1,69.6,70.0,69.8,70.6,71.03,70.25,69.06,69.48,69.82,70.49,72.15,63.61,60.48,60.63,64.61,65.98,66.81,68.79,67.51,66.14,67.89,69.48,68.33,69.16,68.78,69.72,70.21,69.72,69.41,69.11,69.27,69.67,70.31,66.21,64.12,63.68,66.45,66.71,67.7,68.52,67.9,66.28,67.52,68.06,67.93,68.25,68.03,68.81,69.51,68.98,68.6,68.06,68.08,67.89,69.04,55.32,52.48,53.38,56.75,56.22,57.07,57.08,58.23,57.58,54.99,55.2,54.65,52.74,50.02,49.12,48.4,47.88,46.47,48.07,56.12,50.59,50.36,57.48,57.13,58.61,58.53,60.82,59.87,59.1,58.27,59.15,57.18,54.97,55.59,54.71,52.92,51.68,52.83,54.86,53.02,56.27,59.29,54.12,55.24,60.99,60.88,62.18,63.82,63.3,62.45,61.36,61.83,61.69,60.75,59.43,58.76,58.91,58.24,56.74,57.89,63.75,60.22,60.89,64.1,64.08,65.63,67.49,67.42,66.08,66.79,67.08,67.34,67.53,66.86,67.78,68.28,67.47,66.87,66.67,66.92,66.58,68.15,60.64,58.59,59.05,60.8,61.17,63.23,64.76,64.16,62.93,63.61,64.02,63.79,64.25,64.29,65.23,65.44,64.88,64.55,64.19,64.2,63.97,65.07,57.59,55.56,56.37,57.72,57.29,58.2,58.76,58.42,57.5,57.07,56.87,57.5,57.16,57.48,58.41,58.41,57.72,57.13,56.84,57.12,56.0,57.78,53.96,51.72,52.37,53.56,52.59,54.71,53.77,56.67,55.1,53.98,53.4,53.81,51.8,49.19,49.48,48.63,46.9,46.05,46.48,48.13,48.99,48.13,44.46,44.72,49.12,48.66,50.76,51.46,53.25,52.46,51.67,52.69,52.53,52.3,51.81,53.32,52.57,51.67,51.06,51.2,51.97,51.38,52.61,46.75,43.96,43.75,46.76,46.83,48.55,49.09,50.69,49.69,49.11,49.34,49.18,48.61,47.73,48.69,48.17,47.2,46.47,46.64,47.32,46.21,48.45,51.11,47.47,47.47,51.13,50.69,52.54,52.44,54.94,53.36,52.64,51.79,52.23,50.64,48.26,48.32,47.56,45.89,44.67,45.5,47.25,48.02,53.86,49.98,49.81,53.8,53.48,55.13,55.13,57.21,55.55,54.94,53.78,54.38,53.0,51.17,51.26,50.82,49.2,47.86,48.58,50.22,51.04,53.28,49.2,49.8,54.82,54.89,56.21,56.2,57.89,56.51,55.44,55.58,56.35,55.52,53.83,53.44,53.25,52.67,51.03,52.18,54.04,55.06,51.59,52.72,56.52,56.24,57.39,58.19,58.8,57.54,56.26,56.5,57.24,56.58,55.07,54.82,54.73,54.23,52.75,53.63,55.23,65.62,62.05,62.18,66.52,68.1,69.4,70.96,70.49,68.7,70.27,71.21,70.82,71.17,70.3,70.87,71.55,70.99,70.38,70.42,70.69,70.83,71.96,70.06,67.73,67.61,70.26,71.0,72.42,73.25,72.93,71.31,72.7,73.37,73.31,73.67,72.97,73.62,74.05,73.4,73.13,73.0,73.13,73.19,74.04,71.12,69.28,69.03,71.08,71.47,72.91,73.52,73.46,71.76,72.86,73.0,73.54,73.72,73.19,73.86,74.25,73.5,73.23,73.08,73.24,73.18,74.16,68.62,66.69,67.21,69.33,66.99,68.39,68.63,68.31,67.32,65.16,66.32,66.32,65.04,64.67,64.26,64.02,63.74,62.71,63.7,68.42,64.95,65.13,68.92,69.46,70.7,72.02,71.82,70.14,70.86,71.11,71.39,71.5,70.73,71.11,71.62,70.94,70.22,70.25,70.59,70.37,71.75,69.81,67.97,67.81,70.19,70.32,71.43,72.32,71.6,70.03,71.32,71.88,71.84,72.24,71.61,72.09,72.5,72.03,71.59,71.51,71.61,71.47,72.41,71.4,69.46,68.66,70.95,71.74,72.21,72.74,72.27,70.47,71.87,71.89,72.54,72.64,71.89,72.23,72.85,72.29,71.74,71.65,71.77,71.56,72.98],
  "contact_probs": [[1.0,1.0,0.19,0.01,0.01,0.01,0.09,0.23,0.36,0.14,0.42,0.5,0.34,0.46,0.38,0.07,0.0,0.01,0.01,0.0,0.34,0.79,0.36],[1.0,1.0,1.0,0.18,0.17,0.23,0.3,0.39,0.66,0.25,0.29,0.17,0.05,0.1,0.1,0.02,0.01,0.02,0.01,0.01,0.06,0.38,0.84],[0.19,1.0,1.0,0.52,0.56,0.68,0.57,0.7,0.45,0.17,0.05,0.02,0.0,0.01,0.01,0.01,0.0,0.01,0.02,0.01,0.04,0.07,0.4],[0.01,0.18,0.52,1.0,0.45,0.17,0.05,0.05,0.06,0.08,0.02,0.01,0.0,0.0,0.0,0.0,0.0,0.01,0.03,0.01,0.02,0.08,0.18],[0.01,0.17,0.56,0.45,1.0,0.74,0.11,0.07,0.06,0.02,0.01,0.0,0.0,0.0,0.0,0.0,0.01,0.03,0.14,0.05,0.02,0.08,0.38],[0.01,0.23,0.68,0.17,0.74,1.0,0.69,0.17,0.04,0.01,0.01,0.0,0.01,0.01,0.01,0.01,0.03,0.27,0.6,0.06,0.02,0.14,0.45],[0.09,0.3,0.57,0.05,0.11,0.69,1.0,0.97,0.24,0.04,0.04,0.02,0.01,0.02,0.08,0.12,0.65,0.63,0.14,0.01,0.02,0.03,0.03],[0.23,0.39,0.7,0.05,0.07,0.17,0.97,1.0,0.93,0.26,0.14,0.08,0.03,0.08,0.18,0.23,0.63,0.23,0.06,0.01,0.01,0.02,0.02],[0.36,0.66,0.45,0.06,0.06,0.04,0.24,0.93,1.0,0.69,0.47,0.29,0.11,0.16,0.16,0.16,0.06,0.06,0.05,0.01,0.02,0.02,0.02],[0.14,0.25,0.17,0.08,0.02,0.01,0.04,0.26,0.69,1.0,0.68,0.24,0.07,0.07,0.06,0.06,0.03,0.01,0.01,0.0,0.01,0.01,0.01],[0.42,0.29,0.05,0.02,0.01,0.01,0.04,0.14,0.47,0.68,1.0,0.87,0.33,0.21,0.14,0.07,0.03,0.01,0.01,0.0,0.02,0.01,0.01],[0.5,0.17,0.02,0.01,0.0,0.0,0.02,0.08,0.29,0.24,0.87,1.0,0.78,0.44,0.2,0.1,0.03,0.02,0.01,0.0,0.03,0.01,0.01],[0.34,0.05,0.0,0.0,0.0,0.01,0.01,0.03,0.11,0.07,0.33,0.78,1.0,0.69,0.25,0.14,0.02,0.01,0.0,0.0,0.04,0.01,0.01],[0.46,0.1,0.01,0.0,0.0,0.01,0.02,0.08,0.16,0.07,0.21,0.44,0.69,1.0,0.71,0.36,0.08,0.02,0.01,0.01,0.21,0.05,0.01],[0.38,0.1,0.01,0.0,0.0,0.01,0.08,0.18,0.16,0.06,0.14,0.2,0.25,0.71,1.0,0.64,0.54,0.11,0.01,0.01,0.43,0.1,0.01],[0.07,0.02,0.01,0.0,0.0,0.01,0.12,0.23,0.16,0.06,0.07,0.1,0.14,0.36,0.64,1.0,0.77,0.08,0.01,0.01,0.12,0.01,0.01],[0.0,0.01,0.0,0.0,0.01,0.03,0.65,0.63,0.06,0.03,0.03,0.03,0.02,0.08,0.54,0.77,1.0,1.0,0.08,0.02,0.21,0.03,0.01],[0.01,0.02,0.01,0.01,0.03,0.27,0.63,0.23,0.06,0.01,0.01,0.02,0.01,0.02,0.11,0.08,1.0,1.0,1.0,0.15,0.92,0.15,0.02],[0.01,0.01,0.02,0.03,0.14,0.6,0.14,0.06,0.05,0.01,0.01,0.01,0.0,0.01,0.01,0.01,0.08,1.0,1.0,0.27,0.77,0.9,0.19],[0.0,0.01,0.01,0.01,0.05,0.06,0.01,0.01,0.01,0.0,0.0,0.0,0.0,0.01,0.01,0.01,0.02,0.15,0.27,1.0,0.08,0.07,0.02],[0.34,0.06,0.04,0.02,0.02,0.02,0.02,0.01,0.02,0.01,0.02,0.03,0.04,0.21,0.43,0.12,0.21,0.92,0.77,0.08,1.0,1.0,0.06],[0.79,0.38,0.07,0.08,0.08,0.14,0.03,0.02,0.02,0.01,0.01,0.01,0.01,0.05,0.1,0.01,0.03,0.15,0.9,0.07,1.0,1.0,1.0],[0.36,0.84,0.4,0.18,0.38,0.45,0.03,0.02,0.02,0.01,0.01,0.01,0.01,0.01,0.01,0.01,0.01,0.02,0.19,0.02,0.06,1.0,1.0]],
  "pae": [[1.0,1.8,3.1,7.3,6.6,6.5,5.4,4.9,4.8,7.6,5.7,8.1,8.9,7.5,7.3,7.2,4.6,4.2,5.2,7.5,4.0,3.9,4.3],[1.6,0.9,1.9,6.6,5.3,5.7,4.5,3.9,4.6,7.3,6.5,7.7,9.2,7.3,7.0,6.3,3.6,3.3,3.8,6.9,3.6,3.2,3.5],[2.8,1.8,1.0,6.2,4.9,6.1,4.7,4.7,5.7,8.5,7.0,8.6,9.2,7.2,7.4,6.8,4.2,3.9,4.3,7.8,4.4,4.1,3.9],[11.7,9.6,8.7,1.5,7.3,8.5,9.1,9.5,10.5,13.6,14.9,16.1,16.2,16.4,14.8,15.6,14.1,13.3,14.1,16.3,15.0,13.7,11.7],[10.7,7.9,6.2,7.7,1.3,5.3,5.4,7.7,9.3,12.4,13.0,13.7,14.5,13.3,12.2,13.1,10.1,9.0,7.5,12.2,10.2,9.1,7.6],[8.7,8.0,6.5,7.6,4.7,1.4,4.5,6.1,8.5,11.0,11.5,12.4,12.7,11.6,10.5,10.9,8.0,6.8,6.7,11.9,8.4,7.5,6.8],[5.5,4.4,4.8,6.6,4.7,3.8,1.0,1.7,3.8,5.9,7.4,9.5,9.1,8.1,7.7,7.1,5.0,4.9,5.3,8.7,5.9,5.8,5.5],[4.5,4.5,4.5,6.8,5.1,3.8,2.1,0.9,2.6,5.6,6.3,8.3,8.4,7.2,7.2,6.6,4.5,4.5,5.3,8.8,5.1,5.3,5.5],[5.8,5.1,5.9,7.6,7.0,5.7,4.0,2.4,1.0,4.7,5.2,7.0,8.7,7.8,8.3,7.2,5.5,6.5,7.7,11.0,6.8,6.5,6.6],[7.9,7.2,7.7,9.4,10.5,9.5,7.1,5.8,4.5,1.1,4.6,6.0,7.5,7.3,9.9,8.1,9.4,10.5,11.5,14.7,10.9,10.5,10.3],[8.3,8.1,9.4,10.1,11.9,11.2,9.1,7.6,5.4,4.4,1.1,4.3,6.1,6.6,8.3,8.0,9.6,10.8,11.9,14.8,11.5,11.1,11.5],[9.8,9.8,11.3,11.5,14.0,13.7,12.1,9.7,7.0,5.0,3.9,1.1,5.3,6.0,9.7,9.5,11.5,14.3,13.6,19.1,12.4,13.0,15.0],[9.3,9.5,11.1,11.5,12.6,12.8,10.6,8.4,7.4,8.0,4.4,3.8,1.1,4.3,6.0,6.0,7.8,11.5,13.4,13.6,10.2,12.8,13.3],[8.7,9.0,10.2,11.0,11.7,11.1,9.4,7.8,8.2,7.8,5.8,4.7,3.4,1.0,5.1,4.7,6.7,9.5,10.7,13.0,9.1,11.1,12.2],[7.7,8.7,9.3,10.8,10.6,10.2,8.3,7.9,7.7,9.3,7.7,7.1,5.3,3.9,1.2,4.3,5.1,7.6,9.8,11.3,7.1,9.6,10.6],[7.5,8.5,8.6,10.4,10.2,9.7,7.9,7.7,7.9,8.3,6.8,8.1,7.0,4.5,4.4,1.1,3.6,6.1,9.3,9.7,7.6,10.2,11.1],[4.1,3.6,4.0,8.3,5.7,5.4,4.1,4.2,5.1,7.8,7.2,8.2,7.7,5.7,4.7,3.6,0.9,1.6,3.0,5.7,3.3,3.5,3.9],[3.5,2.9,3.4,7.7,5.1,5.1,3.8,3.9,4.7,7.7,7.2,9.3,7.7,6.3,5.7,3.9,1.5,0.8,1.7,5.1,2.6,2.3,2.7],[3.6,3.4,3.8,7.7,5.0,4.6,4.0,4.4,5.9,8.9,8.3,10.4,8.6,6.4,5.6,4.9,2.4,1.5,0.9,4.2,2.7,2.3,3.0],[10.8,11.7,12.5,13.7,13.0,9.7,11.6,12.2,12.2,15.5,13.8,15.7,15.4,14.0,10.6,12.6,8.2,6.8,6.9,1.6,7.0,6.2,10.1],[3.7,3.4,4.5,8.7,5.6,5.3,4.0,4.5,5.6,8.6,7.8,9.9,9.9,7.4,6.7,6.8,3.0,2.2,2.7,4.6,0.9,1.5,2.4],[3.5,2.8,3.5,8.3,5.0,5.0,3.8,3.9,4.7,7.7,7.3,9.6,9.5,7.9,6.9,6.2,3.3,2.3,2.2,4.6,1.6,0.8,1.5],[3.9,3.5,3.8,8.7,5.3,4.6,4.1,4.7,5.5,8.1,7.9,10.3,10.8,8.2,7.1,7.2,4.5,3.3,2.6,5.8,2.6,1.6,0.9]],
  "token_chain_ids": ["A","A","A","A","A","A","A","A","A","A","A","A","A","A","A","A","A","A","A","A","A","A","A"],
  "token_res_ids": [1,2,3,4,5,6,7,8,9,10,11,12,13,14,15,16,17,18,19,20,21,22,23]
}