{
  "atom_chain_ids": ["A","A","A","A","A","A","A","A","A","A","A","A","A","A","A","A","A","A","A","A","A","A","A","A","A","A","A","A","A","A","A","A","A","A","A","A","A","A","A","A","A","A","A","A","A","A","A","A","A","A","A","A","A","A","A","A","A","A","A","A","A","A","A","A","A","A","A","A","A","A","A","A","A","A","A","A","A","A","A","A","A","A","A","A","A","A","A","A","A","A","A","A","A","A","A","A","A","A","A","A","A","A","A","A","A","A","A","A","A","A","A","A","A","A","A","A","A","A","A","A","A","A","A","A","A","A","A","A","A","A","A","A","A","A","A","A","A","A","A","A","A","A","A","A","A","A","A","A","A","A","A","A","A","A","A","A","A","A","A","A","A","A","A","A","A","A","A","A","A","A","A","A","A","A","A","A","A","A","A","A","A","A","A","A","A","A","A","A","A","A","A","A","A","A","A","A","A","A","A","A","A","A","A","A","A","A","A","A","A","A","A","A","A","A","A","A","A","A","A","A","A","A","A","A","A","A","A","A","A","A","A","A","A","A","A","A","A","A","A","A","A","A","A","A","A","A","A","A","A","A","A","A","A","A","A","A","A","A","A","A","A","A","A","A","A","A","A","A","A","A","A","A","A","A","A","A","A","A","A","A","A","A","A","A","A","A","A","A","A","A","A","A","A","A","A","A","A","A","A","A","A","A","A","A","A","A","A","A","A","A","A","A","A","A","A","A","A","A","A","A","A","A","A","A","A","A","A","A","A","A","A","A","A","A","A","A","A","A","A","A","A","A","A","A","A","A","A","A","A","A","A","A","A","A","A","A","A","A","A","A","A","A","A","A","A","A","A","A","A","A","A","A","A","A","A","A","A","A","A","A","A","A","A","A","A","A","A","A","A","A","A","A","A","A","A","A","A","A","A","A","A","A","A","A","A","A","A","A","A","A","A","A","A","A","A","A","A","A","A","A","A","A","A","A","A","A","A","A","A","A","A","A","A","A","A","A","A","A","A","A","A","A","A","A","A","A","A","A","A","A","A","A","A","A","A","A","A","A","A","A","A","A","A","A","A","A","A","A","A","A","A","A","A","A","A","A","A","A","A","A","A","A","A","A","A","A","A","A","A","A","A"],
  "atom_plddts": [59.62,60.16,53.93,55.28,60.62,63.6,65.47,67.62,67.14,65.48,66.51,67.08,67.48,67.79,67.46,68.1,68.62,67.94,66.63,66.93,67.29,67.86,69.68,63.06,60.23,60.49,64.11,65.48,66.34,68.43,67.13,65.72,67.18,68.69,67.68,68.46,67.88,68.74,69.32,68.87,68.47,68.09,68.26,68.56,69.34,62.2,60.93,60.78,62.45,62.65,63.64,64.46,63.61,62.08,62.58,63.05,63.04,63.34,63.11,63.8,64.58,64.14,63.71,62.97,62.91,62.34,63.68,51.31,48.59,49.34,52.45,52.26,53.06,53.09,55.01,54.47,52.06,52.07,51.48,49.63,46.58,45.74,45.01,44.57,43.26,44.77,52.23,47.03,46.58,53.31,52.98,54.26,54.03,56.42,55.63,54.65,53.7,54.64,52.77,50.46,50.95,50.16,48.57,47.28,48.28,50.27,48.39,51.63,55.6,50.75,51.89,57.21,57.46,58.47,60.53,59.97,59.42,58.36,59.05,58.53,58.03,56.65,56.15,56.3,55.84,54.37,55.33,62.1,58.79,59.57,62.56,62.58,63.84,65.86,65.54,64.36,64.85,65.05,65.24,65.47,64.73,65.52,66.08,65.39,64.69,64.45,64.7,64.25,65.8,59.23,57.3,57.91,59.47,59.86,61.86,63.42,62.77,61.61,62.03,62.27,62.2,62.69,62.57,63.34,63.66,63.15,62.69,62.35,62.37,61.95,63.21,55.68,53.74,54.66,56.06,55.35,55.98,56.66,56.24,55.54,54.95,54.56,55.46,55.17,55.25,56.06,56.17,55.59,54.89,54.61,54.9,53.66,55.52,49.91,47.47,48.05,49.47,48.52,50.22,49.62,52.45,51.21,50.23,49.41,50.04,48.4,45.89,46.04,45.4,44.04,43.2,43.5,44.96,45.58,44.69,41.36,41.56,45.45,45.32,47.2,47.89,49.53,48.91,48.59,49.06,49.26,49.23,47.95,49.18,48.8,48.13,47.53,47.41,48.05,47.53,48.79,41.61,38.82,38.38,41.4,41.66,43.36,43.68,45.15,44.34,44.25,43.92,44.33,43.98,42.44,43.06,42.9,42.08,41.39,41.3,41.88,41.16,43.35,46.21,42.63,42.54,46.06,45.79,47.41,47.62,50.33,49.11,48.64,47.62,48.28,47.27,44.77,44.85,44.3,43.02,41.99,42.49,43.99,44.68,50.49,46.8,46.73,50.54,50.04,51.29,51.64,53.64,52.39,51.85,50.64,51.28,50.31,48.51,48.57,48.25,47.01,45.76,46.28,47.71,48.32,51.01,47.44,47.98,52.27,52.22,53.14,53.51,54.79,53.65,53.01,52.74,53.48,52.91,51.17,50.81,50.61,50.15,48.56,49.64,51.22,53.85,50.8,51.99,55.16,54.86,55.8,56.85,57.1,55.94,54.77,54.87,55.71,55.31,53.84,53.59,53.58,53.17,51.73,52.54,53.92,64.43,61.02,61.26,65.25,66.75,68.05,69.74,69.1,67.39,68.72,69.53,69.19,69.53,68.73,69.15,69.91,69.48,68.74,68.76,69.05,69.04,70.21,69.54,67.48,67.29,69.53,70.06,71.59,72.42,72.04,70.47,71.51,72.0,72.11,72.44,71.76,72.27,72.77,72.22,71.81,71.7,71.82,71.67,72.67,69.37,67.89,67.62,69.14,69.16,70.64,71.3,71.05,69.5,70.25,70.2,70.81,70.95,70.58,71.16,71.58,70.94,70.53,70.34,70.51,70.19,71.29,63.71,62.5,63.1,64.41,62.22,63.01,63.6,62.87,62.33,59.87,60.75,60.7,59.69,59.18,58.76,58.59,58.77,57.53,58.31,67.08,63.83,64.0,67.68,68.16,69.41,70.84,70.53,68.91,69.45,69.51,69.76,69.84,69.01,69.25,69.88,69.31,68.4,68.44,68.83,68.43,69.97,70.46,68.89,68.74,70.64,70.64,71.88,72.5,71.85,70.31,71.29,71.53,71.83,72.19,71.55,71.78,72.27,71.87,71.28,71.29,71.39,71.0,72.13,70.67,69.09,68.4,70.0,70.56,71.19,71.59,70.97,69.25,70.24,69.99,70.9,70.95,70.29,70.37,71.14,70.71,69.96,69.82,69.95,69.41,71.08],
  "contact_probs": [[1.0,1.0,0.19,0.01,0.01,0.01,0.09,0.23,0.36,0.14,0.42,0.5,0.34,0.46,0.38,0.07,0.0,0.01,0.01,0.0,0.34,0.79,0.36],[1.0,1.0,1.0,0.18,0.17,0.23,0.3,0.39,0.66,0.25,0.29,0.17,0.05,0.1,0.1,0.02,0.01,0.02,0.01,0.01,0.06,0.38,0.84],[0.19,1.0,1.0,0.52,0.56,0.68,0.57,0.7,0.45,0.17,0.05,0.02,0.0,0.01,0.01,0.01,0.0,0.01,0.02,0.01,0.04,0.07,0.4],[0.01,0.18,0.52,1.0,0.45,0.17,0.05,0.05,0.06,0.08,0.02,0.01,0.0,0.0,0.0,0.0,0.0,0.01,0.03,0.01,0.02,0.08,0.18],[0.01,0.17,0.56,0.45,1.0,0.74,0.11,0.07,0.06,0.02,0.01,0.0,0.0,0.0,0.0,0.0,0.01,0.03,0.14,0.05,0.02,0.08,0.38],[0.01,0.23,0.68,0.17,0.74,1.0,0.69,0.17,0.04,0.01,0.01,0.0,0.01,0.01,0.01,0.01,0.03,0.27,0.6,0.06,0.02,0.14,0.45],[0.09,0.3,0.57,0.05,0.11,0.69,1.0,0.97,0.24,0.04,0.04,0.02,0.01,0.02,0.08,0.12,0.65,0.63,0.14,0.01,0.02,0.03,0.03],[0.23,0.39,0.7,0.05,0.07,0.17,0.97,1.0,0.93,0.26,0.14,0.08,0.03,0.08,0.18,0.23,0.63,0.23,0.06,0.01,0.01,0.02,0.02],[0.36,0.66,0.45,0.06,0.06,0.04,0.24,0.93,1.0,0.69,0.47,0.29,0.11,0.16,0.16,0.16,0.06,0.06,0.05,0.01,0.02,0.02,0.02],[0.14,0.25,0.17,0.08,0.02,0.01,0.04,0.26,0.69,1.0,0.68,0.24,0.07,0.07,0.06,0.06,0.03,0.01,0.01,0.0,0.01,0.01,0.01],[0.42,0.29,0.05,0.02,0.01,0.01,0.04,0.14,0.47,0.68,1.0,0.87,0.33,0.21,0.14,0.07,0.03,0.01,0.01,0.0,0.02,0.01,0.01],[0.5,0.17,0.02,0.01,0.0,0.0,0.02,0.08,0.29,0.24,0.87,1.0,0.78,0.44,0.2,0.1,0.03,0.02,0.01,0.0,0.03,0.01,0.01],[0.34,0.05,0.0,0.0,0.0,0.01,0.01,0.03,0.11,0.07,0.33,0.78,1.0,0.69,0.25,0.14,0.02,0.01,0.0,0.0,0.04,0.01,0.01],[0.46,0.1,0.01,0.0,0.0,0.01,0.02,0.08,0.16,0.07,0.21,0.44,0.69,1.0,0.71,0.36,0.08,0.02,0.01,0.01,0.21,0.05,0.01],[0.38,0.1,0.01,0.0,0.0,0.01,0.08,0.18,0.16,0.06,0.14,0.2,0.25,0.71,1.0,0.64,0.54,0.11,0.01,0.01,0.43,0.1,0.01],[0.07,0.02,0.01,0.0,0.0,0.01,0.12,0.23,0.16,0.06,0.07,0.1,0.14,0.36,0.64,1.0,0.77,0.08,0.01,0.01,0.12,0.01,0.01],[0.0,0.01,0.0,0.0,0.01,0.03,0.65,0.63,0.06,0.03,0.03,0.03,0.02,0.08,0.54,0.77,1.0,1.0,0.08,0.02,0.21,0.03,0.01],[0.01,0.02,0.01,0.01,0.03,0.27,0.63,0.23,0.06,0.01,0.01,0.02,0.01,0.02,0.11,0.08,1.0,1.0,1.0,0.15,0.92,0.15,0.02],[0.01,0.01,0.02,0.03,0.14,0.6,0.14,0.06,0.05,0.01,0.01,0.01,0.0,0.01,0.01,0.01,0.08,1.0,1.0,0.27,0.77,0.9,0.19],[0.0,0.01,0.01,0.01,0.05,0.06,0.01,0.01,0.01,0.0,0.0,0.0,0.0,0.01,0.01,0.01,0.02,0.15,0.27,1.0,0.08,0.07,0.02],[0.34,0.06,0.04,0.02,0.02,0.02,0.02,0.01,0.02,0.01,0.02,0.03,0.04,0.21,0.43,0.12,0.21,0.92,0.77,0.08,1.0,1.0,0.06],[0.79,0.38,0.07,0.08,0.08,0.14,0.03,0.02,0.02,0.01,0.01,0.01,0.01,0.05,0.1,0.01,0.03,0.15,0.9,0.07,1.0,1.0,1.0],[0.36,0.84,0.4,0.18,0.38,0.45,0.03,0.02,0.02,0.01,0.01,0.01,0.01,0.01,0.01,0.01,0.01,0.02,0.19,0.02,0.06,1.0,1.0]],
  "pae": [[0.9,1.8,3.7,8.3,7.9,7.7,5.6,5.5,5.3,8.1,7.2,9.1,9.2,8.1,7.2,7.2,5.1,5.0,6.0,8.9,4.5,4.6,5.0],[1.7,0.9,2.6,7.7,6.8,7.3,5.1,5.0,5.6,8.4,8.7,9.6,9.7,7.8,7.4,6.6,4.0,3.8,4.6,8.0,4.1,4.0,4.6],[3.8,2.4,1.0,6.4,6.5,7.9,5.7,7.0,7.6,9.8,9.5,11.4,10.0,8.4,8.0,7.2,5.0,5.0,5.7,9.6,5.5,5.4,5.9],[12.6,11.2,10.5,1.4,6.7,7.8,10.5,11.7,13.3,13.2,14.8,16.4,16.6,16.9,15.1,15.6,13.6,14.6,14.7,15.7,15.5,14.6,11.5],[11.7,10.4,7.9,4.8,1.3,6.1,7.5,9.7,12.1,14.7,14.7,16.7,16.1,16.1,13.8,14.5,12.0,11.5,9.5,11.9,12.4,11.4,9.4],[10.3,10.2,8.7,6.9,5.6,1.4,6.1,7.4,10.5,13.0,13.0,14.6,14.2,13.8,11.8,11.6,9.0,8.2,8.4,12.2,10.2,9.1,8.1],[6.9,5.7,5.9,8.6,5.8,4.8,1.1,2.4,4.6,7.1,9.1,10.9,11.0,9.5,8.8,8.0,5.7,5.6,6.1,9.7,7.0,6.7,6.4],[5.5,5.8,5.8,8.3,6.9,4.8,2.6,1.0,2.9,6.2,7.5,9.9,10.6,8.6,8.6,7.9,5.5,5.5,6.6,9.9,6.3,6.3,6.6],[6.5,6.0,6.8,10.6,9.2,7.1,4.6,3.3,1.0,5.5,5.9,8.6,10.5,9.6,9.6,8.7,6.6,7.9,9.3,11.9,7.8,7.5,8.3],[9.6,9.2,10.0,13.9,13.7,11.7,8.9,7.4,5.6,1.2,5.3,7.8,9.3,9.0,12.3,9.3,11.8,12.7,13.8,15.3,13.3,13.0,11.4],[9.8,10.7,11.1,14.5,15.2,13.5,10.5,9.7,6.8,5.5,1.1,5.1,7.5,8.1,10.4,9.9,11.6,12.8,14.4,15.1,13.5,13.8,13.0],[12.9,13.2,15.2,17.5,19.1,17.2,16.2,13.0,9.8,6.9,5.3,1.2,7.5,7.4,11.8,11.6,14.4,17.5,18.0,19.5,15.7,16.8,18.3],[11.0,12.2,13.2,14.8,16.0,15.8,13.2,11.0,9.8,9.9,6.3,5.1,1.3,4.7,6.5,7.1,8.8,13.3,14.5,15.3,12.2,15.0,15.7],[9.5,11.2,12.0,13.2,14.6,13.6,11.7,11.2,10.4,10.1,8.2,6.5,4.3,1.1,5.8,5.3,7.5,10.1,11.7,12.8,10.1,12.4,13.3],[8.4,9.5,10.1,12.0,12.2,11.6,9.9,9.3,9.8,10.3,9.6,8.8,5.9,4.4,1.2,4.2,5.1,8.1,10.0,11.8,7.6,10.6,11.2],[8.8,9.1,9.3,11.7,11.7,11.0,8.5,8.6,9.5,9.6,8.4,10.0,7.4,4.9,4.5,1.2,3.7,6.4,9.1,10.2,8.1,10.6,10.9],[4.7,4.3,4.7,9.4,6.7,6.2,4.6,5.3,7.1,9.1,8.8,9.8,8.8,6.1,4.9,3.9,0.9,1.7,3.4,6.2,3.8,4.1,4.5],[3.9,3.4,4.3,9.4,6.3,6.3,4.1,4.7,6.1,8.8,9.1,10.8,8.7,6.6,6.3,4.3,1.5,0.8,1.9,5.4,3.2,2.7,3.2],[4.5,4.0,4.9,9.1,7.1,5.8,4.8,5.2,7.3,9.7,9.9,12.2,9.6,7.0,6.2,5.2,2.6,1.8,0.9,5.0,3.3,2.8,3.5],[10.8,11.8,12.8,14.4,11.9,9.6,10.8,12.0,12.7,14.2,13.5,14.9,13.6,12.3,9.9,10.5,6.9,5.2,5.8,1.6,6.4,5.6,7.8],[4.0,4.0,4.9,10.0,7.3,6.2,4.2,5.1,6.3,9.0,9.1,10.9,10.5,7.7,7.3,6.9,3.4,2.8,3.0,4.6,0.9,1.7,2.7],[3.9,3.4,3.9,8.9,6.4,5.5,4.0,4.2,5.6,8.2,8.9,10.8,10.4,8.3,7.5,6.2,3.4,2.4,2.3,5.1,1.6,0.8,1.6],[4.4,4.3,4.5,9.2,6.9,5.4,4.7,5.2,6.3,9.3,9.6,12.1,11.3,9.1,7.8,6.8,5.0,3.8,2.9,6.1,2.8,1.8,0.9]],
  "token_chain_ids": ["A","A","A","A","A","A","A","A","A","A","A","A","A","A","A","A","A","A","A","A","A","A","A"],
  "token_res_ids": [1,2,3,4,5,6,7,8,9,10,11,12,13,14,15,16,17,18,19,20,21,22,23]
}