{
  "atom_chain_ids": ["A","A","A","A","A","A","A","A","A","A","A","A","A","A","A","A","A","A","A","A","A","A","A","A","A","A","A","A","A","A","A","A","A","A","A","A","A","A","A","A","A","A","A","A","A","A","A","A","A","A","A","A","A","A","A","A","A","A","A","A","A","A","A","A","A","A","A","A","A","A","A","A","A","A","A","A","A","A","A","A","A","A","A","A","A","A","A","A","A","A","A","A","A","A","A","A","A","A","A","A","A","A","A","A","A","A","A","A","A","A","A","A","A","A","A","A","A","A","A","A","A","A","A","A","A","A","A","A","A","A","A","A","A","A","A","A","A","A","A","A","A","A","A","A","A","A","A","A","A","A","A","A","A","A","A","A","A","A","A","A","A","A","A","A","A","A","A","A","A","A","A","A","A","A","A","A","A","A","A","A","A","A","A","A","A","A","A","A","A","A","A","A","A","A","A","A","A","A","A","A","A","A","A","A","A","A","A","A","A","A","A","A","A","A","A","A","A","A","A","A","A","A","A","A","A","A","A","A","A","A","A","A","A","A","A","A","A","A","A","A","A","A","A","A","A","A","A","A","A","A","A","A","A","A","A","A","A","A","A","A","A","A","A","A","A","A","A","A","A","A","A","A","A","A","A","A","A","A","A","A","A","A","A","A","A","A","A","A","A","A","A","A","A","A","A","A","A","A","A","A","A","A","A","A","A","A","A","A","A","A","A","A","A","A","A","A","A","A","A","A","A","A","A","A","A","A","A","A","A","A","A","A","A","A","A","A","A","A","A","A","A","A","A","A","A","A","A","A","A","A","A","A","A","A","A","A","A","A","A","A","A","A","A","A","A","A","A","A","A","A","A","A","A","A","A","A","A","A","A","A","A","A","A","A","A","A","A","A","A","A","A","A","A","A","A","A","A","A","A","A","A","A","A","A","A","A","A","A","A","A","A","A","A","A","A","A","A","A","A","A","A","A","A","A","A","A","A","A","A","A","A","A","A","A","A","A","A","A","A","A","A","A","A","A","A","A","A","A","A","A","A","A","A","A","A","A","A","A","A","A","A","A","A","A","A","A","A","A","A","A","A","A","A","A","A","A","A","A","A","A","A","A","A","A","A","A","A","A","A","A","A"],
  "atom_plddts": [61.65,62.06,55.47,56.96,62.45,65.86,67.66,69.54,69.33,67.64,69.11,69.6,70.19,70.64,70.46,71.33,71.74,70.94,69.79,70.19,70.5,71.17,72.81,64.68,61.44,61.51,65.95,67.28,67.98,69.71,68.51,67.25,69.09,70.72,69.62,70.44,69.96,70.91,71.4,70.87,70.57,70.33,70.51,70.99,71.61,67.39,65.26,64.74,67.74,68.09,69.01,69.82,69.14,67.67,68.95,69.52,69.47,69.85,69.48,70.21,70.9,70.35,69.98,69.52,69.57,69.44,70.55,57.51,55.3,56.1,58.45,57.09,57.79,57.43,58.49,57.93,55.32,55.28,54.97,52.56,49.78,48.63,47.66,46.98,45.46,47.4,54.49,48.64,48.22,55.91,55.62,57.13,56.94,59.4,58.55,57.73,56.87,57.8,55.81,53.57,54.13,53.23,51.4,50.08,51.28,53.37,51.55,54.93,59.92,54.55,55.78,61.73,61.52,62.78,64.45,63.87,63.04,62.0,62.58,62.55,61.73,60.59,60.0,60.29,59.7,58.19,59.19,66.04,62.58,63.14,66.36,65.95,67.42,69.1,68.98,67.59,68.32,68.42,68.96,69.16,68.5,69.29,69.93,69.17,68.51,68.32,68.55,68.15,69.76,63.94,61.51,61.98,64.33,64.55,66.46,67.92,67.22,65.98,66.88,67.27,67.26,67.77,67.74,68.59,68.93,68.36,68.0,67.71,67.73,67.57,68.66,59.59,57.37,58.31,59.93,59.06,59.93,60.74,60.2,59.3,58.87,58.77,59.63,59.43,59.76,60.71,60.88,60.17,59.54,59.23,59.47,58.36,60.1,55.49,52.95,53.75,55.42,54.5,56.54,55.96,58.21,56.75,55.77,55.24,55.71,53.86,51.33,51.68,50.99,49.31,48.33,48.77,50.35,51.03,49.51,45.94,46.41,50.33,49.7,51.58,52.27,53.81,53.11,52.39,52.94,53.19,52.61,51.88,53.11,52.51,51.39,50.62,50.79,51.54,50.78,52.71,48.9,45.16,45.27,49.56,49.94,51.72,52.74,53.49,52.61,52.45,53.25,53.04,53.06,52.64,54.04,53.55,52.81,52.03,52.2,52.85,52.01,53.66,53.43,49.9,49.89,53.54,52.93,54.78,55.04,56.66,55.25,54.54,54.25,54.43,52.98,51.03,51.37,50.6,49.05,47.78,48.55,50.25,51.0,57.67,53.86,53.57,57.5,56.93,58.37,58.73,60.02,58.34,57.96,56.79,57.52,56.21,54.62,54.82,54.56,53.0,51.56,52.24,53.75,54.46,56.74,52.49,53.19,58.28,57.93,59.3,59.43,60.52,59.12,57.99,58.12,59.17,58.29,56.71,56.22,56.22,55.6,53.85,54.97,56.77,59.21,55.0,56.17,60.67,60.31,61.74,62.76,63.04,61.72,60.37,60.74,61.55,60.85,59.4,59.02,59.3,58.74,57.19,57.96,59.45,67.17,63.02,63.04,68.2,69.82,71.19,72.53,72.22,70.47,72.18,73.1,72.87,73.24,72.38,72.99,73.71,73.13,72.56,72.64,72.88,73.15,74.2,71.99,69.67,69.56,72.19,72.94,74.33,74.87,74.83,73.19,74.57,75.22,75.35,75.71,74.89,75.52,75.94,75.23,75.01,74.92,75.04,75.11,75.97,72.85,70.89,70.59,72.81,73.16,74.69,75.1,75.28,73.55,74.58,74.73,75.43,75.57,74.92,75.61,75.98,75.17,74.93,74.82,74.98,74.98,75.95,69.52,67.54,67.97,70.2,67.69,68.91,69.19,68.64,67.76,65.45,66.57,66.7,65.49,65.42,65.01,64.84,64.51,63.43,64.39,70.1,66.51,66.48,70.53,71.05,72.22,73.44,73.34,71.78,72.34,72.76,73.0,73.06,72.22,72.63,73.12,72.43,71.76,71.79,72.11,72.0,73.3,72.83,70.88,70.85,73.01,73.0,74.13,74.56,74.23,72.56,73.84,74.26,74.74,75.14,74.47,74.9,75.31,74.77,74.41,74.39,74.43,74.24,75.21,73.37,71.41,70.79,72.95,73.59,73.99,74.44,74.04,72.26,73.77,73.75,74.74,74.95,74.19,74.53,75.15,74.6,74.13,74.08,74.13,73.94,75.23],
  "contact_probs": [[1.0,1.0,0.19,0.01,0.01,0.01,0.09,0.23,0.36,0.14,0.42,0.5,0.34,0.46,0.38,0.07,0.0,0.01,0.01,0.0,0.34,0.79,0.36],[1.0,1.0,1.0,0.18,0.17,0.23,0.3,0.39,0.66,0.25,0.29,0.17,0.05,0.1,0.1,0.02,0.01,0.02,0.01,0.01,0.06,0.38,0.84],[0.19,1.0,1.0,0.52,0.56,0.68,0.57,0.7,0.45,0.17,0.05,0.02,0.0,0.01,0.01,0.01,0.0,0.01,0.02,0.01,0.04,0.07,0.4],[0.01,0.18,0.52,1.0,0.45,0.17,0.05,0.05,0.06,0.08,0.02,0.01,0.0,0.0,0.0,0.0,0.0,0.01,0.03,0.01,0.02,0.08,0.18],[0.01,0.17,0.56,0.45,1.0,0.74,0.11,0.07,0.06,0.02,0.01,0.0,0.0,0.0,0.0,0.0,0.01,0.03,0.14,0.05,0.02,0.08,0.38],[0.01,0.23,0.68,0.17,0.74,1.0,0.69,0.17,0.04,0.01,0.01,0.0,0.01,0.01,0.01,0.01,0.03,0.27,0.6,0.06,0.02,0.14,0.45],[0.09,0.3,0.57,0.05,0.11,0.69,1.0,0.97,0.24,0.04,0.04,0.02,0.01,0.02,0.08,0.12,0.65,0.63,0.14,0.01,0.02,0.03,0.03],[0.23,0.39,0.7,0.05,0.07,0.17,0.97,1.0,0.93,0.26,0.14,0.08,0.03,0.08,0.18,0.23,0.63,0.23,0.06,0.01,0.01,0.02,0.02],[0.36,0.66,0.45,0.06,0.06,0.04,0.24,0.93,1.0,0.69,0.47,0.29,0.11,0.16,0.16,0.16,0.06,0.06,0.05,0.01,0.02,0.02,0.02],[0.14,0.25,0.17,0.08,0.02,0.01,0.04,0.26,0.69,1.0,0.68,0.24,0.07,0.07,0.06,0.06,0.03,0.01,0.01,0.0,0.01,0.01,0.01],[0.42,0.29,0.05,0.02,0.01,0.01,0.04,0.14,0.47,0.68,1.0,0.87,0.33,0.21,0.14,0.07,0.03,0.01,0.01,0.0,0.02,0.01,0.01],[0.5,0.17,0.02,0.01,0.0,0.0,0.02,0.08,0.29,0.24,0.87,1.0,0.78,0.44,0.2,0.1,0.03,0.02,0.01,0.0,0.03,0.01,0.01],[0.34,0.05,0.0,0.0,0.0,0.01,0.01,0.03,0.11,0.07,0.33,0.78,1.0,0.69,0.25,0.14,0.02,0.01,0.0,0.0,0.04,0.01,0.01],[0.46,0.1,0.01,0.0,0.0,0.01,0.02,0.08,0.16,0.07,0.21,0.44,0.69,1.0,0.71,0.36,0.08,0.02,0.01,0.01,0.21,0.05,0.01],[0.38,0.1,0.01,0.0,0.0,0.01,0.08,0.18,0.16,0.06,0.14,0.2,0.25,0.71,1.0,0.64,0.54,0.11,0.01,0.01,0.43,0.1,0.01],[0.07,0.02,0.01,0.0,0.0,0.01,0.12,0.23,0.16,0.06,0.07,0.1,0.14,0.36,0.64,1.0,0.77,0.08,0.01,0.01,0.12,0.01,0.01],[0.0,0.01,0.0,0.0,0.01,0.03,0.65,0.63,0.06,0.03,0.03,0.03,0.02,0.08,0.54,0.77,1.0,1.0,0.08,0.02,0.21,0.03,0.01],[0.01,0.02,0.01,0.01,0.03,0.27,0.63,0.23,0.06,0.01,0.01,0.02,0.01,0.02,0.11,0.08,1.0,1.0,1.0,0.15,0.92,0.15,0.02],[0.01,0.01,0.02,0.03,0.14,0.6,0.14,0.06,0.05,0.01,0.01,0.01,0.0,0.01,0.01,0.01,0.08,1.0,1.0,0.27,0.77,0.9,0.19],[0.0,0.01,0.01,0.01,0.05,0.06,0.01,0.01,0.01,0.0,0.0,0.0,0.0,0.01,0.01,0.01,0.02,0.15,0.27,1.0,0.08,0.07,0.02],[0.34,0.06,0.04,0.02,0.02,0.02,0.02,0.01,0.02,0.01,0.02,0.03,0.04,0.21,0.43,0.12,0.21,0.92,0.77,0.08,1.0,1.0,0.06],[0.79,0.38,0.07,0.08,0.08,0.14,0.03,0.02,0.02,0.01,0.01,0.01,0.01,0.05,0.1,0.01,0.03,0.15,0.9,0.07,1.0,1.0,1.0],[0.36,0.84,0.4,0.18,0.38,0.45,0.03,0.02,0.02,0.01,0.01,0.01,0.01,0.01,0.01,0.01,0.01,0.02,0.19,0.02,0.06,1.0,1.0]],
  "pae": [[1.0,1.7,3.2,9.2,6.7,6.3,5.5,5.0,5.0,6.6,7.9,5.4,8.2,6.7,6.9,6.3,4.5,4.7,5.1,7.9,4.2,3.8,4.0],[1.6,0.9,1.9,7.8,5.5,5.5,4.5,3.8,4.9,6.9,7.6,5.3,8.8,6.9,6.8,5.8,3.4,3.6,3.8,7.0,3.6,3.1,3.6],[2.8,2.0,1.0,6.4,5.1,5.4,4.7,4.4,5.5,7.1,7.9,5.9,8.1,6.8,7.0,5.7,4.0,4.0,4.1,8.1,4.5,4.0,3.9],[15.6,10.2,10.1,1.7,7.6,9.5,12.3,13.5,14.6,15.8,15.8,16.0,18.7,17.4,16.1,17.5,17.0,17.0,15.2,18.4,16.9,17.2,12.7],[11.0,9.7,6.0,6.7,1.4,5.8,6.1,7.9,10.3,12.8,13.5,12.6,15.4,14.0,12.7,13.2,10.9,11.1,9.3,13.2,12.0,11.3,9.0],[9.4,8.4,6.3,7.6,4.9,1.4,5.2,6.1,9.0,11.6,12.3,11.2,12.9,11.7,10.6,10.6,8.3,7.7,6.7,12.3,8.7,8.3,7.2],[5.5,4.6,4.6,8.4,5.0,3.9,1.0,1.7,3.7,6.0,7.9,6.7,8.8,7.4,7.3,6.3,4.6,5.0,5.2,8.5,6.0,5.9,5.4],[4.5,4.2,4.3,8.4,5.4,3.7,2.0,0.9,2.6,5.1,6.8,6.7,8.4,6.8,6.6,5.8,4.1,4.6,5.4,8.6,4.9,5.3,5.0],[6.1,5.2,5.4,10.2,7.3,6.0,4.0,2.6,1.0,4.3,5.9,5.6,8.1,7.1,7.6,6.5,5.1,6.7,7.6,10.6,6.7,6.6,6.6],[8.8,7.7,7.9,13.0,11.0,9.9,7.6,6.1,4.5,1.2,4.3,4.9,7.4,7.4,9.4,8.1,9.3,11.4,11.5,15.3,12.0,10.8,10.6],[10.1,8.9,10.2,15.2,13.1,12.2,9.9,7.9,5.8,4.4,1.1,5.2,5.7,6.9,8.9,8.6,10.3,12.1,13.4,18.0,13.3,12.7,13.5],[7.6,8.0,9.9,13.9,11.4,11.6,9.7,9.5,6.4,5.6,4.2,1.1,4.6,5.0,7.9,7.6,9.8,11.3,12.2,14.4,12.0,11.7,12.4],[9.2,9.3,10.3,14.9,12.5,13.6,10.7,10.1,8.4,8.2,4.3,3.5,1.1,4.5,6.2,7.0,9.0,11.9,12.8,15.6,12.0,13.0,13.7],[8.4,8.9,9.5,13.6,11.1,10.5,9.2,8.1,8.4,8.2,6.1,4.2,3.7,1.0,4.6,5.1,6.6,9.3,10.1,12.8,9.2,10.5,11.6],[7.2,8.8,9.0,12.6,10.3,9.8,8.6,8.2,8.2,8.9,8.2,5.7,5.2,3.8,1.2,4.2,4.7,7.8,9.6,12.4,8.2,9.9,10.1],[7.3,8.1,8.1,12.3,10.3,8.9,7.0,7.1,7.8,8.3,8.2,6.3,7.5,4.9,4.3,1.2,3.7,5.6,7.7,9.4,8.4,9.0,9.7],[4.6,3.9,4.1,9.0,6.5,5.1,3.7,4.1,5.6,7.5,8.5,6.4,7.7,5.7,4.4,3.4,0.9,1.6,2.9,6.3,3.5,3.6,4.0],[3.6,2.9,3.3,8.8,5.7,4.3,3.4,3.5,4.8,7.3,8.8,6.6,7.9,6.1,5.2,3.5,1.6,0.8,1.6,5.2,2.6,2.3,2.6],[3.7,3.4,3.5,9.0,5.7,4.1,3.8,4.1,5.9,7.8,9.4,7.1,8.9,6.3,5.7,4.5,2.3,1.5,0.9,4.3,2.6,2.3,2.7],[11.4,13.9,14.2,12.5,14.4,11.7,13.0,13.2,13.6,15.7,15.3,13.8,15.4,13.4,11.9,11.7,8.8,7.3,6.5,1.7,6.9,6.9,10.3],[3.5,3.5,4.0,9.4,6.0,4.5,3.7,4.2,5.4,7.9,9.1,6.7,9.2,6.7,6.4,5.8,2.9,2.2,2.3,4.7,0.9,1.4,2.1],[3.4,2.8,3.0,8.8,5.9,4.3,3.6,3.4,5.0,7.3,9.2,6.0,9.0,7.0,6.2,5.2,2.9,2.3,2.0,4.6,1.6,0.8,1.4],[3.7,3.4,3.5,9.1,5.7,4.1,4.1,4.3,5.5,7.6,9.6,7.2,9.8,7.5,7.2,5.9,4.0,3.3,2.6,5.6,2.4,1.5,0.9]],
  "token_chain_ids": ["A","A","A","A","A","A","A","A","A","A","A","A","A","A","A","A","A","A","A","A","A","A","A"],
  "token_res_ids": [1,2,3,4,5,6,7,8,9,10,11,12,13,14,15,16,17,18,19,20,21,22,23]
}