{
  "atom_chain_ids": ["A","A","A","A","A","A","A","A","A","A","A","A","A","A","A","A","A","A","A","A","A","A","A","A","A","A","A","A","A","A","A","A","A","A","A","A","A","A","A","A","A","A","A","A","A","A","A","A","A","A","A","A","A","A","A","A","A","A","A","A","A","A","A","A","A","A","A","A","A","A","A","A","A","A","A","A","A","A","A","A","A","A","A","A","A","A","A","A","A","A","A","A","A","A","A","A","A","A","A","A","A","A","A","A","A","A","A","A","A","A","A","A","A","A","A","A","A","A","A","A","A","A","A","A","A","A","A","A","A","A","A","A","A","A","A","A","A","A","A","A","A","A","A","A","A","A","A","A","A","A","A","A","A","A","A","A","A","A","A","A","A"],
  "atom_plddts": [50.47,49.88,45.86,45.67,49.44,48.92,52.38,53.97,54.15,53.34,52.49,55.04,53.99,53.69,54.09,53.83,53.31,52.76,52.0,52.94,54.36,50.98,51.42,54.37,53.64,55.29,57.6,56.92,56.27,56.39,57.44,57.33,56.64,55.71,55.86,55.12,54.49,53.64,54.81,55.05,51.98,53.05,55.35,55.08,57.47,59.48,58.82,57.41,57.59,58.44,58.41,58.36,57.43,57.68,57.44,56.55,55.78,56.27,57.44,53.53,50.98,51.1,53.65,54.06,55.87,57.66,57.24,56.32,56.14,57.38,56.49,56.22,55.59,56.65,56.1,55.0,54.65,55.01,55.84,54.75,56.51,55.33,53.6,54.17,55.79,55.86,58.3,60.49,59.11,57.87,58.48,59.77,58.85,59.31,59.08,59.06,59.46,59.36,58.97,59.12,55.36,53.52,53.72,55.2,54.64,56.5,58.72,57.73,56.22,56.62,57.78,56.94,57.07,57.05,56.53,56.85,56.76,55.76,56.5,55.56,53.87,54.28,55.0,54.92,56.07,57.57,57.91,55.78,56.15,56.98,56.9,56.53,55.4,55.01,55.24,54.81,53.9,54.15,55.13,53.76,51.84,51.97,53.3,53.06,55.43,56.91,57.17,55.55,56.1,57.42,56.39,56.46,56.46,57.56,56.72,55.83,55.42,55.89,56.53,56.28,57.36],
  "contact_probs": [[1.0,0.98,0.95,0.91,0.75,0.35,0.43,0.98],[0.98,1.0,0.75,0.7,0.63,0.49,0.35,0.94],[0.95,0.75,1.0,0.97,0.46,0.07,0.09,0.24],[0.91,0.7,0.97,1.0,1.0,0.82,0.46,0.67],[0.75,0.63,0.46,1.0,1.0,0.96,0.83,0.96],[0.35,0.49,0.07,0.82,0.96,1.0,0.74,0.82],[0.43,0.35,0.09,0.46,0.83,0.74,1.0,0.98],[0.98,0.94,0.24,0.67,0.96,0.82,0.98,1.0]],
  "pae": [[2.1,5.0,5.1,7.3,7.7,8.6,8.4,8.1],[4.3,1.6,3.4,4.6,5.2,7.6,5.8,5.8],[5.1,4.2,1.3,3.6,5.1,6.5,6.4,6.9],[6.3,4.5,2.7,1.0,3.9,5.5,6.0,5.6],[6.4,5.6,3.4,3.1,1.1,4.6,5.1,3.9],[7.5,6.2,5.3,5.2,4.0,1.4,4.2,4.3],[7.7,7.2,6.3,6.9,4.7,4.3,1.7,4.3],[6.9,5.7,5.0,5.7,4.6,4.7,3.2,1.7]],
  "token_chain_ids": ["A","A","A","A","A","A","A","A"],
  "token_res_ids": [1,2,3,4,5,6,7,8]
}