{
  "atom_chain_ids": ["A","A","A","A","A","A","A","A","A","A","A","A","A","A","A","A","A","A","A","A","A","A","A","A","A","A","A","A","A","A","A","A","A","A","A","A","A","A","A","A","A","A","A","A","A","A","A","A","A","A","A","A","A","A","A","A","A","A","A","A","A","A","A","A","A","A","A","A","A","A","A","A","A","A","A","A","A","A","A","A","A","A","A","A","A","A","A","A","A","A","A","A","A","A","A","A","A","A","A","A","A","A","A","A","A","A","A","A","A","A","A","A","A","A","A","A","A","A","A","A","A","A","A","A","A","A","A","A","A","A","A","A","A","A","A","A","A","A","A","A","A","A","A","A","A","A","A","A","A","A","A","A","A","A","A","A","A","A","A","A","A"],
  "atom_plddts": [50.03,49.45,45.53,45.28,49.0,48.08,51.52,53.18,53.45,52.72,51.76,54.16,53.23,52.84,53.13,52.7,52.31,51.8,51.03,51.95,52.27,49.1,49.75,52.34,51.53,53.19,55.4,54.85,54.38,54.13,54.95,55.09,54.48,53.31,53.38,52.75,52.16,51.32,52.36,53.0,50.29,51.39,53.12,52.71,55.06,57.33,56.94,55.61,55.8,56.79,56.53,56.55,55.44,55.78,55.38,54.57,53.88,54.39,55.52,52.27,49.83,50.01,52.34,52.53,54.29,56.12,55.74,54.89,54.51,55.67,54.9,54.72,54.11,55.1,54.57,53.57,53.21,53.53,54.37,53.25,54.95,54.22,52.57,53.26,54.62,54.41,56.7,58.93,57.71,56.58,57.02,58.2,57.36,57.89,57.65,57.6,58.03,57.96,57.55,57.67,54.61,52.75,53.14,54.43,53.69,55.69,57.87,56.9,55.5,55.77,56.74,56.25,56.37,56.21,55.67,56.05,55.91,54.9,55.61,54.36,52.59,53.14,53.93,53.71,54.76,56.42,56.81,54.82,55.1,55.87,55.83,55.52,54.38,53.97,54.2,53.77,52.84,53.12,54.05,54.21,52.28,52.43,53.89,53.57,55.88,57.4,57.64,56.03,56.6,57.7,56.8,56.9,56.83,57.82,57.09,56.27,55.76,56.24,56.88,56.55,57.7],
  "contact_probs": [[1.0,0.98,0.95,0.91,0.75,0.35,0.43,0.98],[0.98,1.0,0.75,0.7,0.63,0.49,0.35,0.94],[0.95,0.75,1.0,0.97,0.46,0.07,0.09,0.24],[0.91,0.7,0.97,1.0,1.0,0.82,0.46,0.67],[0.75,0.63,0.46,1.0,1.0,0.96,0.83,0.96],[0.35,0.49,0.07,0.82,0.96,1.0,0.74,0.82],[0.43,0.35,0.09,0.46,0.83,0.74,1.0,0.98],[0.98,0.94,0.24,0.67,0.96,0.82,0.98,1.0]],
  "pae": [[2.3,5.7,5.2,7.2,8.2,8.7,8.9,8.0],[3.7,1.7,4.2,4.8,5.6,6.8,6.4,6.6],[5.3,5.0,1.4,3.6,5.5,7.2,6.6,7.3],[6.4,5.0,3.1,1.0,4.3,5.8,6.2,6.0],[7.0,6.2,3.8,3.2,1.2,5.1,5.0,4.5],[8.6,6.8,6.2,5.3,4.2,1.4,4.2,4.8],[8.7,8.3,7.2,7.3,5.2,4.9,1.7,4.9],[7.3,6.4,5.3,5.8,4.7,5.3,3.2,1.8]],
  "token_chain_ids": ["A","A","A","A","A","A","A","A"],
  "token_res_ids": [1,2,3,4,5,6,7,8]
}