{
  "atom_chain_ids": ["A","A","A","A","A","A","A","A","A","A","A","A","A","A","A","A","A","A","A","A","A","A","A","A","A","A","A","A","A","A","A","A","A","A","A","A","A","A","A","A","A","A","A","A","A","A","A","A","A","A","A","A","A","A","A","A","A","A","A","A","A","A","A","A","A","A","A","A","A","A","A","A","A","A","A","A","A","A","A","A","A","A","A","A","A","A","A","A","A","A","A","A","A","A","A","A","A","A","A","A","A","A","A","A","A","A","A","A","A","A","A","A","A","A","A","A","A","A","A","A","A","A","A","A","A","A","A","A","A","A","A","A","A","A","A","A","A","A","A","A","A","A","A","A","A","A","A","A","A","A","A","A","A","A","A","A","A","A","A","A","A"],
  "atom_plddts": [51.05,50.47,46.43,46.33,50.03,49.37,52.86,54.58,54.67,53.86,53.01,55.38,54.47,54.12,54.52,54.15,53.74,53.23,52.42,53.37,53.51,50.22,50.89,53.68,52.92,54.61,56.79,56.05,55.45,55.32,56.12,56.36,55.72,54.65,54.7,54.11,53.47,52.58,53.67,53.72,50.83,51.95,53.94,53.6,56.0,58.21,57.67,56.33,56.51,57.5,57.33,57.34,56.3,56.61,56.29,55.47,54.74,55.25,56.37,53.11,50.55,50.7,53.23,53.4,55.12,56.97,56.53,55.65,55.34,56.48,55.73,55.52,54.98,55.97,55.46,54.45,54.05,54.4,55.24,54.08,55.83,54.91,53.18,53.86,55.38,55.19,57.47,59.7,58.37,57.21,57.68,58.78,58.08,58.59,58.32,58.25,58.74,58.67,58.22,58.33,55.78,53.7,54.15,55.8,55.08,57.05,59.21,58.02,56.51,56.9,57.95,57.53,57.66,57.58,57.03,57.5,57.38,56.34,57.01,55.24,53.31,53.91,54.88,54.82,55.97,57.68,57.88,55.78,56.15,57.01,56.96,56.69,55.58,55.2,55.48,55.08,54.14,54.38,55.29,54.93,53.07,53.15,54.54,54.27,56.54,58.03,58.18,56.52,57.08,58.13,57.26,57.32,57.27,58.23,57.53,56.68,56.17,56.65,57.28,56.9,58.12],
  "contact_probs": [[1.0,0.98,0.95,0.91,0.75,0.35,0.43,0.98],[0.98,1.0,0.75,0.7,0.63,0.49,0.35,0.94],[0.95,0.75,1.0,0.97,0.46,0.07,0.09,0.24],[0.91,0.7,0.97,1.0,1.0,0.82,0.46,0.67],[0.75,0.63,0.46,1.0,1.0,0.96,0.83,0.96],[0.35,0.49,0.07,0.82,0.96,1.0,0.74,0.82],[0.43,0.35,0.09,0.46,0.83,0.74,1.0,0.98],[0.98,0.94,0.24,0.67,0.96,0.82,0.98,1.0]],
  "pae": [[2.2,5.7,5.2,7.3,8.0,8.1,8.9,7.8],[3.8,1.8,3.6,4.5,5.4,6.8,5.8,6.6],[5.3,4.7,1.3,3.3,5.3,6.6,6.4,7.2],[6.3,4.8,2.8,1.0,4.1,5.6,6.2,5.8],[6.8,6.0,3.7,3.1,1.2,4.7,5.0,4.6],[8.7,7.6,6.3,5.3,4.3,1.4,4.4,5.0],[8.2,8.1,6.9,6.9,5.0,4.6,1.6,4.9],[7.3,6.5,5.3,5.7,4.4,5.0,3.1,1.8]],
  "token_chain_ids": ["A","A","A","A","A","A","A","A"],
  "token_res_ids": [1,2,3,4,5,6,7,8]
}