{
  "atom_chain_ids": ["A","A","A","A","A","A","A","A","A","A","A","A","A","A","A","A","A","A","A","A","A","A","A","A","A","A","A","A","A","A","A","A","A","A","A","A","A","A","A","A","A","A","A","A","A","A","A","A","A","A","A","A","A","A","A","A","A","A","A","A","A","A","A","A","A","A","A","A","A","A","A","A","A","A","A","A","A","A","A","A","A","A","A","A","A","A","A","A","A","A","A","A","A","A","A","A","A","A","A","A","A","A","A","A","A","A","A","A","A","A","A","A","A","A","A","A","A","A","A","A","A","A","A","A","A","A","A","A","A","A","A","A","A","A","A","A","A","A","A","A","A","A","A","A","A","A","A","A","A","A","A","A","A","A","A","A","A","A","A","A","A","A","A","A","A","A","A","A","A","A","A","A","A","A","A","A","A","A","A","A","A","A","A","A","A","A","A","A","A","A","A","A","A","A","A","A","A","A","A","A","A","A","A","A","A","A","A","A","A","A","A","A","A","A","A","A","A","A","A","A","A","A","A","A","A","A","A","A","A","A","A","A","A","A","A","A","A","A","A","A","A","A","A","A","A","A","A","A","A","A","A","A","A","A","A","A","A","A","A","A","A","A","A","A","A","A","A","A","A","A","A","A","A","A","A","A","A","A","A","A","A","A","A","A","A","A","A","A","A","A","A","A","A","A","A","A","A","A","A","A","A","A","A","A","A","A","A","A","A","A","A","A","A","A","A","A","A","A","A","A","A","A","A","A","A","A","A","A","A","A","A","A","A","A","A","A","A","A","A","A","A","A","A","A","A","A","A","A","A","A","A","A","A","A","A","A","A","A","A","A","A","A","A","A","A","A","A","A","A","A","A","A","A","A","A","A","A","A","A","A","A","A","A","A","A","A","A","A","A","A","A","A","A","A","A","A","A","A","A","A","A","A","A","A","A","A","A","A","A","A","A","A","A","A","A","A","A","A","A","A","A","A","A","A","A","A","A","A","A","A","A","A","A","A","A","A","A","A","A","A","A","A","A","A","A","A","A","A","A","A","A","A","A","A","A","A","A","A","A","A","A","A","A","A","A","A","A","A","A","A","A","A","A","A","A","A","A","A","A","A","A","A","A","A","A","A","A","A","A","A","A","A","A","A","A","A","A","A","A","A","A","A","A","A","A","A","A","A","A","A","A","A","A"],
  "atom_plddts": [40.62,41.17,36.96,35.18,41.94,41.71,42.31,41.35,44.85,44.23,43.42,42.55,43.39,41.83,40.06,39.61,39.52,38.74,37.92,38.85,41.13,47.22,41.99,41.19,48.16,47.96,49.58,48.69,51.85,50.67,50.17,48.5,50.77,49.67,47.14,47.04,46.59,45.69,44.2,45.45,48.03,54.59,49.54,49.76,54.36,55.99,56.65,59.1,58.79,57.47,58.06,56.72,57.47,57.51,56.86,57.32,57.72,57.25,55.83,56.03,56.78,56.35,58.24,59.44,57.0,57.55,59.52,60.98,60.98,63.77,62.28,61.07,61.77,61.65,61.48,62.2,62.28,62.6,63.48,63.35,62.52,62.24,62.38,61.89,63.01,59.27,57.6,57.75,59.26,60.3,60.03,62.58,61.05,59.97,60.27,60.35,60.22,60.94,61.3,61.59,62.36,62.26,61.6,61.32,61.46,61.02,61.8,58.19,57.1,56.78,57.11,57.6,57.21,58.4,57.86,56.04,56.34,55.08,56.12,56.27,56.93,57.12,57.63,57.42,56.52,56.44,56.78,55.68,56.87,53.34,51.38,50.96,53.23,52.5,52.34,49.7,52.13,51.2,50.47,48.5,50.21,48.61,46.61,46.1,45.26,44.54,43.09,44.72,47.34,47.42,42.91,42.11,48.03,48.91,49.68,48.11,51.12,49.87,49.82,47.83,49.7,48.37,45.34,44.89,44.37,43.41,41.87,43.3,46.03,52.51,47.43,46.49,51.5,52.42,53.53,54.9,55.37,53.94,54.24,52.96,54.13,53.67,52.97,53.43,53.33,52.75,51.3,51.76,53.07,52.42,54.38,55.2,51.69,52.66,55.12,57.79,58.1,60.68,59.87,58.37,58.93,59.13,58.54,59.46,59.6,59.99,60.83,60.72,59.94,59.59,59.75,59.45,60.4,59.4,57.27,57.66,59.4,60.72,60.65,63.11,61.79,60.65,61.12,61.15,61.11,61.86,62.22,62.54,63.27,63.14,62.46,62.22,62.32,61.94,62.74,57.65,56.33,56.38,56.71,56.62,56.42,58.05,57.15,55.46,55.9,55.01,56.0,56.32,57.27,57.7,58.31,58.26,57.56,57.15,57.22,56.22,57.31,52.03,49.64,49.2,52.14,50.74,50.61,48.62,51.24,50.15,48.91,47.51,48.65,46.65,45.09,44.45,43.85,43.22,41.9,43.41,45.77,51.71,46.45,46.16,52.37,52.31,53.5,53.25,55.31,54.32,53.81,52.13,54.35,53.19,50.95,50.53,50.11,49.29,47.56,48.97,51.4,56.79,51.36,51.67,56.58,58.23,59.06,61.89,61.59,60.47,61.07,60.71,60.97,61.14,60.65,61.23,61.54,61.13,59.82,60.12,60.76,60.59,62.21,59.79,56.95,57.34,59.88,62.07,62.18,65.02,63.77,62.69,63.48,63.91,63.31,64.2,64.0,64.49,65.43,65.36,64.64,64.18,64.25,64.15,65.06,60.98,59.33,59.26,60.66,61.12,61.16,63.49,62.13,61.0,61.44,61.11,61.4,62.12,62.66,63.02,63.77,63.74,63.09,62.73,62.73,62.25,63.19,57.36,55.36,55.38,56.61,57.03,57.02,58.31,57.74,56.03,56.22,55.08,56.06,56.29,57.11,57.46,58.05,57.83,57.0,56.72,56.85,55.87,57.34,52.51,49.84,49.96,52.8,52.06,52.48,50.77,52.72,51.42,50.47,48.85,50.56,49.26,47.3,46.83,46.14,45.34,43.94,45.5,47.82,50.75,45.5,44.81,50.89,51.91,53.08,52.86,54.35,53.47,53.14,51.37,53.38,52.62,50.37,50.0,49.51,48.62,46.89,48.28,50.68,54.72,50.12,49.89,53.85,54.72,55.41,57.62,57.25,55.71,56.23,55.25,56.35,56.13,55.84,56.45,56.58,56.14,54.85,55.1,55.83,55.39,57.29,58.21,55.36,55.82,58.15,60.07,60.17,62.99,61.59,60.44,61.12,61.26,60.95,61.9,62.08,62.62,63.53,63.46,62.71,62.27,62.29,62.08,63.08,58.48,56.97,57.1,58.03,59.09,58.68,61.3,59.64,58.65,58.89,59.07,59.18,59.96,60.52,61.1,61.63,61.58,61.03,60.7,60.78,60.47,61.16,56.16,54.01,54.18,54.62,55.86,55.92,56.87,56.24,54.52,55.06,53.85,54.88,54.86,55.51,55.71,56.25,56.08,55.17,54.91,55.3,54.62,55.97],
  "contact_probs": [[1.0,0.55,0.31,0.07,0.01,0.0,0.01,0.01,0.01,0.0,0.01,0.05,0.09,0.23,0.37,0.11,0.02,0.01,0.03,0.04,0.05,0.04,0.05,0.11],[0.55,1.0,0.72,0.12,0.01,0.0,0.0,0.0,0.01,0.01,0.02,0.07,0.09,0.21,0.37,0.17,0.02,0.01,0.02,0.02,0.05,0.06,0.14,0.23],[0.31,0.72,1.0,0.98,0.13,0.01,0.0,0.0,0.02,0.05,0.08,0.09,0.07,0.15,0.18,0.38,0.09,0.01,0.01,0.01,0.1,0.24,0.28,0.22],[0.07,0.12,0.98,1.0,0.99,0.21,0.01,0.02,0.15,0.25,0.28,0.18,0.03,0.08,0.2,0.21,0.28,0.1,0.01,0.02,0.14,0.29,0.29,0.17],[0.01,0.01,0.13,0.99,1.0,0.97,0.16,0.26,0.38,0.48,0.4,0.19,0.01,0.02,0.04,0.14,0.13,0.19,0.03,0.05,0.1,0.14,0.14,0.12],[0.0,0.0,0.01,0.21,0.97,1.0,0.53,0.6,0.5,0.52,0.32,0.09,0.01,0.01,0.01,0.05,0.13,0.14,0.13,0.15,0.1,0.09,0.09,0.06],[0.01,0.0,0.0,0.01,0.16,0.53,1.0,0.51,0.18,0.09,0.02,0.01,0.01,0.0,0.0,0.0,0.02,0.12,0.12,0.14,0.05,0.01,0.01,0.01],[0.01,0.0,0.0,0.02,0.26,0.6,0.51,1.0,0.76,0.23,0.04,0.01,0.0,0.0,0.0,0.01,0.05,0.19,0.16,0.31,0.16,0.06,0.02,0.02],[0.01,0.01,0.02,0.15,0.38,0.5,0.18,0.76,1.0,0.96,0.15,0.01,0.0,0.01,0.02,0.11,0.17,0.2,0.11,0.27,0.22,0.41,0.18,0.02],[0.0,0.01,0.05,0.25,0.48,0.52,0.09,0.23,0.96,1.0,0.97,0.21,0.02,0.04,0.14,0.3,0.26,0.17,0.03,0.07,0.14,0.26,0.51,0.19],[0.01,0.02,0.08,0.28,0.4,0.32,0.02,0.04,0.15,0.97,1.0,0.97,0.17,0.33,0.42,0.48,0.26,0.11,0.01,0.01,0.04,0.13,0.17,0.29],[0.05,0.07,0.09,0.18,0.19,0.09,0.01,0.01,0.01,0.21,0.97,1.0,0.55,0.64,0.51,0.37,0.16,0.03,0.0,0.0,0.02,0.05,0.12,0.12],[0.09,0.09,0.07,0.03,0.01,0.01,0.01,0.0,0.0,0.02,0.17,0.55,1.0,0.44,0.17,0.07,0.01,0.0,0.0,0.0,0.0,0.01,0.04,0.12],[0.23,0.21,0.15,0.08,0.02,0.01,0.0,0.0,0.01,0.04,0.33,0.64,0.44,1.0,0.73,0.17,0.02,0.0,0.0,0.0,0.01,0.02,0.1,0.26],[0.37,0.37,0.18,0.2,0.04,0.01,0.0,0.0,0.02,0.14,0.42,0.51,0.17,0.73,1.0,0.98,0.13,0.01,0.0,0.0,0.04,0.17,0.28,0.23],[0.11,0.17,0.38,0.21,0.14,0.05,0.0,0.01,0.11,0.3,0.48,0.37,0.07,0.17,0.98,1.0,0.99,0.15,0.02,0.02,0.25,0.47,0.31,0.15],[0.02,0.02,0.09,0.28,0.13,0.13,0.02,0.05,0.17,0.26,0.26,0.16,0.01,0.02,0.13,0.99,1.0,0.99,0.19,0.34,0.56,0.46,0.18,0.11],[0.01,0.01,0.01,0.1,0.19,0.14,0.12,0.19,0.2,0.17,0.11,0.03,0.0,0.0,0.01,0.15,0.99,1.0,0.58,0.67,0.54,0.22,0.12,0.04],[0.03,0.02,0.01,0.01,0.03,0.13,0.12,0.16,0.11,0.03,0.01,0.0,0.0,0.0,0.0,0.02,0.19,0.58,1.0,0.46,0.17,0.05,0.01,0.0],[0.04,0.02,0.01,0.02,0.05,0.15,0.14,0.31,0.27,0.07,0.01,0.0,0.0,0.0,0.0,0.02,0.34,0.67,0.46,1.0,0.79,0.18,0.02,0.01],[0.05,0.05,0.1,0.14,0.1,0.1,0.05,0.16,0.22,0.14,0.04,0.02,0.0,0.01,0.04,0.25,0.56,0.54,0.17,0.79,1.0,0.97,0.11,0.01],[0.04,0.06,0.24,0.29,0.14,0.09,0.01,0.06,0.41,0.26,0.13,0.05,0.01,0.02,0.17,0.47,0.46,0.22,0.05,0.18,0.97,1.0,0.98,0.11],[0.05,0.14,0.28,0.29,0.14,0.09,0.01,0.02,0.18,0.51,0.17,0.12,0.04,0.1,0.28,0.31,0.18,0.12,0.01,0.02,0.11,0.98,1.0,0.97],[0.11,0.23,0.22,0.17,0.12,0.06,0.01,0.02,0.02,0.19,0.29,0.12,0.12,0.26,0.23,0.15,0.11,0.04,0.0,0.01,0.01,0.11,0.97,1.0]],
  "pae": [[1.6,6.3,9.8,12.5,15.4,17.1,19.0,19.6,17.8,15.1,13.8,13.4,13.9,13.2,12.0,13.0,15.1,17.1,19.7,19.2,17.6,15.3,12.7,14.0],[6.5,1.5,5.1,7.8,12.1,13.7,16.7,16.3,15.6,13.7,11.9,12.8,15.7,11.8,10.9,11.2,13.9,15.1,17.8,16.9,15.3,12.8,11.3,13.5],[9.0,5.7,1.1,4.0,6.0,8.3,11.8,12.1,10.5,9.6,8.4,9.4,13.0,10.9,8.5,7.2,8.6,9.7,12.9,11.9,10.7,7.8,7.5,10.1],[12.3,7.1,3.3,0.9,3.1,5.6,9.6,10.1,8.8,7.3,6.7,7.9,12.4,10.4,7.6,6.1,7.0,7.5,11.2,9.4,7.9,6.4,6.5,9.0],[12.7,10.0,4.4,3.2,0.9,3.3,9.6,10.2,7.3,6.3,6.5,8.9,14.0,11.0,7.4,6.8,5.5,7.2,11.2,8.6,7.4,6.2,6.6,9.4],[14.1,11.4,6.9,5.6,4.2,1.0,7.0,8.8,7.7,7.8,9.1,11.2,15.9,13.2,9.0,8.4,7.8,8.7,12.0,9.9,9.3,8.0,8.2,11.7],[18.2,17.0,14.9,12.9,11.2,9.5,1.3,9.5,9.6,12.8,13.6,15.4,17.6,16.6,15.1,13.9,13.9,13.8,12.7,11.6,15.3,13.6,13.7,15.8],[19.1,18.1,16.2,14.2,12.6,9.1,8.4,1.4,7.5,9.7,12.8,15.9,18.4,17.4,15.3,13.6,11.6,11.4,10.2,9.3,12.6,11.9,13.9,17.1],[16.6,16.2,13.0,11.7,10.3,8.1,7.9,6.6,1.1,4.1,7.6,9.4,14.5,14.2,11.9,10.0,9.1,9.8,11.8,10.1,11.2,10.0,11.6,13.0],[15.2,13.5,10.4,8.4,8.2,8.5,9.8,7.8,4.4,1.0,4.5,7.2,11.9,11.1,9.4,7.8,7.8,8.5,12.1,10.5,9.8,7.9,9.5,11.4],[13.5,12.0,8.5,7.1,6.9,9.5,10.7,9.8,5.3,3.6,0.9,3.6,10.5,8.4,6.5,6.3,6.9,9.0,12.5,10.4,8.9,7.3,7.1,9.6],[14.2,12.5,10.0,8.6,9.0,12.2,12.8,13.0,7.8,6.3,4.4,1.0,9.3,8.1,6.4,7.5,9.8,11.6,14.4,12.7,11.4,9.2,8.0,10.5],[15.9,16.1,14.5,13.6,16.1,17.9,19.0,18.2,16.6,14.5,12.2,8.5,1.4,8.6,10.2,12.8,16.3,16.9,18.9,18.0,18.5,16.6,14.1,14.9],[15.8,12.7,11.4,10.8,13.0,15.2,16.6,15.0,14.0,12.4,10.9,7.7,8.5,1.3,6.4,7.2,11.5,13.8,15.8,15.4,15.2,12.5,12.1,13.0],[13.1,10.9,7.6,6.8,7.3,8.8,12.0,11.3,8.8,7.5,6.5,6.3,9.1,4.5,1.0,2.6,5.0,6.5,10.9,10.3,9.6,7.9,7.4,8.8],[13.1,11.3,7.5,6.1,6.8,7.8,10.3,10.2,7.8,6.5,6.9,7.1,10.8,5.9,2.8,0.9,2.9,5.1,9.3,8.5,8.2,6.7,6.7,8.6],[13.7,11.2,7.8,6.8,5.8,7.4,10.4,9.8,7.6,6.3,6.7,8.4,12.8,9.1,4.7,3.2,0.9,3.4,8.7,8.3,6.7,6.5,7.0,9.3],[14.3,12.9,9.6,8.3,8.8,8.1,10.7,8.9,8.6,8.4,8.5,10.5,13.8,10.9,6.1,5.1,4.2,1.0,8.1,7.4,7.1,7.5,8.7,11.1],[18.3,17.1,14.9,12.6,13.0,12.4,12.2,10.1,13.6,12.6,13.3,14.9,17.9,17.4,14.7,12.4,11.3,9.9,1.3,8.5,8.2,11.9,12.6,15.1],[17.1,16.4,13.6,11.1,10.6,8.8,10.6,8.3,11.3,11.7,12.8,14.4,16.2,15.9,14.3,12.6,11.1,8.6,7.9,1.3,6.9,7.8,10.7,12.7],[17.0,15.5,10.4,8.2,8.5,8.1,11.8,9.9,9.5,8.6,8.6,10.7,15.2,13.8,11.2,9.6,8.0,6.8,8.1,5.4,1.1,3.8,6.7,8.4],[14.3,12.3,8.0,6.6,6.9,7.7,10.9,9.3,9.2,6.5,7.5,8.4,12.9,11.1,8.9,7.9,7.4,7.4,10.2,5.9,3.2,1.0,4.1,6.4],[13.9,11.9,6.9,6.4,7.1,8.9,11.8,10.6,10.6,8.7,6.7,9.0,13.7,11.3,8.0,7.0,7.2,7.6,10.3,7.7,5.4,3.8,1.0,4.9],[13.7,12.1,8.3,7.9,8.6,10.8,14.2,13.3,12.3,9.9,8.5,8.5,14.2,10.0,8.1,7.6,8.2,9.3,12.1,10.0,7.2,4.8,3.8,1.2]],
  "token_chain_ids": ["A","A","A","A","A","A","A","A","A","A","A","A","A","A","A","A","A","A","A","A","A","A","A","A"],
  "token_res_ids": [1,2,3,4,5,6,7,8,9,10,11,12,13,14,15,16,17,18,19,20,21,22,23,24]
}