{
  "atom_chain_ids": ["A","A","A","A","A","A","A","A","A","A","A","A","A","A","A","A","A","A","A","A","A","A","A","A","A","A","A","A","A","A","A","A","A","A","A","A","A","A","A","A","A","A","A","A","A","A","A","A","A","A","A","A","A","A","A","A","A","A","A","A","A","A","A","A","A","A","A","A","A","A","A","A","A","A","A","A","A","A","A","A","A","A","A","A","A","A","A","A","A","A","A","A","A","A","A","A","A","A","A","A","A","A","A","A","A","A","A","A","A","A","A","A","A","A","A","A","A","A","A","A","A","A","A","A","A","A","A","A","A","A","A","A","A","A","A","A","A","A","A","A","A","A","A","A","A","A","A","A","A","A","A","A","A","A","A","A","A","A","A","A","A","A","A","A","A","A","A","A","A","A","A","A","A","A","A","A","A","A","A","A","A","A","A","A","A","A","A","A","A","A","A","A","A","A","A","A","A","A","A","A","A","A","A","A","A","A","A","A","A","A","A","A","A","A","A","A","A","A","A","A","A","A","A","A","A","A","A","A","A","A","A","A","A","A","A","A","A","A","A","A","A","A","A","A","A","A","A","A","A","A","A","A","A","A","A","A","A","A","A","A","A","A","A","A","A","A","A","A","A","A","A","A","A","A","A","A","A","A","A","A","A","A","A","A","A","A","A","A","A","A","A","A","A","A","A","A","A","A","A","A","A","A","A","A","A","A","A","A","A","A","A","A","A","A","A","A","A","A","A","A","A","A","A","A","A","A","A","A","A","A","A","A","A","A","A","A","A","A","A","A","A","A","A","A","A","A","A","A","A","A","A","A","A","A","A","A","A","A","A","A","A","A","A","A","A","A","A","A","A","A","A","A","A","A","A","A","A","A","A","A","A","A","A","A","A","A","A","A","A","A","A","A","A","A","A","A","A","A","A","A","A","A","A","A","A","A","A","A","A","A","A","A","A","A","A","A","A","A","A","A","A","A","A","A","A","A","A","A","A","A","A","A","A","A","A","A","A","A","A","A","A","A","A","A","A","A","A","A","A","A","A","A","A","A","A","A","A","A","A","A","A","A","A","A","A","A","A","A","A","A","A","A","A","A","A","A","A","A","A","A","A","A","A","A","A","A","A","A","A","A","A","A","A","A","A","A","A","A","A","A","A","A","A","A","A","A","A","A","A","A","A","A","A"],
  "atom_plddts": [38.04,38.74,35.11,33.24,39.45,39.13,39.5,38.37,41.86,41.14,40.51,39.71,40.47,39.1,37.47,37.01,37.23,36.54,35.9,36.57,38.51,42.83,38.48,37.46,43.63,43.51,44.86,43.34,47.22,45.71,45.44,43.84,45.82,44.62,42.06,42.0,41.75,40.88,39.75,40.67,43.08,49.08,44.2,44.57,49.12,51.04,52.41,54.14,54.06,52.71,53.07,51.85,52.59,52.68,51.64,52.32,52.6,52.18,51.14,50.95,51.77,51.54,53.06,55.58,53.06,54.0,55.7,57.34,57.38,60.07,58.49,57.24,57.7,57.61,57.35,58.18,58.26,58.61,59.53,59.39,58.72,58.25,58.3,57.78,58.88,54.16,52.42,53.29,54.35,55.18,55.3,57.54,56.18,55.05,55.15,54.97,54.98,55.9,56.02,56.32,57.22,57.11,56.62,56.14,56.08,55.57,56.47,53.08,51.7,51.77,52.42,53.03,52.76,53.2,53.1,51.23,51.49,50.15,51.15,51.29,51.88,52.32,52.81,52.7,51.93,51.58,51.76,50.65,51.99,51.98,49.96,49.2,51.82,51.01,50.5,47.54,50.57,49.65,49.15,47.03,48.65,46.77,44.65,44.08,43.26,42.64,41.2,42.8,45.51,49.52,44.35,43.49,50.17,51.21,52.11,51.33,53.87,52.96,52.79,50.82,52.6,51.5,48.41,47.84,47.34,46.44,44.61,46.28,49.09,52.52,47.46,46.69,51.79,52.89,53.8,55.37,56.03,54.6,54.94,53.29,54.36,53.87,52.89,53.15,53.27,52.69,51.16,51.6,52.85,52.0,54.27,53.7,50.26,51.4,53.66,56.05,56.51,59.01,58.25,56.74,57.1,57.14,56.75,57.71,57.79,58.19,59.12,59.03,58.26,57.8,57.89,57.52,58.54,55.67,53.49,54.38,55.77,57.15,57.32,59.79,58.37,57.19,57.36,57.53,57.43,58.32,58.58,58.98,59.77,59.62,59.06,58.63,58.67,58.29,59.12,52.49,50.94,51.66,51.99,52.52,52.65,53.85,52.92,51.26,51.6,50.93,51.74,52.16,52.91,53.47,54.05,53.96,53.52,52.94,52.87,52.08,53.11,45.55,43.7,42.71,45.56,45.09,45.16,43.23,46.43,44.96,44.43,43.02,43.46,41.67,39.43,38.73,38.32,37.68,36.7,38.04,40.16,45.98,41.25,40.39,46.71,47.06,48.23,47.54,50.23,49.04,48.85,47.15,49.13,48.11,45.35,44.99,44.66,43.8,42.36,43.52,45.97,51.63,46.58,47.07,51.52,53.82,54.95,56.99,56.46,55.23,55.34,54.88,55.25,55.4,54.74,55.31,55.41,54.94,53.87,53.93,54.66,54.55,55.99,56.32,53.63,54.44,56.33,58.66,58.83,61.69,60.32,59.06,59.48,59.94,59.33,60.29,60.11,60.54,61.59,61.48,60.83,60.19,60.23,60.04,60.98,54.84,52.7,53.53,54.89,56.04,56.39,58.52,57.07,55.87,56.13,56.1,56.21,57.11,57.39,57.74,58.59,58.47,57.99,57.46,57.41,57.04,57.98,52.21,49.94,50.43,51.74,52.58,52.96,53.71,53.32,51.57,51.71,50.74,51.79,52.08,52.59,53.13,53.63,53.41,52.8,52.35,52.42,51.65,52.97,47.3,45.3,44.68,47.18,46.4,46.43,43.8,47.1,45.34,44.98,42.92,44.32,42.61,40.21,39.56,39.07,38.31,37.14,38.53,40.83,48.84,43.45,42.56,49.19,50.2,51.37,50.93,53.15,52.21,51.95,49.95,51.86,50.93,48.17,47.64,47.23,46.32,44.55,46.03,48.64,53.26,48.28,48.19,52.73,53.98,54.88,56.93,56.63,55.09,55.63,54.81,55.63,55.51,55.13,55.78,55.92,55.48,54.25,54.45,55.17,54.8,56.62,55.54,52.48,53.38,55.56,57.78,58.17,60.88,59.58,58.33,58.84,58.93,58.55,59.54,59.59,60.12,61.11,61.01,60.31,59.73,59.68,59.46,60.52,57.79,55.82,56.25,57.5,58.88,58.87,61.24,59.83,58.79,59.04,58.86,59.05,59.84,60.18,60.69,61.43,61.39,60.71,60.28,60.25,59.86,60.81,57.17,54.89,55.04,55.75,57.17,57.16,58.23,57.68,55.91,56.62,55.33,56.19,56.16,56.79,57.0,57.6,57.44,56.48,56.18,56.5,55.78,57.29],
  "contact_probs": [[1.0,0.55,0.31,0.07,0.01,0.0,0.01,0.01,0.01,0.0,0.01,0.05,0.09,0.23,0.37,0.11,0.02,0.01,0.03,0.04,0.05,0.04,0.05,0.11],[0.55,1.0,0.72,0.12,0.01,0.0,0.0,0.0,0.01,0.01,0.02,0.07,0.09,0.21,0.37,0.17,0.02,0.01,0.02,0.02,0.05,0.06,0.14,0.23],[0.31,0.72,1.0,0.98,0.13,0.01,0.0,0.0,0.02,0.05,0.08,0.09,0.07,0.15,0.18,0.38,0.09,0.01,0.01,0.01,0.1,0.24,0.28,0.22],[0.07,0.12,0.98,1.0,0.99,0.21,0.01,0.02,0.15,0.25,0.28,0.18,0.03,0.08,0.2,0.21,0.28,0.1,0.01,0.02,0.14,0.29,0.29,0.17],[0.01,0.01,0.13,0.99,1.0,0.97,0.16,0.26,0.38,0.48,0.4,0.19,0.01,0.02,0.04,0.14,0.13,0.19,0.03,0.05,0.1,0.14,0.14,0.12],[0.0,0.0,0.01,0.21,0.97,1.0,0.53,0.6,0.5,0.52,0.32,0.09,0.01,0.01,0.01,0.05,0.13,0.14,0.13,0.15,0.1,0.09,0.09,0.06],[0.01,0.0,0.0,0.01,0.16,0.53,1.0,0.51,0.18,0.09,0.02,0.01,0.01,0.0,0.0,0.0,0.02,0.12,0.12,0.14,0.05,0.01,0.01,0.01],[0.01,0.0,0.0,0.02,0.26,0.6,0.51,1.0,0.76,0.23,0.04,0.01,0.0,0.0,0.0,0.01,0.05,0.19,0.16,0.31,0.16,0.06,0.02,0.02],[0.01,0.01,0.02,0.15,0.38,0.5,0.18,0.76,1.0,0.96,0.15,0.01,0.0,0.01,0.02,0.11,0.17,0.2,0.11,0.27,0.22,0.41,0.18,0.02],[0.0,0.01,0.05,0.25,0.48,0.52,0.09,0.23,0.96,1.0,0.97,0.21,0.02,0.04,0.14,0.3,0.26,0.17,0.03,0.07,0.14,0.26,0.51,0.19],[0.01,0.02,0.08,0.28,0.4,0.32,0.02,0.04,0.15,0.97,1.0,0.97,0.17,0.33,0.42,0.48,0.26,0.11,0.01,0.01,0.04,0.13,0.17,0.29],[0.05,0.07,0.09,0.18,0.19,0.09,0.01,0.01,0.01,0.21,0.97,1.0,0.55,0.64,0.51,0.37,0.16,0.03,0.0,0.0,0.02,0.05,0.12,0.12],[0.09,0.09,0.07,0.03,0.01,0.01,0.01,0.0,0.0,0.02,0.17,0.55,1.0,0.44,0.17,0.07,0.01,0.0,0.0,0.0,0.0,0.01,0.04,0.12],[0.23,0.21,0.15,0.08,0.02,0.01,0.0,0.0,0.01,0.04,0.33,0.64,0.44,1.0,0.73,0.17,0.02,0.0,0.0,0.0,0.01,0.02,0.1,0.26],[0.37,0.37,0.18,0.2,0.04,0.01,0.0,0.0,0.02,0.14,0.42,0.51,0.17,0.73,1.0,0.98,0.13,0.01,0.0,0.0,0.04,0.17,0.28,0.23],[0.11,0.17,0.38,0.21,0.14,0.05,0.0,0.01,0.11,0.3,0.48,0.37,0.07,0.17,0.98,1.0,0.99,0.15,0.02,0.02,0.25,0.47,0.31,0.15],[0.02,0.02,0.09,0.28,0.13,0.13,0.02,0.05,0.17,0.26,0.26,0.16,0.01,0.02,0.13,0.99,1.0,0.99,0.19,0.34,0.56,0.46,0.18,0.11],[0.01,0.01,0.01,0.1,0.19,0.14,0.12,0.19,0.2,0.17,0.11,0.03,0.0,0.0,0.01,0.15,0.99,1.0,0.58,0.67,0.54,0.22,0.12,0.04],[0.03,0.02,0.01,0.01,0.03,0.13,0.12,0.16,0.11,0.03,0.01,0.0,0.0,0.0,0.0,0.02,0.19,0.58,1.0,0.46,0.17,0.05,0.01,0.0],[0.04,0.02,0.01,0.02,0.05,0.15,0.14,0.31,0.27,0.07,0.01,0.0,0.0,0.0,0.0,0.02,0.34,0.67,0.46,1.0,0.79,0.18,0.02,0.01],[0.05,0.05,0.1,0.14,0.1,0.1,0.05,0.16,0.22,0.14,0.04,0.02,0.0,0.01,0.04,0.25,0.56,0.54,0.17,0.79,1.0,0.97,0.11,0.01],[0.04,0.06,0.24,0.29,0.14,0.09,0.01,0.06,0.41,0.26,0.13,0.05,0.01,0.02,0.17,0.47,0.46,0.22,0.05,0.18,0.97,1.0,0.98,0.11],[0.05,0.14,0.28,0.29,0.14,0.09,0.01,0.02,0.18,0.51,0.17,0.12,0.04,0.1,0.28,0.31,0.18,0.12,0.01,0.02,0.11,0.98,1.0,0.97],[0.11,0.23,0.22,0.17,0.12,0.06,0.01,0.02,0.02,0.19,0.29,0.12,0.12,0.26,0.23,0.15,0.11,0.04,0.0,0.01,0.01,0.11,0.97,1.0]],
  "pae": [[1.6,8.7,13.8,14.4,16.6,19.3,19.2,19.1,17.5,15.6,14.2,12.2,9.0,9.0,10.6,12.9,15.8,17.7,21.0,20.6,18.0,17.1,15.6,15.3],[6.9,1.4,7.6,10.5,12.6,13.0,16.4,14.8,15.5,14.1,13.5,13.1,9.9,10.9,10.6,10.4,11.4,14.0,18.8,16.3,15.6,14.9,13.7,14.8],[9.5,5.7,1.1,4.0,6.1,8.0,10.8,11.5,11.7,10.7,9.7,10.0,12.0,10.0,8.7,7.6,7.5,8.7,14.7,10.5,11.9,10.0,10.4,11.2],[12.3,8.0,4.0,0.9,3.0,5.4,8.2,9.0,8.9,8.5,8.2,9.2,11.8,11.1,8.2,6.7,7.2,7.7,12.4,9.0,9.8,7.9,9.0,9.1],[13.3,10.5,4.9,3.7,0.9,3.4,8.1,7.6,8.3,9.2,8.1,10.4,14.0,12.8,9.0,8.4,7.4,8.0,12.5,8.9,9.7,9.3,9.4,11.1],[13.7,13.4,7.3,5.6,4.0,1.0,7.1,6.5,9.2,10.7,11.3,11.6,16.7,15.0,11.8,9.5,8.6,8.5,14.0,10.0,10.7,10.1,10.9,13.6],[18.5,17.1,15.2,11.9,9.6,7.4,1.5,8.5,7.3,10.1,12.9,16.4,18.7,19.6,17.3,14.9,13.4,13.7,18.7,13.4,14.6,14.7,15.0,15.7],[16.2,16.3,14.7,11.5,10.1,7.9,8.0,1.4,6.7,8.8,11.8,14.2,16.5,15.8,15.0,12.9,11.0,10.5,16.0,8.3,10.5,11.1,11.7,13.3],[14.8,15.5,13.6,11.2,9.2,8.3,7.6,5.5,1.1,3.4,7.2,8.4,13.1,13.3,12.8,11.6,10.4,8.8,13.4,8.2,8.7,7.7,7.0,8.2],[13.9,14.1,10.8,9.4,8.1,8.8,9.3,6.5,3.7,0.9,4.1,6.7,11.5,11.6,10.9,9.4,9.8,9.3,13.0,9.0,8.5,7.3,7.9,7.0],[12.6,12.0,10.0,9.2,8.6,10.3,10.7,8.9,5.5,4.4,0.9,3.8,9.5,9.2,8.2,8.7,8.9,10.2,12.9,9.7,8.5,7.3,7.1,6.7],[12.5,12.5,12.0,11.7,10.6,12.6,11.6,10.9,7.7,6.5,4.6,1.0,8.1,7.5,8.2,10.2,10.4,12.1,14.9,11.7,10.8,9.7,7.6,7.8],[9.7,14.3,17.1,16.9,18.1,19.4,19.0,17.4,16.4,14.2,11.7,10.4,1.3,8.0,9.7,13.8,17.0,17.9,19.9,18.4,17.2,17.3,15.3,13.5],[9.8,10.4,12.8,13.1,14.8,16.6,16.6,15.4,14.9,13.9,12.0,9.0,6.7,1.2,7.7,8.5,13.5,15.1,16.3,15.5,15.2,13.9,13.6,11.6],[11.5,10.3,9.0,8.0,9.3,11.2,12.6,11.8,11.7,10.1,8.8,8.4,8.9,6.4,1.0,3.7,6.7,8.6,13.2,11.3,11.9,10.4,8.8,9.1],[11.8,11.9,6.9,6.3,7.3,8.7,10.8,9.4,9.2,9.0,8.6,8.6,12.1,7.1,4.1,1.0,3.4,6.2,10.7,8.4,9.2,8.0,7.8,9.1],[12.8,13.3,9.4,7.7,7.3,8.7,11.1,8.9,8.4,8.1,8.6,10.2,12.9,10.2,6.1,5.7,1.0,4.3,10.3,7.3,6.8,7.5,8.5,10.1],[13.7,14.3,10.7,8.9,9.2,9.5,12.4,9.8,10.0,10.3,11.5,14.1,15.1,13.1,8.3,6.8,5.0,1.0,9.1,7.3,7.9,9.1,11.5,13.0],[20.1,19.1,16.8,14.3,13.9,14.1,17.6,13.0,15.1,16.6,18.2,19.1,20.7,19.5,18.6,16.5,13.2,10.1,1.6,9.3,11.8,14.5,17.3,18.5],[16.7,17.2,14.0,11.0,10.4,10.4,13.3,9.0,9.7,10.9,13.0,14.1,16.3,16.1,14.6,13.3,10.5,6.7,7.4,1.3,6.4,7.1,11.6,12.4],[15.5,16.2,12.3,10.1,9.2,9.5,11.8,9.2,7.4,7.1,8.7,10.8,15.4,14.2,12.0,10.0,7.7,6.8,8.3,4.8,1.1,2.8,5.7,7.0],[13.6,14.2,11.1,8.9,7.7,8.6,11.1,9.3,7.1,5.9,7.1,8.5,13.7,11.9,9.6,8.6,8.5,7.8,11.1,6.1,3.4,1.0,2.8,5.3],[13.6,13.5,10.5,8.6,8.2,9.2,11.2,9.0,7.1,6.8,6.8,8.6,13.1,11.7,9.4,7.6,8.0,8.5,12.3,7.5,4.5,3.0,0.9,3.8],[13.3,13.1,10.4,9.3,8.9,10.6,11.8,10.8,7.7,6.5,6.7,7.8,12.4,11.1,8.9,8.1,8.5,10.3,12.9,9.2,6.4,4.0,3.3,1.1]],
  "token_chain_ids": ["A","A","A","A","A","A","A","A","A","A","A","A","A","A","A","A","A","A","A","A","A","A","A","A"],
  "token_res_ids": [1,2,3,4,5,6,7,8,9,10,11,12,13,14,15,16,17,18,19,20,21,22,23,24]
}