{
  "atom_chain_ids": ["A","A","A","A","A","A","A","A","A","A","A","A","A","A","A","A","A","A","A","A","A","A","A","A","A","A","A","A","A","A","A","A","A","A","A","A","A","A","A","A","A","A","A","A","A","A","A","A","A","A","A","A","A","A","A","A","A","A","A","A","A","A","A","A","A","A","A","A","A","A","A","A","A","A","A","A","A","A","A","A","A","A","A","A","A","A","A","A","A","A","A","A","A","A","A","A","A","A","A","A","A","A","A","A","A","A","A","A","A","A","A","A","A","A","A","A","A","A","A","A","A","A","A","A","A","A","A","A","A","A","A","A","A","A","A","A","A","A","A","A","A","A","A","A","A","A","A","A","A","A","A","A","A","A","A","A","A","A","A","A","A","A","A","A","A","A","A","A","A","A","A","A","A","A","A","A","A","A","A","A","A","A","A","A","A","A","A","A","A","A","A","A","A","A","A","A","A","A","A","A","A","A","A","A","A","A","A","A","A","A","A","A","A","A","A","A","A","A","A","A","A","A","A","A","A","A","A","A","A","A","A","A","A","A","A","A","A","A","A","A","A","A","A","A","A","A","A","A","A","A","A","A","A","A","A","A","A","A","A","A","A","A","A","A","A","A","A","A","A","A","A","A","A","A","A","A","A","A","A","A","A","A","A","A","A","A","A","A","A","A","A","A","A","A","A","A","A","A","A","A","A","A","A","A","A","A","A","A","A","A","A","A","A","A","A","A","A","A","A","A","A","A","A","A","A","A","A","A","A","A","A","A","A","A","A","A","A","A","A","A","A","A","A","A","A","A","A","A","A","A","A","A","A","A","A","A","A","A","A","A","A","A","A","A","A","A","A","A","A","A","A","A","A","A","A","A","A","A","A","A","A","A","A","A","A","A","A","A","A","A","A","A","A","A","A","A","A","A","A","A","A","A","A","A","A","A","A","A","A","A","A","A","A","A","A","A","A","A","A","A","A","A","A","A","A","A","A","A","A","A","A","A","A","A","A","A","A","A","A","A","A","A","A","A","A","A","A","A","A","A","A","A","A","A","A","A","A","A","A","A","A","A","A","A","A","A","A","A","A","A","A","A","A","A","A","A","A","A","A","A","A","A","A","A","A","A","A","A","A","A","A","A","A","A","A","A","A","A","A","A","A","A","A","A","A","A","A","A","A","A","A","A","A"],
  "atom_plddts": [38.42,39.07,35.3,33.34,39.68,39.33,39.68,38.56,42.07,41.33,40.79,39.76,40.47,39.03,37.26,36.66,36.85,36.11,35.39,36.19,38.18,44.41,39.31,38.04,45.28,45.15,46.75,45.72,48.98,47.67,47.55,45.8,48.08,47.18,44.58,44.61,44.29,43.43,42.13,43.08,45.53,51.15,46.57,46.81,50.88,52.54,53.46,55.13,54.99,53.63,53.87,52.33,53.42,53.28,52.44,52.91,53.14,52.62,51.42,51.44,52.3,51.89,53.68,55.37,52.95,53.91,55.44,57.12,57.07,59.8,58.19,56.92,57.32,57.23,57.16,57.98,58.05,58.36,59.19,59.0,58.32,57.97,58.1,57.59,58.65,54.97,53.31,54.06,54.93,56.06,55.96,58.23,56.74,55.53,55.55,55.5,55.72,56.57,56.84,57.05,57.85,57.66,57.17,56.83,56.89,56.39,57.22,53.79,52.8,52.79,52.71,53.48,53.26,54.06,53.48,51.71,52.01,50.75,52.06,52.26,52.73,53.0,53.43,53.24,52.6,52.38,52.66,51.73,52.83,46.66,45.07,44.19,46.26,45.97,45.72,43.35,46.02,44.67,44.98,42.93,44.52,43.21,41.31,40.93,40.53,39.91,38.88,39.87,41.92,45.19,41.05,39.91,45.44,46.3,47.02,45.4,48.43,47.07,47.47,45.25,47.27,46.02,42.93,42.52,42.18,41.31,39.93,41.08,43.56,49.6,45.06,44.31,48.81,49.86,51.03,51.98,52.56,51.14,51.24,49.58,51.12,50.64,49.5,49.92,49.98,49.41,48.18,48.28,49.47,48.86,50.8,54.22,50.97,51.99,54.01,56.6,56.92,59.52,58.62,57.13,57.48,57.73,57.35,58.28,58.43,58.84,59.58,59.43,58.69,58.37,58.58,58.27,59.17,56.88,54.73,55.44,56.89,58.59,58.61,61.11,59.77,58.6,58.86,58.91,58.87,59.72,59.99,60.3,61.03,60.87,60.19,59.94,60.03,59.63,60.46,55.62,54.46,54.73,54.74,55.04,54.89,56.39,55.31,53.65,54.02,53.16,54.25,54.63,55.4,55.74,56.34,56.23,55.61,55.25,55.34,54.44,55.5,51.66,49.61,49.13,51.5,50.09,50.03,48.28,50.71,49.51,48.48,47.11,48.4,46.54,45.15,44.62,44.05,43.42,42.23,43.55,45.75,47.0,42.47,41.76,47.53,47.74,48.94,48.26,50.5,49.21,49.04,47.45,49.68,48.71,46.42,46.33,45.94,45.16,43.88,44.75,47.0,53.07,48.12,48.57,52.78,54.71,55.71,57.89,57.35,56.08,56.21,55.84,56.33,56.47,55.98,56.57,56.64,56.22,55.08,55.22,55.97,55.79,57.21,56.23,53.44,54.33,56.21,58.7,58.79,61.66,60.28,59.02,59.35,59.78,59.3,60.24,60.15,60.52,61.48,61.33,60.63,60.14,60.23,60.03,60.96,57.79,55.98,56.29,57.6,58.37,58.44,60.7,59.31,58.13,58.39,58.07,58.43,59.2,59.65,59.95,60.77,60.71,60.07,59.65,59.64,59.13,60.14,52.89,51.01,51.33,52.14,52.95,53.2,53.95,53.46,51.71,51.82,50.73,52.01,52.25,52.82,53.23,53.67,53.4,52.76,52.45,52.62,51.8,53.09,43.8,42.2,41.16,43.2,42.71,42.94,40.61,43.73,41.72,42.08,39.89,41.32,39.84,37.58,36.92,36.76,36.05,35.15,36.15,37.94,47.43,42.38,41.35,47.63,48.73,49.97,49.34,51.22,50.15,50.14,48.28,50.35,49.63,47.06,46.82,46.43,45.59,44.06,45.15,47.55,50.64,45.93,45.73,49.96,51.33,52.37,54.02,53.78,52.2,52.47,51.56,52.69,52.53,51.94,52.68,52.72,52.32,51.26,51.21,52.03,51.82,53.39,54.9,51.95,52.86,54.78,56.9,57.14,59.8,58.42,57.13,57.55,57.61,57.4,58.39,58.49,58.99,59.93,59.82,59.14,58.61,58.6,58.39,59.37,58.77,57.15,57.29,58.29,59.49,59.21,61.71,60.25,59.27,59.53,59.23,59.56,60.32,60.73,61.15,61.8,61.75,61.02,60.75,60.81,60.37,61.27,57.19,55.1,55.07,55.62,56.85,56.8,57.96,57.35,55.64,56.19,54.75,55.85,55.81,56.37,56.48,57.09,56.88,55.84,55.65,56.03,55.26,56.86],
  "contact_probs": [[1.0,0.55,0.31,0.07,0.01,0.0,0.01,0.01,0.01,0.0,0.01,0.05,0.09,0.23,0.37,0.11,0.02,0.01,0.03,0.04,0.05,0.04,0.05,0.11],[0.55,1.0,0.72,0.12,0.01,0.0,0.0,0.0,0.01,0.01,0.02,0.07,0.09,0.21,0.37,0.17,0.02,0.01,0.02,0.02,0.05,0.06,0.14,0.23],[0.31,0.72,1.0,0.98,0.13,0.01,0.0,0.0,0.02,0.05,0.08,0.09,0.07,0.15,0.18,0.38,0.09,0.01,0.01,0.01,0.1,0.24,0.28,0.22],[0.07,0.12,0.98,1.0,0.99,0.21,0.01,0.02,0.15,0.25,0.28,0.18,0.03,0.08,0.2,0.21,0.28,0.1,0.01,0.02,0.14,0.29,0.29,0.17],[0.01,0.01,0.13,0.99,1.0,0.97,0.16,0.26,0.38,0.48,0.4,0.19,0.01,0.02,0.04,0.14,0.13,0.19,0.03,0.05,0.1,0.14,0.14,0.12],[0.0,0.0,0.01,0.21,0.97,1.0,0.53,0.6,0.5,0.52,0.32,0.09,0.01,0.01,0.01,0.05,0.13,0.14,0.13,0.15,0.1,0.09,0.09,0.06],[0.01,0.0,0.0,0.01,0.16,0.53,1.0,0.51,0.18,0.09,0.02,0.01,0.01,0.0,0.0,0.0,0.02,0.12,0.12,0.14,0.05,0.01,0.01,0.01],[0.01,0.0,0.0,0.02,0.26,0.6,0.51,1.0,0.76,0.23,0.04,0.01,0.0,0.0,0.0,0.01,0.05,0.19,0.16,0.31,0.16,0.06,0.02,0.02],[0.01,0.01,0.02,0.15,0.38,0.5,0.18,0.76,1.0,0.96,0.15,0.01,0.0,0.01,0.02,0.11,0.17,0.2,0.11,0.27,0.22,0.41,0.18,0.02],[0.0,0.01,0.05,0.25,0.48,0.52,0.09,0.23,0.96,1.0,0.97,0.21,0.02,0.04,0.14,0.3,0.26,0.17,0.03,0.07,0.14,0.26,0.51,0.19],[0.01,0.02,0.08,0.28,0.4,0.32,0.02,0.04,0.15,0.97,1.0,0.97,0.17,0.33,0.42,0.48,0.26,0.11,0.01,0.01,0.04,0.13,0.17,0.29],[0.05,0.07,0.09,0.18,0.19,0.09,0.01,0.01,0.01,0.21,0.97,1.0,0.55,0.64,0.51,0.37,0.16,0.03,0.0,0.0,0.02,0.05,0.12,0.12],[0.09,0.09,0.07,0.03,0.01,0.01,0.01,0.0,0.0,0.02,0.17,0.55,1.0,0.44,0.17,0.07,0.01,0.0,0.0,0.0,0.0,0.01,0.04,0.12],[0.23,0.21,0.15,0.08,0.02,0.01,0.0,0.0,0.01,0.04,0.33,0.64,0.44,1.0,0.73,0.17,0.02,0.0,0.0,0.0,0.01,0.02,0.1,0.26],[0.37,0.37,0.18,0.2,0.04,0.01,0.0,0.0,0.02,0.14,0.42,0.51,0.17,0.73,1.0,0.98,0.13,0.01,0.0,0.0,0.04,0.17,0.28,0.23],[0.11,0.17,0.38,0.21,0.14,0.05,0.0,0.01,0.11,0.3,0.48,0.37,0.07,0.17,0.98,1.0,0.99,0.15,0.02,0.02,0.25,0.47,0.31,0.15],[0.02,0.02,0.09,0.28,0.13,0.13,0.02,0.05,0.17,0.26,0.26,0.16,0.01,0.02,0.13,0.99,1.0,0.99,0.19,0.34,0.56,0.46,0.18,0.11],[0.01,0.01,0.01,0.1,0.19,0.14,0.12,0.19,0.2,0.17,0.11,0.03,0.0,0.0,0.01,0.15,0.99,1.0,0.58,0.67,0.54,0.22,0.12,0.04],[0.03,0.02,0.01,0.01,0.03,0.13,0.12,0.16,0.11,0.03,0.01,0.0,0.0,0.0,0.0,0.02,0.19,0.58,1.0,0.46,0.17,0.05,0.01,0.0],[0.04,0.02,0.01,0.02,0.05,0.15,0.14,0.31,0.27,0.07,0.01,0.0,0.0,0.0,0.0,0.02,0.34,0.67,0.46,1.0,0.79,0.18,0.02,0.01],[0.05,0.05,0.1,0.14,0.1,0.1,0.05,0.16,0.22,0.14,0.04,0.02,0.0,0.01,0.04,0.25,0.56,0.54,0.17,0.79,1.0,0.97,0.11,0.01],[0.04,0.06,0.24,0.29,0.14,0.09,0.01,0.06,0.41,0.26,0.13,0.05,0.01,0.02,0.17,0.47,0.46,0.22,0.05,0.18,0.97,1.0,0.98,0.11],[0.05,0.14,0.28,0.29,0.14,0.09,0.01,0.02,0.18,0.51,0.17,0.12,0.04,0.1,0.28,0.31,0.18,0.12,0.01,0.02,0.11,0.98,1.0,0.97],[0.11,0.23,0.22,0.17,0.12,0.06,0.01,0.02,0.02,0.19,0.29,0.12,0.12,0.26,0.23,0.15,0.11,0.04,0.0,0.01,0.01,0.11,0.97,1.0]],
  "pae": [[1.5,6.9,8.3,12.6,15.5,17.4,19.5,20.1,18.8,17.0,15.0,13.6,14.0,11.7,12.1,13.0,15.3,17.8,20.7,20.3,19.0,18.1,15.7,16.6],[6.6,1.4,5.9,7.9,12.3,13.9,17.4,16.8,16.5,15.8,13.2,13.1,14.6,9.5,10.7,10.5,14.1,15.0,18.7,17.9,16.3,15.8,14.0,14.9],[8.9,5.7,1.1,4.7,6.9,8.7,13.0,13.1,12.3,11.8,10.2,10.3,12.8,10.6,10.1,8.1,9.5,10.7,14.9,13.9,13.1,12.0,11.0,11.6],[12.2,7.2,3.8,1.0,3.4,5.4,10.2,10.0,8.8,8.2,7.8,9.4,12.9,11.2,8.9,6.2,6.8,8.1,12.0,10.7,10.5,8.2,8.1,9.1],[13.4,9.6,4.9,3.6,1.0,3.6,10.6,10.0,8.1,7.3,7.6,9.9,14.3,12.4,9.4,7.0,6.1,7.9,12.8,10.2,9.9,8.5,8.1,10.2],[14.7,12.3,7.1,5.3,4.1,1.0,9.0,9.3,8.2,8.5,10.0,10.9,15.7,14.1,11.4,8.6,7.7,8.4,12.9,10.5,10.5,9.0,9.2,11.9],[20.3,18.7,17.1,14.1,12.2,10.3,1.4,12.3,10.9,14.2,15.4,16.3,18.7,19.5,18.4,16.6,15.0,15.2,11.7,15.9,15.4,15.5,15.8,18.0],[18.8,18.9,17.3,14.1,12.2,10.0,9.8,1.5,7.9,9.4,12.8,15.7,17.7,17.9,16.3,14.7,13.0,10.7,15.2,10.8,11.2,11.4,13.2,16.1],[18.5,17.9,15.3,12.9,11.2,9.1,8.5,7.2,1.1,5.1,8.3,10.1,15.0,15.1,14.2,12.3,11.5,10.4,13.8,10.7,10.3,9.4,9.2,11.4],[16.6,15.3,11.7,10.4,9.5,8.6,10.5,7.6,4.0,1.0,4.5,7.3,12.3,12.1,11.1,10.3,9.2,9.8,12.5,10.7,9.8,8.1,8.8,9.4],[15.1,13.1,10.4,8.8,8.1,10.5,12.1,10.3,6.0,4.7,1.0,3.6,9.8,10.2,9.0,7.9,8.4,10.2,13.6,11.6,9.8,8.2,7.0,7.9],[15.0,12.7,11.2,10.4,9.8,12.4,14.7,12.7,8.4,7.3,4.7,1.0,8.6,8.3,8.4,8.9,10.1,12.5,15.6,13.8,11.9,9.6,7.7,8.5],[16.7,16.2,14.2,14.4,16.3,17.9,19.1,18.3,16.5,15.3,11.7,9.0,1.3,7.6,8.8,12.0,14.8,17.1,20.1,18.4,16.6,15.7,12.1,12.8],[16.2,11.8,12.0,13.1,15.4,16.3,17.8,17.2,16.0,14.7,12.1,10.8,7.4,1.3,8.5,9.0,13.0,15.2,18.3,16.7,15.7,14.7,13.5,12.6],[14.1,12.2,10.0,8.8,9.4,11.0,13.9,12.8,11.8,11.4,10.3,8.9,8.8,5.2,1.0,3.8,6.6,8.6,13.4,13.1,11.9,10.5,9.0,10.0],[13.1,12.2,8.0,7.0,7.7,8.7,11.8,10.6,9.7,8.7,8.7,8.4,10.9,6.7,3.6,1.0,3.4,5.7,11.3,10.4,9.2,8.1,7.6,9.2],[14.3,12.2,9.1,7.5,7.1,8.3,11.3,9.8,8.5,7.8,8.0,8.9,12.0,10.0,5.6,4.2,1.0,4.2,11.7,9.8,7.1,7.0,7.5,9.5],[15.1,14.3,11.0,9.6,9.7,9.1,11.8,11.3,10.7,10.0,10.7,12.3,13.8,12.9,7.9,6.6,5.2,1.1,11.5,8.6,8.8,9.0,9.7,12.0],[21.2,20.0,18.3,15.5,15.5,13.6,12.2,14.3,14.7,15.0,18.2,20.1,20.5,20.6,18.3,15.2,13.3,11.4,1.4,13.4,12.4,15.0,16.9,18.9],[18.5,18.1,15.3,12.6,11.9,11.4,13.9,10.5,11.4,11.7,14.3,15.4,16.9,17.6,15.4,14.1,11.7,8.8,10.0,1.3,7.7,7.6,12.3,13.6],[18.2,17.7,13.4,10.5,9.5,9.7,12.5,10.4,9.2,8.1,8.3,11.2,15.3,15.3,13.8,10.9,8.2,7.8,10.5,5.9,1.1,3.7,6.8,8.5],[15.4,14.7,11.6,9.2,7.5,8.1,11.3,10.0,8.1,6.9,7.4,8.0,12.6,11.9,9.9,9.1,7.8,7.9,12.2,6.7,3.5,1.0,3.2,5.7],[15.9,14.8,11.1,8.9,8.0,8.6,11.9,10.5,8.2,6.6,6.6,8.6,11.9,11.7,9.0,7.6,7.5,8.1,12.8,8.3,5.2,3.4,1.0,3.9],[15.6,14.0,11.4,9.7,9.5,10.1,14.2,13.0,10.5,8.3,7.2,8.1,12.5,11.5,8.7,8.8,8.7,10.9,14.6,10.9,7.5,4.9,3.7,1.2]],
  "token_chain_ids": ["A","A","A","A","A","A","A","A","A","A","A","A","A","A","A","A","A","A","A","A","A","A","A","A"],
  "token_res_ids": [1,2,3,4,5,6,7,8,9,10,11,12,13,14,15,16,17,18,19,20,21,22,23,24]
}