{
  "atom_chain_ids": ["A","A","A","A","A","A","A","A","A","A","A","A","A","A","A","A","A","A","A","A","A","A","A","A","A","A","A","A","A","A","A","A","A","A","A","A","A","A","A","A","A","A","A","A","A","A","A","A","A","A","A","A","A","A","A","A","A","A","A","A","A","A","A","A","A","A","A","A","A","A","A","A","A","A","A","A","A","A","A","A","A","A","A","A","A","A","A","A","A","A","A","A","A","A","A","A","A","A","A","A","A","A","A","A","A","A","A","A","A","A","A","A","A","A","A","A","A","A","A","A","A","A","A","A","A","A","A","A","A","A","A","A","A","A","A","A","A","A","A","A","A","A","A","A","A","A","A","A","A","A","A","A","A","A","A","A","A","A","A","A","A","A","A","A","A","A","A","A","A","A","A","A","A","A","A","A","A","A","A","A","A","A","A","A","A","A","A","A","A","A","A","A","A","A","A","A","A","A","A","A","A","A","A","A","A","A","A","A","A","A","A","A","A","A","A","A","A","A","A","A","A","A","A","A","A","A","A","A","A","A","A","A","A","A","A","A","A","A","A","A","A","A","A","A","A","A","A","A","A","A","A","A","A","A","A","A","A","A","A","A","A","A","A","A","A","A","A","A","A","A","A","A","A","A","A","A","A","A","A","A","A","A","A","A","A","A","A","A","A","A","A","A","A","A","A","A","A","A","A","A","A","A","A","A","A","A","A","A","A","A","A","A","A","A","A","A","A","A","A","A","A","A","A","A","A","A","A","A","A","A","A","A","A","A","A","A","A","A","A","A","A","A","A","A","A","A","A","A","A","A","A","A","A","A","A","A","A","A","A","A","A","A","A","A","A","A","A","A","A","A","A","A","A","A","A","A","A","A","A","A","A","A","A","A","A","A","A","A","A","A","A","A","A","A","A","A","A","A","A","A","A","A","A","A","A","A","A","A","A","A","A","A","A","A","A","A","A","A","A","A","A","A","A","A","A","A","A","A","A","A","A","A","A","A","A","A","A","A","A","A","A","A","A","A","A","A","A","A","A","A","A","A","A","A","A","A","A","A","A","A","A","A","A","A","A","A","A","A","A","A","A","A","A","A","A","A","A","A","A","A","A","A","A","A","A","A","A","A","A","A","A","A","A","A","A","A","A","A","A","A","A","A","A","A","A","A","A","A","A","A","A","A","A"],
  "atom_plddts": [41.54,42.14,37.44,35.78,43.23,42.79,43.41,42.45,46.17,45.74,44.67,43.96,45.06,43.5,41.91,41.6,41.45,40.74,39.81,40.72,43.2,43.23,38.06,36.61,44.08,44.19,45.38,43.76,48.69,47.25,46.95,45.12,46.74,45.12,41.93,41.46,41.08,40.15,38.71,40.25,43.06,54.57,49.48,49.75,54.47,55.99,56.59,58.98,58.75,57.43,58.07,56.61,57.32,57.32,56.71,57.2,57.69,57.3,55.91,55.99,56.68,56.15,58.06,57.72,55.12,55.95,57.93,59.24,59.31,62.28,60.7,59.53,60.11,60.24,59.91,60.73,60.8,61.28,62.2,62.11,61.35,60.92,61.0,60.53,61.64,57.37,55.62,56.22,57.51,58.22,58.27,60.74,59.22,58.18,58.2,58.4,58.38,59.21,59.54,59.99,60.77,60.73,60.15,59.72,59.76,59.21,60.07,56.21,54.51,54.67,55.45,56.01,55.82,56.9,56.53,54.68,54.98,53.9,54.81,55.0,55.58,56.01,56.49,56.38,55.54,55.31,55.6,54.56,55.71,51.77,49.58,49.05,51.76,50.9,50.66,47.7,50.69,49.73,49.11,46.91,48.67,46.83,44.66,44.13,43.36,42.64,41.22,42.77,45.46,47.67,42.44,41.39,48.45,49.43,50.37,49.48,52.35,51.32,51.28,49.31,51.08,50.05,46.78,46.28,45.85,44.98,43.24,44.77,47.55,53.52,48.42,47.72,52.8,53.68,54.7,56.37,56.84,55.44,55.77,54.48,55.51,55.19,54.52,54.96,55.02,54.55,53.02,53.5,54.72,53.88,55.87,55.75,52.32,53.27,55.67,57.6,57.98,60.69,59.92,58.5,58.97,59.22,58.81,59.78,59.98,60.5,61.38,61.38,60.58,60.17,60.26,59.88,60.87,57.55,55.34,56.06,57.73,58.93,59.12,61.63,60.35,59.26,59.48,59.48,59.41,60.26,60.46,60.85,61.72,61.64,60.94,60.53,60.56,60.08,61.02,55.96,54.19,54.61,55.4,55.28,55.21,56.71,55.99,54.28,54.7,53.77,54.73,55.1,56.01,56.52,57.24,57.25,56.51,56.01,55.96,54.91,56.13,50.46,48.33,47.84,50.58,49.14,48.97,46.58,49.81,48.62,47.41,45.88,46.75,44.47,42.59,41.83,41.2,40.55,39.33,40.91,43.33,49.0,43.6,42.9,49.8,49.97,51.25,51.02,53.36,52.24,51.94,50.32,52.41,51.39,48.81,48.45,48.06,47.26,45.61,46.91,49.41,53.92,48.53,49.08,53.92,56.04,57.09,59.66,59.35,58.11,58.58,58.34,58.46,58.65,58.05,58.77,58.93,58.53,57.36,57.5,58.2,58.09,59.55,58.27,55.48,56.12,58.41,60.37,60.45,63.38,62.0,60.9,61.45,61.99,61.42,62.36,62.29,62.81,63.79,63.73,63.06,62.5,62.55,62.38,63.26,58.63,56.73,57.04,58.63,59.34,59.45,61.86,60.34,59.3,59.64,59.64,59.7,60.51,60.94,61.4,62.18,62.15,61.59,61.09,61.07,60.67,61.57,55.58,53.41,53.67,55.06,55.49,55.65,56.74,56.44,54.72,54.92,53.77,54.76,55.01,55.8,56.27,56.89,56.76,55.94,55.55,55.63,54.61,56.05,51.56,49.35,49.34,51.77,50.57,50.77,48.18,51.22,49.76,48.69,46.97,48.74,47.03,45.13,44.77,44.12,43.49,42.22,43.54,45.94,49.34,44.36,43.82,49.81,50.73,51.66,50.94,53.19,52.23,51.9,49.66,51.66,50.56,47.84,47.26,46.89,45.96,44.23,45.68,48.22,54.33,49.52,49.33,53.67,54.44,55.2,57.37,57.17,55.65,56.18,55.05,56.14,55.88,55.5,56.02,56.25,55.82,54.43,54.7,55.45,54.89,56.97,55.29,52.03,53.1,55.52,57.63,58.08,60.89,59.61,58.44,58.93,59.09,58.68,59.76,59.8,60.43,61.48,61.45,60.69,60.06,59.96,59.72,60.82,55.85,54.0,54.7,55.7,56.75,56.79,59.25,57.75,56.78,56.84,56.89,57.08,57.96,58.29,58.97,59.67,59.68,59.1,58.55,58.52,58.17,59.01,53.64,51.34,51.81,52.47,53.66,53.85,54.34,53.96,52.2,52.63,51.31,52.32,52.24,52.75,52.98,53.59,53.46,52.56,52.16,52.46,51.74,53.29],
  "contact_probs": [[1.0,0.55,0.31,0.07,0.01,0.0,0.01,0.01,0.01,0.0,0.01,0.05,0.09,0.23,0.37,0.11,0.02,0.01,0.03,0.04,0.05,0.04,0.05,0.11],[0.55,1.0,0.72,0.12,0.01,0.0,0.0,0.0,0.01,0.01,0.02,0.07,0.09,0.21,0.37,0.17,0.02,0.01,0.02,0.02,0.05,0.06,0.14,0.23],[0.31,0.72,1.0,0.98,0.13,0.01,0.0,0.0,0.02,0.05,0.08,0.09,0.07,0.15,0.18,0.38,0.09,0.01,0.01,0.01,0.1,0.24,0.28,0.22],[0.07,0.12,0.98,1.0,0.99,0.21,0.01,0.02,0.15,0.25,0.28,0.18,0.03,0.08,0.2,0.21,0.28,0.1,0.01,0.02,0.14,0.29,0.29,0.17],[0.01,0.01,0.13,0.99,1.0,0.97,0.16,0.26,0.38,0.48,0.4,0.19,0.01,0.02,0.04,0.14,0.13,0.19,0.03,0.05,0.1,0.14,0.14,0.12],[0.0,0.0,0.01,0.21,0.97,1.0,0.53,0.6,0.5,0.52,0.32,0.09,0.01,0.01,0.01,0.05,0.13,0.14,0.13,0.15,0.1,0.09,0.09,0.06],[0.01,0.0,0.0,0.01,0.16,0.53,1.0,0.51,0.18,0.09,0.02,0.01,0.01,0.0,0.0,0.0,0.02,0.12,0.12,0.14,0.05,0.01,0.01,0.01],[0.01,0.0,0.0,0.02,0.26,0.6,0.51,1.0,0.76,0.23,0.04,0.01,0.0,0.0,0.0,0.01,0.05,0.19,0.16,0.31,0.16,0.06,0.02,0.02],[0.01,0.01,0.02,0.15,0.38,0.5,0.18,0.76,1.0,0.96,0.15,0.01,0.0,0.01,0.02,0.11,0.17,0.2,0.11,0.27,0.22,0.41,0.18,0.02],[0.0,0.01,0.05,0.25,0.48,0.52,0.09,0.23,0.96,1.0,0.97,0.21,0.02,0.04,0.14,0.3,0.26,0.17,0.03,0.07,0.14,0.26,0.51,0.19],[0.01,0.02,0.08,0.28,0.4,0.32,0.02,0.04,0.15,0.97,1.0,0.97,0.17,0.33,0.42,0.48,0.26,0.11,0.01,0.01,0.04,0.13,0.17,0.29],[0.05,0.07,0.09,0.18,0.19,0.09,0.01,0.01,0.01,0.21,0.97,1.0,0.55,0.64,0.51,0.37,0.16,0.03,0.0,0.0,0.02,0.05,0.12,0.12],[0.09,0.09,0.07,0.03,0.01,0.01,0.01,0.0,0.0,0.02,0.17,0.55,1.0,0.44,0.17,0.07,0.01,0.0,0.0,0.0,0.0,0.01,0.04,0.12],[0.23,0.21,0.15,0.08,0.02,0.01,0.0,0.0,0.01,0.04,0.33,0.64,0.44,1.0,0.73,0.17,0.02,0.0,0.0,0.0,0.01,0.02,0.1,0.26],[0.37,0.37,0.18,0.2,0.04,0.01,0.0,0.0,0.02,0.14,0.42,0.51,0.17,0.73,1.0,0.98,0.13,0.01,0.0,0.0,0.04,0.17,0.28,0.23],[0.11,0.17,0.38,0.21,0.14,0.05,0.0,0.01,0.11,0.3,0.48,0.37,0.07,0.17,0.98,1.0,0.99,0.15,0.02,0.02,0.25,0.47,0.31,0.15],[0.02,0.02,0.09,0.28,0.13,0.13,0.02,0.05,0.17,0.26,0.26,0.16,0.01,0.02,0.13,0.99,1.0,0.99,0.19,0.34,0.56,0.46,0.18,0.11],[0.01,0.01,0.01,0.1,0.19,0.14,0.12,0.19,0.2,0.17,0.11,0.03,0.0,0.0,0.01,0.15,0.99,1.0,0.58,0.67,0.54,0.22,0.12,0.04],[0.03,0.02,0.01,0.01,0.03,0.13,0.12,0.16,0.11,0.03,0.01,0.0,0.0,0.0,0.0,0.02,0.19,0.58,1.0,0.46,0.17,0.05,0.01,0.0],[0.04,0.02,0.01,0.02,0.05,0.15,0.14,0.31,0.27,0.07,0.01,0.0,0.0,0.0,0.0,0.02,0.34,0.67,0.46,1.0,0.79,0.18,0.02,0.01],[0.05,0.05,0.1,0.14,0.1,0.1,0.05,0.16,0.22,0.14,0.04,0.02,0.0,0.01,0.04,0.25,0.56,0.54,0.17,0.79,1.0,0.97,0.11,0.01],[0.04,0.06,0.24,0.29,0.14,0.09,0.01,0.06,0.41,0.26,0.13,0.05,0.01,0.02,0.17,0.47,0.46,0.22,0.05,0.18,0.97,1.0,0.98,0.11],[0.05,0.14,0.28,0.29,0.14,0.09,0.01,0.02,0.18,0.51,0.17,0.12,0.04,0.1,0.28,0.31,0.18,0.12,0.01,0.02,0.11,0.98,1.0,0.97],[0.11,0.23,0.22,0.17,0.12,0.06,0.01,0.02,0.02,0.19,0.29,0.12,0.12,0.26,0.23,0.15,0.11,0.04,0.0,0.01,0.01,0.11,0.97,1.0]],
  "pae": [[1.7,8.4,10.4,12.1,14.9,16.2,18.3,17.6,15.2,14.6,13.3,13.4,16.5,9.7,10.8,10.6,12.7,14.4,17.7,17.4,15.7,13.9,12.7,11.1],[8.3,1.8,9.7,11.7,16.0,17.4,18.2,17.5,17.6,17.1,15.7,16.1,17.4,14.1,11.6,12.5,13.7,14.8,16.7,17.2,16.2,14.0,12.9,12.1],[10.0,8.8,1.2,4.2,6.4,8.2,11.3,12.2,10.3,9.0,8.3,10.0,13.2,11.0,8.5,7.4,8.2,10.3,12.7,11.7,10.9,8.0,7.6,9.8],[10.7,7.9,3.0,0.9,3.1,5.1,9.0,10.0,8.2,6.9,6.8,8.4,11.9,9.9,7.4,5.8,6.9,8.3,11.1,9.7,8.3,6.3,6.5,8.3],[12.1,12.0,4.6,3.4,0.9,3.0,8.4,7.9,6.6,6.0,6.7,8.7,13.4,10.6,7.5,7.0,6.0,8.1,11.1,9.3,7.8,6.6,7.1,9.8],[12.3,13.4,8.4,5.5,3.6,1.0,7.1,7.3,7.4,7.7,9.9,10.7,14.8,12.8,9.4,8.9,9.4,10.3,13.8,10.4,9.2,7.9,9.7,12.1],[19.0,19.4,15.5,14.0,10.3,8.3,1.5,11.0,9.7,11.9,14.1,15.8,19.3,19.2,17.7,15.9,15.6,16.0,19.5,16.6,16.2,16.0,16.4,18.9],[15.8,17.0,14.4,13.1,10.6,8.1,9.7,1.4,7.6,7.8,12.3,14.1,16.1,15.3,14.6,12.6,11.6,11.8,16.3,9.7,11.1,11.0,13.5,15.7],[13.9,15.3,11.3,10.6,8.2,7.6,9.0,5.5,1.1,2.9,6.6,7.6,13.0,12.3,10.9,9.9,8.9,9.2,12.4,8.5,8.6,8.8,10.2,12.7],[12.8,13.8,9.4,8.2,6.5,7.1,10.2,6.1,4.1,1.0,3.5,5.7,10.6,9.8,8.6,7.6,7.5,8.0,11.5,9.1,8.1,7.2,9.3,11.3],[12.1,13.2,8.6,7.4,6.5,8.1,11.0,9.1,5.2,3.9,0.9,3.3,10.0,8.4,7.1,7.0,7.6,9.3,11.9,10.2,8.7,7.6,8.4,10.4],[12.8,14.0,11.0,10.4,9.1,11.4,12.5,11.9,8.2,5.9,4.2,1.0,7.1,7.6,7.6,9.0,12.0,12.9,14.9,12.5,12.2,11.2,11.0,11.5],[15.6,18.3,16.0,16.3,16.6,16.7,18.1,19.0,17.2,15.5,12.0,9.1,1.5,10.3,10.9,14.5,17.6,17.5,19.6,19.5,18.4,19.0,17.6,17.4],[13.0,15.2,12.2,12.3,13.8,15.7,16.4,16.2,14.9,13.8,11.3,7.8,7.8,1.4,7.8,8.0,12.4,14.3,16.4,15.7,15.5,14.4,14.1,12.8],[10.9,12.1,7.8,7.3,8.2,10.0,11.7,11.5,9.2,8.3,6.9,6.8,8.7,5.0,1.0,3.0,5.5,6.8,10.0,10.5,10.3,9.1,9.0,9.4],[10.8,11.5,7.0,6.1,6.9,8.1,10.5,9.5,7.5,6.4,6.5,6.7,10.3,6.1,2.8,0.9,2.9,5.0,8.9,8.7,8.2,6.9,7.2,8.7],[10.6,11.5,7.1,6.8,5.8,7.6,10.4,8.5,7.2,6.2,6.8,8.4,11.7,8.8,4.7,3.5,0.9,3.1,7.4,7.3,6.7,6.4,6.8,8.7],[11.6,13.3,9.7,8.9,8.9,9.3,12.9,9.5,9.0,8.5,9.2,11.5,13.7,11.0,6.3,5.1,3.3,1.0,5.6,7.2,7.4,8.0,9.4,12.3],[15.9,17.7,14.9,14.9,13.5,14.4,17.4,13.3,13.9,13.0,13.2,16.0,18.7,17.1,12.9,11.4,8.2,7.9,1.4,11.2,9.0,10.0,10.9,15.2],[15.0,16.6,12.9,12.5,11.3,11.7,15.1,8.1,9.8,11.0,13.3,14.6,16.7,15.6,14.1,12.7,10.2,7.7,8.6,1.4,6.2,7.7,11.2,13.9],[13.5,14.6,10.0,8.5,9.0,8.4,12.4,8.1,8.8,8.9,10.6,11.6,15.1,13.6,12.0,10.2,8.6,7.5,7.5,5.5,1.1,3.8,6.9,8.1],[10.8,11.9,7.3,6.2,6.4,7.4,10.9,8.9,8.7,6.6,7.2,8.4,12.6,10.7,9.2,7.8,7.1,7.3,10.0,6.1,3.5,0.9,3.2,5.6],[10.8,12.0,6.3,6.9,7.7,9.2,12.2,9.7,9.3,8.8,7.9,9.5,13.0,10.9,8.9,7.4,7.6,8.2,10.9,8.4,5.1,4.1,1.0,5.0],[11.4,11.1,7.3,8.0,10.0,11.5,13.9,12.5,11.4,10.0,10.1,10.2,14.6,11.4,9.1,7.8,8.2,9.4,12.3,10.5,8.0,5.1,4.0,1.1]],
  "token_chain_ids": ["A","A","A","A","A","A","A","A","A","A","A","A","A","A","A","A","A","A","A","A","A","A","A","A"],
  "token_res_ids": [1,2,3,4,5,6,7,8,9,10,11,12,13,14,15,16,17,18,19,20,21,22,23,24]
}