{
  "atom_chain_ids": ["A","A","A","A","A","A","A","A","A","A","A","A","A","A","A","A","A","A","A","A","A","A","A","A","A","A","A","A","A","A","A","A","A","A","A","A","A","A","A","A","A","A","A","A","A","A","A","A","A","A","A","A","A","A","A","A","A","A","A","A","A","A","A","A","A","A","A","A","A","A","A","A","A","A","A","A","A","A","A","A","A","A","A","A","A","A","A","A","A","A","A","A","A","A","A","A","A","A","A","A","A","A","A","A","A","A","A","A","A","A","A","A","A","A","A","A","A","A","A","A","A","A","A","A","A","A","A","A","A","A","A","A","A","A","A","A","A","A","A","A","A","A","A","A","A","A","A","A","A","A","A","A","A","A","A","A","A","A","A","A","A","A","A","A","A","A","A","A","A","A","A","A","A","A","A","A","A","A","A","A","A","A","A","A","A","A","A","A","A","A","A","A","A","A","A","A","A","A","A","A","A","A","A","A","A","A","A","A","A","A","A","A","A","A","A","A","A","A","A","A","A","A","A","A","A","A","A","A","A","A","A","A","A","A","A","A","A","A","A","A","A","A","A","A","A","A","A","A","A","A","A","A","A","A","A","A","A","A","A","A","A","A","A","A","A","A","A","A","A","A","A","A","A","A","A","A","A","A","A","A","A","A","A","A","A","A","A","A","A","A","A","A","A","A","A","A","A","A","A","A","A","A","A","A","A","A","A","A","A","A","A","A","A","A","A","A","A","A","A","A","A","A","A","A","A","A","A","A","A","A","A","A","A","A","A","A","A","A","A","A","A","A","A","A","A","A","A","A","A","A","A","A","A","A","A","A","A","A","A","A","A","A","A","A","A","A","A"],
  "atom_plddts": [54.79,57.21,51.02,50.94,56.8,59.99,62.63,64.8,65.76,64.58,65.03,63.83,64.37,63.44,61.66,61.94,61.93,60.75,59.15,59.8,61.29,61.58,64.44,57.75,54.6,55.21,58.99,58.02,59.91,58.11,60.27,59.45,57.27,56.98,57.89,55.62,52.61,52.13,50.96,49.88,48.52,50.34,53.13,62.99,58.91,59.79,64.61,63.53,66.67,69.73,69.0,69.01,68.55,69.26,69.25,69.48,68.34,68.74,69.12,68.75,68.26,68.31,66.72,63.77,64.62,68.18,66.67,70.25,72.38,71.74,70.95,70.59,70.81,71.71,71.76,70.6,70.82,71.34,70.91,70.49,70.38,65.1,62.81,63.1,65.57,64.69,67.19,69.48,68.23,67.88,67.47,67.59,67.86,68.02,67.61,67.75,68.16,67.88,67.3,67.37,60.3,57.56,58.13,60.33,58.7,59.55,60.77,60.36,59.8,58.02,57.99,59.67,58.97,57.74,57.88,57.54,56.82,55.51,56.28,57.62,54.49,51.65,51.18,54.5,54.56,55.57,56.45,56.71,55.98,54.61,54.14,55.04,53.52,51.73,52.52,51.28,49.89,48.96,49.88,51.79,50.01,52.97,50.89,47.32,46.66,51.25,51.33,52.77,51.84,54.12,53.52,52.31,52.23,52.38,50.59,47.29,46.95,45.59,44.5,43.45,45.34,48.2,52.31,48.74,48.49,53.36,53.79,55.61,54.64,56.48,56.21,54.14,54.59,55.12,53.73,50.92,50.9,49.92,48.96,47.77,49.22,51.8,53.51,49.62,50.04,54.39,54.7,56.94,59.42,58.9,58.62,56.74,58.24,57.64,56.89,55.18,54.96,54.66,54.04,52.77,54.1,60.35,56.4,57.2,61.62,61.92,65.01,68.3,67.69,67.62,67.46,67.52,67.56,67.83,66.69,67.98,67.99,67.01,66.47,66.54,67.01,67.29,68.3,66.77,64.37,65.25,67.53,66.52,70.03,71.78,71.53,70.83,70.98,70.43,71.66,71.79,70.58,71.68,71.67,70.62,70.33,70.16,70.49,70.64,71.64,67.6,65.11,65.21,68.04,68.33,71.02,72.73,72.68,71.76,71.91,71.67,72.7,73.0,71.69,72.65,72.92,72.01,71.61,71.54,71.75,71.89,72.78,65.59,63.53,64.08,66.22,64.35,66.98,68.63,67.91,67.18,66.16,66.36,67.07,67.05,66.64,66.7,66.86,66.54,65.73,66.17,63.9,61.51,61.26,63.9,62.98,63.05,64.44,64.14,63.36,62.29,61.34,61.94,60.78,59.71,60.24,59.8,58.47,57.18,58.1,59.58,57.7,60.14,63.97,61.63,61.36,63.59,62.48,63.06,63.35,63.51,62.56,60.88,61.29,62.21,60.63,59.2,58.58,58.31,57.55,56.05,57.67,59.71,55.13,55.09,60.22,59.59,61.38,61.3,62.85,61.44,59.87,61.75,61.58,59.67,57.76,57.39,56.5,55.27,54.13,56.28,58.16,53.05,52.84,57.71,59.37,61.94,60.48,63.51,61.23,61.31,61.5,60.36,57.56,55.64,56.53,55.02,52.28,52.03,52.77,55.08,58.01],
  "contact_probs": [[1.0,0.31,0.96,0.24,0.0,0.0,0.0,0.0,0.0,0.0,0.01,0.07,0.59,0.94,0.52,0.19,0.05,0.02],[0.31,1.0,0.27,0.05,0.01,0.01,0.01,0.01,0.02,0.01,0.02,0.03,0.07,0.14,0.1,0.05,0.02,0.02],[0.96,0.27,1.0,0.99,0.11,0.0,0.0,0.0,0.0,0.0,0.02,0.28,0.99,0.82,0.19,0.03,0.01,0.0],[0.24,0.05,0.99,1.0,0.99,0.22,0.01,0.0,0.01,0.01,0.22,0.99,0.95,0.34,0.02,0.01,0.0,0.0],[0.0,0.01,0.11,0.99,1.0,0.97,0.43,0.05,0.07,0.28,0.99,0.95,0.56,0.01,0.0,0.0,0.0,0.0],[0.0,0.01,0.0,0.22,0.97,1.0,0.92,0.41,0.24,0.61,0.76,0.42,0.0,0.0,0.0,0.0,0.0,0.0],[0.0,0.01,0.0,0.01,0.43,0.92,1.0,0.84,0.29,0.52,0.48,0.06,0.0,0.0,0.0,0.0,0.0,0.0],[0.0,0.01,0.0,0.0,0.05,0.41,0.84,1.0,0.59,0.43,0.13,0.01,0.0,0.0,0.0,0.0,0.0,0.0],[0.0,0.02,0.0,0.01,0.07,0.24,0.29,0.59,1.0,0.53,0.17,0.02,0.0,0.0,0.0,0.0,0.0,0.0],[0.0,0.01,0.0,0.01,0.28,0.61,0.52,0.43,0.53,1.0,0.86,0.19,0.0,0.0,0.0,0.0,0.0,0.0],[0.01,0.02,0.02,0.22,0.99,0.76,0.48,0.13,0.17,0.86,1.0,1.0,0.09,0.0,0.0,0.0,0.0,0.0],[0.07,0.03,0.28,0.99,0.95,0.42,0.06,0.01,0.02,0.19,1.0,1.0,1.0,0.13,0.0,0.0,0.0,0.0],[0.59,0.07,0.99,0.95,0.56,0.0,0.0,0.0,0.0,0.0,0.09,1.0,1.0,0.98,0.16,0.01,0.0,0.0],[0.94,0.14,0.82,0.34,0.01,0.0,0.0,0.0,0.0,0.0,0.0,0.13,0.98,1.0,0.92,0.21,0.01,0.01],[0.52,0.1,0.19,0.02,0.0,0.0,0.0,0.0,0.0,0.0,0.0,0.0,0.16,0.92,1.0,0.91,0.18,0.04],[0.19,0.05,0.03,0.01,0.0,0.0,0.0,0.0,0.0,0.0,0.0,0.0,0.01,0.21,0.91,1.0,0.83,0.31],[0.05,0.02,0.01,0.0,0.0,0.0,0.0,0.0,0.0,0.0,0.0,0.0,0.0,0.01,0.18,0.83,1.0,0.86],[0.02,0.02,0.0,0.0,0.0,0.0,0.0,0.0,0.0,0.0,0.0,0.0,0.0,0.01,0.04,0.31,0.86,1.0]],
  "pae": [[1.2,4.8,4.4,6.0,8.5,9.2,10.4,12.2,11.2,10.6,8.8,7.2,6.2,5.6,8.3,9.1,11.2,12.3],[5.7,1.5,6.8,7.0,10.5,11.3,12.8,15.9,13.5,12.7,11.5,11.1,11.0,10.3,11.6,12.1,13.9,14.9],[4.0,5.6,1.1,2.6,4.9,6.1,7.3,9.6,9.3,7.3,5.6,4.6,3.7,4.6,6.4,7.8,9.1,10.7],[4.7,6.4,2.8,1.0,2.3,4.5,5.7,8.3,7.3,5.7,3.5,3.1,3.7,4.2,6.4,7.4,9.0,10.4],[5.4,7.4,4.2,3.1,1.0,3.5,5.0,7.2,7.2,5.5,3.7,3.7,3.9,5.1,7.2,8.5,10.0,11.7],[9.3,11.1,8.7,5.8,5.1,1.4,5.4,7.4,6.5,7.0,5.9,6.3,7.4,8.4,10.4,11.5,13.1,15.7],[11.9,13.3,10.1,8.0,6.4,5.5,1.4,5.8,6.8,6.8,7.3,8.5,10.6,11.5,13.1,13.8,15.4,16.9],[14.8,15.4,13.1,11.8,9.5,7.6,5.8,1.5,7.4,7.4,9.2,10.6,11.5,12.5,14.8,16.1,17.7,18.3],[13.7,14.4,11.4,10.0,9.4,7.1,5.8,6.5,1.7,5.6,6.1,8.7,10.6,11.8,13.5,13.6,16.2,18.0],[10.7,12.0,9.7,8.2,7.0,6.5,6.4,6.7,5.2,1.5,4.5,6.3,8.4,10.1,11.0,12.3,13.7,14.9],[6.0,8.3,5.5,4.3,3.9,5.2,5.8,6.6,5.4,3.5,1.0,2.5,3.7,5.0,6.9,7.9,9.7,10.4],[5.1,7.7,4.3,3.4,3.4,4.9,5.9,7.3,6.0,4.1,2.2,0.9,1.9,3.6,5.4,6.7,8.5,10.0],[4.8,7.0,3.4,3.0,3.2,5.2,6.4,8.1,6.7,4.7,3.1,2.0,1.0,2.8,4.8,5.7,7.8,8.6],[4.9,7.5,3.8,4.7,5.3,7.0,8.3,9.8,8.6,6.7,5.3,3.9,2.7,1.1,4.6,5.4,7.1,8.2],[6.2,10.2,6.2,7.1,7.4,9.5,10.9,12.5,11.3,9.8,8.4,5.9,4.7,4.4,1.2,4.8,5.9,7.7],[7.0,10.3,8.1,8.0,9.1,10.8,12.8,13.8,13.2,11.1,9.4,7.9,6.2,5.5,5.2,1.3,5.6,7.2],[9.6,13.0,10.8,10.9,12.1,13.9,16.1,17.1,16.1,14.9,12.9,12.0,10.4,8.2,6.7,5.1,1.6,5.9],[10.6,14.8,12.8,13.6,14.7,16.5,17.0,19.0,18.1,16.5,14.5,12.7,11.4,10.9,8.3,6.1,4.7,1.7]],
  "token_chain_ids": ["A","A","A","A","A","A","A","A","A","A","A","A","A","A","A","A","A","A"],
  "token_res_ids": [1,2,3,4,5,6,7,8,9,10,11,12,13,14,15,16,17,18]
}