{
  "atom_chain_ids": ["A","A","A","A","A","A","A","A","A","A","A","A","A","A","A","A","A","A","A","A","A","A","A","A","A","A","A","A","A","A","A","A","A","A","A","A","A","A","A","A","A","A","A","A","A","A","A","A","A","A","A","A","A","A","A","A","A","A","A","A","A","A","A","A","A","A","A","A","A","A","A","A","A","A","A","A","A","A","A","A","A","A","A","A","A","A","A","A","A","A","A","A","A","A","A","A","A","A","A","A","A","A","A","A","A","A","A","A","A","A","A","A","A","A","A","A","A","A","A","A","A","A","A","A","A","A","A","A","A","A","A","A","A","A","A","A","A","A","A","A","A","A","A","A","A","A","A","A","A","A","A","A","A","A","A","A","A","A","A","A","A","A","A","A","A","A","A","A","A","A","A","A","A","A","A","A","A","A","A","A","A","A","A","A","A","A","A","A","A","A","A","A","A","A","A","A","A","A","A","A","A","A","A","A","A","A","A","A","A","A","A","A","A","A","A","A","A","A","A","A","A","A","A","A","A","A","A","A","A","A","A","A","A","A","A","A","A","A","A","A","A","A","A","A","A","A","A","A","A","A","A","A","A","A","A","A","A","A","A","A","A","A","A","A","A","A","A","A","A","A","A","A","A","A","A","A","A","A","A","A","A","A","A","A","A","A","A","A","A","A","A","A","A","A","A","A","A","A","A","A","A","A","A","A","A","A","A","A","A","A","A","A","A","A","A","A","A","A","A","A","A","A","A","A","A","A","A","A","A","A","A","A","A","A","A","A","A","A","A","A","A","A","A","A","A","A","A","A","A","A","A","A","A","A","A","A","A","A","A","A","A","A","A","A","A","A","A"],
  "atom_plddts": [58.22,61.0,54.12,54.16,60.57,64.94,68.32,70.39,71.78,70.22,71.27,70.5,71.22,70.38,68.12,68.79,68.88,67.41,65.92,66.69,68.02,68.74,71.66,59.73,56.18,56.85,61.24,59.84,61.78,60.31,62.13,61.32,59.1,58.84,60.04,57.9,55.04,54.67,53.77,52.72,51.34,52.98,55.55,65.38,60.83,61.7,67.23,66.45,69.61,72.49,71.97,71.73,71.68,72.34,72.12,72.28,71.03,71.41,71.86,71.41,71.01,71.05,69.74,66.58,67.27,71.15,69.81,73.44,75.14,74.7,73.76,73.57,73.7,74.62,74.59,73.38,73.57,74.03,73.47,73.15,73.08,67.63,64.89,65.06,68.12,67.15,69.91,71.94,70.87,70.27,70.0,70.19,70.63,70.75,70.23,70.43,70.92,70.49,70.05,69.99,62.1,58.99,59.4,62.19,60.59,61.7,62.98,62.62,61.96,60.13,60.22,61.72,60.97,59.62,59.71,59.47,58.69,57.33,58.14,59.55,57.27,54.16,53.63,57.46,57.3,58.53,59.42,59.67,58.94,57.38,57.06,57.89,56.24,54.46,55.35,54.04,52.44,51.47,52.58,54.6,52.74,55.74,51.79,47.96,47.27,52.34,52.37,53.92,52.68,55.1,54.52,53.03,52.98,53.12,51.02,47.59,47.21,45.77,44.56,43.48,45.5,48.62,53.9,50.32,50.24,55.11,55.36,57.29,56.19,57.99,57.7,55.35,55.98,56.6,55.03,52.12,52.11,51.13,50.08,48.92,50.36,53.06,55.5,51.3,51.77,56.78,57.04,59.66,62.07,61.7,61.17,59.22,60.93,60.37,59.54,57.66,57.49,57.31,56.59,55.33,56.66,62.17,57.98,58.78,63.51,63.72,66.99,70.16,69.67,69.5,69.52,69.66,69.71,70.02,68.92,70.31,70.36,69.28,68.82,68.85,69.26,69.73,70.63,69.85,66.95,67.85,70.69,69.77,73.39,74.79,74.85,73.92,74.2,73.86,75.08,75.19,73.95,75.02,75.07,73.92,73.71,73.56,73.84,74.22,75.11,71.16,68.29,68.37,71.69,72.04,74.84,75.95,76.23,75.09,75.49,75.55,76.56,76.84,75.52,76.46,76.75,75.75,75.51,75.45,75.56,75.93,76.66,70.14,67.72,68.26,70.74,69.0,72.08,73.26,72.95,71.79,71.21,71.52,72.57,72.57,71.83,71.9,72.14,71.52,70.89,71.31,68.01,65.34,64.83,67.86,66.51,66.95,68.27,68.01,66.86,66.1,65.34,66.06,64.95,63.79,64.39,64.26,62.75,61.54,62.33,63.6,61.98,64.41,65.48,63.12,62.74,65.05,63.81,64.62,64.76,64.87,63.76,62.24,62.57,63.57,61.95,60.46,59.76,59.55,58.62,57.1,58.81,60.68,56.2,56.28,61.19,60.39,62.12,62.0,63.47,61.97,60.51,62.09,62.25,60.36,58.4,57.94,57.18,55.87,54.66,56.8,59.96,54.79,54.7,59.69,61.34,63.82,62.83,65.36,63.16,63.62,63.99,63.0,60.56,58.77,59.85,58.45,55.77,55.37,56.18,58.43,61.17],
  "contact_probs": [[1.0,0.31,0.96,0.24,0.0,0.0,0.0,0.0,0.0,0.0,0.01,0.07,0.59,0.94,0.52,0.19,0.05,0.02],[0.31,1.0,0.27,0.05,0.01,0.01,0.01,0.01,0.02,0.01,0.02,0.03,0.07,0.14,0.1,0.05,0.02,0.02],[0.96,0.27,1.0,0.99,0.11,0.0,0.0,0.0,0.0,0.0,0.02,0.28,0.99,0.82,0.19,0.03,0.01,0.0],[0.24,0.05,0.99,1.0,0.99,0.22,0.01,0.0,0.01,0.01,0.22,0.99,0.95,0.34,0.02,0.01,0.0,0.0],[0.0,0.01,0.11,0.99,1.0,0.97,0.43,0.05,0.07,0.28,0.99,0.95,0.56,0.01,0.0,0.0,0.0,0.0],[0.0,0.01,0.0,0.22,0.97,1.0,0.92,0.41,0.24,0.61,0.76,0.42,0.0,0.0,0.0,0.0,0.0,0.0],[0.0,0.01,0.0,0.01,0.43,0.92,1.0,0.84,0.29,0.52,0.48,0.06,0.0,0.0,0.0,0.0,0.0,0.0],[0.0,0.01,0.0,0.0,0.05,0.41,0.84,1.0,0.59,0.43,0.13,0.01,0.0,0.0,0.0,0.0,0.0,0.0],[0.0,0.02,0.0,0.01,0.07,0.24,0.29,0.59,1.0,0.53,0.17,0.02,0.0,0.0,0.0,0.0,0.0,0.0],[0.0,0.01,0.0,0.01,0.28,0.61,0.52,0.43,0.53,1.0,0.86,0.19,0.0,0.0,0.0,0.0,0.0,0.0],[0.01,0.02,0.02,0.22,0.99,0.76,0.48,0.13,0.17,0.86,1.0,1.0,0.09,0.0,0.0,0.0,0.0,0.0],[0.07,0.03,0.28,0.99,0.95,0.42,0.06,0.01,0.02,0.19,1.0,1.0,1.0,0.13,0.0,0.0,0.0,0.0],[0.59,0.07,0.99,0.95,0.56,0.0,0.0,0.0,0.0,0.0,0.09,1.0,1.0,0.98,0.16,0.01,0.0,0.0],[0.94,0.14,0.82,0.34,0.01,0.0,0.0,0.0,0.0,0.0,0.0,0.13,0.98,1.0,0.92,0.21,0.01,0.01],[0.52,0.1,0.19,0.02,0.0,0.0,0.0,0.0,0.0,0.0,0.0,0.0,0.16,0.92,1.0,0.91,0.18,0.04],[0.19,0.05,0.03,0.01,0.0,0.0,0.0,0.0,0.0,0.0,0.0,0.0,0.01,0.21,0.91,1.0,0.83,0.31],[0.05,0.02,0.01,0.0,0.0,0.0,0.0,0.0,0.0,0.0,0.0,0.0,0.0,0.01,0.18,0.83,1.0,0.86],[0.02,0.02,0.0,0.0,0.0,0.0,0.0,0.0,0.0,0.0,0.0,0.0,0.0,0.01,0.04,0.31,0.86,1.0]],
  "pae": [[1.1,3.3,2.9,4.6,6.0,7.0,7.9,9.6,9.1,7.9,6.2,5.1,4.3,4.1,6.3,7.2,9.0,10.1],[4.7,1.4,4.4,5.2,7.1,8.9,9.1,11.9,10.8,9.3,7.2,7.3,7.9,8.3,10.5,10.0,11.4,12.9],[3.5,3.8,1.0,2.1,3.4,4.7,6.0,8.0,7.3,5.5,4.1,3.4,2.8,3.7,5.2,6.6,8.2,9.2],[3.6,4.3,2.1,1.0,2.0,3.4,5.1,7.3,6.3,4.8,2.9,2.5,2.8,3.6,5.4,6.4,8.0,9.4],[4.4,5.5,3.3,2.6,1.0,2.9,4.6,6.4,5.8,4.7,3.2,2.9,3.6,4.7,6.5,7.6,8.8,11.0],[7.1,8.2,6.4,4.9,3.8,1.3,5.0,6.1,5.4,5.3,4.9,5.6,6.2,7.2,9.2,10.2,11.9,13.8],[10.4,10.7,8.7,6.9,5.5,4.6,1.4,5.8,5.3,5.6,6.4,7.3,8.9,9.5,11.9,12.9,14.6,16.4],[13.2,12.8,11.1,11.3,8.0,6.4,5.9,1.5,5.9,6.0,8.0,9.6,10.7,11.9,14.2,15.8,17.3,18.2],[11.1,11.8,10.8,9.9,7.9,6.7,5.5,5.8,1.5,4.6,5.7,8.0,9.4,10.5,12.2,12.9,15.2,17.3],[8.6,9.4,8.5,7.4,6.0,5.5,6.1,5.8,4.4,1.4,4.0,5.6,7.2,8.3,9.5,10.3,12.2,13.7],[5.1,6.5,4.6,3.9,3.6,4.3,5.5,6.1,4.6,3.3,1.0,2.2,3.2,4.6,6.1,7.3,8.7,9.9],[4.2,5.8,3.3,3.0,3.0,4.2,5.5,6.5,4.9,3.4,1.9,0.9,1.8,3.3,4.7,6.0,7.6,8.8],[3.8,5.4,2.6,2.5,2.9,4.4,5.8,7.4,5.9,4.1,2.5,1.7,0.9,2.2,4.0,5.1,6.8,7.1],[4.3,6.0,3.2,4.0,4.6,5.8,7.5,9.0,7.3,5.7,4.3,3.3,2.2,1.1,3.8,4.8,6.6,7.3],[4.9,8.2,4.9,5.7,6.7,7.7,9.1,10.9,9.3,8.1,6.5,5.0,3.6,2.9,1.1,3.9,5.3,6.5],[5.8,9.3,7.3,7.7,9.0,9.8,11.4,13.0,11.5,9.7,8.4,7.3,5.5,4.8,4.1,1.2,5.2,6.5],[7.9,11.6,9.7,10.4,11.2,12.6,14.2,15.5,14.4,12.8,10.7,10.0,9.0,7.0,5.6,4.3,1.4,4.5],[8.9,12.7,10.5,11.5,13.3,14.5,15.1,17.1,15.7,14.1,11.3,10.5,9.4,8.5,6.5,4.5,3.0,1.6]],
  "token_chain_ids": ["A","A","A","A","A","A","A","A","A","A","A","A","A","A","A","A","A","A"],
  "token_res_ids": [1,2,3,4,5,6,7,8,9,10,11,12,13,14,15,16,17,18]
}