{
  "atom_chain_ids": ["A","A","A","A","A","A","A","A","A","A","A","A","A","A","A","A","A","A","A","A","A","A","A","A","A","A","A","A","A","A","A","A","A","A","A","A","A","A","A","A","A","A","A","A","A","A","A","A","A","A","A","A","A","A","A","A","A","A","A","A","A","A","A","A","A","A","A","A","A","A","A","A","A","A","A","A","A","A","A","A","A","A","A","A","A","A","A","A","A","A","A","A","A","A","A","A","A","A","A","A","A","A","A","A","A","A","A","A","A","A","A","A","A","A","A","A","A","A","A","A","A","A","A","A","A","A","A","A","A","A","A","A","A","A","A","A","A","A","A","A","A","A","A","A","A","A","A","A","A","A","A","A","A","A","A","A","A","A","A","A","A","A","A","A","A","A","A","A","A","A","A","A","A","A","A","A","A","A","A","A","A","A","A","A","A","A","A","A","A","A","A","A","A","A","A","A","A","A","A","A","A","A","A","A","A","A","A","A","A","A","A","A","A","A","A","A","A","A","A","A","A","A","A","A","A","A","A","A","A","A","A","A","A","A","A","A","A","A","A","A","A","A","A","A","A","A","A","A","A","A","A","A","A","A","A","A","A","A","A","A","A","A","A","A","A","A","A","A","A","A","A","A","A","A","A","A","A","A","A","A","A","A","A","A","A","A","A","A","A","A","A","A","A","A","A","A","A","A","A","A","A","A","A","A","A","A","A","A","A","A","A","A","A","A","A","A","A","A","A","A","A","A","A","A","A","A","A","A","A","A","A","A","A","A","A","A","A","A","A","A","A","A","A","A","A","A","A","A","A","A","A","A","A","A","A","A","A","A","A","A","A","A","A","A","A","A","A"],
  "atom_plddts": [56.0,58.23,51.64,51.55,57.86,61.12,63.87,66.14,67.35,66.11,66.67,65.52,66.18,65.3,63.18,63.52,63.67,62.43,60.75,61.41,62.86,63.27,66.3,57.68,54.45,54.97,58.75,57.64,59.17,57.62,59.54,58.82,56.67,56.22,57.39,55.22,52.43,52.0,50.87,49.83,48.42,50.2,52.83,62.67,58.09,59.19,64.24,63.47,66.25,69.59,68.73,68.73,68.6,69.22,68.97,69.23,68.34,68.66,69.15,68.94,68.45,68.47,65.21,62.24,63.11,66.43,64.9,68.25,70.72,69.95,69.27,68.99,69.25,69.92,70.02,68.93,69.15,69.71,69.38,68.95,68.82,64.49,61.93,62.31,65.01,64.2,66.68,69.22,67.96,67.62,67.33,67.55,67.7,67.91,67.3,67.48,67.98,67.72,67.16,67.19,59.11,56.33,56.79,59.04,57.53,57.99,59.66,59.11,58.7,57.14,57.12,58.61,58.07,56.96,57.21,56.79,56.21,54.96,55.71,56.88,54.53,51.99,51.56,54.4,54.3,55.01,56.27,56.14,55.62,54.23,53.78,54.82,53.52,51.96,52.77,51.53,50.28,49.35,50.19,52.06,50.54,53.2,52.19,48.81,48.19,52.45,52.1,52.95,52.68,53.75,53.45,52.35,51.93,52.74,51.37,48.83,48.68,47.43,46.48,45.21,46.89,49.37,52.38,48.89,48.61,53.27,53.52,55.03,54.39,55.84,55.71,53.74,54.16,54.85,53.58,50.97,51.02,49.96,49.01,47.79,49.24,51.75,52.92,49.13,49.57,53.56,53.67,55.64,58.11,57.34,57.19,55.42,56.76,56.44,55.73,54.14,53.93,53.57,52.92,51.65,52.95,59.89,56.14,56.92,60.88,61.29,64.18,67.66,66.85,66.71,66.68,66.66,66.79,67.12,65.94,67.14,67.23,66.31,65.76,65.81,66.29,66.57,67.6,65.66,63.25,64.11,66.41,65.35,68.74,70.62,70.36,69.7,69.82,69.22,70.39,70.54,69.32,70.42,70.42,69.47,69.1,68.97,69.36,69.51,70.5,68.35,65.74,65.73,68.75,68.96,71.61,73.2,73.22,72.26,72.36,72.17,73.18,73.48,72.17,73.1,73.41,72.52,72.1,72.03,72.24,72.41,73.29,66.11,63.83,64.5,66.78,64.73,67.42,69.02,68.26,67.49,66.48,66.69,67.56,67.55,67.09,67.13,67.43,67.09,66.29,66.65,64.32,61.78,61.48,64.36,63.46,63.48,65.04,64.59,63.76,62.84,61.86,62.56,61.5,60.41,60.92,60.64,59.37,58.02,58.9,60.34,58.58,61.0,63.21,60.81,60.51,62.74,61.61,62.01,62.54,62.55,61.66,59.85,60.11,61.2,59.68,58.36,57.73,57.45,56.65,55.1,56.72,58.06,53.69,53.69,58.47,57.54,58.65,58.77,60.28,59.14,57.28,58.19,58.81,56.95,55.01,54.37,53.72,52.6,51.22,53.26,56.97,51.92,51.74,56.68,57.73,59.78,58.74,61.46,59.6,59.53,59.36,58.98,56.63,54.89,55.67,54.39,52.1,51.43,52.23,54.51,56.64],
  "contact_probs": [[1.0,0.31,0.96,0.24,0.0,0.0,0.0,0.0,0.0,0.0,0.01,0.07,0.59,0.94,0.52,0.19,0.05,0.02],[0.31,1.0,0.27,0.05,0.01,0.01,0.01,0.01,0.02,0.01,0.02,0.03,0.07,0.14,0.1,0.05,0.02,0.02],[0.96,0.27,1.0,0.99,0.11,0.0,0.0,0.0,0.0,0.0,0.02,0.28,0.99,0.82,0.19,0.03,0.01,0.0],[0.24,0.05,0.99,1.0,0.99,0.22,0.01,0.0,0.01,0.01,0.22,0.99,0.95,0.34,0.02,0.01,0.0,0.0],[0.0,0.01,0.11,0.99,1.0,0.97,0.43,0.05,0.07,0.28,0.99,0.95,0.56,0.01,0.0,0.0,0.0,0.0],[0.0,0.01,0.0,0.22,0.97,1.0,0.92,0.41,0.24,0.61,0.76,0.42,0.0,0.0,0.0,0.0,0.0,0.0],[0.0,0.01,0.0,0.01,0.43,0.92,1.0,0.84,0.29,0.52,0.48,0.06,0.0,0.0,0.0,0.0,0.0,0.0],[0.0,0.01,0.0,0.0,0.05,0.41,0.84,1.0,0.59,0.43,0.13,0.01,0.0,0.0,0.0,0.0,0.0,0.0],[0.0,0.02,0.0,0.01,0.07,0.24,0.29,0.59,1.0,0.53,0.17,0.02,0.0,0.0,0.0,0.0,0.0,0.0],[0.0,0.01,0.0,0.01,0.28,0.61,0.52,0.43,0.53,1.0,0.86,0.19,0.0,0.0,0.0,0.0,0.0,0.0],[0.01,0.02,0.02,0.22,0.99,0.76,0.48,0.13,0.17,0.86,1.0,1.0,0.09,0.0,0.0,0.0,0.0,0.0],[0.07,0.03,0.28,0.99,0.95,0.42,0.06,0.01,0.02,0.19,1.0,1.0,1.0,0.13,0.0,0.0,0.0,0.0],[0.59,0.07,0.99,0.95,0.56,0.0,0.0,0.0,0.0,0.0,0.09,1.0,1.0,0.98,0.16,0.01,0.0,0.0],[0.94,0.14,0.82,0.34,0.01,0.0,0.0,0.0,0.0,0.0,0.0,0.13,0.98,1.0,0.92,0.21,0.01,0.01],[0.52,0.1,0.19,0.02,0.0,0.0,0.0,0.0,0.0,0.0,0.0,0.0,0.16,0.92,1.0,0.91,0.18,0.04],[0.19,0.05,0.03,0.01,0.0,0.0,0.0,0.0,0.0,0.0,0.0,0.0,0.01,0.21,0.91,1.0,0.83,0.31],[0.05,0.02,0.01,0.0,0.0,0.0,0.0,0.0,0.0,0.0,0.0,0.0,0.0,0.01,0.18,0.83,1.0,0.86],[0.02,0.02,0.0,0.0,0.0,0.0,0.0,0.0,0.0,0.0,0.0,0.0,0.0,0.01,0.04,0.31,0.86,1.0]],
  "pae": [[1.2,4.5,3.8,5.4,7.5,8.6,9.6,11.1,11.0,9.9,7.7,6.5,5.8,5.2,8.0,8.4,10.5,11.7],[5.5,1.5,5.9,6.1,9.1,10.7,11.7,13.3,12.7,12.0,10.6,9.3,10.4,10.0,11.7,11.6,13.8,15.0],[3.7,5.1,1.1,2.5,4.3,5.4,6.7,8.3,9.1,6.8,5.2,4.2,3.2,4.1,6.1,7.2,8.8,10.0],[4.1,5.4,2.4,1.0,2.6,4.1,5.8,7.4,7.4,6.1,3.6,3.0,3.5,4.1,5.7,7.2,9.0,9.9],[4.7,6.5,3.4,2.6,1.0,3.6,5.4,6.6,7.1,5.8,3.4,3.1,3.9,4.6,6.4,8.1,9.8,10.9],[7.8,9.8,6.7,5.0,4.8,1.4,4.7,6.6,7.2,6.7,5.5,6.1,6.9,7.9,10.0,11.8,13.1,14.8],[10.9,13.0,9.1,7.1,5.7,4.9,1.4,4.8,6.5,6.6,6.6,8.0,9.9,11.6,12.6,14.3,15.4,17.4],[13.1,14.6,11.6,9.5,7.7,6.4,5.1,1.4,6.7,6.5,7.8,9.4,11.7,12.1,14.0,15.8,16.3,18.5],[12.9,14.4,11.1,9.4,8.6,7.1,5.7,6.0,1.6,5.2,5.9,8.3,10.2,11.4,13.0,14.2,15.6,17.7],[10.5,12.4,10.0,8.6,7.6,7.0,7.0,6.4,5.2,1.5,4.7,6.1,8.5,10.4,10.7,12.7,13.6,14.6],[5.9,8.4,5.2,4.2,4.1,5.4,6.4,6.4,5.5,3.8,1.1,2.6,3.9,5.3,6.7,8.7,9.9,10.3],[4.7,7.7,3.8,3.4,3.7,5.2,6.2,6.6,5.8,4.3,2.1,0.9,2.2,3.7,5.2,6.8,8.6,9.1],[4.3,7.3,3.0,3.1,3.4,5.2,6.8,7.8,6.8,5.0,3.1,2.0,1.0,2.5,4.6,6.0,7.7,7.7],[4.6,7.8,3.6,4.7,5.4,7.2,8.7,9.0,8.3,6.6,5.1,3.9,2.7,1.1,4.4,5.3,7.2,8.0],[5.2,9.5,5.0,5.9,7.2,8.8,10.3,11.4,10.4,9.4,7.4,5.5,4.1,3.3,1.2,4.2,5.8,7.1],[6.6,10.9,7.5,8.7,10.1,11.3,12.6,13.9,12.7,11.5,9.8,8.2,6.0,5.4,4.8,1.3,5.3,6.8],[8.6,12.8,9.6,11.2,11.9,13.6,15.1,16.0,15.4,14.5,12.3,11.2,9.4,7.9,5.6,4.7,1.6,5.6],[9.3,14.0,10.4,11.6,13.2,15.3,15.6,17.2,16.8,15.7,13.1,11.6,9.9,9.6,7.2,4.8,3.7,1.7]],
  "token_chain_ids": ["A","A","A","A","A","A","A","A","A","A","A","A","A","A","A","A","A","A"],
  "token_res_ids": [1,2,3,4,5,6,7,8,9,10,11,12,13,14,15,16,17,18]
}