{
  "atom_chain_ids": ["A","A","A","A","A","A","A","A","A","A","A","A","A","A","A","A","A","A","A","A","A","A","A","A","A","A","A","A","A","A","A","A","A","A","A","A","A","A","A","A","A","A","A","A","A","A","A","A","A","A","A","A","A","A","A","A","A","A","A","A","A","A","A","A","A","A","A","A","A","A","A","A","A","A","A","A","A","A","A","A","A","A","A","A","A","A","A","A","A","A","A","A","A","A","A","A","A","A","A","A","A","A","A","A","A","A","A","A","A","A","A","A","A","A","A","A","A","A","A","A","A","A","A","A","A","A","A","A","A","A","A","A","A","A","A","A","A","A","A","A","A","A","A","A","A","A","A","A","A","A","A","A","A","A","A","A","A","A","A","A","A","A","A","A","A","A","A","A","A","A","A","A","A","A","A","A","A","A","A","A","A","A","A","A","A","A","A","A","A","A","A","A","A","A","A","A","A","A","A","A","A","A","A","A","A","A","A","A","A","A","A","A","A","A","A","A","A","A","A","A","A","A","A","A","A","A","A","A","A","A","A","A","A","A","A","A","A","A","A","A","A","A","A","A","A","A","A","A","A","A","A","A","A","A","A","A","A","A","A","A","A","A","A","A","A","A","A","A","A","A","A","A","A","A","A","A","A","A","A","A","A","A","A","A","A","A","A","A","A","A","A","A","A","A","A","A","A","A","A","A","A","A","A","A","A","A","A","A","A","A","A","A","A","A","A","A","A","A","A","A","A","A","A","A","A","A","A","A","A","A","A","A","A","A","A","A","A","A","A","A","A","A","A","A","A","A","A","A","A","A","A","A","A","A","A","A","A","A","A","A","A","A","A","A","A","A","A"],
  "atom_plddts": [55.53,57.52,50.96,50.94,57.21,60.32,63.17,65.37,66.49,65.34,65.88,64.81,65.39,64.57,62.61,62.95,63.04,61.86,60.18,60.87,62.36,62.68,65.6,58.26,54.61,55.12,59.51,58.26,59.65,58.37,59.99,59.3,57.32,56.92,58.18,56.35,53.89,53.6,52.78,51.91,50.48,52.01,54.36,61.97,57.65,58.76,63.58,62.46,64.89,68.35,67.36,67.61,67.15,67.87,67.61,67.93,67.11,67.41,67.95,67.85,67.25,67.27,64.9,61.91,62.85,66.2,64.51,67.76,70.34,69.51,68.94,68.54,68.97,69.58,69.77,68.68,68.93,69.54,69.24,68.78,68.64,65.18,62.42,62.81,65.94,64.99,67.54,70.02,68.9,68.58,68.32,68.58,68.67,68.88,68.15,68.34,68.92,68.64,68.05,68.07,60.25,57.49,57.76,60.16,58.52,59.16,60.54,60.12,59.72,58.03,58.02,59.53,58.85,57.66,57.87,57.42,56.8,55.46,56.3,57.6,55.21,52.56,51.99,55.15,54.93,55.79,56.71,56.8,56.29,54.81,54.25,55.27,53.73,52.02,52.81,51.51,50.15,49.16,50.12,52.08,50.34,53.25,51.39,47.88,47.13,51.77,51.56,52.62,51.95,53.7,53.35,52.19,52.0,52.5,50.9,47.95,47.78,46.46,45.51,44.29,46.04,48.76,52.79,49.21,49.0,53.82,54.08,55.67,54.89,56.42,56.29,54.15,54.54,55.22,53.8,51.01,50.97,49.97,48.98,47.74,49.23,51.79,52.64,48.7,49.14,53.46,53.8,56.01,58.62,58.02,57.86,56.01,57.66,57.08,56.45,54.7,54.59,54.27,53.66,52.41,53.66,59.25,55.31,56.17,60.37,60.8,63.63,67.16,66.33,66.33,66.23,66.48,66.37,66.76,65.65,66.94,67.0,66.08,65.56,65.6,66.08,66.4,67.34,64.86,62.3,63.17,65.67,64.58,67.9,69.92,69.55,68.97,69.15,68.69,69.67,69.87,68.81,69.98,69.96,69.01,68.66,68.51,68.9,69.04,70.0,68.54,65.93,65.98,69.02,69.16,71.83,73.43,73.46,72.58,72.72,72.59,73.57,73.93,72.58,73.48,73.82,72.96,72.52,72.48,72.67,72.81,73.7,64.27,62.17,62.84,65.01,63.0,65.46,67.32,66.6,66.06,64.95,65.23,65.77,65.74,65.19,65.27,65.49,65.27,64.43,64.79,62.72,60.1,59.94,63.0,62.36,62.35,63.84,63.48,62.76,61.62,60.72,61.19,60.04,58.75,59.28,58.9,57.61,56.28,57.14,58.62,56.7,59.24,60.95,58.64,58.45,60.35,59.58,59.78,60.2,60.43,59.63,57.69,57.87,58.92,57.38,55.98,55.31,54.89,54.1,52.58,54.23,56.56,51.76,51.91,57.15,56.66,57.91,58.09,59.67,58.5,56.69,57.62,58.12,56.37,54.28,53.65,53.05,51.99,50.6,52.58,56.34,51.29,51.29,56.1,57.11,58.98,58.06,60.59,58.79,58.71,58.37,58.2,55.98,54.25,54.95,53.78,51.66,50.88,51.65,53.88,55.74],
  "contact_probs": [[1.0,0.31,0.96,0.24,0.0,0.0,0.0,0.0,0.0,0.0,0.01,0.07,0.59,0.94,0.52,0.19,0.05,0.02],[0.31,1.0,0.27,0.05,0.01,0.01,0.01,0.01,0.02,0.01,0.02,0.03,0.07,0.14,0.1,0.05,0.02,0.02],[0.96,0.27,1.0,0.99,0.11,0.0,0.0,0.0,0.0,0.0,0.02,0.28,0.99,0.82,0.19,0.03,0.01,0.0],[0.24,0.05,0.99,1.0,0.99,0.22,0.01,0.0,0.01,0.01,0.22,0.99,0.95,0.34,0.02,0.01,0.0,0.0],[0.0,0.01,0.11,0.99,1.0,0.97,0.43,0.05,0.07,0.28,0.99,0.95,0.56,0.01,0.0,0.0,0.0,0.0],[0.0,0.01,0.0,0.22,0.97,1.0,0.92,0.41,0.24,0.61,0.76,0.42,0.0,0.0,0.0,0.0,0.0,0.0],[0.0,0.01,0.0,0.01,0.43,0.92,1.0,0.84,0.29,0.52,0.48,0.06,0.0,0.0,0.0,0.0,0.0,0.0],[0.0,0.01,0.0,0.0,0.05,0.41,0.84,1.0,0.59,0.43,0.13,0.01,0.0,0.0,0.0,0.0,0.0,0.0],[0.0,0.02,0.0,0.01,0.07,0.24,0.29,0.59,1.0,0.53,0.17,0.02,0.0,0.0,0.0,0.0,0.0,0.0],[0.0,0.01,0.0,0.01,0.28,0.61,0.52,0.43,0.53,1.0,0.86,0.19,0.0,0.0,0.0,0.0,0.0,0.0],[0.01,0.02,0.02,0.22,0.99,0.76,0.48,0.13,0.17,0.86,1.0,1.0,0.09,0.0,0.0,0.0,0.0,0.0],[0.07,0.03,0.28,0.99,0.95,0.42,0.06,0.01,0.02,0.19,1.0,1.0,1.0,0.13,0.0,0.0,0.0,0.0],[0.59,0.07,0.99,0.95,0.56,0.0,0.0,0.0,0.0,0.0,0.09,1.0,1.0,0.98,0.16,0.01,0.0,0.0],[0.94,0.14,0.82,0.34,0.01,0.0,0.0,0.0,0.0,0.0,0.0,0.13,0.98,1.0,0.92,0.21,0.01,0.01],[0.52,0.1,0.19,0.02,0.0,0.0,0.0,0.0,0.0,0.0,0.0,0.0,0.16,0.92,1.0,0.91,0.18,0.04],[0.19,0.05,0.03,0.01,0.0,0.0,0.0,0.0,0.0,0.0,0.0,0.0,0.01,0.21,0.91,1.0,0.83,0.31],[0.05,0.02,0.01,0.0,0.0,0.0,0.0,0.0,0.0,0.0,0.0,0.0,0.0,0.01,0.18,0.83,1.0,0.86],[0.02,0.02,0.0,0.0,0.0,0.0,0.0,0.0,0.0,0.0,0.0,0.0,0.0,0.01,0.04,0.31,0.86,1.0]],
  "pae": [[1.2,4.5,3.4,5.4,7.0,8.9,9.2,11.3,10.7,9.6,7.4,6.6,5.9,5.3,7.7,7.4,9.8,10.7],[5.3,1.5,4.7,5.8,8.1,10.4,11.2,13.2,12.5,11.4,9.5,8.6,10.2,10.1,11.1,10.7,12.6,13.5],[3.8,5.4,1.1,2.4,4.3,6.1,8.0,9.5,9.5,7.3,5.4,4.4,3.7,4.9,6.6,6.8,8.8,10.1],[4.3,6.0,2.9,1.0,2.7,4.6,7.0,9.2,8.3,6.8,3.8,3.1,4.1,4.7,6.2,7.5,9.6,10.5],[4.9,6.7,3.8,2.6,1.0,3.5,5.5,7.2,7.6,5.9,3.7,3.6,4.4,5.2,6.6,8.1,9.9,11.2],[8.0,9.9,7.3,5.5,4.7,1.4,5.1,7.0,7.1,6.3,5.6,6.6,7.6,9.0,10.7,11.5,13.0,14.6],[11.6,13.8,10.1,7.9,6.2,5.1,1.4,5.1,7.0,6.3,7.0,8.6,10.4,12.5,12.5,13.4,14.9,16.9],[13.6,15.6,12.4,11.0,8.5,6.4,5.3,1.4,7.7,6.9,8.8,10.9,12.9,13.0,14.4,15.4,16.1,18.5],[12.4,14.8,11.8,10.4,9.1,7.2,6.2,6.5,1.6,5.4,5.8,8.6,10.5,11.7,12.8,13.7,15.0,17.2],[9.8,12.5,10.1,8.6,7.3,6.3,7.0,7.2,5.8,1.5,5.0,6.3,9.0,10.3,11.2,12.0,13.2,14.3],[6.0,8.4,5.4,4.6,4.5,5.9,7.2,7.7,6.3,4.6,1.0,2.9,4.4,5.8,7.0,8.7,10.3,10.7],[4.8,7.7,4.1,3.9,3.8,5.6,7.0,8.2,6.8,4.7,2.5,0.9,2.3,4.2,5.5,7.1,9.0,9.7],[4.5,7.6,3.1,3.4,3.6,5.6,7.4,9.1,7.7,5.4,3.4,2.2,1.0,3.0,5.1,6.2,8.2,8.4],[4.8,8.1,4.2,5.3,6.0,8.2,9.7,10.6,9.2,7.3,5.8,4.6,3.2,1.2,4.5,5.6,7.5,8.3],[5.3,10.0,5.9,6.6,8.4,10.1,11.2,12.7,11.1,9.8,7.6,5.9,4.7,3.8,1.2,4.7,6.0,7.3],[6.3,10.8,7.4,8.7,9.9,11.8,13.3,15.3,13.6,11.7,9.9,8.3,6.7,5.4,5.6,1.4,6.6,6.8],[7.6,11.6,8.2,10.2,11.2,12.9,14.7,16.3,14.6,13.4,11.0,9.7,8.5,7.7,5.4,5.0,1.7,5.7],[8.7,12.9,9.2,11.5,12.5,15.3,15.8,17.8,16.5,15.2,12.2,10.5,9.5,8.6,6.8,5.0,4.2,1.8]],
  "token_chain_ids": ["A","A","A","A","A","A","A","A","A","A","A","A","A","A","A","A","A","A"],
  "token_res_ids": [1,2,3,4,5,6,7,8,9,10,11,12,13,14,15,16,17,18]
}