{
  "atom_chain_ids": ["A","A","A","A","A","A","A","A","A","A","A","A","A","A","A","A","A","A","A","A","A","A","A","A","A","A","A","A","A","A","A","A","A","A","A","A","A","A","A","A","A","A","A","A","A","A","A","A","A","A","A","A","A","A","A","A","A","A","A","A","A","A","A","A","A","A","A","A","A","A","A","A","A","A","A","A","A","A","A","A","A","A","A","A","A","A","A","A","A","A","A","A","A","A","A","A","A","A","A","A","A","A","A","A","A","A","A","A","A","A","A","A","A","A","A","A","A","A","A","A","A","A","A","A","A","A","A","A","A","A","A","A","A","A","A","A","A","A","A","A","A","A","A","A","A","A","A","A","A","A","A","A","A","A","A","A","A","A","A","A","A","A","A","A","A","A","A","A","A","A","A","A","A","A","A","A","A","A","A","A","A","A","A","A","A","A","A","A","A","A","A","A","A","A","A","A","A","A","A","A","A","A","A","A","A","A","A","A","A","A","A","A","A","A","A","A","A","A","A","A","A","A","A","A","A","A","A","A","A","A","A","A","A","A","A","A","A","A","A","A","A","A","A","A","A","A","A","A","A","A","A","A","A","A","A","A","A","A","A","A","A","A","A","A","A","A","A","A","A","A","A","A","A","A","A","A","A","A","A","A","A","A","A","A","A","A","A","A","A","A","A","A","A","A","A","A","A","A","A","A","A","A","A","A","A","A","A","A","A","A","A","A","A","A","A","A","A","A","A","A","A","A","A","A","A","A","A","A","A","A","A","A","A","A","A","A","A","A","A","A","A","A","A","A","A","A","A","A","A","A","A","A","A","A","A","A","A","A","A","A","A","A","A","A","A","A","A","A","A","A","A","A","A","A","A","A","A","A","A","A","A","A","A","A","A","A","A","A","A","A","A","A","A","A","A","A","A","A","A","A","A","A","A","A","A","A","A","A","A","A","A","A","A","A","A","A","A","A","A","A","A","A","A","A","A","A","A","A","A","A","A","A","A","A","A","A","A","A","A","A","A","A","A","A","A","A","A","A","A","A","A","A","A","A","A","A","A","A","A","A","A","A","A","A","A","A","A","A","A","A","A","A","A"],
  "atom_plddts": [53.13,54.98,49.22,49.35,55.01,56.41,59.21,59.86,61.65,60.65,60.4,59.55,59.33,57.52,56.04,55.73,55.64,54.1,52.61,53.11,54.73,57.5,65.64,62.3,62.15,66.16,66.56,68.24,70.07,69.77,68.2,68.93,68.8,69.22,69.46,68.33,68.54,69.56,69.15,68.14,68.12,68.38,68.01,69.82,66.45,64.31,64.35,66.44,66.45,67.99,69.6,68.67,67.44,67.73,67.55,68.12,68.59,68.21,68.53,69.39,69.2,68.49,68.17,68.22,67.8,69.03,68.79,67.04,66.84,68.19,67.99,68.78,69.89,69.23,68.09,68.12,67.62,68.91,69.22,69.0,69.11,70.16,70.02,69.26,68.91,68.94,68.27,69.68,68.62,67.07,67.31,68.8,66.23,67.78,66.31,66.71,64.99,63.49,61.34,63.47,60.78,58.54,58.02,58.12,56.27,54.48,55.14,56.73,56.07,65.27,61.71,62.14,65.95,66.89,68.66,70.11,69.92,68.31,69.41,69.44,69.59,69.89,68.92,69.06,69.93,69.65,68.69,68.66,68.9,68.72,70.17,68.01,65.49,65.16,68.16,69.46,70.74,71.86,71.42,69.97,70.94,70.83,71.11,71.52,70.56,70.61,71.46,71.28,70.44,70.41,70.57,70.31,71.65,68.05,66.39,65.69,67.23,68.43,68.39,69.44,68.99,68.05,67.76,67.22,68.15,68.36,67.6,67.57,68.75,68.57,67.51,67.15,67.38,66.85,68.56,60.6,59.71,60.28,61.11,58.65,58.87,58.33,57.88,57.54,55.28,54.15,54.79,52.85,51.34,49.79,49.59,49.5,47.54,49.38,59.84,55.56,55.63,60.44,61.33,62.56,65.49,64.84,63.61,64.15,63.88,64.6,64.95,63.75,63.98,64.97,64.38,63.16,63.14,63.49,63.3,65.39,54.68,52.36,52.57,55.4,54.87,55.24,55.13,55.08,54.39,52.38,52.0,52.4,50.88,48.82,47.7,47.48,47.09,45.45,47.09,54.96,49.18,49.39,56.98,57.36,58.51,59.14,60.47,59.71,58.25,57.98,59.05,58.03,55.01,54.3,54.81,54.01,52.09,53.14,54.96,63.04,59.17,59.26,63.82,65.33,66.89,69.2,68.59,67.17,67.99,68.07,68.36,68.86,67.39,67.7,68.95,68.57,67.49,67.32,67.63,67.43,69.21,65.34,63.1,62.89,65.47,66.93,68.12,69.82,68.8,67.71,68.46,68.19,68.39,68.96,68.22,68.55,69.46,69.16,68.29,68.07,68.2,67.94,69.4,65.38,64.2,63.9,65.0,65.01,66.02,67.33,66.06,65.1,64.91,64.3,65.45,65.72,65.67,65.94,66.71,66.3,65.4,65.13,65.2,64.51,66.22,52.34,50.96,50.9,51.96,50.23,51.21,49.73,52.46,51.5,50.07,48.66,49.7,47.37,44.87,44.72,43.95,42.59,41.46,42.0,43.68,43.84,49.39,45.95,46.03,49.92,48.98,50.93,51.09,52.38,51.08,49.77,49.28,50.21,48.94,47.57,48.09,47.9,46.78,45.85,46.05,47.17,46.16,48.78,40.53,37.39,36.79,39.64,39.41,41.65,42.03,44.12,42.65,43.0,42.59,43.02,42.59,41.83,42.45,42.87,42.11,41.46,40.82,40.82,41.07,42.81,47.35,43.62,42.64,47.49,47.19,49.72,48.19,51.87,50.29,49.54,47.96,48.64,46.37,43.26,43.24,42.44,40.71,39.57,40.27,42.46,43.31,47.59,43.33,42.58,47.96,47.39,49.2,49.17,50.92,50.0,49.29,48.28,49.49,47.87,46.47,47.06,46.9,45.81,44.68,44.8,46.19,45.4,47.68,55.24,50.84,50.9,55.05,56.04,58.14,60.98,60.12,59.17,59.38,59.28,59.58,60.04,59.54,59.97,60.84,60.41,59.32,59.09,59.28,59.02,60.91,57.93,54.42,54.71,57.03,59.1,60.33,61.23,60.9,59.65,59.97,59.23,59.78,59.95,60.05,60.01,61.02,60.67,59.4,59.24,59.51,59.19,61.16],
  "contact_probs": [[1.0,0.94,0.19,0.0,0.01,0.09,0.01,0.01,0.01,0.03,0.17,0.41,0.68,0.54,0.04,0.02,0.01,0.01,0.02,0.03,0.02,0.02],[0.94,1.0,1.0,0.13,0.05,0.39,0.03,0.01,0.0,0.01,0.05,0.17,0.28,0.85,0.47,0.02,0.05,0.03,0.01,0.04,0.03,0.05],[0.19,1.0,1.0,1.0,0.14,0.93,0.35,0.02,0.0,0.01,0.01,0.02,0.05,0.23,0.72,0.07,0.09,0.31,0.07,0.04,0.05,0.12],[0.0,0.13,1.0,1.0,0.23,0.76,0.91,0.34,0.01,0.01,0.0,0.0,0.01,0.04,0.23,0.13,0.18,0.62,0.43,0.05,0.07,0.11],[0.01,0.05,0.14,0.23,1.0,0.08,0.05,0.01,0.0,0.0,0.0,0.01,0.01,0.01,0.03,0.02,0.01,0.03,0.04,0.01,0.01,0.03],[0.09,0.39,0.93,0.76,0.08,1.0,1.0,0.17,0.07,0.26,0.21,0.2,0.02,0.01,0.01,0.0,0.01,0.02,0.02,0.06,0.05,0.08],[0.01,0.03,0.35,0.91,0.05,1.0,1.0,0.99,0.19,0.87,0.13,0.09,0.02,0.02,0.01,0.01,0.01,0.14,0.32,0.15,0.29,0.28],[0.01,0.01,0.02,0.34,0.01,0.17,0.99,1.0,0.28,0.33,0.03,0.02,0.02,0.02,0.03,0.02,0.02,0.46,0.55,0.42,0.66,0.24],[0.01,0.0,0.0,0.01,0.0,0.07,0.19,0.28,1.0,0.28,0.1,0.02,0.01,0.0,0.0,0.0,0.01,0.02,0.04,0.08,0.14,0.14],[0.03,0.01,0.01,0.01,0.0,0.26,0.87,0.33,0.28,1.0,0.74,0.81,0.36,0.04,0.01,0.01,0.01,0.02,0.02,0.27,0.55,0.53],[0.17,0.05,0.01,0.0,0.0,0.21,0.13,0.03,0.1,0.74,1.0,0.6,0.15,0.01,0.01,0.01,0.01,0.01,0.02,0.05,0.09,0.1],[0.41,0.17,0.02,0.0,0.01,0.2,0.09,0.02,0.02,0.81,0.6,1.0,0.89,0.16,0.01,0.01,0.01,0.01,0.03,0.09,0.15,0.22],[0.68,0.28,0.05,0.01,0.01,0.02,0.02,0.02,0.01,0.36,0.15,0.89,1.0,1.0,0.26,0.02,0.04,0.03,0.02,0.17,0.33,0.53],[0.54,0.85,0.23,0.04,0.01,0.01,0.02,0.02,0.0,0.04,0.01,0.16,1.0,1.0,0.99,0.22,0.15,0.1,0.02,0.15,0.34,0.6],[0.04,0.47,0.72,0.23,0.03,0.01,0.01,0.03,0.0,0.01,0.01,0.01,0.26,0.99,1.0,0.64,0.69,0.54,0.05,0.12,0.26,0.21],[0.02,0.02,0.07,0.13,0.02,0.0,0.01,0.02,0.0,0.01,0.01,0.01,0.02,0.22,0.64,1.0,0.77,0.33,0.04,0.09,0.11,0.11],[0.01,0.05,0.09,0.18,0.01,0.01,0.01,0.02,0.01,0.01,0.01,0.01,0.04,0.15,0.69,0.77,1.0,0.88,0.2,0.41,0.15,0.09],[0.01,0.03,0.31,0.62,0.03,0.02,0.14,0.46,0.02,0.02,0.01,0.01,0.03,0.1,0.54,0.33,0.88,1.0,0.82,0.55,0.49,0.19],[0.02,0.01,0.07,0.43,0.04,0.02,0.32,0.55,0.04,0.02,0.02,0.03,0.02,0.02,0.05,0.04,0.2,0.82,1.0,0.55,0.17,0.03],[0.03,0.04,0.04,0.05,0.01,0.06,0.15,0.42,0.08,0.27,0.05,0.09,0.17,0.15,0.12,0.09,0.41,0.55,0.55,1.0,0.91,0.21],[0.02,0.03,0.05,0.07,0.01,0.05,0.29,0.66,0.14,0.55,0.09,0.15,0.33,0.34,0.26,0.11,0.15,0.49,0.17,0.91,1.0,0.98],[0.02,0.05,0.12,0.11,0.03,0.08,0.28,0.24,0.14,0.53,0.1,0.22,0.53,0.6,0.21,0.11,0.09,0.19,0.03,0.21,0.98,1.0]],
  "pae": [[1.1,2.8,5.0,7.1,9.7,6.1,6.7,9.0,10.0,6.7,9.0,5.9,4.9,5.2,6.4,12.6,11.6,12.1,12.6,11.4,8.6,9.3],[2.3,0.9,1.5,2.6,5.1,2.7,3.0,4.2,8.0,3.3,6.4,4.3,2.4,2.6,3.4,8.8,7.5,9.3,9.1,8.0,5.2,5.8],[2.4,1.2,0.8,1.6,4.1,2.1,2.1,2.6,7.3,3.0,6.0,4.1,2.3,2.3,3.1,8.3,6.6,8.6,8.5,7.1,4.4,4.6],[3.5,2.0,1.5,0.9,3.5,2.5,2.3,2.7,7.6,3.4,6.6,4.7,3.1,3.1,2.9,8.5,7.3,9.0,8.1,6.9,4.5,5.1],[9.7,6.5,4.7,4.9,1.4,5.4,5.1,7.9,10.4,10.5,9.8,9.5,9.1,9.7,9.8,13.9,12.4,12.2,12.0,11.8,10.5,10.1],[4.3,2.4,2.3,2.1,3.4,0.9,1.6,2.6,7.0,3.6,5.8,4.2,3.5,3.5,3.8,8.6,7.4,9.3,7.6,6.5,4.4,5.2],[3.8,2.4,2.3,2.4,3.9,1.6,0.9,2.0,6.8,3.0,5.9,4.4,3.1,3.0,3.4,8.4,6.8,8.0,7.7,6.7,4.5,4.8],[5.5,3.9,3.6,3.3,5.5,3.1,1.9,0.9,6.6,3.4,6.4,5.3,4.5,4.0,4.6,10.2,7.6,9.2,7.6,6.0,4.5,5.3],[13.7,14.1,14.9,13.5,15.6,9.5,7.0,11.4,1.8,8.0,7.5,9.2,12.4,14.5,15.1,16.2,17.1,15.7,15.1,14.7,13.2,14.4],[6.2,5.9,6.0,5.6,8.0,4.4,4.8,4.9,5.5,1.1,4.5,4.4,4.5,5.1,6.4,10.1,9.4,9.9,9.3,9.1,7.0,7.4],[10.8,11.2,12.0,11.9,15.1,9.6,10.7,9.9,8.3,6.7,1.5,5.9,7.0,9.9,12.3,13.4,13.9,13.3,13.9,12.2,9.3,10.4],[6.9,6.3,7.8,9.5,12.2,7.0,7.3,7.2,9.0,4.8,4.1,1.2,3.9,5.1,7.1,11.2,11.8,12.4,11.9,10.1,6.9,8.7],[4.0,2.9,3.3,4.1,6.7,3.7,3.7,4.0,7.1,3.0,4.3,2.4,0.9,1.8,2.9,7.2,6.9,8.6,8.7,7.6,4.9,5.4],[3.5,2.4,2.6,3.4,5.9,3.2,3.5,4.0,7.1,2.9,5.3,2.7,1.4,0.9,2.0,7.3,6.6,8.3,8.0,8.0,5.0,5.1],[5.1,3.6,4.1,4.2,8.3,4.8,5.0,5.9,8.9,5.2,7.0,4.6,3.1,2.0,0.9,6.3,5.3,8.0,9.0,9.1,5.9,5.9],[14.5,12.8,14.0,15.5,19.1,16.0,14.8,14.8,16.6,14.4,14.6,12.9,10.9,7.8,7.8,1.2,4.8,7.7,10.8,11.9,12.9,13.6],[13.6,13.5,12.7,11.5,16.9,13.9,13.5,11.7,14.9,14.2,13.1,12.6,10.7,8.7,7.0,5.1,1.1,4.7,9.1,9.6,10.8,11.0],[17.2,16.6,13.9,13.1,18.4,17.6,13.6,11.2,18.1,13.9,16.7,16.5,15.1,11.8,9.3,6.1,4.8,1.1,8.4,8.5,10.4,11.3],[14.9,14.7,14.6,13.9,16.2,14.3,12.5,9.8,14.6,14.0,13.9,13.3,13.6,13.4,12.9,10.8,8.2,7.5,1.3,6.8,7.2,9.4],[13.1,11.9,12.3,11.1,14.8,12.6,9.4,6.3,13.1,9.7,12.9,11.2,10.0,10.8,10.5,10.1,10.4,8.1,6.0,1.1,4.4,6.7],[8.7,8.6,7.5,7.2,10.6,7.4,6.5,5.5,9.9,6.4,8.6,6.9,7.0,6.6,7.6,11.1,10.9,10.0,6.7,4.9,1.0,3.6],[9.3,8.4,7.8,7.4,11.9,8.1,6.4,5.5,11.0,7.7,9.3,7.3,7.3,7.1,7.3,10.5,11.5,10.7,8.2,5.4,3.1,1.1]],
  "token_chain_ids": ["A","A","A","A","A","A","A","A","A","A","A","A","A","A","A","A","A","A","A","A","A","A"],
  "token_res_ids": [1,2,3,4,5,6,7,8,9,10,11,12,13,14,15,16,17,18,19,20,21,22]
}