{
  "atom_chain_ids": ["A","A","A","A","A","A","A","A","A","A","A","A","A","A","A","A","A","A","A","A","A","A","A","A","A","A","A","A","A","A","A","A","A","A","A","A","A","A","A","A","A","A","A","A","A","A","A","A","A","A","A","A","A","A","A","A","A","A","A","A","A","A","A","A","A","A","A","A","A","A","A","A","A","A","A","A","A","A","A","A","A","A","A","A","A","A","A","A","A","A","A","A","A","A","A","A","A","A","A","A","A","A","A","A","A","A","A","A","A","A","A","A","A","A","A","A","A","A","A","A","A","A","A","A","A","A","A","A","A","A","A","A","A","A","A","A","A","A","A","A","A","A","A","A","A","A","A","A","A","A","A","A","A","A","A","A","A","A","A","A","A","A","A","A","A","A","A","A","A","A","A","A","A","A","A","A","A","A","A","A","A","A","A","A","A","A","A","A","A","A","A","A","A","A","A","A","A","A","A","A","A","A","A","A","A","A","A","A","A","A","A","A","A","A","A","A","A","A","A","A","A","A","A","A","A","A","A","A","A","A","A","A","A","A","A","A","A","A","A","A","A","A","A","A","A","A","A","A","A","A","A","A","A","A","A","A","A","A","A","A","A","A","A","A","A","A","A","A","A","A","A","A","A","A","A","A","A","A","A","A","A","A","A","A","A","A","A","A","A","A","A","A","A","A","A","A","A","A","A","A","A","A","A","A","A","A","A","A","A","A","A","A","A","A","A","A","A","A","A","A","A","A","A","A","A","A","A","A","A","A","A","A","A","A","A","A","A","A","A","A","A","A","A","A","A","A","A","A","A","A","A","A","A","A","A","A","A","A","A","A","A","A","A","A","A","A","A","A","A","A","A","A","A","A","A","A","A","A","A","A","A","A","A","A","A","A","A","A","A","A","A","A","A","A","A","A","A","A","A","A","A","A","A","A","A","A","A","A","A","A","A","A","A","A","A","A","A","A","A","A","A","A","A","A","A","A","A","A","A","A","A","A","A","A","A","A","A","A","A","A","A","A","A","A","A","A","A","A","A","A","A","A","A","A","A","A","A","A","A","A","A","A","A","A","A","A","A","A","A","A","A","A","A"],
  "atom_plddts": [52.98,55.01,48.87,49.0,55.18,56.88,59.95,60.37,62.5,61.26,61.02,60.21,60.0,57.99,56.47,56.28,56.12,54.38,52.94,53.44,55.13,58.24,69.07,65.81,65.55,69.49,69.66,71.63,72.87,73.08,71.3,71.86,71.73,72.37,72.47,71.26,71.59,72.47,71.91,71.03,71.05,71.23,70.83,72.79,69.87,67.23,67.22,70.0,69.95,71.87,72.94,72.53,71.11,71.41,71.53,72.16,72.58,72.08,72.63,73.38,72.99,72.42,72.17,72.11,71.81,73.23,72.2,70.27,70.01,71.5,71.11,72.23,72.87,72.58,71.14,71.12,70.69,72.22,72.43,72.14,72.43,73.46,73.15,72.55,72.19,72.08,71.39,73.06,69.76,68.18,68.51,69.85,67.44,69.14,67.47,67.91,66.03,64.64,62.58,64.64,61.87,59.67,59.17,59.2,57.12,55.41,56.09,57.78,57.31,68.8,65.22,65.52,69.42,70.1,72.15,73.07,73.37,71.56,72.53,72.55,73.01,73.21,72.13,72.37,73.16,72.75,71.88,71.93,72.11,71.9,73.5,70.63,67.89,67.63,70.72,71.57,73.37,74.07,74.09,72.42,73.14,73.12,73.67,74.02,73.03,73.22,74.09,73.75,73.0,72.98,73.04,72.74,74.33,70.28,68.37,67.73,69.46,70.76,70.96,71.68,71.66,70.43,70.19,70.11,71.0,71.21,70.39,70.72,71.78,71.43,70.69,70.3,70.36,70.03,71.69,62.2,61.79,62.42,62.37,59.6,59.89,59.01,58.62,58.28,55.71,54.64,55.17,52.8,51.37,49.77,49.32,49.22,47.36,49.32,60.53,56.16,56.03,61.38,62.32,63.69,66.44,66.29,64.8,65.24,65.18,65.71,65.94,64.66,65.16,66.06,65.33,64.21,64.08,64.37,64.33,66.51,60.51,58.06,58.5,61.51,60.24,60.53,60.14,59.78,58.96,56.49,56.1,56.87,54.91,53.03,51.55,51.34,50.78,48.91,50.94,57.64,51.9,52.22,59.63,60.02,61.34,61.62,63.05,61.97,60.11,59.78,61.02,59.64,56.39,55.54,56.17,55.2,53.31,54.29,56.26,65.23,61.04,60.91,66.16,67.54,69.62,71.82,71.87,70.32,71.0,71.17,71.56,71.96,70.17,70.81,72.03,71.44,70.53,70.28,70.43,70.41,72.49,68.4,65.86,65.57,68.59,69.83,71.58,72.81,72.36,71.13,71.83,71.74,72.03,72.53,71.71,72.29,73.1,72.61,71.95,71.71,71.69,71.56,73.14,68.14,66.37,65.99,67.83,67.82,69.39,70.3,69.62,68.32,68.07,68.0,69.06,69.31,69.31,70.04,70.74,70.13,69.5,69.04,68.93,68.53,70.24,59.78,57.68,57.79,59.81,57.94,59.68,58.17,60.05,58.82,56.86,55.55,56.81,54.06,51.24,51.27,50.52,48.62,47.27,47.99,49.9,50.08,55.57,51.36,51.54,56.63,56.0,58.42,58.55,59.83,58.41,56.7,56.66,57.63,56.28,55.16,56.04,55.84,54.56,53.68,53.91,54.99,54.04,56.73,53.43,49.31,48.72,53.3,53.81,56.29,57.78,58.13,56.73,56.22,56.47,56.96,57.06,57.35,58.53,59.08,58.49,57.94,57.27,57.16,57.15,58.77,52.98,49.03,48.53,53.46,53.16,55.99,53.92,57.15,55.42,54.06,52.55,53.16,50.45,47.43,47.63,46.69,44.65,43.59,44.31,46.52,47.37,53.35,48.56,47.99,53.95,53.57,55.59,55.6,57.37,56.31,55.08,54.13,55.29,53.35,52.13,52.82,52.53,51.19,49.97,50.36,51.86,50.92,53.63,57.96,53.27,53.22,58.08,59.13,61.68,64.36,63.76,62.67,62.93,63.03,63.4,63.92,63.49,64.25,65.18,64.69,63.7,63.41,63.53,63.5,65.45,60.96,57.4,57.5,60.02,61.99,63.36,64.03,64.05,62.45,62.83,62.18,63.0,63.11,63.28,63.56,64.71,64.33,63.2,62.81,62.89,62.68,64.84],
  "contact_probs": [[1.0,0.94,0.19,0.0,0.01,0.09,0.01,0.01,0.01,0.03,0.17,0.41,0.68,0.54,0.04,0.02,0.01,0.01,0.02,0.03,0.02,0.02],[0.94,1.0,1.0,0.13,0.05,0.39,0.03,0.01,0.0,0.01,0.05,0.17,0.28,0.85,0.47,0.02,0.05,0.03,0.01,0.04,0.03,0.05],[0.19,1.0,1.0,1.0,0.14,0.93,0.35,0.02,0.0,0.01,0.01,0.02,0.05,0.23,0.72,0.07,0.09,0.31,0.07,0.04,0.05,0.12],[0.0,0.13,1.0,1.0,0.23,0.76,0.91,0.34,0.01,0.01,0.0,0.0,0.01,0.04,0.23,0.13,0.18,0.62,0.43,0.05,0.07,0.11],[0.01,0.05,0.14,0.23,1.0,0.08,0.05,0.01,0.0,0.0,0.0,0.01,0.01,0.01,0.03,0.02,0.01,0.03,0.04,0.01,0.01,0.03],[0.09,0.39,0.93,0.76,0.08,1.0,1.0,0.17,0.07,0.26,0.21,0.2,0.02,0.01,0.01,0.0,0.01,0.02,0.02,0.06,0.05,0.08],[0.01,0.03,0.35,0.91,0.05,1.0,1.0,0.99,0.19,0.87,0.13,0.09,0.02,0.02,0.01,0.01,0.01,0.14,0.32,0.15,0.29,0.28],[0.01,0.01,0.02,0.34,0.01,0.17,0.99,1.0,0.28,0.33,0.03,0.02,0.02,0.02,0.03,0.02,0.02,0.46,0.55,0.42,0.66,0.24],[0.01,0.0,0.0,0.01,0.0,0.07,0.19,0.28,1.0,0.28,0.1,0.02,0.01,0.0,0.0,0.0,0.01,0.02,0.04,0.08,0.14,0.14],[0.03,0.01,0.01,0.01,0.0,0.26,0.87,0.33,0.28,1.0,0.74,0.81,0.36,0.04,0.01,0.01,0.01,0.02,0.02,0.27,0.55,0.53],[0.17,0.05,0.01,0.0,0.0,0.21,0.13,0.03,0.1,0.74,1.0,0.6,0.15,0.01,0.01,0.01,0.01,0.01,0.02,0.05,0.09,0.1],[0.41,0.17,0.02,0.0,0.01,0.2,0.09,0.02,0.02,0.81,0.6,1.0,0.89,0.16,0.01,0.01,0.01,0.01,0.03,0.09,0.15,0.22],[0.68,0.28,0.05,0.01,0.01,0.02,0.02,0.02,0.01,0.36,0.15,0.89,1.0,1.0,0.26,0.02,0.04,0.03,0.02,0.17,0.33,0.53],[0.54,0.85,0.23,0.04,0.01,0.01,0.02,0.02,0.0,0.04,0.01,0.16,1.0,1.0,0.99,0.22,0.15,0.1,0.02,0.15,0.34,0.6],[0.04,0.47,0.72,0.23,0.03,0.01,0.01,0.03,0.0,0.01,0.01,0.01,0.26,0.99,1.0,0.64,0.69,0.54,0.05,0.12,0.26,0.21],[0.02,0.02,0.07,0.13,0.02,0.0,0.01,0.02,0.0,0.01,0.01,0.01,0.02,0.22,0.64,1.0,0.77,0.33,0.04,0.09,0.11,0.11],[0.01,0.05,0.09,0.18,0.01,0.01,0.01,0.02,0.01,0.01,0.01,0.01,0.04,0.15,0.69,0.77,1.0,0.88,0.2,0.41,0.15,0.09],[0.01,0.03,0.31,0.62,0.03,0.02,0.14,0.46,0.02,0.02,0.01,0.01,0.03,0.1,0.54,0.33,0.88,1.0,0.82,0.55,0.49,0.19],[0.02,0.01,0.07,0.43,0.04,0.02,0.32,0.55,0.04,0.02,0.02,0.03,0.02,0.02,0.05,0.04,0.2,0.82,1.0,0.55,0.17,0.03],[0.03,0.04,0.04,0.05,0.01,0.06,0.15,0.42,0.08,0.27,0.05,0.09,0.17,0.15,0.12,0.09,0.41,0.55,0.55,1.0,0.91,0.21],[0.02,0.03,0.05,0.07,0.01,0.05,0.29,0.66,0.14,0.55,0.09,0.15,0.33,0.34,0.26,0.11,0.15,0.49,0.17,0.91,1.0,0.98],[0.02,0.05,0.12,0.11,0.03,0.08,0.28,0.24,0.14,0.53,0.1,0.22,0.53,0.6,0.21,0.11,0.09,0.19,0.03,0.21,0.98,1.0]],
  "pae": [[1.2,3.2,5.1,7.7,10.8,6.7,7.4,9.7,9.5,6.9,6.8,6.3,5.6,5.4,7.0,10.7,10.8,10.2,11.3,11.1,8.9,10.2],[2.6,0.9,1.5,2.5,5.4,2.5,2.6,4.0,7.7,3.3,5.0,3.5,2.3,2.5,3.4,6.8,6.4,6.7,9.0,6.9,4.8,4.9],[2.6,1.3,0.9,1.7,4.7,2.1,2.1,2.5,7.2,3.0,4.6,3.6,2.3,2.4,3.0,6.4,5.7,5.9,7.8,5.8,4.2,4.4],[3.6,2.2,1.5,1.0,4.0,2.3,2.2,2.6,7.7,3.3,5.3,4.3,3.1,2.8,3.0,6.8,6.3,5.3,6.8,5.5,4.3,4.4],[10.8,7.4,5.0,5.1,1.4,5.8,5.2,8.0,10.7,10.5,9.2,9.8,10.2,11.1,12.0,13.1,11.9,10.5,11.3,12.1,11.7,11.5],[4.2,2.6,2.4,2.0,3.9,0.9,1.4,2.4,6.9,3.6,4.6,3.6,3.6,3.3,3.5,6.6,6.2,5.6,7.3,5.5,4.1,4.6],[4.0,2.7,2.4,2.4,4.2,1.6,0.9,1.8,6.5,2.8,4.6,3.8,3.3,3.0,3.6,7.0,5.9,6.1,6.8,5.5,3.7,4.2],[5.6,4.6,4.2,3.7,6.1,3.3,1.9,0.9,6.3,3.3,5.2,4.9,4.6,4.2,4.8,8.3,6.8,6.2,6.6,5.2,4.1,4.8],[13.1,14.3,14.2,14.2,15.5,9.9,7.2,9.9,1.7,7.5,8.0,9.2,11.5,13.7,14.7,14.5,15.7,14.3,13.5,13.3,11.6,12.8],[5.8,5.6,6.4,6.0,7.9,4.6,4.5,4.3,5.0,1.1,3.6,3.9,4.4,4.8,6.3,8.6,8.8,7.9,8.7,7.9,6.1,6.3],[8.4,9.0,9.9,9.8,12.1,7.4,7.6,6.6,6.2,5.0,1.4,4.6,5.0,6.9,9.5,10.9,11.5,10.9,11.2,10.3,7.8,8.6],[5.6,5.7,7.3,8.1,10.2,5.9,6.2,6.1,7.6,3.6,3.3,1.2,3.0,4.2,6.1,8.8,9.5,8.3,10.5,8.1,6.1,6.9],[3.8,2.9,3.2,4.0,6.6,3.7,3.5,3.8,6.5,2.6,3.2,2.2,0.9,1.6,2.7,5.7,6.2,6.7,8.4,6.7,4.8,5.3],[3.5,2.3,2.7,3.3,6.3,3.1,3.2,3.5,6.6,2.9,3.8,2.4,1.4,0.9,1.9,5.2,5.2,5.9,7.7,6.7,4.8,5.0],[4.8,3.8,4.1,4.3,7.5,4.6,4.5,5.1,8.1,4.7,5.3,4.0,2.8,1.8,0.9,4.0,4.1,5.1,7.4,6.9,5.4,5.1],[10.6,9.4,9.9,10.1,14.1,11.2,10.4,10.6,12.8,10.2,10.3,9.6,7.9,5.3,4.9,1.1,4.1,5.5,8.3,9.0,9.3,10.3],[9.8,9.2,7.6,7.4,12.1,9.1,8.2,8.5,11.8,9.8,9.6,9.1,7.9,6.1,4.5,3.4,1.0,3.7,6.1,7.4,8.0,8.8],[10.4,9.9,8.4,8.5,12.2,9.0,8.4,7.9,11.8,9.1,9.9,9.7,8.5,7.1,5.8,4.7,4.8,1.0,4.8,5.6,6.4,7.4],[13.5,13.6,11.8,11.1,14.8,11.1,10.4,9.4,13.7,11.6,11.8,12.6,12.4,11.1,11.5,9.7,5.6,5.6,1.3,7.9,7.4,9.6],[11.1,9.6,9.1,7.7,12.9,9.3,6.4,5.4,10.1,7.2,10.0,8.8,8.1,7.7,8.1,9.2,9.2,5.3,6.2,1.1,3.1,4.9],[8.0,7.4,6.6,6.4,9.7,6.1,5.5,5.0,8.5,5.1,7.0,6.4,5.9,5.8,6.9,9.2,9.2,6.1,4.9,3.9,1.0,2.6],[7.5,6.4,6.6,6.0,10.0,6.8,5.3,4.8,8.9,5.7,7.2,6.1,5.9,5.2,6.2,8.4,8.7,7.0,6.3,4.9,2.6,1.0]],
  "token_chain_ids": ["A","A","A","A","A","A","A","A","A","A","A","A","A","A","A","A","A","A","A","A","A","A"],
  "token_res_ids": [1,2,3,4,5,6,7,8,9,10,11,12,13,14,15,16,17,18,19,20,21,22]
}