{
  "atom_chain_ids": ["A","A","A","A","A","A","A","A","A","A","A","A","A","A","A","A","A","A","A","A","A","A","A","A","A","A","A","A","A","A","A","A","A","A","A","A","A","A","A","A","A","A","A","A","A","A","A","A","A","A","A","A","A","A","A","A","A","A","A","A","A","A","A","A","A","A","A","A","A","A","A","A","A","A","A","A","A","A","A","A","A","A","A","A","A","A","A","A","A","A","A","A","A","A","A","A","A","A","A","A","A","A","A","A","A","A","A","A","A","A","A","A","A","A","A","A","A","A","A","A","A","A","A","A","A","A","A","A","A","A","A","A","A","A","A","A","A","A","A","A","A","A","A","A","A","A","A","A","A","A","A","A","A","A","A","A","A","A","A","A","A","A","A","A","A","A","A","A","A","A","A","A","A","A","A","A","A","A","A","A","A","A","A","A","A","A","A","A","A","A","A","A","A","A","A","A","A","A","A","A","A","A","A","A","A","A","A","A","A","A","A","A","A","A","A","A","A","A","A","A","A","A","A","A","A","A","A","A","A","A","A","A","A","A","A","A","A","A","A","A","A","A","A","A","A","A","A","A","A","A","A","A","A","A","A","A","A","A","A","A","A","A","A","A","A","A","A","A","A","A","A","A","A","A","A","A","A","A","A","A","A","A","A","A","A","A","A","A","A","A","A","A","A","A","A","A","A","A","A","A","A","A","A","A","A","A","A","A","A","A","A","A","A","A","A","A","A","A","A","A","A","A","A","A","A","A","A","A","A","A","A","A","A","A","A","A","A","A","A","A","A","A","A","A","A","A","A","A","A","A","A","A","A","A","A","A","A","A","A","A","A","A","A","A","A","A","A","A","A","A","A","A","A","A","A","A","A","A","A","A","A","A","A","A","A","A","A","A","A","A","A","A","A","A","A","A","A","A","A","A","A","A","A","A","A","A","A","A","A","A","A","A","A","A","A","A","A","A","A","A","A","A","A","A","A","A","A","A","A","A","A","A","A","A","A","A","A","A","A","A","A","A","A","A","A","A","A","A","A","A","A","A","A","A","A","A","A","A","A","A","A","A","A","A","A","A","A","A","A","A","A","A","A"],
  "atom_plddts": [52.32,54.11,48.39,48.42,54.21,55.42,58.16,58.61,60.61,59.67,59.3,58.41,58.11,56.21,54.69,54.3,54.16,52.61,51.15,51.68,53.33,56.14,65.46,62.29,62.06,65.9,66.22,67.92,69.75,69.56,67.96,68.61,68.47,68.91,69.12,67.88,68.07,69.09,68.67,67.63,67.61,67.85,67.38,69.33,66.74,64.61,64.59,66.77,66.86,68.49,69.99,69.16,67.91,68.24,68.06,68.61,69.05,68.59,68.89,69.73,69.51,68.79,68.5,68.55,68.13,69.44,69.15,67.53,67.26,68.5,68.13,68.93,69.93,69.26,68.1,68.04,67.42,68.85,69.1,68.9,68.98,70.04,69.86,69.07,68.71,68.74,67.96,69.52,68.16,66.73,67.02,68.42,65.83,67.41,65.65,66.23,64.5,63.01,60.71,62.78,59.91,57.45,56.81,56.74,54.83,53.06,53.79,55.5,54.79,65.77,62.46,62.7,66.4,67.31,69.15,70.49,70.43,68.75,69.81,69.82,70.01,70.26,69.12,69.23,70.08,69.77,68.79,68.77,69.0,68.72,70.38,67.93,65.44,65.06,68.09,69.46,70.86,71.96,71.56,70.1,71.06,70.92,71.21,71.58,70.51,70.55,71.4,71.2,70.32,70.32,70.47,70.18,71.63,67.36,65.7,65.01,66.56,67.87,67.83,68.95,68.41,67.5,67.19,66.63,67.54,67.75,66.97,66.9,68.08,67.88,66.77,66.43,66.67,66.1,67.89,60.02,59.25,59.78,60.49,57.98,58.08,57.48,57.17,56.88,54.63,53.48,53.99,51.96,50.31,48.78,48.52,48.5,46.61,48.41,58.41,54.52,54.54,58.94,60.0,61.0,64.01,63.47,62.33,62.72,62.36,62.85,63.16,61.88,62.02,62.93,62.36,61.08,61.11,61.47,61.12,63.29,58.2,55.59,55.96,59.28,58.28,58.47,58.24,58.04,57.39,55.19,54.66,55.3,53.51,51.34,49.86,49.7,49.29,47.4,49.39,57.15,51.49,51.68,59.06,59.39,60.58,61.16,62.45,61.62,60.06,59.62,60.8,59.57,56.31,55.38,55.99,55.13,53.13,54.28,56.19,63.99,60.12,60.11,64.75,66.15,67.81,70.08,69.6,68.18,68.98,69.01,69.4,69.86,68.28,68.63,69.88,69.47,68.42,68.26,68.55,68.38,70.22,65.09,62.8,62.64,65.16,66.59,67.81,69.55,68.52,67.41,68.15,67.87,68.11,68.71,68.01,68.36,69.29,68.98,68.13,67.88,67.99,67.71,69.19,65.24,63.99,63.68,64.89,64.97,66.01,67.35,66.09,65.16,64.97,64.42,65.56,65.84,65.72,66.0,66.77,66.37,65.47,65.22,65.31,64.66,66.35,50.66,49.11,49.03,50.23,48.66,49.66,48.27,51.19,50.16,48.84,47.49,48.53,46.31,43.81,43.67,42.97,41.68,40.61,41.09,42.7,42.94,47.63,44.12,44.15,48.19,47.31,49.26,49.4,50.57,49.26,48.31,47.82,48.72,47.69,46.33,46.88,46.79,45.82,44.97,45.04,46.03,45.1,47.49,39.7,36.83,36.32,38.85,38.58,40.72,41.0,42.95,41.42,41.83,41.38,41.93,41.6,40.84,41.42,41.89,41.2,40.61,39.95,39.88,40.1,41.71,46.16,42.55,41.5,46.16,45.88,48.37,46.88,50.51,48.87,48.23,46.7,47.38,45.31,42.28,42.22,41.55,39.94,38.84,39.45,41.5,42.33,46.11,42.23,41.4,46.27,45.67,47.36,47.05,49.16,48.12,47.38,46.14,47.28,45.46,43.97,44.35,44.32,43.22,42.13,42.21,43.53,42.68,45.07,53.24,49.02,49.11,52.91,53.99,56.35,59.22,58.61,57.61,57.83,57.74,57.89,58.34,57.65,58.09,58.89,58.42,57.35,57.08,57.26,57.03,58.94,56.37,53.33,53.6,55.39,57.38,58.76,59.39,59.33,57.97,58.16,57.3,57.87,58.0,58.03,57.92,58.96,58.59,57.28,57.04,57.29,56.82,58.93],
  "contact_probs": [[1.0,0.94,0.19,0.0,0.01,0.09,0.01,0.01,0.01,0.03,0.17,0.41,0.68,0.54,0.04,0.02,0.01,0.01,0.02,0.03,0.02,0.02],[0.94,1.0,1.0,0.13,0.05,0.39,0.03,0.01,0.0,0.01,0.05,0.17,0.28,0.85,0.47,0.02,0.05,0.03,0.01,0.04,0.03,0.05],[0.19,1.0,1.0,1.0,0.14,0.93,0.35,0.02,0.0,0.01,0.01,0.02,0.05,0.23,0.72,0.07,0.09,0.31,0.07,0.04,0.05,0.12],[0.0,0.13,1.0,1.0,0.23,0.76,0.91,0.34,0.01,0.01,0.0,0.0,0.01,0.04,0.23,0.13,0.18,0.62,0.43,0.05,0.07,0.11],[0.01,0.05,0.14,0.23,1.0,0.08,0.05,0.01,0.0,0.0,0.0,0.01,0.01,0.01,0.03,0.02,0.01,0.03,0.04,0.01,0.01,0.03],[0.09,0.39,0.93,0.76,0.08,1.0,1.0,0.17,0.07,0.26,0.21,0.2,0.02,0.01,0.01,0.0,0.01,0.02,0.02,0.06,0.05,0.08],[0.01,0.03,0.35,0.91,0.05,1.0,1.0,0.99,0.19,0.87,0.13,0.09,0.02,0.02,0.01,0.01,0.01,0.14,0.32,0.15,0.29,0.28],[0.01,0.01,0.02,0.34,0.01,0.17,0.99,1.0,0.28,0.33,0.03,0.02,0.02,0.02,0.03,0.02,0.02,0.46,0.55,0.42,0.66,0.24],[0.01,0.0,0.0,0.01,0.0,0.07,0.19,0.28,1.0,0.28,0.1,0.02,0.01,0.0,0.0,0.0,0.01,0.02,0.04,0.08,0.14,0.14],[0.03,0.01,0.01,0.01,0.0,0.26,0.87,0.33,0.28,1.0,0.74,0.81,0.36,0.04,0.01,0.01,0.01,0.02,0.02,0.27,0.55,0.53],[0.17,0.05,0.01,0.0,0.0,0.21,0.13,0.03,0.1,0.74,1.0,0.6,0.15,0.01,0.01,0.01,0.01,0.01,0.02,0.05,0.09,0.1],[0.41,0.17,0.02,0.0,0.01,0.2,0.09,0.02,0.02,0.81,0.6,1.0,0.89,0.16,0.01,0.01,0.01,0.01,0.03,0.09,0.15,0.22],[0.68,0.28,0.05,0.01,0.01,0.02,0.02,0.02,0.01,0.36,0.15,0.89,1.0,1.0,0.26,0.02,0.04,0.03,0.02,0.17,0.33,0.53],[0.54,0.85,0.23,0.04,0.01,0.01,0.02,0.02,0.0,0.04,0.01,0.16,1.0,1.0,0.99,0.22,0.15,0.1,0.02,0.15,0.34,0.6],[0.04,0.47,0.72,0.23,0.03,0.01,0.01,0.03,0.0,0.01,0.01,0.01,0.26,0.99,1.0,0.64,0.69,0.54,0.05,0.12,0.26,0.21],[0.02,0.02,0.07,0.13,0.02,0.0,0.01,0.02,0.0,0.01,0.01,0.01,0.02,0.22,0.64,1.0,0.77,0.33,0.04,0.09,0.11,0.11],[0.01,0.05,0.09,0.18,0.01,0.01,0.01,0.02,0.01,0.01,0.01,0.01,0.04,0.15,0.69,0.77,1.0,0.88,0.2,0.41,0.15,0.09],[0.01,0.03,0.31,0.62,0.03,0.02,0.14,0.46,0.02,0.02,0.01,0.01,0.03,0.1,0.54,0.33,0.88,1.0,0.82,0.55,0.49,0.19],[0.02,0.01,0.07,0.43,0.04,0.02,0.32,0.55,0.04,0.02,0.02,0.03,0.02,0.02,0.05,0.04,0.2,0.82,1.0,0.55,0.17,0.03],[0.03,0.04,0.04,0.05,0.01,0.06,0.15,0.42,0.08,0.27,0.05,0.09,0.17,0.15,0.12,0.09,0.41,0.55,0.55,1.0,0.91,0.21],[0.02,0.03,0.05,0.07,0.01,0.05,0.29,0.66,0.14,0.55,0.09,0.15,0.33,0.34,0.26,0.11,0.15,0.49,0.17,0.91,1.0,0.98],[0.02,0.05,0.12,0.11,0.03,0.08,0.28,0.24,0.14,0.53,0.1,0.22,0.53,0.6,0.21,0.11,0.09,0.19,0.03,0.21,0.98,1.0]],
  "pae": [[1.2,3.3,5.2,7.5,10.7,7.0,7.6,10.0,9.2,7.2,8.7,6.3,5.4,5.5,6.7,12.3,12.3,12.5,13.1,12.1,9.4,10.2],[2.6,0.9,1.6,2.8,5.5,2.8,3.1,4.4,8.3,3.6,5.7,4.2,2.4,2.9,3.3,8.3,7.4,9.3,9.0,8.1,5.4,5.5],[2.7,1.4,0.8,1.6,4.8,2.3,2.2,2.7,7.6,3.3,5.3,4.0,2.4,2.5,3.1,8.3,6.7,8.9,8.6,7.0,4.4,4.7],[3.7,2.1,1.4,0.9,4.0,2.5,2.4,2.7,7.7,3.7,5.7,4.4,3.2,3.1,2.8,8.3,7.4,9.2,8.2,6.6,4.4,4.8],[10.9,7.6,5.2,5.0,1.4,6.4,5.6,8.3,11.7,10.9,9.6,9.7,10.1,10.7,10.8,13.7,13.3,12.1,11.7,11.7,11.1,10.4],[4.6,2.6,2.6,2.2,4.0,0.9,1.6,2.6,7.3,4.4,5.1,4.2,4.0,3.6,3.9,8.4,7.3,9.0,7.8,6.5,4.4,5.0],[4.2,2.6,2.3,2.4,4.2,1.7,0.9,1.9,6.8,3.3,5.0,4.1,3.2,3.0,3.4,8.2,7.1,8.4,7.8,6.6,4.3,4.8],[5.8,4.5,4.1,3.6,6.1,3.4,1.8,1.0,6.7,3.5,5.8,5.2,4.8,4.2,4.8,9.9,8.1,8.8,7.6,6.0,4.7,5.6],[13.2,14.4,14.7,13.9,16.5,10.9,7.6,10.6,1.7,8.0,7.5,9.1,11.7,13.9,14.4,15.2,16.7,15.4,14.8,13.6,11.4,13.1],[6.2,6.3,6.6,6.3,8.6,5.3,5.0,4.6,5.2,1.1,3.8,4.4,4.6,5.2,6.4,9.7,9.5,9.8,9.2,8.9,6.8,7.1],[8.9,9.8,9.8,10.2,13.5,8.2,8.8,8.4,6.8,5.8,1.4,5.2,5.8,8.0,10.4,11.8,12.8,12.5,12.5,11.1,8.2,9.0],[6.1,5.9,7.0,8.1,11.4,6.6,6.2,6.3,8.4,4.0,3.6,1.2,3.1,4.2,5.8,10.2,10.9,11.4,10.9,9.6,6.4,7.5],[4.0,2.8,3.1,3.8,6.8,3.7,3.5,3.7,7.0,2.8,3.6,2.3,0.9,1.6,2.5,6.7,6.9,8.6,8.7,7.7,4.9,5.5],[3.6,2.4,2.5,3.2,6.1,3.1,3.3,3.7,6.8,2.8,4.3,2.5,1.4,0.9,1.8,6.9,6.4,8.0,8.1,7.8,4.8,5.4],[5.0,3.4,3.9,3.9,8.0,4.6,4.9,5.5,8.4,5.0,5.9,4.2,2.9,1.9,0.9,6.1,5.3,7.9,9.1,9.6,6.1,6.0],[13.9,12.6,13.9,15.7,18.7,15.6,15.1,15.4,16.2,14.7,14.2,13.2,10.9,7.7,7.7,1.3,4.7,8.2,11.6,12.9,13.0,13.6],[13.6,14.0,13.5,11.7,17.0,14.1,13.1,12.3,14.6,14.6,13.1,13.4,11.7,8.8,7.4,5.1,1.1,4.8,9.0,10.4,11.0,10.7],[17.2,17.1,14.1,12.9,18.4,16.6,13.1,10.6,17.2,14.6,16.4,16.8,16.8,12.0,9.9,6.5,5.3,1.2,8.3,9.2,10.2,11.0],[15.3,15.9,15.4,14.7,16.4,14.9,13.6,10.4,14.0,14.1,14.3,13.7,14.6,13.5,14.2,11.2,7.5,7.3,1.4,8.5,7.3,9.3],[13.4,12.0,12.3,10.6,14.8,12.4,9.9,6.0,11.5,9.4,11.9,11.5,10.3,10.3,11.0,11.1,11.5,8.1,6.6,1.1,3.8,5.7],[8.9,8.8,7.5,7.6,10.8,7.6,7.1,5.5,9.1,6.2,8.0,7.1,7.4,6.7,8.0,10.9,10.9,10.1,6.2,4.6,1.0,3.3],[9.5,8.4,7.9,7.4,11.6,8.5,6.9,5.4,9.8,6.9,8.6,7.6,7.6,7.0,7.3,10.9,11.4,10.4,8.6,5.9,2.9,1.1]],
  "token_chain_ids": ["A","A","A","A","A","A","A","A","A","A","A","A","A","A","A","A","A","A","A","A","A","A"],
  "token_res_ids": [1,2,3,4,5,6,7,8,9,10,11,12,13,14,15,16,17,18,19,20,21,22]
}