{
  "atom_chain_ids": ["A","A","A","A","A","A","A","A","A","A","A","A","A","A","A","A","A","A","A","A","A","A","A","A","A","A","A","A","A","A","A","A","A","A","A","A","A","A","A","A","A","A","A","A","A","A","A","A","A","A","A","A","A","A","A","A","A","A","A","A","A","A","A","A","A","A","A","A","A","A","A","A","A","A","A","A","A","A","A","A","A","A","A","A","A","A","A","A","A","A","A","A","A","A","A","A","A","A","A","A","A","A","A","A","A","A","A","A","A","A","A","A","A","A","A","A","A","A","A","A","A","A","A","A","A","A","A","A","A","A","A","A","A","A","A","A","A","A","A","A","A","A","A","A","A","A","A","A","A","A","A","A","A","A","A","A","A","A","A","A","A","A","A","A","A","A","A","A","A","A","A","A","A","A","A","A","A","A","A","A","A","A","A","A","A","A","A","A","A","A","A","A","A","A","A","A","A","A","A","A","A","A","A","A","A","A","A","A","A","A","A","A","A","A","A","A","A","A","A","A","A","A","A","A","A","A","A","A","A","A","A","A","A","A","A","A","A","A","A","A","A","A","A","A","A","A","A","A","A","A","A","A","A","A","A","A","A","A","A","A","A","A","A","A","A","A","A","A","A","A","A","A","A","A","A","A","A","A","A","A","A","A","A","A","A","A","A","A","A","A","A","A","A","A","A","A","A","A","A","A","A","A","A","A","A","A","A","A","A","A","A","A","A","A","A","A","A","A","A","A","A","A","A","A","A","A","A","A","A","A","A","A","A","A","A","A","A","A","A","A","A","A","A","A","A","A","A","A","A","A","A","A","A","A","A","A","A","A","A","A","A","A","A","A","A","A","A","A","A","A","A","A","A","A","A","A","A","A","A","A","A","A","A","A","A","A","A","A","A","A","A","A","A","A","A","A","A","A","A","A","A","A","A","A","A","A","A","A","A","A","A","A","A","A","A","A","A","A","A","A","A","A","A","A","A","A","A","A","A","A","A","A","A","A","A","A","A","A","A","A","A","A","A","A","A","A","A","A","A","A","A","A","A","A","A","A","A","A","A","A","A","A","A","A","A","A","A","A","A","A","A","A","A"],
  "atom_plddts": [53.03,54.98,49.19,49.3,55.06,56.53,59.53,60.15,62.12,61.03,60.82,60.06,59.77,57.96,56.44,56.26,56.16,54.62,53.21,53.63,55.22,58.02,67.73,64.45,64.19,68.23,68.66,70.48,72.0,71.9,70.27,71.02,70.94,71.46,71.68,70.43,70.68,71.61,71.14,70.22,70.24,70.48,70.19,71.94,67.99,65.73,65.65,68.04,68.21,69.84,71.17,70.46,69.17,69.53,69.39,69.93,70.36,69.88,70.19,71.02,70.8,70.1,69.84,69.86,69.46,70.77,69.55,67.89,67.61,68.91,68.74,69.52,70.55,69.97,68.82,68.86,68.33,69.59,69.89,69.6,69.7,70.72,70.55,69.81,69.48,69.49,68.8,70.25,67.99,66.56,66.8,68.12,65.56,67.03,65.73,66.01,64.35,62.94,60.84,62.96,60.46,58.4,57.95,58.08,56.34,54.59,55.23,56.74,56.06,66.27,62.91,63.21,66.87,67.69,69.5,70.83,70.68,69.05,70.17,70.17,70.43,70.72,69.71,69.84,70.68,70.39,69.46,69.43,69.65,69.42,70.91,67.88,65.13,64.96,68.16,69.57,71.05,72.24,71.85,70.4,71.48,71.46,71.77,72.2,71.13,71.24,72.06,71.84,71.06,71.04,71.18,71.01,72.32,67.92,65.8,65.23,67.36,68.99,69.07,70.29,69.91,68.97,68.99,68.75,69.47,69.77,68.86,68.99,70.05,69.83,68.94,68.63,68.83,68.57,70.07,59.35,58.22,58.9,59.96,57.84,58.13,57.89,57.68,57.38,55.21,54.29,54.66,52.67,50.83,49.39,49.13,49.1,47.28,49.06,59.62,55.2,55.28,60.27,61.19,62.43,65.38,64.8,63.52,64.01,63.95,64.51,64.88,63.76,64.11,65.08,64.47,63.3,63.22,63.53,63.39,65.44,56.46,54.0,54.47,57.62,57.04,57.43,57.31,57.23,56.52,54.3,54.13,54.58,53.05,50.96,49.77,49.63,49.27,47.56,49.26,57.86,52.09,52.32,59.82,60.07,61.39,61.96,63.0,62.16,60.53,60.07,61.37,60.22,57.19,56.35,57.09,56.25,54.28,55.26,57.06,64.13,60.23,60.22,64.99,66.52,68.17,70.39,69.9,68.49,69.25,69.4,69.7,70.18,68.61,69.01,70.25,69.83,68.81,68.63,68.92,68.81,70.58,66.24,63.99,63.74,66.34,67.8,68.95,70.55,69.59,68.52,69.26,69.05,69.26,69.85,69.14,69.5,70.38,70.07,69.28,69.05,69.15,68.93,70.31,66.21,64.88,64.51,65.87,65.97,67.12,68.43,67.29,66.3,66.21,65.78,66.83,67.14,66.96,67.28,68.05,67.65,66.81,66.55,66.62,66.04,67.63,54.13,52.95,52.88,53.69,51.79,52.83,51.16,53.6,52.52,50.93,49.55,50.69,48.31,45.92,45.8,45.03,43.64,42.5,43.07,44.73,44.76,49.19,45.06,45.01,50.04,49.41,51.61,51.91,53.23,51.95,50.7,50.54,51.2,50.13,48.84,49.54,49.3,48.23,47.3,47.51,48.64,47.79,50.14,41.14,38.09,37.66,40.46,40.18,42.33,42.54,44.36,42.81,43.07,42.75,43.27,42.85,42.33,43.05,43.43,42.71,42.14,41.48,41.47,41.61,43.14,47.09,43.22,42.31,47.29,47.06,49.77,48.26,51.84,50.19,49.34,47.8,48.45,46.24,43.1,43.06,42.28,40.5,39.38,40.1,42.27,43.13,47.42,43.04,42.17,47.8,47.33,49.25,49.22,51.17,50.18,49.35,48.17,49.23,47.36,45.79,46.19,46.01,44.74,43.54,43.79,45.25,44.45,47.06,55.67,51.24,51.35,55.54,56.7,59.06,61.97,61.14,60.17,60.5,60.55,60.8,61.32,60.67,61.19,62.07,61.63,60.56,60.32,60.5,60.37,62.31,59.07,55.68,55.86,58.13,60.3,61.52,62.52,62.13,60.8,61.21,60.37,60.93,61.07,61.05,60.98,62.05,61.69,60.41,60.19,60.43,60.13,62.28],
  "contact_probs": [[1.0,0.94,0.19,0.0,0.01,0.09,0.01,0.01,0.01,0.03,0.17,0.41,0.68,0.54,0.04,0.02,0.01,0.01,0.02,0.03,0.02,0.02],[0.94,1.0,1.0,0.13,0.05,0.39,0.03,0.01,0.0,0.01,0.05,0.17,0.28,0.85,0.47,0.02,0.05,0.03,0.01,0.04,0.03,0.05],[0.19,1.0,1.0,1.0,0.14,0.93,0.35,0.02,0.0,0.01,0.01,0.02,0.05,0.23,0.72,0.07,0.09,0.31,0.07,0.04,0.05,0.12],[0.0,0.13,1.0,1.0,0.23,0.76,0.91,0.34,0.01,0.01,0.0,0.0,0.01,0.04,0.23,0.13,0.18,0.62,0.43,0.05,0.07,0.11],[0.01,0.05,0.14,0.23,1.0,0.08,0.05,0.01,0.0,0.0,0.0,0.01,0.01,0.01,0.03,0.02,0.01,0.03,0.04,0.01,0.01,0.03],[0.09,0.39,0.93,0.76,0.08,1.0,1.0,0.17,0.07,0.26,0.21,0.2,0.02,0.01,0.01,0.0,0.01,0.02,0.02,0.06,0.05,0.08],[0.01,0.03,0.35,0.91,0.05,1.0,1.0,0.99,0.19,0.87,0.13,0.09,0.02,0.02,0.01,0.01,0.01,0.14,0.32,0.15,0.29,0.28],[0.01,0.01,0.02,0.34,0.01,0.17,0.99,1.0,0.28,0.33,0.03,0.02,0.02,0.02,0.03,0.02,0.02,0.46,0.55,0.42,0.66,0.24],[0.01,0.0,0.0,0.01,0.0,0.07,0.19,0.28,1.0,0.28,0.1,0.02,0.01,0.0,0.0,0.0,0.01,0.02,0.04,0.08,0.14,0.14],[0.03,0.01,0.01,0.01,0.0,0.26,0.87,0.33,0.28,1.0,0.74,0.81,0.36,0.04,0.01,0.01,0.01,0.02,0.02,0.27,0.55,0.53],[0.17,0.05,0.01,0.0,0.0,0.21,0.13,0.03,0.1,0.74,1.0,0.6,0.15,0.01,0.01,0.01,0.01,0.01,0.02,0.05,0.09,0.1],[0.41,0.17,0.02,0.0,0.01,0.2,0.09,0.02,0.02,0.81,0.6,1.0,0.89,0.16,0.01,0.01,0.01,0.01,0.03,0.09,0.15,0.22],[0.68,0.28,0.05,0.01,0.01,0.02,0.02,0.02,0.01,0.36,0.15,0.89,1.0,1.0,0.26,0.02,0.04,0.03,0.02,0.17,0.33,0.53],[0.54,0.85,0.23,0.04,0.01,0.01,0.02,0.02,0.0,0.04,0.01,0.16,1.0,1.0,0.99,0.22,0.15,0.1,0.02,0.15,0.34,0.6],[0.04,0.47,0.72,0.23,0.03,0.01,0.01,0.03,0.0,0.01,0.01,0.01,0.26,0.99,1.0,0.64,0.69,0.54,0.05,0.12,0.26,0.21],[0.02,0.02,0.07,0.13,0.02,0.0,0.01,0.02,0.0,0.01,0.01,0.01,0.02,0.22,0.64,1.0,0.77,0.33,0.04,0.09,0.11,0.11],[0.01,0.05,0.09,0.18,0.01,0.01,0.01,0.02,0.01,0.01,0.01,0.01,0.04,0.15,0.69,0.77,1.0,0.88,0.2,0.41,0.15,0.09],[0.01,0.03,0.31,0.62,0.03,0.02,0.14,0.46,0.02,0.02,0.01,0.01,0.03,0.1,0.54,0.33,0.88,1.0,0.82,0.55,0.49,0.19],[0.02,0.01,0.07,0.43,0.04,0.02,0.32,0.55,0.04,0.02,0.02,0.03,0.02,0.02,0.05,0.04,0.2,0.82,1.0,0.55,0.17,0.03],[0.03,0.04,0.04,0.05,0.01,0.06,0.15,0.42,0.08,0.27,0.05,0.09,0.17,0.15,0.12,0.09,0.41,0.55,0.55,1.0,0.91,0.21],[0.02,0.03,0.05,0.07,0.01,0.05,0.29,0.66,0.14,0.55,0.09,0.15,0.33,0.34,0.26,0.11,0.15,0.49,0.17,0.91,1.0,0.98],[0.02,0.05,0.12,0.11,0.03,0.08,0.28,0.24,0.14,0.53,0.1,0.22,0.53,0.6,0.21,0.11,0.09,0.19,0.03,0.21,0.98,1.0]],
  "pae": [[1.1,2.7,4.4,6.2,8.9,5.3,6.2,8.0,8.3,6.0,7.8,5.4,4.4,4.7,5.7,10.8,10.6,11.4,11.6,10.8,7.7,8.4],[2.3,0.9,1.4,2.3,4.6,2.3,2.6,3.5,7.3,3.2,5.4,3.3,2.1,2.3,3.0,7.3,6.5,8.5,8.0,7.4,4.8,5.0],[2.3,1.3,0.8,1.4,3.7,1.9,2.0,2.3,6.8,2.9,5.2,3.4,2.2,2.2,2.9,7.3,6.3,8.4,8.0,6.7,3.9,4.3],[3.4,2.0,1.4,0.9,3.3,2.3,2.3,2.6,7.1,3.4,5.9,4.2,3.1,3.1,2.8,7.8,7.3,9.1,8.1,6.4,4.2,4.8],[8.9,6.5,4.3,3.8,1.4,4.8,4.6,7.2,9.7,9.0,8.7,8.3,8.1,8.7,8.9,12.1,11.7,11.6,10.6,10.6,9.3,9.3],[4.1,2.4,2.2,1.9,3.3,0.9,1.4,2.1,6.5,3.2,5.0,3.5,3.4,3.2,3.5,7.7,7.0,8.4,7.2,6.2,4.0,4.8],[3.9,2.4,2.2,2.2,3.5,1.6,0.8,1.7,6.1,2.8,5.2,3.6,3.0,2.9,3.3,7.6,6.7,8.4,7.0,5.8,3.6,4.3],[5.2,3.8,3.7,3.2,5.2,2.9,1.9,0.9,6.0,3.0,6.0,4.8,4.3,3.9,4.4,9.5,7.6,8.8,7.5,6.2,4.0,5.0],[12.9,13.3,13.9,13.0,15.2,9.2,7.0,10.2,1.7,6.9,7.7,8.5,11.2,13.2,13.9,14.9,16.3,15.1,14.2,13.6,11.6,12.7],[5.8,5.8,6.7,6.0,7.8,4.5,4.8,4.4,5.0,1.1,4.0,3.8,4.0,4.8,6.2,9.3,9.3,9.9,9.0,8.8,6.1,6.9],[10.3,10.8,11.2,11.3,13.4,8.5,9.1,9.2,7.5,5.8,1.6,6.0,6.5,9.9,11.9,12.7,13.5,13.8,13.0,12.7,9.1,10.7],[5.9,6.2,6.9,8.2,10.4,5.9,6.6,6.5,8.2,4.2,4.2,1.2,3.1,4.5,6.5,9.9,11.1,11.4,11.1,10.4,6.2,7.7],[3.6,2.7,3.1,3.7,5.8,3.4,3.3,3.6,6.4,2.6,3.8,2.0,0.9,1.5,2.5,6.5,6.6,8.7,7.8,7.3,4.5,5.1],[3.3,2.2,2.5,3.1,5.3,2.8,3.0,3.4,6.3,2.8,4.6,2.2,1.3,0.9,1.7,6.8,6.0,8.0,7.2,7.2,4.3,4.7],[5.0,3.4,3.9,4.1,7.5,4.5,4.7,5.3,8.1,4.9,6.6,4.2,3.0,2.0,0.9,5.6,5.6,7.9,9.0,8.8,5.9,5.7],[13.4,12.1,13.1,15.4,18.1,15.6,14.9,14.9,15.1,14.1,14.1,11.3,9.4,7.6,7.7,1.2,5.0,8.1,10.5,12.1,12.6,12.5],[12.7,12.1,12.3,11.3,16.1,13.2,13.2,11.2,14.2,13.5,12.9,11.3,9.9,8.0,6.3,4.7,1.1,4.8,8.0,9.8,10.8,10.3],[16.3,15.7,13.4,12.8,17.8,15.9,13.4,10.6,16.9,15.1,16.6,16.5,16.1,12.4,9.2,6.2,5.3,1.1,7.0,9.2,10.8,10.7],[14.0,14.5,13.8,13.6,15.9,13.1,12.3,9.4,13.3,12.7,13.8,12.1,13.2,13.8,13.3,11.3,7.3,6.8,1.3,7.3,6.8,8.8],[13.2,12.2,11.5,10.7,14.9,10.9,10.2,6.2,11.3,9.2,12.3,10.7,10.2,10.7,11.1,10.4,10.4,6.1,5.7,1.1,4.4,6.0],[8.0,8.0,7.0,6.4,9.7,6.4,6.2,4.9,8.4,5.6,7.9,6.7,6.7,6.3,7.4,10.3,10.4,9.9,6.0,4.4,1.0,3.0],[8.7,7.7,7.3,6.6,11.1,7.3,6.1,4.8,9.1,6.4,8.8,6.9,6.6,6.6,6.6,10.0,10.5,10.6,8.1,5.5,2.7,1.1]],
  "token_chain_ids": ["A","A","A","A","A","A","A","A","A","A","A","A","A","A","A","A","A","A","A","A","A","A"],
  "token_res_ids": [1,2,3,4,5,6,7,8,9,10,11,12,13,14,15,16,17,18,19,20,21,22]
}