{
  "atom_chain_ids": ["A","A","A","A","A","A","A","A","A","A","A","A","A","A","A","A","A","A","A","A","A","A","A","A","A","A","A","A","A","A","A","A","A","A","A","A","A","A","A","A","A","A","A","A","A","A","A","A","A","A","A","A","A","A","A","A","A","A","A","A","A","A","A","A","A","A","A","A","A","A","A","A","A","A","A","A","A","A","A","A","A","A","A","A","A","A","A","A","A","A","A","A","A","A","A","A","A","A","A","A","A","A","A","A","A","A","A","A","A","A","A","A","A","A","A","A","A","A","A","A","A","A","A","A","A","A","A","A","A","A","A","A","A","A","A","A","A","A","A","A","A","A","A","A","A","A","A","A","A","A","A","A","A","A","A","A","A","A","A","A","A","A","A","A","A","A","A","A","A","A","A","A","A","A","A","A","A","A","A","A","A","A","A","A","A","A","A","A","A","A","A","A","A","A","A","A","A","A","A","A","A","A","A","A","A","A","A","A","A","A","A","A","A","A","A","A","A","A","A","A","A","A","A","A","A","A","A","A","A","A","A","A","A","A","A","A","A","A","A","A","A","A","A","A","A","A","A","A","A","A","A","A","A","A","A","A","A","A","A","A","A","A","A","A","A","A","A","A","A","A","A","A","A","A","A","A","A","A","A","A","A","A","A","A","A","A","A","A","A","A","A","A","A","A","A","A","A","A","A","A","A","A","A","A","A","A","A","A","A","A","A","A","A","A","A","A","A","A","A","A","A","A","A","A","A","A","A","A","A","A","A","A","A","A","A","A","A","A","A","A","A","A","A","A","A","A","A","A","A","A","A","A","A","A","A","A","A","A","A","A","A","A","A","A","A","A","A","A","A","A","A","A","A","A","A","A","A","A","A","A","A","A","A","A","A","A","A","A","A","A","A","A","A","A","A","A","A","A","A","A","A","A","A","A","A","A","A","A","A","A","A","A","A","A","A","A","A","A","A","A","A","A","A","A","A","A","A","A","A","A","A","A","A","A","A","A","A","A","A","A","A","A","A","A","A","A","A","A","A","A","A","A","A","A","A","A","A","A","A","A","A","A","A","A","A","A","A","A","A","A"],
  "atom_plddts": [47.28,48.0,43.26,44.11,48.45,50.5,52.69,54.09,53.14,52.08,51.24,51.68,51.53,51.59,51.25,51.13,52.35,52.04,51.21,50.4,50.65,51.28,52.85,44.74,42.12,43.29,44.86,45.51,47.16,48.11,47.84,46.46,46.55,46.62,47.19,47.93,47.88,48.48,49.16,48.87,48.8,48.12,47.65,47.65,48.43,43.72,41.28,41.0,43.4,43.84,44.93,44.69,45.33,43.85,43.66,43.23,44.09,43.63,43.66,44.19,44.53,43.97,43.66,43.14,43.38,42.78,44.38,42.99,40.87,40.06,43.36,43.02,44.29,42.84,45.99,44.2,44.02,43.63,43.24,42.13,39.53,39.21,38.9,38.43,37.52,38.58,40.36,44.5,40.13,39.3,44.71,44.67,46.43,45.18,49.47,47.72,47.06,45.23,46.69,44.39,41.38,41.23,40.7,39.07,38.1,38.53,40.4,41.75,48.16,44.32,45.2,48.96,50.2,52.13,53.8,53.48,52.06,52.16,52.89,52.63,53.31,52.82,53.77,54.15,53.92,53.59,52.91,53.03,53.27,54.1,53.93,51.24,52.13,54.14,55.47,56.85,59.1,57.96,56.66,56.55,57.2,56.78,57.71,57.54,57.87,58.97,58.7,58.3,57.67,57.58,57.51,58.44,50.53,48.05,48.71,50.33,50.93,52.29,52.8,52.4,51.03,50.78,51.01,51.44,51.67,52.19,52.89,53.32,53.02,52.7,52.14,52.27,51.73,52.78,51.57,49.09,49.35,52.51,51.57,52.6,53.19,54.05,53.69,51.42,51.49,51.43,49.89,47.66,47.23,46.78,46.69,45.39,46.52,48.58,44.16,44.68,49.34,49.99,51.44,53.42,52.75,51.57,51.34,50.99,51.55,51.92,51.37,52.02,52.62,52.2,51.53,51.05,51.17,51.22,52.51,48.39,44.87,45.64,48.64,50.04,51.86,52.86,52.63,51.37,51.19,51.18,51.34,51.97,52.06,52.72,53.29,52.94,52.52,52.04,52.03,51.82,52.91,49.37,46.4,46.22,50.17,50.2,51.67,51.89,53.63,52.73,50.89,49.9,50.15,48.59,45.27,44.64,44.23,43.81,42.55,44.13,50.23,45.18,45.63,51.43,52.11,53.78,55.14,55.15,53.96,53.38,53.27,54.3,53.84,52.54,53.17,53.43,52.82,51.94,51.67,52.61,51.79,53.74,53.06,50.08,51.36,53.84,55.03,56.6,59.07,57.9,56.63,56.65,57.24,56.78,57.78,57.44,57.92,59.02,58.92,58.42,57.65,57.51,57.37,58.41,51.99,49.46,50.56,52.49,53.42,54.72,56.95,56.13,54.76,54.34,54.87,54.69,55.6,55.59,56.13,57.26,57.2,56.65,55.85,55.62,55.28,56.33,48.69,46.94,46.71,48.22,48.11,49.08,48.91,49.57,48.17,47.85,47.2,47.67,47.08,47.34,47.89,48.39,48.05,47.37,46.9,47.11,45.86,47.98,46.63,44.37,43.87,46.42,46.4,47.74,48.26,49.91,49.08,47.87,47.32,47.33,46.03,43.45,42.9,42.64,42.33,41.31,42.51,45.23,40.91,40.28,45.94,45.24,46.52,46.1,49.32,47.9,47.56,45.51,46.75,45.01,42.27,42.18,41.72,40.25,39.22,39.74,41.57,42.27,47.3,44.1,44.99,47.98,49.19,51.1,52.68,52.58,51.09,51.09,51.51,51.34,52.1,51.87,52.5,53.17,52.91,52.47,51.87,51.96,51.84,52.75,51.59,49.32,50.41,51.81,53.02,54.58,56.48,55.78,54.16,54.17,54.89,54.49,55.51,55.61,56.02,56.99,56.79,56.54,55.83,55.71,55.65,56.34,51.85,49.98,50.69,51.7,52.15,53.06,53.72,53.57,52.3,52.12,52.13,52.52,52.82,53.58,54.23,54.85,54.77,54.3,53.56,53.51,53.01,53.88,43.43,40.67,39.89,43.85,44.09,44.6,44.28,45.91,44.77,44.7,44.09,43.81,42.99,41.63,41.48,41.25,40.93,39.91,40.59,42.32],
  "contact_probs": [[1.0,0.99,0.12,0.02,0.16,0.32,0.29,0.2,0.03,0.15,0.15,0.03,0.38,0.5,0.29,0.09,0.01,0.15,0.25,0.16,0.08,0.02],[0.99,1.0,0.93,0.13,0.42,0.64,0.45,0.22,0.01,0.05,0.06,0.01,0.08,0.13,0.11,0.08,0.01,0.11,0.35,0.15,0.11,0.02],[0.12,0.93,1.0,0.43,0.54,0.37,0.29,0.22,0.01,0.02,0.05,0.01,0.03,0.04,0.07,0.1,0.02,0.1,0.22,0.19,0.12,0.04],[0.02,0.13,0.43,1.0,0.49,0.1,0.02,0.01,0.0,0.01,0.01,0.01,0.01,0.0,0.01,0.01,0.01,0.06,0.05,0.02,0.01,0.02],[0.16,0.42,0.54,0.49,1.0,0.61,0.16,0.02,0.01,0.04,0.02,0.01,0.06,0.02,0.01,0.02,0.01,0.1,0.37,0.21,0.05,0.04],[0.32,0.64,0.37,0.1,0.61,1.0,0.99,0.1,0.06,0.25,0.04,0.01,0.03,0.01,0.01,0.01,0.0,0.03,0.35,0.59,0.2,0.03],[0.29,0.45,0.29,0.02,0.16,0.99,1.0,0.98,0.15,0.73,0.2,0.01,0.03,0.02,0.02,0.01,0.0,0.02,0.08,0.37,0.58,0.11],[0.2,0.22,0.22,0.01,0.02,0.1,0.98,1.0,0.28,0.7,0.48,0.02,0.04,0.03,0.03,0.02,0.0,0.01,0.04,0.11,0.29,0.26],[0.03,0.01,0.01,0.0,0.01,0.06,0.15,0.28,1.0,0.24,0.09,0.02,0.05,0.01,0.01,0.01,0.0,0.01,0.01,0.01,0.01,0.03],[0.15,0.05,0.02,0.01,0.04,0.25,0.73,0.7,0.24,1.0,0.94,0.18,0.45,0.17,0.04,0.01,0.0,0.01,0.03,0.04,0.03,0.03],[0.15,0.06,0.05,0.01,0.02,0.04,0.2,0.48,0.09,0.94,1.0,0.35,0.66,0.73,0.34,0.04,0.0,0.02,0.02,0.08,0.13,0.11],[0.03,0.01,0.01,0.01,0.01,0.01,0.01,0.02,0.02,0.18,0.35,1.0,0.23,0.11,0.03,0.01,0.0,0.01,0.01,0.01,0.01,0.03],[0.38,0.08,0.03,0.01,0.06,0.03,0.03,0.04,0.05,0.45,0.66,0.23,1.0,0.98,0.1,0.02,0.0,0.03,0.1,0.05,0.03,0.02],[0.5,0.13,0.04,0.0,0.02,0.01,0.02,0.03,0.01,0.17,0.73,0.11,0.98,1.0,1.0,0.16,0.01,0.16,0.37,0.19,0.08,0.02],[0.29,0.11,0.07,0.01,0.01,0.01,0.02,0.03,0.01,0.04,0.34,0.03,0.1,1.0,1.0,0.95,0.09,0.3,0.66,0.45,0.25,0.08],[0.09,0.08,0.1,0.01,0.02,0.01,0.01,0.02,0.01,0.01,0.04,0.01,0.02,0.16,0.95,1.0,0.3,0.44,0.38,0.58,0.34,0.21],[0.01,0.01,0.02,0.01,0.01,0.0,0.0,0.0,0.0,0.0,0.0,0.0,0.0,0.01,0.09,0.3,1.0,0.38,0.06,0.01,0.01,0.02],[0.15,0.11,0.1,0.06,0.1,0.03,0.02,0.01,0.01,0.01,0.02,0.01,0.03,0.16,0.3,0.44,0.38,1.0,0.46,0.16,0.02,0.03],[0.25,0.35,0.22,0.05,0.37,0.35,0.08,0.04,0.01,0.03,0.02,0.01,0.1,0.37,0.66,0.38,0.06,0.46,1.0,0.98,0.18,0.02],[0.16,0.15,0.19,0.02,0.21,0.59,0.37,0.11,0.01,0.04,0.08,0.01,0.05,0.19,0.45,0.58,0.01,0.16,0.98,1.0,0.98,0.29],[0.08,0.11,0.12,0.01,0.05,0.2,0.58,0.29,0.01,0.03,0.13,0.01,0.03,0.08,0.25,0.34,0.01,0.02,0.18,0.98,1.0,0.76],[0.02,0.02,0.04,0.02,0.04,0.03,0.11,0.26,0.03,0.03,0.11,0.03,0.02,0.02,0.08,0.21,0.02,0.03,0.02,0.29,0.76,1.0]],
  "pae": [[1.1,5.0,8.0,14.8,13.8,12.3,11.3,11.9,17.7,13.5,10.5,14.4,9.1,10.3,11.7,14.7,16.6,15.1,12.6,12.3,10.8,15.9],[5.2,1.0,6.1,12.5,11.5,11.9,11.8,12.6,16.5,13.1,12.7,14.4,9.9,11.4,12.7,16.3,17.3,16.9,13.5,13.7,12.4,15.1],[8.1,7.0,1.1,11.2,8.2,9.6,13.7,13.2,17.3,14.1,14.0,16.7,10.6,14.6,16.5,17.5,18.8,19.4,16.2,15.7,13.6,15.2],[13.7,10.1,8.6,1.6,10.0,9.8,14.2,14.9,17.0,17.4,17.9,19.0,17.8,17.4,17.6,19.2,20.6,20.0,16.6,16.3,14.9,17.7],[15.5,10.5,9.9,10.3,1.3,10.1,11.3,13.8,17.1,15.1,16.2,20.1,16.5,17.2,18.0,18.8,20.2,20.0,17.8,16.0,14.2,16.4],[12.6,11.7,10.2,11.7,10.2,1.0,4.4,5.9,13.2,9.6,11.3,14.9,10.4,10.9,13.0,16.0,17.1,16.8,13.2,12.9,9.9,14.0],[12.1,12.5,12.7,14.5,9.5,5.1,0.9,3.5,12.2,8.9,9.5,13.5,8.2,7.1,10.1,14.2,15.1,14.8,11.2,9.9,10.0,14.9],[12.9,12.4,14.4,16.5,12.7,6.7,4.4,1.0,9.7,6.7,8.8,14.8,11.1,10.0,12.0,15.7,17.5,16.9,12.1,10.7,11.3,16.1],[17.9,17.7,18.7,18.9,18.2,14.2,10.0,10.7,2.1,11.5,11.3,15.7,15.7,16.3,17.1,19.3,19.8,19.5,18.5,16.8,16.2,19.4],[11.6,12.6,13.6,15.6,15.0,12.3,8.9,7.9,7.2,1.1,4.8,11.6,7.4,9.0,10.6,13.0,15.3,15.8,13.0,12.3,12.3,15.6],[9.5,10.6,12.9,16.0,16.0,12.1,9.1,9.5,9.2,5.0,1.1,7.8,6.0,6.6,7.4,11.4,12.5,13.3,11.1,10.8,12.3,15.0],[14.0,15.9,18.0,18.8,19.8,16.3,15.0,12.9,14.7,10.6,7.5,1.7,6.8,6.8,9.7,13.5,13.1,14.0,15.8,15.0,16.1,17.8],[8.6,10.2,13.6,16.6,16.7,11.9,9.1,9.9,13.7,8.7,5.8,5.8,1.0,3.1,5.6,8.5,11.6,12.6,10.5,9.2,10.4,13.9],[10.3,11.9,13.7,15.5,15.8,10.3,8.3,10.1,12.9,9.7,7.1,8.3,3.9,0.9,3.3,7.0,10.4,11.5,10.8,9.1,10.2,13.3],[8.8,11.8,13.8,15.6,15.9,11.8,9.5,10.4,13.6,8.5,7.4,10.2,5.1,4.0,0.9,5.1,10.4,11.2,10.7,10.3,11.1,13.2],[13.0,14.7,15.7,19.1,17.5,14.3,13.8,13.8,17.9,13.1,9.3,12.3,8.9,6.5,5.7,1.0,7.2,7.5,9.4,10.0,12.4,16.6],[15.3,18.1,18.5,21.4,20.4,19.3,18.8,17.4,20.9,17.5,14.5,14.2,13.1,9.4,8.6,7.9,1.5,6.8,10.3,12.1,13.5,18.3],[15.3,17.6,18.1,20.3,19.7,16.4,16.6,14.3,19.6,16.4,14.9,14.5,14.3,12.4,9.9,9.5,4.7,1.1,10.0,10.2,11.8,15.9],[12.4,13.2,13.9,17.9,17.4,12.4,9.4,9.6,15.7,12.1,10.9,13.7,10.5,8.1,8.0,9.1,8.2,5.6,1.0,4.4,6.3,11.4],[11.0,12.8,14.5,16.1,15.0,11.7,9.4,8.9,14.3,11.1,10.0,12.9,10.1,8.2,8.8,11.0,10.9,9.0,5.9,1.0,6.1,12.5],[11.9,12.5,13.5,17.0,15.5,11.6,11.3,8.7,15.6,12.4,11.7,14.7,11.6,8.9,10.1,12.5,12.8,12.0,6.5,4.7,1.0,9.4],[12.0,11.6,13.3,18.8,16.0,13.4,12.3,12.3,18.2,15.5,13.5,18.8,14.4,12.5,13.2,15.0,17.9,17.9,14.8,11.2,9.8,2.3]],
  "token_chain_ids": ["A","A","A","A","A","A","A","A","A","A","A","A","A","A","A","A","A","A","A","A","A","A"],
  "token_res_ids": [1,2,3,4,5,6,7,8,9,10,11,12,13,14,15,16,17,18,19,20,21,22]
}