{
  "atom_chain_ids": ["A","A","A","A","A","A","A","A","A","A","A","A","A","A","A","A","A","A","A","A","A","A","A","A","A","A","A","A","A","A","A","A","A","A","A","A","A","A","A","A","A","A","A","A","A","A","A","A","A","A","A","A","A","A","A","A","A","A","A","A","A","A","A","A","A","A","A","A","A","A","A","A","A","A","A","A","A","A","A","A","A","A","A","A","A","A","A","A","A","A","A","A","A","A","A","A","A","A","A","A","A","A","A","A","A","A","A","A","A","A","A","A","A","A","A","A","A","A","A","A","A","A","A","A","A","A","A","A","A","A","A","A","A","A","A","A","A","A","A","A","A","A","A","A","A","A","A","A","A","A","A","A","A","A","A","A","A","A","A","A","A","A","A","A","A","A","A","A","A","A","A","A","A","A","A","A","A","A","A","A","A","A","A","A","A","A","A","A","A","A","A","A","A","A","A","A","A","A","A","A","A","A","A","A","A","A","A","A","A","A","A","A","A","A","A","A","A","A","A","A","A","A","A","A","A","A","A","A","A","A","A","A","A","A","A","A","A","A","A","A","A","A","A","A","A","A","A","A","A","A","A","A","A","A","A","A","A","A","A","A","A","A","A","A","A","A","A","A","A","A","A","A","A","A","A","A","A","A","A","A","A","A","A","A","A","A","A","A","A","A","A","A","A","A","A","A","A","A","A","A","A","A","A","A","A","A","A","A","A","A","A","A","A","A","A","A","A","A","A","A","A","A","A","A","A","A","A","A","A","A","A","A","A","A","A","A","A","A","A","A","A","A","A","A","A","A","A","A","A","A","A","A","A","A","A","A","A","A","A","A","A","A","A","A","A","A","A","A","A","A","A","A","A","A","A","A","A","A","A","A","A","A","A","A","A","A","A","A","A","A","A","A","A","A","A","A","A","A","A","A","A","A","A","A","A","A","A","A","A","A","A","A","A","A","A","A","A","A","A","A","A","A","A","A","A","A","A","A","A","A","A","A","A","A","A","A","A","A","A","A","A","A","A","A","A","A","A","A","A","A","A","A","A","A","A","A","A","A","A","A","A","A","A","A","A","A","A","A","A","A"],
  "atom_plddts": [52.2,53.17,47.11,47.98,53.26,55.47,57.74,59.79,59.49,58.34,57.95,57.96,58.03,57.91,57.61,57.55,58.82,58.56,57.25,56.61,56.9,57.71,59.99,51.25,48.3,49.15,51.5,51.68,53.33,55.44,54.9,53.57,53.19,53.36,53.68,54.45,54.71,55.32,56.41,56.26,55.76,54.91,54.54,54.15,55.39,50.8,48.1,48.2,50.87,50.56,51.34,51.56,51.94,50.63,50.02,49.35,50.13,49.43,49.79,50.16,50.74,50.21,49.52,49.11,49.36,47.94,50.28,50.51,47.84,47.82,51.53,50.58,51.65,50.3,52.7,51.36,50.09,49.98,49.75,48.33,45.8,45.28,44.76,44.3,43.06,44.57,46.69,50.53,46.17,45.83,51.02,50.74,52.71,52.12,55.0,53.61,52.87,50.69,52.23,50.08,47.1,46.86,46.26,44.45,43.11,43.9,45.94,46.78,57.03,52.57,53.38,58.04,59.15,61.13,63.6,63.47,62.12,62.61,63.25,62.91,63.5,62.84,63.69,64.38,64.09,63.42,62.87,62.99,63.23,64.6,61.83,59.08,59.31,62.11,62.89,64.48,66.4,65.57,64.21,64.31,64.69,64.69,65.47,64.99,65.42,66.7,66.54,65.94,65.2,65.03,64.97,66.27,60.57,58.44,58.83,60.17,59.62,60.73,61.39,60.76,59.29,58.72,58.5,59.54,59.64,60.37,60.77,61.66,61.5,60.92,60.28,60.34,59.38,60.83,55.87,52.95,53.51,57.06,55.8,56.85,57.37,57.81,57.37,55.19,54.96,55.18,53.33,51.0,50.15,49.68,49.48,47.9,49.5,55.59,50.07,50.49,56.58,57.11,58.6,61.33,60.71,59.42,59.51,59.11,59.71,60.03,59.34,59.95,60.97,60.57,59.54,59.07,59.19,59.19,61.14,58.08,54.86,55.29,58.36,58.98,60.41,62.17,61.37,60.18,59.8,59.67,60.12,60.7,60.95,61.45,62.5,62.33,61.72,61.07,60.95,60.53,62.05,54.97,52.01,52.22,56.38,55.45,56.32,56.09,57.39,56.81,54.55,53.18,53.62,51.22,47.72,46.54,45.93,45.44,43.8,45.99,56.8,50.19,50.83,58.05,58.6,60.51,62.56,62.73,61.44,61.24,61.02,62.04,61.66,60.34,60.85,61.47,60.84,59.66,59.55,60.41,59.78,62.06,59.51,55.77,56.65,60.4,61.4,62.85,65.51,64.33,63.13,63.51,64.15,63.78,64.67,64.13,64.74,65.93,65.87,65.28,64.5,64.39,64.45,65.6,62.27,59.67,60.07,62.45,63.17,64.57,66.7,65.61,64.38,64.3,64.73,64.83,65.61,65.38,65.86,66.99,66.98,66.37,65.65,65.51,65.2,66.42,58.47,55.78,56.01,58.53,58.14,59.22,60.03,59.92,58.63,58.13,57.35,58.22,57.9,57.97,58.39,59.29,59.03,58.09,57.63,57.86,56.53,58.78,55.37,53.25,53.67,56.21,55.37,56.09,56.21,57.24,56.35,54.22,53.8,53.74,51.51,48.88,47.69,47.14,46.87,45.43,47.43,51.21,46.45,46.01,52.33,51.67,52.84,52.27,55.05,53.56,53.29,50.31,51.47,48.94,45.92,45.54,44.77,42.83,41.44,42.46,44.65,45.16,55.08,51.12,51.8,55.89,56.58,58.44,60.92,60.98,59.36,59.67,59.98,59.76,60.33,59.75,60.29,61.25,61.02,60.26,59.67,59.73,59.54,61.16,59.4,57.17,57.51,59.9,60.16,61.67,63.69,63.37,61.67,61.57,62.11,61.7,62.67,62.67,63.26,64.45,64.45,63.9,62.98,62.68,62.46,63.7,61.03,58.93,58.99,60.72,60.11,61.23,62.16,62.23,60.77,60.22,59.78,60.59,60.78,61.51,62.03,63.03,62.97,62.21,61.42,61.2,60.42,62.04,55.75,53.86,54.13,55.9,55.42,54.87,54.25,54.75,54.03,52.21,51.79,51.88,50.25,49.22,48.6,48.09,47.62,46.14,47.4,49.5],
  "contact_probs": [[1.0,0.99,0.12,0.02,0.16,0.32,0.29,0.2,0.03,0.15,0.15,0.03,0.38,0.5,0.29,0.09,0.01,0.15,0.25,0.16,0.08,0.02],[0.99,1.0,0.93,0.13,0.42,0.64,0.45,0.22,0.01,0.05,0.06,0.01,0.08,0.13,0.11,0.08,0.01,0.11,0.35,0.15,0.11,0.02],[0.12,0.93,1.0,0.43,0.54,0.37,0.29,0.22,0.01,0.02,0.05,0.01,0.03,0.04,0.07,0.1,0.02,0.1,0.22,0.19,0.12,0.04],[0.02,0.13,0.43,1.0,0.49,0.1,0.02,0.01,0.0,0.01,0.01,0.01,0.01,0.0,0.01,0.01,0.01,0.06,0.05,0.02,0.01,0.02],[0.16,0.42,0.54,0.49,1.0,0.61,0.16,0.02,0.01,0.04,0.02,0.01,0.06,0.02,0.01,0.02,0.01,0.1,0.37,0.21,0.05,0.04],[0.32,0.64,0.37,0.1,0.61,1.0,0.99,0.1,0.06,0.25,0.04,0.01,0.03,0.01,0.01,0.01,0.0,0.03,0.35,0.59,0.2,0.03],[0.29,0.45,0.29,0.02,0.16,0.99,1.0,0.98,0.15,0.73,0.2,0.01,0.03,0.02,0.02,0.01,0.0,0.02,0.08,0.37,0.58,0.11],[0.2,0.22,0.22,0.01,0.02,0.1,0.98,1.0,0.28,0.7,0.48,0.02,0.04,0.03,0.03,0.02,0.0,0.01,0.04,0.11,0.29,0.26],[0.03,0.01,0.01,0.0,0.01,0.06,0.15,0.28,1.0,0.24,0.09,0.02,0.05,0.01,0.01,0.01,0.0,0.01,0.01,0.01,0.01,0.03],[0.15,0.05,0.02,0.01,0.04,0.25,0.73,0.7,0.24,1.0,0.94,0.18,0.45,0.17,0.04,0.01,0.0,0.01,0.03,0.04,0.03,0.03],[0.15,0.06,0.05,0.01,0.02,0.04,0.2,0.48,0.09,0.94,1.0,0.35,0.66,0.73,0.34,0.04,0.0,0.02,0.02,0.08,0.13,0.11],[0.03,0.01,0.01,0.01,0.01,0.01,0.01,0.02,0.02,0.18,0.35,1.0,0.23,0.11,0.03,0.01,0.0,0.01,0.01,0.01,0.01,0.03],[0.38,0.08,0.03,0.01,0.06,0.03,0.03,0.04,0.05,0.45,0.66,0.23,1.0,0.98,0.1,0.02,0.0,0.03,0.1,0.05,0.03,0.02],[0.5,0.13,0.04,0.0,0.02,0.01,0.02,0.03,0.01,0.17,0.73,0.11,0.98,1.0,1.0,0.16,0.01,0.16,0.37,0.19,0.08,0.02],[0.29,0.11,0.07,0.01,0.01,0.01,0.02,0.03,0.01,0.04,0.34,0.03,0.1,1.0,1.0,0.95,0.09,0.3,0.66,0.45,0.25,0.08],[0.09,0.08,0.1,0.01,0.02,0.01,0.01,0.02,0.01,0.01,0.04,0.01,0.02,0.16,0.95,1.0,0.3,0.44,0.38,0.58,0.34,0.21],[0.01,0.01,0.02,0.01,0.01,0.0,0.0,0.0,0.0,0.0,0.0,0.0,0.0,0.01,0.09,0.3,1.0,0.38,0.06,0.01,0.01,0.02],[0.15,0.11,0.1,0.06,0.1,0.03,0.02,0.01,0.01,0.01,0.02,0.01,0.03,0.16,0.3,0.44,0.38,1.0,0.46,0.16,0.02,0.03],[0.25,0.35,0.22,0.05,0.37,0.35,0.08,0.04,0.01,0.03,0.02,0.01,0.1,0.37,0.66,0.38,0.06,0.46,1.0,0.98,0.18,0.02],[0.16,0.15,0.19,0.02,0.21,0.59,0.37,0.11,0.01,0.04,0.08,0.01,0.05,0.19,0.45,0.58,0.01,0.16,0.98,1.0,0.98,0.29],[0.08,0.11,0.12,0.01,0.05,0.2,0.58,0.29,0.01,0.03,0.13,0.01,0.03,0.08,0.25,0.34,0.01,0.02,0.18,0.98,1.0,0.76],[0.02,0.02,0.04,0.02,0.04,0.03,0.11,0.26,0.03,0.03,0.11,0.03,0.02,0.02,0.08,0.21,0.02,0.03,0.02,0.29,0.76,1.0]],
  "pae": [[1.0,3.1,4.7,9.4,8.8,8.3,7.4,8.6,12.7,6.5,7.3,11.8,7.2,9.1,10.8,11.9,15.3,13.9,10.8,11.2,10.6,11.0],[3.4,1.0,4.8,7.0,6.8,6.8,7.5,9.2,12.2,7.7,8.6,11.6,7.2,9.5,10.7,11.9,15.9,13.4,10.8,9.7,11.6,11.1],[4.7,3.1,1.0,6.5,6.1,7.1,9.4,10.7,14.3,9.0,9.6,13.3,9.0,11.8,12.4,13.8,17.2,15.1,11.9,11.4,12.5,14.2],[9.6,6.5,5.5,1.3,4.8,6.4,10.3,12.9,14.8,13.1,14.1,16.9,12.6,13.0,13.1,15.2,18.5,16.1,11.0,11.1,13.6,14.7],[9.3,6.2,5.9,5.1,1.2,4.9,7.3,10.9,13.4,11.4,12.4,14.6,11.7,12.3,12.9,14.0,16.3,13.6,10.0,10.2,11.3,12.6],[6.5,6.4,6.6,6.9,5.1,1.0,2.3,4.6,10.0,5.7,6.5,10.7,6.2,6.3,7.1,7.5,10.8,8.9,6.4,6.5,6.8,8.1],[6.3,7.0,8.8,7.9,5.3,2.4,0.9,2.7,7.4,4.5,4.9,8.9,4.5,4.4,5.2,6.1,9.6,7.7,5.1,5.2,5.7,7.1],[6.7,7.1,10.1,9.7,6.3,4.4,2.3,1.0,5.8,4.4,4.6,9.1,5.2,5.1,5.2,6.2,11.0,8.6,5.8,6.3,6.0,7.1],[13.5,14.2,16.3,17.8,16.2,13.4,9.9,10.3,2.2,9.2,9.2,11.9,13.7,14.3,14.6,14.2,17.5,15.5,14.5,14.5,13.5,14.5],[6.7,8.7,10.4,11.8,8.7,7.0,6.2,4.8,5.7,1.0,2.8,6.6,4.2,5.7,6.5,7.1,10.6,8.7,7.2,7.6,8.2,9.0],[5.5,7.4,9.9,11.1,8.7,6.1,5.0,4.4,6.6,2.5,1.0,5.9,4.1,5.0,6.4,7.1,10.1,9.3,7.0,6.1,7.6,9.0],[12.9,14.0,15.1,17.5,15.9,14.8,14.0,12.8,11.6,9.6,10.7,2.0,9.7,9.4,11.5,14.2,15.8,16.1,15.8,14.7,15.1,15.6],[5.4,7.1,9.4,11.5,8.3,5.5,5.2,5.5,8.8,4.2,3.5,5.4,0.9,1.8,4.0,5.2,8.6,7.5,5.5,5.9,6.3,8.3],[5.3,6.9,9.5,10.2,7.7,4.7,4.2,4.7,7.9,4.0,3.5,5.5,2.0,0.9,1.8,3.4,7.7,6.1,4.9,4.7,5.4,7.6],[5.7,7.4,10.0,10.5,7.9,5.2,4.7,5.1,8.5,4.1,4.0,8.0,3.0,2.0,0.9,2.3,6.3,4.7,4.5,4.4,5.0,7.2],[8.2,9.1,11.0,12.5,10.0,7.5,7.6,7.7,11.1,6.9,6.1,9.8,5.2,4.3,2.8,1.0,6.7,4.1,5.4,5.4,5.9,8.0],[13.8,15.5,16.8,17.5,15.4,16.3,15.3,14.8,16.8,15.0,12.4,14.0,14.6,9.6,6.7,8.5,1.7,7.3,10.2,12.3,12.9,12.4],[12.2,12.3,13.7,15.6,12.9,10.4,11.8,12.9,15.1,12.6,11.7,14.0,10.9,8.9,5.7,5.8,7.6,1.2,6.2,5.1,8.4,10.4],[9.3,8.6,10.6,11.3,8.5,5.4,6.0,7.0,11.4,7.5,6.6,10.5,6.5,5.2,4.8,4.7,7.0,4.4,1.0,2.2,3.6,6.2],[7.7,8.2,10.4,10.3,7.9,5.3,5.0,5.4,9.5,6.1,5.7,9.9,5.8,4.9,4.6,4.6,7.4,4.2,2.2,0.9,2.3,5.2],[8.7,8.9,10.3,10.8,8.1,6.0,6.1,6.0,10.7,6.7,6.9,10.7,6.7,5.8,5.0,4.9,9.2,5.7,3.3,2.2,0.9,4.1],[10.8,11.0,12.3,13.7,11.7,9.5,8.9,8.1,14.4,10.0,8.8,15.7,11.7,8.6,8.5,7.5,14.4,11.5,8.7,6.3,5.6,2.1]],
  "token_chain_ids": ["A","A","A","A","A","A","A","A","A","A","A","A","A","A","A","A","A","A","A","A","A","A"],
  "token_res_ids": [1,2,3,4,5,6,7,8,9,10,11,12,13,14,15,16,17,18,19,20,21,22]
}