{
  "atom_chain_ids": ["A","A","A","A","A","A","A","A","A","A","A","A","A","A","A","A","A","A","A","A","A","A","A","A","A","A","A","A","A","A","A","A","A","A","A","A","A","A","A","A","A","A","A","A","A","A","A","A","A","A","A","A","A","A","A","A","A","A","A","A","A","A","A","A","A","A","A","A","A","A","A","A","A","A","A","A","A","A","A","A","A","A","A","A","A","A","A","A","A","A","A","A","A","A","A","A","A","A","A","A","A","A","A","A","A","A","A","A","A","A","A","A","A","A","A","A","A","A","A","A","A","A","A","A","A","A","A","A","A","A","A","A","A","A","A","A","A","A","A","A","A","A","A","A","A","A","A","A","A","A","A","A","A","A","A","A","A","A","A","A","A","A","A","A","A","A","A","A","A","A","A","A","A","A","A","A","A","A","A","A","A","A","A","A","A","A","A","A","A","A","A","A","A","A","A","A","A","A","A","A","A","A","A","A","A","A","A","A","A","A","A","A","A","A","A","A","A","A","A","A","A","A","A","A","A","A","A","A","A","A","A","A","A","A","A","A","A","A","A","A","A","A","A","A","A","A","A","A","A","A","A","A","A","A","A","A","A","A","A","A","A","A","A","A","A","A","A","A","A","A","A","A","A","A","A","A","A","A","A","A","A","A","A","A","A","A","A","A","A","A","A","A","A","A","A","A","A","A","A","A","A","A","A","A","A","A","A","A","A","A","A","A","A","A","A","A","A","A","A","A","A","A","A","A","A","A","A","A","A","A","A","A","A","A","A","A","A","A","A","A","A","A","A","A","A","A","A","A","A","A","A","A","A","A","A","A","A","A","A","A","A","A","A","A","A","A","A","A","A","A","A","A","A","A","A","A","A","A","A","A","A","A","A","A","A","A","A","A","A","A","A","A","A","A","A","A","A","A","A","A","A","A","A","A","A","A","A","A","A","A","A","A","A","A","A","A","A","A","A","A","A","A","A","A","A","A","A","A","A","A","A","A","A","A","A","A","A","A","A","A","A","A","A","A","A","A","A","A","A","A","A","A","A","A","A","A","A","A","A","A","A","A","A","A","A","A","A","A","A","A"],
  "atom_plddts": [51.17,52.29,46.58,47.53,52.48,54.47,56.79,58.68,58.23,57.08,56.54,56.7,56.74,56.62,56.36,56.31,57.63,57.38,56.18,55.41,55.66,56.41,58.59,50.24,47.56,48.41,50.4,50.58,52.2,54.2,53.66,52.32,51.92,52.07,52.42,53.17,53.44,54.04,55.08,54.9,54.46,53.61,53.22,52.83,54.05,49.68,47.16,47.31,49.77,49.5,50.26,50.36,50.81,49.48,48.93,48.27,49.08,48.47,48.78,49.18,49.76,49.26,48.62,48.17,48.4,47.04,49.23,49.13,46.56,46.4,50.13,49.25,50.38,48.95,51.5,50.11,49.01,48.83,48.56,47.19,44.64,44.19,43.72,43.3,42.12,43.52,45.55,49.33,44.79,44.42,49.87,49.63,51.54,50.91,53.81,52.39,51.67,49.57,51.14,49.09,46.15,45.93,45.4,43.68,42.37,43.1,45.1,45.92,56.59,52.37,53.18,57.52,58.6,60.48,62.96,62.71,61.41,61.8,62.38,62.07,62.68,62.03,62.82,63.52,63.26,62.57,62.02,62.14,62.28,63.66,61.24,58.73,58.98,61.45,62.22,63.65,65.7,64.65,63.32,63.32,63.75,63.73,64.55,64.17,64.54,65.85,65.71,65.12,64.36,64.21,64.1,65.34,59.62,57.61,58.03,59.25,58.81,59.94,60.58,59.94,58.51,57.91,57.72,58.65,58.76,59.52,59.93,60.8,60.63,60.04,59.41,59.47,58.47,59.95,52.24,49.45,49.69,53.48,52.36,53.27,53.68,54.69,54.36,52.16,52.0,52.0,50.29,47.81,47.24,46.79,46.7,45.27,46.56,54.04,48.52,49.0,55.34,55.55,56.97,59.46,59.03,57.69,57.42,57.01,57.7,57.96,57.47,58.15,59.22,58.86,57.79,57.23,57.29,57.17,59.18,54.87,51.39,51.98,55.24,56.19,57.73,59.5,58.82,57.61,57.24,57.23,57.41,58.06,58.24,58.78,59.76,59.57,58.98,58.33,58.23,57.84,59.29,52.93,49.76,49.84,54.25,53.69,54.68,54.47,56.1,55.48,53.29,51.95,52.18,49.84,46.21,45.12,44.51,44.08,42.54,44.66,56.56,50.22,50.95,57.76,58.3,60.07,62.08,62.03,60.72,60.48,60.38,61.38,61.11,59.9,60.4,61.03,60.42,59.3,59.13,59.98,59.32,61.44,57.72,54.21,55.26,58.72,59.87,61.34,64.02,62.62,61.45,61.71,62.6,62.0,62.96,62.47,63.06,64.22,64.17,63.63,62.82,62.76,62.79,63.83,60.76,58.19,58.71,61.14,61.97,63.2,65.41,64.17,62.99,62.79,63.34,63.21,64.03,63.84,64.3,65.47,65.47,64.84,64.08,64.01,63.69,64.83,55.97,53.4,53.64,56.11,55.71,56.66,57.37,57.24,56.0,55.42,54.7,55.48,55.19,55.32,55.74,56.6,56.34,55.45,54.99,55.23,53.84,55.95,51.8,49.64,49.73,52.3,51.91,52.73,53.1,54.44,53.65,51.89,51.41,51.19,49.29,46.46,45.4,44.96,44.76,43.43,45.27,48.83,44.03,43.46,49.91,49.41,50.63,49.87,53.21,51.68,51.46,48.57,49.54,47.1,43.99,43.58,42.85,41.01,39.73,40.66,42.77,43.38,53.61,49.76,50.66,54.46,55.59,57.44,59.82,59.52,57.98,58.3,58.88,58.51,59.2,58.67,59.18,60.05,59.82,59.15,58.61,58.74,58.56,59.89,59.25,57.02,57.42,59.86,60.69,62.04,64.21,63.34,61.87,61.98,62.65,62.17,63.1,62.83,63.27,64.41,64.36,63.87,63.03,62.93,62.84,63.87,59.7,57.36,57.69,59.42,59.15,60.07,61.37,60.98,59.66,59.27,59.04,59.68,60.04,60.76,61.21,62.16,62.13,61.41,60.71,60.6,59.92,61.22,56.11,54.24,54.42,56.36,55.87,55.23,54.57,55.02,54.31,52.44,51.9,52.09,50.46,49.42,48.8,48.32,47.85,46.34,47.59,49.69],
  "contact_probs": [[1.0,0.99,0.12,0.02,0.16,0.32,0.29,0.2,0.03,0.15,0.15,0.03,0.38,0.5,0.29,0.09,0.01,0.15,0.25,0.16,0.08,0.02],[0.99,1.0,0.93,0.13,0.42,0.64,0.45,0.22,0.01,0.05,0.06,0.01,0.08,0.13,0.11,0.08,0.01,0.11,0.35,0.15,0.11,0.02],[0.12,0.93,1.0,0.43,0.54,0.37,0.29,0.22,0.01,0.02,0.05,0.01,0.03,0.04,0.07,0.1,0.02,0.1,0.22,0.19,0.12,0.04],[0.02,0.13,0.43,1.0,0.49,0.1,0.02,0.01,0.0,0.01,0.01,0.01,0.01,0.0,0.01,0.01,0.01,0.06,0.05,0.02,0.01,0.02],[0.16,0.42,0.54,0.49,1.0,0.61,0.16,0.02,0.01,0.04,0.02,0.01,0.06,0.02,0.01,0.02,0.01,0.1,0.37,0.21,0.05,0.04],[0.32,0.64,0.37,0.1,0.61,1.0,0.99,0.1,0.06,0.25,0.04,0.01,0.03,0.01,0.01,0.01,0.0,0.03,0.35,0.59,0.2,0.03],[0.29,0.45,0.29,0.02,0.16,0.99,1.0,0.98,0.15,0.73,0.2,0.01,0.03,0.02,0.02,0.01,0.0,0.02,0.08,0.37,0.58,0.11],[0.2,0.22,0.22,0.01,0.02,0.1,0.98,1.0,0.28,0.7,0.48,0.02,0.04,0.03,0.03,0.02,0.0,0.01,0.04,0.11,0.29,0.26],[0.03,0.01,0.01,0.0,0.01,0.06,0.15,0.28,1.0,0.24,0.09,0.02,0.05,0.01,0.01,0.01,0.0,0.01,0.01,0.01,0.01,0.03],[0.15,0.05,0.02,0.01,0.04,0.25,0.73,0.7,0.24,1.0,0.94,0.18,0.45,0.17,0.04,0.01,0.0,0.01,0.03,0.04,0.03,0.03],[0.15,0.06,0.05,0.01,0.02,0.04,0.2,0.48,0.09,0.94,1.0,0.35,0.66,0.73,0.34,0.04,0.0,0.02,0.02,0.08,0.13,0.11],[0.03,0.01,0.01,0.01,0.01,0.01,0.01,0.02,0.02,0.18,0.35,1.0,0.23,0.11,0.03,0.01,0.0,0.01,0.01,0.01,0.01,0.03],[0.38,0.08,0.03,0.01,0.06,0.03,0.03,0.04,0.05,0.45,0.66,0.23,1.0,0.98,0.1,0.02,0.0,0.03,0.1,0.05,0.03,0.02],[0.5,0.13,0.04,0.0,0.02,0.01,0.02,0.03,0.01,0.17,0.73,0.11,0.98,1.0,1.0,0.16,0.01,0.16,0.37,0.19,0.08,0.02],[0.29,0.11,0.07,0.01,0.01,0.01,0.02,0.03,0.01,0.04,0.34,0.03,0.1,1.0,1.0,0.95,0.09,0.3,0.66,0.45,0.25,0.08],[0.09,0.08,0.1,0.01,0.02,0.01,0.01,0.02,0.01,0.01,0.04,0.01,0.02,0.16,0.95,1.0,0.3,0.44,0.38,0.58,0.34,0.21],[0.01,0.01,0.02,0.01,0.01,0.0,0.0,0.0,0.0,0.0,0.0,0.0,0.0,0.01,0.09,0.3,1.0,0.38,0.06,0.01,0.01,0.02],[0.15,0.11,0.1,0.06,0.1,0.03,0.02,0.01,0.01,0.01,0.02,0.01,0.03,0.16,0.3,0.44,0.38,1.0,0.46,0.16,0.02,0.03],[0.25,0.35,0.22,0.05,0.37,0.35,0.08,0.04,0.01,0.03,0.02,0.01,0.1,0.37,0.66,0.38,0.06,0.46,1.0,0.98,0.18,0.02],[0.16,0.15,0.19,0.02,0.21,0.59,0.37,0.11,0.01,0.04,0.08,0.01,0.05,0.19,0.45,0.58,0.01,0.16,0.98,1.0,0.98,0.29],[0.08,0.11,0.12,0.01,0.05,0.2,0.58,0.29,0.01,0.03,0.13,0.01,0.03,0.08,0.25,0.34,0.01,0.02,0.18,0.98,1.0,0.76],[0.02,0.02,0.04,0.02,0.04,0.03,0.11,0.26,0.03,0.03,0.11,0.03,0.02,0.02,0.08,0.21,0.02,0.03,0.02,0.29,0.76,1.0]],
  "pae": [[1.1,3.3,5.1,9.4,8.8,8.0,7.2,8.2,13.8,6.1,7.8,13.2,8.8,8.7,10.0,12.8,16.1,12.5,8.9,9.6,9.3,10.3],[4.1,1.0,4.8,7.0,7.5,7.0,8.5,9.2,14.3,7.9,10.3,12.5,7.7,9.4,11.6,12.9,15.8,13.0,9.6,9.1,10.1,11.0],[6.0,3.2,1.0,5.9,5.4,7.4,10.0,11.1,15.5,10.5,12.0,14.7,10.5,11.9,13.2,15.3,18.1,15.4,11.0,10.2,11.8,13.6],[9.4,5.5,4.6,1.3,4.8,6.8,10.3,12.5,16.1,13.9,15.2,17.6,13.9,12.8,13.1,15.1,17.9,15.2,10.4,10.1,12.4,13.8],[9.8,6.5,5.4,4.8,1.2,5.3,7.3,10.5,13.8,12.2,14.0,16.2,12.8,12.5,13.2,13.9,16.4,13.2,9.7,9.9,10.4,12.2],[7.1,6.3,6.0,7.4,5.0,0.9,2.5,4.2,10.5,6.2,7.1,12.0,6.9,6.3,6.8,7.4,11.2,10.0,6.2,5.8,5.5,7.9],[7.0,7.5,8.8,8.5,5.9,2.4,0.9,2.7,8.9,5.3,5.4,10.1,4.8,4.4,5.4,6.4,10.1,9.0,5.2,4.8,5.0,7.4],[7.6,8.1,10.5,11.0,7.4,5.0,2.6,1.0,6.9,5.6,5.5,10.9,6.7,5.9,6.2,7.7,12.0,10.0,6.2,6.3,5.2,8.8],[14.8,16.5,16.6,18.9,17.2,15.6,11.0,9.9,2.2,11.0,9.6,12.7,15.5,16.5,16.1,15.6,19.2,14.6,16.3,15.7,13.9,13.5],[8.0,10.1,11.8,13.4,10.5,9.9,7.3,5.2,6.0,1.0,3.9,7.2,5.2,5.5,7.3,8.4,11.8,10.7,9.0,9.1,8.0,9.9],[6.0,8.5,11.0,12.7,10.1,7.8,6.3,5.4,6.7,2.8,1.0,6.1,4.5,5.5,6.3,9.4,10.8,10.7,8.1,8.5,8.0,9.1],[13.5,15.3,16.0,18.3,16.9,16.1,14.9,14.5,10.2,9.8,10.6,1.9,9.4,10.1,13.2,16.3,17.2,17.4,15.8,15.5,15.6,15.7],[5.9,7.9,10.2,12.5,9.5,6.2,5.6,6.0,9.2,4.5,4.1,5.7,1.0,2.1,4.9,5.7,9.5,8.1,5.7,6.5,6.4,8.3],[6.1,7.7,10.0,11.4,8.7,5.3,4.6,5.4,8.5,4.5,4.2,5.8,2.1,0.9,2.1,3.9,8.9,7.5,5.6,5.0,5.5,7.6],[6.7,8.0,10.1,10.6,8.9,6.0,5.0,5.5,9.2,4.3,4.5,7.7,2.9,2.1,0.9,2.8,7.4,6.7,5.2,4.8,5.2,7.2],[8.5,9.8,11.7,13.3,10.2,8.0,7.5,7.6,12.7,7.6,5.9,9.7,5.4,4.2,3.0,1.0,6.9,5.9,5.7,6.6,6.7,8.1],[14.9,15.3,16.5,18.2,15.4,17.1,16.6,15.3,16.7,16.0,13.0,14.9,14.9,10.8,7.8,9.2,1.9,8.2,12.0,13.6,12.8,12.3],[12.7,12.5,13.3,15.7,12.2,11.9,12.9,13.1,14.3,13.9,12.6,14.0,11.0,9.2,7.7,6.5,7.5,1.2,7.3,5.6,8.5,10.6],[9.8,9.6,10.7,12.3,9.2,6.1,6.4,7.2,12.4,7.7,7.7,10.8,7.8,5.9,6.3,5.9,7.5,4.9,1.0,2.8,4.8,7.6],[7.6,7.7,9.8,10.1,8.3,5.0,4.4,5.1,9.7,5.9,5.6,10.2,5.5,5.0,4.7,5.4,7.8,5.3,2.2,0.9,2.8,5.9],[8.7,9.0,10.4,11.2,8.8,6.2,5.7,5.9,11.8,6.6,7.2,10.8,7.2,6.2,5.9,5.5,10.2,8.0,4.2,3.4,0.9,4.8],[11.5,11.6,12.4,14.8,13.0,10.6,8.9,8.5,14.3,10.6,9.7,17.0,12.6,9.8,8.6,9.4,16.5,11.9,11.0,7.1,6.2,2.2]],
  "token_chain_ids": ["A","A","A","A","A","A","A","A","A","A","A","A","A","A","A","A","A","A","A","A","A","A"],
  "token_res_ids": [1,2,3,4,5,6,7,8,9,10,11,12,13,14,15,16,17,18,19,20,21,22]
}