{
  "atom_chain_ids": ["A","A","A","A","A","A","A","A","A","A","A","A","A","A","A","A","A","A","A","A","A","A","A","A","A","A","A","A","A","A","A","A","A","A","A","A","A","A","A","A","A","A","A","A","A","A","A","A","A","A","A","A","A","A","A","A","A","A","A","A","A","A","A","A","A","A","A","A","A","A","A","A","A","A","A","A","A","A","A","A","A","A","A","A","A","A","A","A","A","A","A","A","A","A","A","A","A","A","A","A","A","A","A","A","A","A","A","A","A","A","A","A","A","A","A","A","A","A","A","A","A","A","A","A","A","A","A","A","A","A","A","A","A","A","A","A","A","A","A","A","A","A","A","A","A","A","A","A","A","A","A","A","A","A","A","A","A","A","A","A","A","A","A","A","A","A","A","A","A","A","A","A","A","A","A","A","A","A","A","A","A","A","A","A","A","A","A","A","A","A","A","A","A","A","A","A","A","A","A","A","A","A","A","A","A","A","A","A","A","A","A","A","A","A","A","A","A","A","A","A","A","A","A","A","A","A","A","A","A","A","A","A","A","A","A","A","A","A","A","A","A","A","A","A","A","A","A","A","A","A","A","A","A","A","A","A","A","A","A","A","A","A","A","A","A","A","A","A","A","A","A","A","A","A","A","A","A","A","A","A","A","A","A","A","A","A","A","A","A","A","A","A","A","A","A","A","A","A","A","A","A","A","A","A","A","A","A","A","A","A","A","A","A","A","A","A","A","A","A","A","A","A","A","A","A","A","A","A","A","A","A","A","A","A","A","A","A","A","A","A","A","A","A","A","A","A","A","A","A","A","A","A","A","A","A","A","A","A","A","A","A","A","A","A","A","A","A","A","A","A","A","A","A","A","A","A","A","A","A","A","A","A","A","A","A","A","A","A","A","A","A","A","A","A","A","A","A","A","A","A","A","A","A","A","A","A","A","A","A","A","A","A","A","A","A","A","A","A","A","A","A","A","A","A","A","A","A","A","A","A","A","A","A","A","A","A","A","A","A","A","A","A","A","A","A","A","A","A","A","A","A","A","A","A","A","A","A","A","A","A","A","A","A","A","A","A","A","A","A","A"],
  "atom_plddts": [53.84,54.79,48.71,49.71,54.74,57.18,59.49,61.63,61.31,60.07,59.96,59.95,60.11,60.01,59.64,59.68,60.91,60.63,59.32,58.71,58.98,59.78,62.11,53.27,50.28,51.05,53.39,53.74,55.5,57.85,57.12,55.81,55.46,55.68,55.92,56.67,56.82,57.38,58.45,58.24,57.73,56.93,56.66,56.36,57.67,52.85,50.21,50.52,52.78,52.56,53.44,53.93,53.87,52.52,51.89,51.28,52.23,51.72,52.15,52.41,53.06,52.51,51.79,51.44,51.79,50.4,52.61,52.08,49.38,49.67,53.3,52.25,53.34,52.01,53.97,52.75,51.24,51.21,51.16,49.75,47.41,46.91,46.44,45.95,44.66,46.12,48.22,50.17,45.13,44.58,50.67,50.55,52.83,52.39,55.45,54.02,53.48,51.33,52.72,50.58,47.46,47.25,46.63,44.75,43.39,44.23,46.36,47.39,57.91,53.38,54.29,58.86,60.15,62.08,64.59,64.21,62.91,63.55,64.32,63.96,64.6,64.0,64.81,65.51,65.21,64.56,64.07,64.2,64.48,65.74,61.16,58.24,58.74,61.56,62.5,63.94,66.17,65.09,63.83,64.03,64.71,64.58,65.43,64.91,65.39,66.63,66.47,65.93,65.18,65.08,65.13,66.24,60.72,58.34,58.87,60.52,60.25,61.52,62.33,61.76,60.27,59.76,59.65,60.62,60.79,61.31,61.75,62.67,62.48,61.91,61.26,61.3,60.44,61.91,56.03,52.95,53.6,57.37,56.16,57.38,57.85,58.5,58.05,55.7,55.66,55.77,53.84,51.36,50.52,50.05,49.87,48.34,49.94,56.28,50.47,51.0,57.49,57.89,59.58,62.17,61.74,60.35,60.29,60.07,60.74,61.1,60.61,61.33,62.4,62.02,60.98,60.5,60.61,60.57,62.56,56.89,53.37,53.88,57.21,58.0,59.58,61.29,60.61,59.35,59.01,59.03,59.31,59.96,60.33,60.89,61.86,61.66,61.09,60.47,60.4,60.03,61.47,57.52,54.82,55.3,59.08,57.69,58.54,58.31,59.16,58.59,56.07,54.67,55.53,53.18,50.1,48.98,48.55,48.07,46.38,48.37,58.35,51.74,52.47,59.59,59.96,61.76,63.95,64.02,62.78,62.59,62.3,63.39,63.11,61.78,62.23,62.99,62.35,61.15,61.04,61.83,61.24,63.5,60.35,56.78,57.59,61.26,62.39,63.81,66.46,65.16,64.08,64.54,65.32,64.89,65.81,65.16,65.81,66.93,66.88,66.35,65.59,65.55,65.67,66.66,63.46,60.75,61.19,63.81,64.85,66.23,68.23,67.12,65.89,66.12,66.71,66.64,67.46,67.13,67.66,68.68,68.65,68.1,67.48,67.42,67.27,68.35,59.93,57.48,57.7,59.89,59.35,60.34,61.2,60.8,59.54,59.05,58.33,59.26,59.05,59.3,59.67,60.6,60.4,59.51,59.03,59.24,57.98,59.97,54.39,52.1,52.43,55.12,54.56,55.29,55.5,56.62,55.74,53.67,53.2,52.92,50.66,47.87,46.63,46.01,45.7,44.27,46.42,49.98,44.87,44.31,51.09,50.61,51.95,51.57,54.63,53.04,52.95,49.99,51.11,48.69,45.59,45.27,44.55,42.64,41.32,42.26,44.42,45.05,57.44,53.26,54.21,58.46,59.17,60.77,63.19,62.79,61.23,61.73,62.36,62.1,62.77,62.29,62.89,63.85,63.67,62.97,62.38,62.47,62.4,63.74,61.87,59.34,59.54,62.48,63.05,64.49,66.52,65.92,64.47,64.73,65.28,64.88,65.74,65.37,65.9,66.99,66.97,66.44,65.66,65.52,65.49,66.61,61.9,59.42,59.64,61.6,61.2,62.3,63.46,63.27,61.84,61.48,61.22,61.96,62.33,63.03,63.53,64.51,64.46,63.73,63.03,62.89,62.23,63.64,57.59,55.63,55.97,57.77,57.13,56.7,56.12,56.26,55.47,53.42,53.15,53.5,52.04,51.31,50.8,50.44,49.97,48.53,49.6,51.59],
  "contact_probs": [[1.0,0.99,0.12,0.02,0.16,0.32,0.29,0.2,0.03,0.15,0.15,0.03,0.38,0.5,0.29,0.09,0.01,0.15,0.25,0.16,0.08,0.02],[0.99,1.0,0.93,0.13,0.42,0.64,0.45,0.22,0.01,0.05,0.06,0.01,0.08,0.13,0.11,0.08,0.01,0.11,0.35,0.15,0.11,0.02],[0.12,0.93,1.0,0.43,0.54,0.37,0.29,0.22,0.01,0.02,0.05,0.01,0.03,0.04,0.07,0.1,0.02,0.1,0.22,0.19,0.12,0.04],[0.02,0.13,0.43,1.0,0.49,0.1,0.02,0.01,0.0,0.01,0.01,0.01,0.01,0.0,0.01,0.01,0.01,0.06,0.05,0.02,0.01,0.02],[0.16,0.42,0.54,0.49,1.0,0.61,0.16,0.02,0.01,0.04,0.02,0.01,0.06,0.02,0.01,0.02,0.01,0.1,0.37,0.21,0.05,0.04],[0.32,0.64,0.37,0.1,0.61,1.0,0.99,0.1,0.06,0.25,0.04,0.01,0.03,0.01,0.01,0.01,0.0,0.03,0.35,0.59,0.2,0.03],[0.29,0.45,0.29,0.02,0.16,0.99,1.0,0.98,0.15,0.73,0.2,0.01,0.03,0.02,0.02,0.01,0.0,0.02,0.08,0.37,0.58,0.11],[0.2,0.22,0.22,0.01,0.02,0.1,0.98,1.0,0.28,0.7,0.48,0.02,0.04,0.03,0.03,0.02,0.0,0.01,0.04,0.11,0.29,0.26],[0.03,0.01,0.01,0.0,0.01,0.06,0.15,0.28,1.0,0.24,0.09,0.02,0.05,0.01,0.01,0.01,0.0,0.01,0.01,0.01,0.01,0.03],[0.15,0.05,0.02,0.01,0.04,0.25,0.73,0.7,0.24,1.0,0.94,0.18,0.45,0.17,0.04,0.01,0.0,0.01,0.03,0.04,0.03,0.03],[0.15,0.06,0.05,0.01,0.02,0.04,0.2,0.48,0.09,0.94,1.0,0.35,0.66,0.73,0.34,0.04,0.0,0.02,0.02,0.08,0.13,0.11],[0.03,0.01,0.01,0.01,0.01,0.01,0.01,0.02,0.02,0.18,0.35,1.0,0.23,0.11,0.03,0.01,0.0,0.01,0.01,0.01,0.01,0.03],[0.38,0.08,0.03,0.01,0.06,0.03,0.03,0.04,0.05,0.45,0.66,0.23,1.0,0.98,0.1,0.02,0.0,0.03,0.1,0.05,0.03,0.02],[0.5,0.13,0.04,0.0,0.02,0.01,0.02,0.03,0.01,0.17,0.73,0.11,0.98,1.0,1.0,0.16,0.01,0.16,0.37,0.19,0.08,0.02],[0.29,0.11,0.07,0.01,0.01,0.01,0.02,0.03,0.01,0.04,0.34,0.03,0.1,1.0,1.0,0.95,0.09,0.3,0.66,0.45,0.25,0.08],[0.09,0.08,0.1,0.01,0.02,0.01,0.01,0.02,0.01,0.01,0.04,0.01,0.02,0.16,0.95,1.0,0.3,0.44,0.38,0.58,0.34,0.21],[0.01,0.01,0.02,0.01,0.01,0.0,0.0,0.0,0.0,0.0,0.0,0.0,0.0,0.01,0.09,0.3,1.0,0.38,0.06,0.01,0.01,0.02],[0.15,0.11,0.1,0.06,0.1,0.03,0.02,0.01,0.01,0.01,0.02,0.01,0.03,0.16,0.3,0.44,0.38,1.0,0.46,0.16,0.02,0.03],[0.25,0.35,0.22,0.05,0.37,0.35,0.08,0.04,0.01,0.03,0.02,0.01,0.1,0.37,0.66,0.38,0.06,0.46,1.0,0.98,0.18,0.02],[0.16,0.15,0.19,0.02,0.21,0.59,0.37,0.11,0.01,0.04,0.08,0.01,0.05,0.19,0.45,0.58,0.01,0.16,0.98,1.0,0.98,0.29],[0.08,0.11,0.12,0.01,0.05,0.2,0.58,0.29,0.01,0.03,0.13,0.01,0.03,0.08,0.25,0.34,0.01,0.02,0.18,0.98,1.0,0.76],[0.02,0.02,0.04,0.02,0.04,0.03,0.11,0.26,0.03,0.03,0.11,0.03,0.02,0.02,0.08,0.21,0.02,0.03,0.02,0.29,0.76,1.0]],
  "pae": [[1.0,3.3,5.3,9.6,8.9,7.4,7.3,7.2,12.5,6.0,7.2,10.9,8.1,7.7,8.6,10.6,15.4,11.0,8.9,9.1,8.3,9.5],[3.8,1.0,4.5,7.3,7.4,6.9,7.8,8.9,12.5,7.9,9.1,11.0,7.9,8.7,9.5,11.2,14.8,11.3,9.9,8.0,9.7,9.8],[5.7,3.8,1.1,6.1,6.2,7.1,10.1,10.2,13.9,10.3,11.3,13.4,9.9,10.9,10.5,12.2,15.9,12.4,10.3,9.7,10.3,12.1],[10.4,6.7,6.4,1.4,6.6,7.2,11.0,12.5,15.1,13.7,14.3,16.2,13.4,12.4,11.7,13.2,16.7,13.3,10.1,9.9,10.8,13.6],[10.0,6.5,5.9,5.6,1.3,5.0,7.5,10.5,13.5,11.7,12.6,14.6,12.6,11.9,12.3,12.7,16.2,12.3,9.3,9.2,8.8,11.3],[6.9,6.5,6.0,7.1,5.5,1.0,2.2,4.3,9.5,6.2,6.7,10.4,6.3,6.1,6.1,6.6,10.5,8.0,5.4,5.0,5.3,6.6],[6.8,6.9,8.4,8.0,5.9,2.4,0.9,2.6,7.2,5.0,5.8,8.8,4.9,4.5,4.9,6.0,10.2,7.1,4.9,4.7,5.1,6.4],[6.7,6.9,8.3,9.4,6.7,4.4,2.1,1.0,6.5,4.7,4.9,9.0,5.7,5.3,5.3,6.3,11.6,8.3,5.3,5.3,5.0,6.7],[14.1,15.0,15.2,17.6,16.2,13.9,9.7,8.7,2.1,10.2,9.3,10.9,13.9,14.7,13.9,12.0,16.9,14.3,14.4,14.5,12.3,12.6],[7.1,8.3,9.8,11.8,9.8,7.6,6.3,4.6,5.7,1.0,3.0,5.7,5.4,5.3,6.5,7.3,11.2,8.5,7.2,8.0,7.8,9.2],[5.9,7.4,8.8,11.6,9.8,7.9,6.0,5.3,6.6,2.8,1.0,5.2,4.1,4.8,5.5,7.1,10.7,8.3,6.9,7.2,7.7,8.8],[12.0,12.6,13.9,16.4,14.7,14.0,12.4,10.8,13.6,9.2,6.5,1.8,6.9,7.0,9.7,11.0,14.6,13.0,12.3,12.4,13.2,13.3],[6.3,6.9,8.7,11.3,9.3,5.8,5.4,5.8,8.7,4.7,3.6,4.4,1.0,2.0,3.4,4.7,8.8,6.8,5.3,5.8,6.4,8.0],[6.3,6.6,8.1,10.2,8.5,5.1,4.4,5.2,8.4,4.4,3.6,4.7,1.9,0.9,1.8,3.2,7.8,5.7,4.6,4.7,5.4,7.5],[6.3,6.9,8.6,10.1,8.6,5.6,4.9,5.7,9.2,4.6,4.2,6.2,2.8,2.0,0.9,2.4,6.7,4.8,4.1,4.2,5.0,7.6],[8.3,8.4,10.6,11.9,9.9,7.4,7.0,6.9,10.4,6.8,5.6,8.0,5.0,4.1,2.4,1.0,6.6,4.4,4.6,5.6,6.1,7.6],[15.0,15.5,16.7,17.9,16.2,17.0,14.6,15.3,16.4,15.3,13.3,13.1,14.9,9.6,7.1,8.5,1.8,7.2,10.6,13.7,13.4,12.4],[12.5,11.7,13.3,14.7,13.1,11.4,12.2,13.0,14.0,13.0,11.4,13.8,10.6,9.6,6.3,5.9,8.4,1.2,7.8,5.8,9.0,11.7],[8.8,7.8,8.6,10.6,8.2,4.9,5.3,5.7,10.4,6.1,5.6,9.8,6.1,5.0,4.5,3.9,6.8,3.9,0.9,1.8,3.5,6.1],[7.3,6.7,8.4,9.6,8.3,4.8,4.2,4.6,8.8,5.7,5.4,9.3,5.4,4.8,3.8,4.3,7.7,4.0,1.8,0.9,2.3,5.7],[8.6,8.1,9.6,10.5,8.7,5.6,6.8,5.4,10.4,6.8,7.0,10.8,7.0,6.6,4.4,4.4,9.9,5.6,3.1,2.3,0.9,4.3],[10.3,10.1,11.4,13.2,11.4,8.8,8.1,7.9,13.3,10.1,8.7,13.8,11.8,9.1,8.1,7.6,14.8,11.0,8.4,6.3,5.7,2.1]],
  "token_chain_ids": ["A","A","A","A","A","A","A","A","A","A","A","A","A","A","A","A","A","A","A","A","A","A"],
  "token_res_ids": [1,2,3,4,5,6,7,8,9,10,11,12,13,14,15,16,17,18,19,20,21,22]
}