{
  "atom_chain_ids": ["A","A","A","A","A","A","A","A","A","A","A","A","A","A","A","A","A","A","A","A","A","A","A","A","A","A","A","A","A","A","A","A","A","A","A","A","A","A","A","A","A","A","A","A","A","A","A","A","A","A","A","A","A","A","A","A","A","A","A","A","A","A","A","A","A","A","A","A","A","A","A","A","A","A","A","A","A","A","A","A","A","A","A","A","A","A","A","A","A","A","A","A","A","A","A","A","A","A","A","A","A","A","A","A","A","A","A","A","A","A","A","A","A","A","A","A","A","A","A","A","A","A","A","A","A","A","A","A","A","A","A","A","A","A","A","A","A","A","A","A","A","A","A","A","A","A","A","A","A","A","A","A","A","A","A","A","A","A","A","A","A","A","A","A","A","A","A","A","A","A","A","A","A","A","A","A","A","A","A","A","A","A","A","A","A","A","A","A","A","A","A","A","A","A","A","A","A","A","A","A","A","A","A","A","A","A","A","A","A","A","A","A","A","A","A","A","A","A","A","A","A","A","A","A","A","A","A","A","A","A","A","A","A","A","A","A","A","A","A","A","A","A","A","A","A","A","A","A","A","A","A","A","A","A","A","A","A","A","A","A","A","A","A","A","A","A","A","A","A","A","A","A","A","A","A","A","A","A","A","A","A","A","A","A","A","A","A","A","A","A","A","A","A","A","A","A","A","A","A","A","A","A","A","A","A","A","A","A","A","A","A","A","A","A","A","A","A","A","A","A","A","A","A","A","A","A","A","A","A","A","A","A","A","A","A","A","A","A","A","A","A","A","A","A","A","A","A","A","A","A","A","A","A","A","A","A","A","A","A","A","A","A","A","A","A","A","A","A","A","A","A","A","A","A","A","A","A","A","A","A","A","A","A","A","A","A","A","A","A","A","A","A","A","A","A","A","A","A","A","A","A","A","A","A","A","A","A","A","A","A","A","A","A","A","A","A","A","A","A","A","A","A","A","A","A","A","A","A","A","A","A","A","A","A","A","A","A","A","A","A","A","A","A","A","A","A","A","A","A","A","A","A","A","A","A","A","A","A","A","A","A","A","A","A","A","A","A","A","A","A","A","A","A","A","A","A","A","A","A","A","A","A","A","A","A","A","A","A","A","A","A","A","A","A","A","A","A","A","A","A","A","A","A","A","A","A","A","A","A","A","A","A","A","A","A","A","A","A","A","A","A","A","A","A","A","A","A","A","A","A","A","A","A","A","A","A","A","A","A","A","A","A","A","A","A","A","A","A","A","A","A","A","A","A","A"],
  "atom_plddts": [55.15,58.11,51.47,51.12,57.7,61.16,64.17,64.77,67.25,66.03,66.96,64.88,64.96,62.09,60.21,60.42,59.65,57.06,55.38,56.26,58.72,62.32,67.97,62.98,61.38,67.39,68.59,70.22,71.28,71.58,70.17,71.13,69.44,70.86,70.16,67.89,68.05,68.94,67.05,65.45,65.87,67.0,68.37,73.27,69.59,69.14,74.63,75.75,76.74,77.05,77.01,76.27,78.02,78.63,78.5,78.83,77.73,78.29,78.78,78.17,77.92,78.21,78.34,78.6,79.24,74.94,73.86,73.51,74.85,74.47,74.07,74.1,73.7,72.77,74.77,75.24,75.25,75.86,76.0,76.57,76.97,76.51,76.57,76.43,76.22,75.99,76.46,74.05,72.56,71.8,73.75,73.15,72.65,73.12,72.69,71.78,73.38,73.73,74.02,74.57,74.35,74.88,75.6,75.4,75.25,75.06,74.89,74.61,75.2,76.15,74.0,74.08,75.1,72.12,74.24,73.83,73.85,72.88,71.53,70.24,72.49,71.33,70.99,70.19,70.76,69.56,68.46,69.11,70.63,73.26,68.92,68.69,74.17,75.58,76.81,76.87,77.12,76.35,77.61,78.12,78.38,78.88,78.13,78.67,79.33,78.99,78.81,79.02,78.98,79.02,79.6,75.78,73.87,73.88,76.29,76.38,76.95,76.62,76.75,75.78,77.65,78.15,78.03,78.63,78.22,78.74,79.21,78.9,78.97,78.94,78.76,78.61,79.03,74.08,72.42,72.01,73.91,73.66,74.22,74.63,74.4,73.18,74.79,74.89,75.13,75.63,75.49,75.83,76.47,76.27,76.09,76.07,75.88,75.49,76.25,62.83,61.01,59.78,61.75,59.73,59.48,57.97,59.04,58.55,55.85,53.88,56.41,53.9,52.09,51.04,50.37,49.38,47.54,49.23,51.55,47.52,45.6,43.39,45.81,45.98,45.98,44.36,48.04,47.11,45.82,43.96,45.41,42.31,40.51,40.08,39.27,37.94,36.93,37.91,40.01,38.08,41.35,44.13,41.33,39.54,43.84,44.47,44.55,42.4,46.45,45.09,44.16,42.76,43.27,40.7,37.55,36.5,35.5,34.41,33.35,35.44,38.4,38.19,34.93,33.7,37.74,38.27,38.17,36.82,41.28,39.65,38.92,37.08,38.35,36.35,34.33,33.47,33.18,31.62,30.95,31.42,32.76,33.84,40.23,37.17,35.7,39.18,39.23,39.49,37.84,42.81,41.35,40.21,38.08,39.35,37.07,34.96,34.03,33.7,32.09,31.33,31.81,33.14,34.18,44.62,41.07,40.28,44.32,44.38,44.84,45.83,47.26,46.11,45.38,44.03,44.78,44.02,43.39,43.52,43.94,43.03,42.22,42.16,42.26,41.87,44.41,46.21,43.7,42.53,45.4,44.93,45.23,43.62,47.01,45.48,44.71,42.91,44.96,42.95,40.0,39.44,38.56,37.58,36.65,38.06,40.46,56.03,50.51,49.02,55.73,55.7,56.57,56.73,58.3,57.55,56.84,53.69,56.2,53.47,51.38,51.21,50.8,48.86,47.13,48.54,50.66,48.77,53.05,60.09,55.8,55.25,60.91,60.66,61.78,61.88,63.39,62.3,60.55,59.8,61.58,59.9,56.96,56.24,56.39,55.33,53.6,54.78,57.12,72.39,68.81,68.34,73.37,74.89,76.26,76.39,76.3,75.36,76.97,77.45,77.58,78.01,77.1,77.64,78.21,77.68,77.39,77.68,77.81,77.86,78.65,74.17,72.34,71.78,74.02,74.15,74.58,74.41,74.03,73.0,74.69,74.97,75.18,75.86,76.15,76.6,77.19,76.93,76.9,76.83,76.62,76.37,76.91,73.42,71.51,70.67,73.33,72.88,72.8,73.27,72.7,71.74,73.29,73.58,73.94,74.62,74.64,75.09,75.92,75.83,75.68,75.58,75.32,75.03,75.62,71.36,69.64,69.65,70.76,67.42,68.81,68.74,68.04,67.17,65.03,63.12,65.86,64.44,64.48,63.47,63.9,63.06,61.28,62.59,64.09,72.68,69.25,69.0,73.55,74.23,74.85,75.11,74.82,74.08,75.82,76.41,76.33,76.94,76.64,77.17,77.83,77.63,77.53,77.64,77.49,77.51,77.93,72.48,70.6,70.58,73.09,72.88,72.57,73.02,72.17,71.52,74.05,74.95,74.19,75.01,75.16,75.8,76.32,76.07,76.15,76.11,75.87,75.92,76.1,72.78,71.11,70.43,72.96,72.5,71.89,72.61,71.83,70.98,73.25,73.81,73.46,74.08,74.03,74.59,75.16,75.05,74.95,74.89,74.62,74.59,75.0,69.85,68.38,67.7,68.4,67.45,67.67,67.54,67.43,66.48,64.24,63.62,65.62,64.55,63.02,61.66,62.77,62.32,60.59,61.01,62.45],
  "contact_probs": [[1.0,0.83,0.47,0.06,0.01,0.01,0.27,0.04,0.01,0.0,0.0,0.01,0.01,0.02,0.08,0.22,0.46,0.38,0.18,0.04,0.01,0.01,0.37,0.08,0.01,0.0],[0.83,1.0,0.94,0.26,0.0,0.0,0.14,0.01,0.0,0.0,0.0,0.0,0.01,0.01,0.1,0.19,0.3,0.27,0.06,0.02,0.0,0.01,0.83,0.65,0.02,0.0],[0.47,0.94,1.0,1.0,0.07,0.01,0.17,0.01,0.0,0.0,0.0,0.0,0.01,0.02,0.14,0.1,0.12,0.07,0.01,0.0,0.0,0.0,0.27,0.95,0.7,0.01],[0.06,0.26,1.0,1.0,1.0,0.04,0.96,0.16,0.01,0.01,0.02,0.01,0.03,0.06,0.12,0.03,0.03,0.01,0.0,0.0,0.0,0.0,0.01,0.26,0.94,0.36],[0.01,0.0,0.07,1.0,1.0,0.07,0.74,0.96,0.23,0.15,0.12,0.08,0.12,0.11,0.07,0.01,0.01,0.0,0.0,0.0,0.0,0.0,0.0,0.01,0.2,0.56],[0.01,0.0,0.01,0.04,0.07,1.0,0.02,0.02,0.0,0.0,0.0,0.01,0.01,0.01,0.01,0.0,0.0,0.0,0.0,0.0,0.0,0.0,0.0,0.0,0.0,0.01],[0.27,0.14,0.17,0.96,0.74,0.02,1.0,1.0,0.05,0.0,0.01,0.01,0.01,0.03,0.11,0.1,0.41,0.61,0.28,0.01,0.0,0.0,0.0,0.0,0.0,0.0],[0.04,0.01,0.01,0.16,0.96,0.02,1.0,1.0,1.0,0.2,0.1,0.02,0.06,0.08,0.14,0.06,0.15,0.44,0.93,0.26,0.01,0.0,0.0,0.0,0.0,0.0],[0.01,0.0,0.0,0.01,0.23,0.0,0.05,1.0,1.0,0.9,0.47,0.12,0.25,0.2,0.13,0.04,0.04,0.02,0.6,0.91,0.16,0.0,0.0,0.0,0.0,0.01],[0.0,0.0,0.0,0.01,0.15,0.0,0.0,0.2,0.9,1.0,0.77,0.34,0.36,0.23,0.07,0.02,0.01,0.01,0.01,0.28,0.41,0.0,0.0,0.0,0.02,0.2],[0.0,0.0,0.0,0.02,0.12,0.0,0.01,0.1,0.47,0.77,1.0,0.69,0.44,0.26,0.15,0.02,0.02,0.01,0.04,0.1,0.2,0.0,0.01,0.02,0.06,0.23],[0.01,0.0,0.0,0.01,0.08,0.01,0.01,0.02,0.12,0.34,0.69,1.0,0.68,0.29,0.07,0.02,0.01,0.02,0.01,0.04,0.13,0.01,0.0,0.02,0.09,0.23],[0.01,0.01,0.01,0.03,0.12,0.01,0.01,0.06,0.25,0.36,0.44,0.68,1.0,0.65,0.2,0.03,0.02,0.04,0.05,0.17,0.33,0.01,0.02,0.1,0.23,0.31],[0.02,0.01,0.02,0.06,0.11,0.01,0.03,0.08,0.2,0.23,0.26,0.29,0.65,1.0,0.56,0.14,0.07,0.06,0.1,0.2,0.27,0.01,0.06,0.15,0.24,0.24],[0.08,0.1,0.14,0.12,0.07,0.01,0.11,0.14,0.13,0.07,0.15,0.07,0.2,0.56,1.0,0.56,0.38,0.12,0.31,0.3,0.11,0.01,0.23,0.2,0.12,0.04],[0.22,0.19,0.1,0.03,0.01,0.0,0.1,0.06,0.04,0.02,0.02,0.02,0.03,0.14,0.56,1.0,0.64,0.17,0.16,0.08,0.02,0.01,0.14,0.05,0.01,0.01],[0.46,0.3,0.12,0.03,0.01,0.0,0.41,0.15,0.04,0.01,0.02,0.01,0.02,0.07,0.38,0.64,1.0,0.69,0.4,0.09,0.02,0.0,0.16,0.03,0.01,0.0],[0.38,0.27,0.07,0.01,0.0,0.0,0.61,0.44,0.02,0.01,0.01,0.02,0.04,0.06,0.12,0.17,0.69,1.0,0.81,0.14,0.0,0.01,0.17,0.01,0.0,0.0],[0.18,0.06,0.01,0.0,0.0,0.0,0.28,0.93,0.6,0.01,0.04,0.01,0.05,0.1,0.31,0.16,0.4,0.81,1.0,1.0,0.05,0.01,0.17,0.01,0.0,0.0],[0.04,0.02,0.0,0.0,0.0,0.0,0.01,0.26,0.91,0.28,0.1,0.04,0.17,0.2,0.3,0.08,0.09,0.14,1.0,1.0,1.0,0.05,0.97,0.14,0.01,0.0],[0.01,0.0,0.0,0.0,0.0,0.0,0.0,0.01,0.16,0.41,0.2,0.13,0.33,0.27,0.11,0.02,0.02,0.0,0.05,1.0,1.0,0.08,0.78,0.97,0.19,0.11],[0.01,0.01,0.0,0.0,0.0,0.0,0.0,0.0,0.0,0.0,0.0,0.01,0.01,0.01,0.01,0.01,0.0,0.01,0.01,0.05,0.08,1.0,0.02,0.02,0.0,0.0],[0.37,0.83,0.27,0.01,0.0,0.0,0.0,0.0,0.0,0.0,0.01,0.0,0.02,0.06,0.23,0.14,0.16,0.17,0.17,0.97,0.78,0.02,1.0,1.0,0.03,0.0],[0.08,0.65,0.95,0.26,0.01,0.0,0.0,0.0,0.0,0.0,0.02,0.02,0.1,0.15,0.2,0.05,0.03,0.01,0.01,0.14,0.97,0.02,1.0,1.0,1.0,0.26],[0.01,0.02,0.7,0.94,0.2,0.0,0.0,0.0,0.0,0.02,0.06,0.09,0.23,0.24,0.12,0.01,0.01,0.0,0.0,0.01,0.19,0.0,0.03,1.0,1.0,0.98],[0.0,0.0,0.01,0.36,0.56,0.01,0.0,0.0,0.01,0.2,0.23,0.23,0.31,0.24,0.04,0.01,0.0,0.0,0.0,0.0,0.11,0.0,0.0,0.26,0.98,1.0]],
  "pae": [[1.2,4.6,3.6,5.9,7.8,9.4,5.8,6.9,8.9,10.7,14.0,15.4,14.0,12.7,11.3,9.1,6.3,5.9,6.4,7.2,9.2,10.8,5.3,5.8,7.6,9.2],[2.9,1.0,2.0,3.2,4.7,6.3,4.8,4.8,5.2,7.8,10.9,12.4,11.2,10.2,8.8,8.3,5.4,5.5,4.7,4.5,5.6,6.5,3.6,2.8,4.1,5.6],[3.2,1.6,0.8,1.2,1.8,3.1,1.6,1.9,2.6,5.1,8.3,10.8,9.6,9.0,7.3,7.2,4.3,3.4,1.9,2.1,2.3,4.2,1.5,1.4,1.8,3.3],[3.6,1.9,1.0,0.8,1.2,2.7,1.4,1.4,1.8,4.4,8.1,10.8,10.1,9.2,7.7,7.7,4.1,3.4,1.7,1.8,1.9,4.0,1.6,1.3,1.4,2.9],[4.3,2.6,1.6,1.1,0.8,2.5,1.6,1.4,1.9,4.5,7.9,10.7,9.8,9.8,8.2,8.0,4.5,3.9,2.1,2.1,2.3,4.5,2.2,1.9,1.7,3.2],[7.9,6.9,4.5,3.8,3.8,1.3,4.0,4.1,5.6,7.5,12.1,13.8,12.6,13.0,11.1,10.9,8.0,6.9,6.2,6.9,7.3,9.9,7.4,6.5,6.2,6.8],[4.4,2.7,1.6,1.5,1.6,2.5,0.8,1.1,1.7,4.3,8.0,10.4,9.3,8.9,7.5,7.2,4.1,3.4,1.6,1.9,2.3,4.3,2.1,2.1,2.2,3.5],[4.3,2.7,1.7,1.4,1.5,2.6,1.1,0.8,1.3,3.8,7.6,10.0,9.2,9.0,7.6,7.1,4.0,3.2,1.5,1.4,1.9,4.1,1.9,2.0,2.1,3.4],[5.1,3.8,2.7,2.4,1.9,3.5,2.0,1.3,0.8,3.4,6.5,9.5,9.1,9.2,7.9,7.9,4.6,4.0,2.0,1.9,2.1,4.8,2.7,2.6,2.8,3.9],[11.6,12.0,10.6,10.7,8.6,11.1,9.9,6.0,6.3,1.4,6.5,8.6,10.9,11.9,12.6,12.6,11.5,9.8,8.1,7.2,6.8,12.4,10.3,10.1,10.7,9.7],[18.2,17.6,16.2,15.8,13.7,18.2,15.0,11.9,8.4,7.8,1.3,6.1,9.3,12.8,14.7,15.3,16.0,16.2,14.2,11.8,11.4,17.5,17.2,16.1,15.5,13.4],[17.4,18.3,18.2,18.0,17.0,19.5,17.2,15.8,13.6,9.7,6.4,1.4,8.0,12.5,13.8,14.4,15.1,16.0,15.9,14.8,15.4,16.7,17.6,17.6,18.2,15.6],[17.3,17.8,16.8,17.2,16.7,19.4,16.4,15.8,14.8,10.9,9.2,7.1,1.3,10.5,12.1,12.3,14.6,13.4,14.4,14.6,15.0,15.4,16.7,17.1,17.7,16.4],[14.3,15.1,15.3,15.3,15.1,18.3,14.9,15.6,15.2,13.3,12.9,11.6,9.4,1.4,7.8,8.7,9.9,11.7,13.5,13.7,14.2,13.4,14.7,15.6,17.2,16.7],[10.5,10.9,11.6,12.6,13.2,15.4,10.5,11.6,13.1,13.0,14.0,13.3,9.3,7.7,1.1,5.7,6.1,7.9,9.7,10.0,12.4,12.0,11.8,12.8,14.2,14.5],[9.6,11.0,11.1,11.9,13.4,14.9,9.7,10.7,13.3,14.0,15.7,15.4,12.3,8.6,6.7,1.6,6.4,7.4,9.5,11.9,14.1,12.8,11.5,12.5,14.1,15.6],[6.8,8.2,8.9,9.9,10.0,11.3,6.0,8.6,10.0,11.7,13.9,13.9,11.5,8.6,6.1,5.0,1.2,5.2,5.3,8.9,11.0,11.6,9.0,10.4,11.5,11.9],[6.9,7.3,7.8,8.5,8.7,9.7,5.4,6.9,7.3,9.4,12.3,13.5,11.3,9.9,7.8,5.6,4.0,1.3,3.5,5.2,7.9,11.3,9.3,9.1,10.1,10.1],[4.4,2.8,2.1,2.3,2.7,4.1,1.7,1.6,2.2,4.4,7.5,10.0,9.2,8.5,7.2,6.7,3.7,2.2,0.8,1.2,1.8,4.1,1.7,2.1,2.8,4.1],[4.6,2.8,2.0,2.0,2.1,3.4,1.9,1.4,1.6,4.1,7.4,9.9,9.1,8.8,7.4,6.8,4.0,2.9,1.0,0.8,1.2,3.6,1.5,1.5,1.9,3.5],[4.8,2.9,2.2,2.3,2.3,3.8,2.3,2.1,1.8,4.5,7.6,10.1,9.3,9.1,7.9,7.2,4.4,3.5,1.6,1.1,0.8,3.0,1.6,1.6,2.1,3.5],[7.6,5.4,6.1,7.0,7.0,9.6,7.5,6.5,5.3,7.3,11.2,13.0,11.3,10.9,10.2,10.1,7.6,7.1,4.6,3.5,3.6,1.6,3.8,3.8,5.4,6.7],[4.1,2.3,1.8,2.0,2.4,3.7,2.2,2.3,2.3,4.7,7.8,10.1,8.9,8.9,7.6,7.3,4.2,3.7,1.6,1.5,1.6,2.9,0.8,1.1,1.7,3.3],[4.0,2.3,1.5,1.5,1.8,3.4,2.0,1.9,2.0,4.5,8.0,10.5,9.2,8.7,7.8,7.3,4.1,3.5,1.6,1.3,1.3,3.3,1.0,0.8,1.2,2.5],[4.6,2.6,1.7,1.7,2.0,3.9,2.6,2.3,2.4,4.8,8.1,11.4,9.9,9.5,8.3,8.4,4.9,4.1,2.3,1.9,1.5,4.1,1.5,1.0,0.8,2.2],[10.2,8.6,8.2,6.9,7.7,11.5,9.8,8.6,9.6,8.5,10.8,14.0,13.3,13.8,13.0,13.2,11.8,10.7,10.5,10.0,8.8,12.0,8.9,5.9,5.1,1.5]],
  "token_chain_ids": ["A","A","A","A","A","A","A","A","A","A","A","A","A","A","A","A","A","A","A","A","A","A","A","A","A","A"],
  "token_res_ids": [1,2,3,4,5,6,7,8,9,10,11,12,13,14,15,16,17,18,19,20,21,22,23,24,25,26]
}