{
  "atom_chain_ids": ["A","A","A","A","A","A","A","A","A","A","A","A","A","A","A","A","A","A","A","A","A","A","A","A","A","A","A","A","A","A","A","A","A","A","A","A","A","A","A","A","A","A","A","A","A","A","A","A","A","A","A","A","A","A","A","A","A","A","A","A","A","A","A","A","A","A","A","A","A","A","A","A","A","A","A","A","A","A","A","A","A","A","A","A","A","A","A","A","A","A","A","A","A","A","A","A","A","A","A","A","A","A","A","A","A","A","A","A","A","A","A","A","A","A","A","A","A","A","A","A","A","A","A","A","A","A","A","A","A","A","A","A","A","A","A","A","A","A","A","A","A","A","A","A","A","A","A","A","A","A","A","A","A","A","A","A","A","A","A","A","A","A","A","A","A","A","A","A","A","A","A","A","A","A","A","A","A","A","A","A","A","A","A","A","A","A","A","A","A","A","A","A","A","A","A","A","A","A","A","A","A","A","A","A","A","A","A","A","A","A","A","A","A","A","A","A","A","A","A","A","A","A","A","A","A","A","A","A","A","A","A","A","A","A","A","A","A","A","A","A","A","A","A","A","A","A","A","A","A","A","A","A","A","A","A","A","A","A","A","A","A","A","A","A","A","A","A","A","A","A","A","A","A","A","A","A","A","A","A","A","A","A","A","A","A","A","A","A","A","A","A","A","A","A","A","A","A","A","A","A","A","A","A","A","A","A","A","A","A","A","A","A","A","A","A","A","A","A","A","A","A","A","A","A","A","A","A","A","A","A","A","A","A","A","A","A","A","A","A","A","A","A","A","A","A","A","A","A","A","A","A","A","A","A","A","A","A","A","A","A","A","A","A","A","A","A","A","A","A","A","A","A","A","A","A","A","A","A","A","A","A","A","A","A","A","A","A","A","A","A","A","A","A","A","A","A","A","A","A","A","A","A","A","A","A","A","A","A","A","A","A","A","A","A","A","A","A","A","A","A","A","A","A","A","A","A","A","A","A","A","A","A","A","A","A","A","A","A","A","A","A","A","A","A","A","A","A","A","A","A","A","A","A","A","A","A","A","A","A","A","A","A","A","A","A","A","A","A","A","A","A","A","A","A","A","A","A","A","A","A","A","A","A","A","A","A","A","A","A","A","A","A","A","A","A","A","A","A","A","A","A","A","A","A","A","A","A","A","A","A","A","A","A","A","A","A","A","A","A","A","A","A","A","A","A","A","A","A","A","A","A","A","A","A","A","A","A","A","A","A","A","A","A","A","A","A","A","A","A","A","A","A","A","A","A"],
  "atom_plddts": [55.8,58.31,51.56,51.29,57.7,60.56,63.21,63.89,65.66,64.62,65.31,63.12,63.5,61.06,59.7,59.65,59.15,56.76,54.85,55.85,58.12,61.12,67.24,62.65,61.05,66.6,67.41,68.96,69.85,70.37,68.89,69.66,67.73,69.31,68.3,65.74,65.83,66.6,64.52,62.76,63.23,64.53,65.95,73.07,69.05,68.67,74.63,76.05,77.19,77.53,77.57,76.86,78.66,79.32,79.16,79.49,78.27,78.87,79.34,78.69,78.44,78.76,78.92,79.28,79.89,76.29,75.04,74.81,76.24,76.1,76.24,75.95,75.87,74.93,76.79,77.18,77.38,77.97,77.76,78.27,78.66,78.16,78.19,78.14,77.93,77.67,78.27,75.99,74.1,73.54,75.99,75.67,75.91,76.09,76.04,75.08,76.58,76.94,77.44,77.94,77.3,77.79,78.44,78.13,78.0,77.99,77.83,77.56,78.27,77.08,74.9,74.88,76.01,72.98,75.01,74.43,74.6,73.55,72.14,70.85,73.16,71.88,71.51,70.74,71.28,70.04,68.98,69.55,71.14,73.62,68.91,68.61,74.53,76.02,77.26,77.23,77.5,76.73,78.02,78.49,78.85,79.36,78.79,79.35,80.0,79.66,79.56,79.76,79.67,79.68,80.22,75.65,73.54,73.6,76.17,76.44,77.09,76.73,76.9,75.92,77.81,78.33,78.28,78.9,78.49,79.06,79.54,79.21,79.3,79.25,79.08,78.97,79.37,75.05,73.17,72.86,74.95,74.67,75.38,75.68,75.58,74.36,76.0,76.16,76.51,77.03,76.87,77.27,77.88,77.62,77.51,77.52,77.32,76.97,77.68,63.87,61.63,60.53,62.99,61.25,61.33,60.03,60.82,60.16,57.62,55.6,58.14,55.8,53.77,52.49,51.99,50.98,49.02,50.86,53.17,49.62,47.3,45.34,48.16,48.37,48.48,47.12,50.36,49.46,48.09,45.89,47.31,44.12,42.19,41.63,40.68,39.18,37.99,39.19,41.44,39.35,43.05,44.6,41.76,40.0,44.36,45.01,45.24,43.33,46.96,45.5,44.79,43.41,44.08,41.79,38.82,37.92,37.0,35.98,34.9,36.82,39.57,41.82,37.97,36.58,41.21,41.86,42.21,40.88,45.16,43.42,42.91,40.87,42.37,40.31,38.08,37.43,37.01,35.37,34.49,35.06,36.67,37.73,42.95,39.11,37.78,42.29,42.42,43.15,41.53,45.87,44.17,43.09,41.06,42.74,40.67,38.64,38.18,37.75,36.09,35.31,35.84,37.23,38.1,43.46,39.87,38.71,42.6,42.73,43.45,44.5,45.98,45.06,44.27,42.83,42.98,42.08,41.42,41.28,41.63,40.73,40.0,40.01,40.11,39.89,42.6,49.39,46.27,45.13,49.29,48.57,49.17,47.56,50.55,49.26,47.98,46.46,48.6,46.44,43.41,42.98,41.96,40.88,39.81,41.39,44.02,54.86,50.04,48.75,54.45,54.66,55.53,55.4,57.12,56.4,55.83,53.25,55.69,53.31,51.56,51.85,51.36,49.93,48.48,49.52,51.52,49.69,52.92,61.54,56.57,55.65,62.39,61.89,63.13,62.86,64.24,63.14,61.07,59.78,61.75,59.73,56.74,55.69,55.91,54.72,52.79,54.19,56.69,72.76,69.17,68.66,73.52,74.86,76.2,76.37,76.25,75.29,76.95,77.36,77.58,78.06,77.36,77.9,78.52,78.03,77.77,78.01,78.07,78.09,78.85,74.69,72.81,72.37,74.57,74.71,75.2,74.97,74.66,73.63,75.43,75.72,75.93,76.64,76.92,77.39,77.98,77.71,77.72,77.66,77.43,77.17,77.68,74.51,72.34,71.53,74.61,74.14,74.25,74.57,74.17,73.21,74.83,75.12,75.53,76.2,76.15,76.6,77.42,77.28,77.19,77.17,76.9,76.59,77.2,73.57,71.95,71.81,72.72,69.47,71.3,71.44,70.83,69.88,68.25,66.24,69.0,67.88,67.85,66.87,67.6,66.68,65.09,66.11,67.38,72.05,68.39,68.05,72.97,73.8,74.19,74.43,74.09,73.42,75.24,75.91,75.74,76.37,76.22,76.81,77.47,77.26,77.2,77.3,77.14,77.21,77.57,72.92,70.91,70.87,73.69,73.66,73.41,73.73,73.03,72.47,74.97,75.82,75.04,75.82,75.82,76.46,76.96,76.69,76.77,76.77,76.55,76.6,76.81,73.87,72.09,71.46,74.15,73.81,73.43,73.93,73.36,72.48,74.77,75.33,75.07,75.69,75.46,76.04,76.58,76.41,76.34,76.33,76.06,76.01,76.48,72.06,69.94,69.36,70.73,70.04,70.76,70.68,70.67,69.51,67.77,67.13,69.3,68.45,66.7,65.39,66.65,66.16,64.54,64.91,66.31],
  "contact_probs": [[1.0,0.83,0.47,0.06,0.01,0.01,0.27,0.04,0.01,0.0,0.0,0.01,0.01,0.02,0.08,0.22,0.46,0.38,0.18,0.04,0.01,0.01,0.37,0.08,0.01,0.0],[0.83,1.0,0.94,0.26,0.0,0.0,0.14,0.01,0.0,0.0,0.0,0.0,0.01,0.01,0.1,0.19,0.3,0.27,0.06,0.02,0.0,0.01,0.83,0.65,0.02,0.0],[0.47,0.94,1.0,1.0,0.07,0.01,0.17,0.01,0.0,0.0,0.0,0.0,0.01,0.02,0.14,0.1,0.12,0.07,0.01,0.0,0.0,0.0,0.27,0.95,0.7,0.01],[0.06,0.26,1.0,1.0,1.0,0.04,0.96,0.16,0.01,0.01,0.02,0.01,0.03,0.06,0.12,0.03,0.03,0.01,0.0,0.0,0.0,0.0,0.01,0.26,0.94,0.36],[0.01,0.0,0.07,1.0,1.0,0.07,0.74,0.96,0.23,0.15,0.12,0.08,0.12,0.11,0.07,0.01,0.01,0.0,0.0,0.0,0.0,0.0,0.0,0.01,0.2,0.56],[0.01,0.0,0.01,0.04,0.07,1.0,0.02,0.02,0.0,0.0,0.0,0.01,0.01,0.01,0.01,0.0,0.0,0.0,0.0,0.0,0.0,0.0,0.0,0.0,0.0,0.01],[0.27,0.14,0.17,0.96,0.74,0.02,1.0,1.0,0.05,0.0,0.01,0.01,0.01,0.03,0.11,0.1,0.41,0.61,0.28,0.01,0.0,0.0,0.0,0.0,0.0,0.0],[0.04,0.01,0.01,0.16,0.96,0.02,1.0,1.0,1.0,0.2,0.1,0.02,0.06,0.08,0.14,0.06,0.15,0.44,0.93,0.26,0.01,0.0,0.0,0.0,0.0,0.0],[0.01,0.0,0.0,0.01,0.23,0.0,0.05,1.0,1.0,0.9,0.47,0.12,0.25,0.2,0.13,0.04,0.04,0.02,0.6,0.91,0.16,0.0,0.0,0.0,0.0,0.01],[0.0,0.0,0.0,0.01,0.15,0.0,0.0,0.2,0.9,1.0,0.77,0.34,0.36,0.23,0.07,0.02,0.01,0.01,0.01,0.28,0.41,0.0,0.0,0.0,0.02,0.2],[0.0,0.0,0.0,0.02,0.12,0.0,0.01,0.1,0.47,0.77,1.0,0.69,0.44,0.26,0.15,0.02,0.02,0.01,0.04,0.1,0.2,0.0,0.01,0.02,0.06,0.23],[0.01,0.0,0.0,0.01,0.08,0.01,0.01,0.02,0.12,0.34,0.69,1.0,0.68,0.29,0.07,0.02,0.01,0.02,0.01,0.04,0.13,0.01,0.0,0.02,0.09,0.23],[0.01,0.01,0.01,0.03,0.12,0.01,0.01,0.06,0.25,0.36,0.44,0.68,1.0,0.65,0.2,0.03,0.02,0.04,0.05,0.17,0.33,0.01,0.02,0.1,0.23,0.31],[0.02,0.01,0.02,0.06,0.11,0.01,0.03,0.08,0.2,0.23,0.26,0.29,0.65,1.0,0.56,0.14,0.07,0.06,0.1,0.2,0.27,0.01,0.06,0.15,0.24,0.24],[0.08,0.1,0.14,0.12,0.07,0.01,0.11,0.14,0.13,0.07,0.15,0.07,0.2,0.56,1.0,0.56,0.38,0.12,0.31,0.3,0.11,0.01,0.23,0.2,0.12,0.04],[0.22,0.19,0.1,0.03,0.01,0.0,0.1,0.06,0.04,0.02,0.02,0.02,0.03,0.14,0.56,1.0,0.64,0.17,0.16,0.08,0.02,0.01,0.14,0.05,0.01,0.01],[0.46,0.3,0.12,0.03,0.01,0.0,0.41,0.15,0.04,0.01,0.02,0.01,0.02,0.07,0.38,0.64,1.0,0.69,0.4,0.09,0.02,0.0,0.16,0.03,0.01,0.0],[0.38,0.27,0.07,0.01,0.0,0.0,0.61,0.44,0.02,0.01,0.01,0.02,0.04,0.06,0.12,0.17,0.69,1.0,0.81,0.14,0.0,0.01,0.17,0.01,0.0,0.0],[0.18,0.06,0.01,0.0,0.0,0.0,0.28,0.93,0.6,0.01,0.04,0.01,0.05,0.1,0.31,0.16,0.4,0.81,1.0,1.0,0.05,0.01,0.17,0.01,0.0,0.0],[0.04,0.02,0.0,0.0,0.0,0.0,0.01,0.26,0.91,0.28,0.1,0.04,0.17,0.2,0.3,0.08,0.09,0.14,1.0,1.0,1.0,0.05,0.97,0.14,0.01,0.0],[0.01,0.0,0.0,0.0,0.0,0.0,0.0,0.01,0.16,0.41,0.2,0.13,0.33,0.27,0.11,0.02,0.02,0.0,0.05,1.0,1.0,0.08,0.78,0.97,0.19,0.11],[0.01,0.01,0.0,0.0,0.0,0.0,0.0,0.0,0.0,0.0,0.0,0.01,0.01,0.01,0.01,0.01,0.0,0.01,0.01,0.05,0.08,1.0,0.02,0.02,0.0,0.0],[0.37,0.83,0.27,0.01,0.0,0.0,0.0,0.0,0.0,0.0,0.01,0.0,0.02,0.06,0.23,0.14,0.16,0.17,0.17,0.97,0.78,0.02,1.0,1.0,0.03,0.0],[0.08,0.65,0.95,0.26,0.01,0.0,0.0,0.0,0.0,0.0,0.02,0.02,0.1,0.15,0.2,0.05,0.03,0.01,0.01,0.14,0.97,0.02,1.0,1.0,1.0,0.26],[0.01,0.02,0.7,0.94,0.2,0.0,0.0,0.0,0.0,0.02,0.06,0.09,0.23,0.24,0.12,0.01,0.01,0.0,0.0,0.01,0.19,0.0,0.03,1.0,1.0,0.98],[0.0,0.0,0.01,0.36,0.56,0.01,0.0,0.0,0.01,0.2,0.23,0.23,0.31,0.24,0.04,0.01,0.0,0.0,0.0,0.0,0.11,0.0,0.0,0.26,0.98,1.0]],
  "pae": [[1.1,3.8,3.8,5.5,7.9,8.9,5.8,7.1,9.2,10.3,13.3,14.5,13.5,11.7,12.2,9.4,6.8,6.3,6.0,6.7,9.0,9.2,4.8,5.7,7.4,8.4],[2.7,1.0,2.1,3.3,4.9,6.5,4.9,5.2,5.6,7.8,10.4,11.9,10.8,10.1,10.1,7.6,6.2,6.0,4.9,4.9,6.0,6.2,3.6,3.0,4.4,5.4],[3.2,1.6,0.8,1.2,1.9,3.0,1.6,1.9,2.8,4.6,8.0,10.1,9.3,9.1,8.3,6.9,4.6,3.8,2.1,2.2,2.4,3.7,1.6,1.4,1.8,3.0],[3.7,1.9,1.0,0.8,1.2,2.8,1.4,1.4,1.9,4.0,8.1,10.1,9.8,9.4,8.4,7.2,4.9,3.6,1.8,1.9,2.0,3.5,1.8,1.4,1.4,2.8],[4.3,2.6,1.6,1.1,0.8,2.5,1.6,1.4,1.8,4.0,7.8,10.3,9.6,9.7,9.1,8.1,5.3,4.2,2.1,2.1,2.2,3.9,2.1,1.8,1.6,2.8],[7.7,6.1,4.0,3.8,3.6,1.3,3.8,3.8,5.2,6.8,11.5,13.6,12.3,11.9,12.3,11.0,8.6,7.1,5.7,6.2,6.6,9.2,6.5,5.9,5.7,6.2],[4.3,2.6,1.5,1.4,1.5,2.5,0.8,1.1,1.6,4.0,8.0,10.1,8.9,8.7,8.8,7.4,4.9,3.7,1.6,1.7,2.2,3.6,2.0,1.9,2.0,3.2],[4.1,2.6,1.7,1.4,1.4,2.6,1.1,0.8,1.2,3.4,7.5,9.3,8.9,8.6,8.7,7.4,4.7,3.5,1.5,1.4,1.8,3.4,1.9,1.9,1.9,3.1],[4.8,3.4,2.5,2.1,1.8,3.4,1.8,1.2,0.8,3.1,6.5,9.1,9.1,8.8,8.8,7.4,5.0,4.0,1.8,1.6,1.9,4.0,2.5,2.4,2.5,3.4],[11.2,11.6,10.4,10.1,8.0,10.6,9.6,6.3,5.5,1.4,6.1,8.0,10.2,10.7,12.2,12.5,10.4,10.2,8.9,6.6,6.4,12.4,10.2,9.6,9.6,8.7],[17.1,16.2,15.8,15.6,12.4,17.7,13.7,11.6,8.1,7.2,1.3,5.8,8.8,10.0,12.3,14.3,13.4,14.9,14.0,10.1,10.3,17.3,16.0,15.7,15.3,12.7],[17.4,17.6,18.3,18.6,17.4,19.6,17.0,16.1,14.4,9.4,6.1,1.5,7.9,9.5,11.1,13.0,13.0,14.8,15.9,13.6,14.4,16.8,16.7,17.3,18.1,15.4],[16.7,17.9,17.0,17.0,16.0,19.1,15.2,14.5,14.4,10.1,8.5,7.8,1.3,6.5,11.5,12.1,11.0,12.0,14.2,13.3,13.6,16.6,16.6,17.1,17.3,15.4],[14.0,16.2,16.6,16.7,16.4,18.9,15.2,15.1,15.0,12.1,10.0,8.2,6.6,1.2,8.4,9.5,7.6,10.7,13.9,13.5,15.2,15.4,15.6,16.0,17.9,16.7],[13.7,13.3,15.0,15.8,16.4,18.0,14.0,13.4,15.5,14.1,13.9,12.4,10.4,8.6,1.1,7.2,7.3,10.7,11.4,11.5,14.6,13.6,13.0,14.2,16.7,17.0],[9.9,11.4,12.0,12.8,13.0,15.6,9.5,10.8,12.8,14.0,14.3,14.1,12.4,7.5,7.0,1.5,6.7,7.0,9.5,10.8,12.7,12.6,11.4,11.9,13.7,15.3],[7.0,8.2,9.2,9.9,9.9,11.9,6.4,7.8,9.7,11.1,12.3,12.0,10.4,8.3,5.8,4.5,1.0,4.3,5.3,8.2,10.1,11.1,8.4,9.8,11.9,11.8],[7.4,7.4,8.2,8.4,8.9,10.9,5.9,6.2,7.1,9.2,11.7,11.9,10.5,9.0,8.3,5.3,3.6,1.3,4.0,5.0,8.4,10.8,8.9,9.2,10.7,9.8],[4.4,2.6,2.0,2.1,2.5,3.9,1.7,1.5,1.9,4.0,7.6,9.6,9.1,8.8,8.0,6.1,4.1,2.3,0.8,1.1,1.8,3.4,1.6,1.9,2.5,3.7],[4.3,2.6,1.9,1.9,2.0,3.3,1.8,1.4,1.5,3.6,7.3,9.2,8.7,8.7,7.8,6.3,4.4,2.8,1.0,0.8,1.2,2.9,1.5,1.5,1.8,3.1],[4.6,2.8,2.1,2.1,2.2,3.6,2.1,1.8,1.6,3.9,7.2,9.6,9.0,9.2,8.6,7.0,4.8,3.5,1.6,1.0,0.8,2.6,1.6,1.5,1.7,3.2],[6.1,4.6,5.1,5.7,6.4,7.9,6.2,5.4,4.8,6.2,9.9,11.3,10.5,10.3,10.2,8.4,7.0,5.9,3.8,2.9,3.0,1.5,3.4,3.3,4.7,5.9],[3.9,2.2,1.6,1.8,2.2,3.4,2.1,2.1,2.1,4.3,7.8,9.8,8.7,9.0,8.8,6.6,4.8,3.8,1.5,1.3,1.5,2.5,0.8,1.1,1.5,3.0],[3.8,2.2,1.5,1.4,1.7,3.3,1.9,1.8,2.0,4.1,7.9,10.1,9.5,9.2,8.9,7.2,4.8,3.7,1.6,1.3,1.3,2.7,1.0,0.8,1.1,2.2],[4.3,2.6,1.7,1.6,1.8,3.7,2.4,2.2,2.3,4.4,7.8,10.4,9.8,9.7,9.0,7.7,5.3,4.3,2.2,1.8,1.5,3.2,1.6,1.0,0.8,2.0],[9.1,7.5,6.9,5.6,6.0,9.4,8.1,6.8,7.4,7.5,9.6,13.1,12.4,12.5,12.8,11.6,10.7,9.3,8.4,8.2,7.1,10.3,8.1,4.5,3.4,1.4]],
  "token_chain_ids": ["A","A","A","A","A","A","A","A","A","A","A","A","A","A","A","A","A","A","A","A","A","A","A","A","A","A"],
  "token_res_ids": [1,2,3,4,5,6,7,8,9,10,11,12,13,14,15,16,17,18,19,20,21,22,23,24,25,26]
}