{
  "atom_chain_ids": ["A","A","A","A","A","A","A","A","A","A","A","A","A","A","A","A","A","A","A","A","A","A","A","A","A","A","A","A","A","A","A","A","A","A","A","A","A","A","A","A","A","A","A","A","A","A","A","A","A","A","A","A","A","A","A","A","A","A","A","A","A","A","A","A","A","A","A","A","A","A","A","A","A","A","A","A","A","A","A","A","A","A","A","A","A","A","A","A","A","A","A","A","A","A","A","A","A","A","A","A","A","A","A","A","A","A","A","A","A","A","A","A","A","A","A","A","A","A","A","A","A","A","A","A","A","A","A","A","A","A","A","A","A","A","A","A","A","A","A","A","A","A","A","A","A","A","A","A","A","A","A","A","A","A","A","A","A","A","A","A","A","A","A","A","A","A","A","A","A","A","A","A","A","A","A","A","A","A","A","A","A","A","A","A","A","A","A","A","A","A","A","A","A","A","A","A","A","A","A","A","A","A","A","A","A","A","A","A","A","A","A","A","A","A","A","A","A","A","A","A","A","A","A","A","A","A","A","A","A","A","A","A","A","A","A","A","A","A","A","A","A","A","A","A","A","A","A","A","A","A","A","A","A","A","A","A","A","A","A","A","A","A","A","A","A","A","A","A","A","A","A","A","A","A","A","A","A","A","A","A","A","A","A","A","A","A","A","A","A","A","A","A","A","A","A","A","A","A","A","A","A","A","A","A","A","A","A","A","A","A","A","A","A","A","A","A","A","A","A","A","A","A","A","A","A","A","A","A","A","A","A","A","A","A","A","A","A","A","A","A","A","A","A","A","A","A","A","A","A","A","A","A","A","A","A","A","A","A","A","A","A","A","A","A","A","A","A","A","A","A","A","A","A","A","A","A","A","A","A","A","A","A","A","A","A","A","A","A","A","A","A","A","A","A","A","A","A","A","A","A","A","A","A","A","A","A","A","A","A","A","A","A","A","A","A","A","A","A","A","A","A","A","A","A","A","A","A","A","A","A","A","A","A","A","A","A","A","A","A","A","A","A","A","A","A","A","A","A","A","A","A","A","A","A","A","A","A","A","A","A","A","A","A","A","A","A","A","A","A","A","A","A","A","A","A","A","A","A","A","A","A","A","A","A","A","A","A","A","A","A","A","A","A","A","A","A","A","A","A","A","A","A","A","A","A","A","A","A","A","A","A","A","A","A","A","A","A","A","A","A","A","A","A","A","A","A","A","A","A","A","A","A","A","A","A","A","A","A","A","A","A","A","A","A","A","A","A","A","A","A","A","A","A","A","A"],
  "atom_plddts": [47.56,49.41,43.81,43.05,49.53,51.5,54.01,53.15,56.18,55.3,55.0,53.56,54.2,51.54,50.22,50.41,49.46,47.76,46.49,47.07,49.62,52.64,59.13,54.45,53.27,58.59,59.56,60.66,60.97,62.44,61.15,61.39,58.79,60.04,58.42,56.02,55.93,55.87,54.02,52.23,52.88,54.54,55.91,70.49,67.38,66.97,71.66,73.02,73.55,74.05,73.6,72.6,74.42,75.11,74.75,75.04,74.06,74.57,75.12,74.64,74.24,74.36,74.54,74.74,75.52,72.7,71.73,71.24,72.37,71.98,71.5,71.92,71.09,70.07,71.76,72.03,72.09,72.65,73.14,73.59,74.05,73.79,73.72,73.5,73.35,73.13,73.58,72.4,71.34,70.6,71.99,71.37,70.69,71.34,70.64,69.69,71.06,71.33,71.61,72.13,72.15,72.56,73.28,73.17,72.96,72.65,72.53,72.22,72.77,69.55,67.5,68.3,68.93,65.97,67.41,66.91,66.78,66.02,63.86,63.24,65.05,63.53,63.4,62.8,62.69,61.82,60.59,61.59,63.37,69.17,65.18,64.93,70.34,72.07,72.38,72.8,72.64,71.91,73.3,74.1,73.79,74.27,73.52,74.08,74.8,74.54,74.15,74.25,74.35,74.57,75.2,72.2,70.32,69.97,72.73,72.87,72.73,73.01,72.52,71.59,73.68,74.37,73.71,74.37,74.24,74.82,75.3,75.07,75.06,74.94,74.84,74.84,75.15,68.69,67.31,66.7,68.83,69.19,68.28,69.32,68.22,67.3,69.02,69.59,68.98,69.43,69.78,70.2,70.66,70.51,70.28,70.17,70.1,69.97,70.41,50.92,49.99,48.54,49.85,49.36,48.63,47.77,48.92,48.37,47.3,45.98,47.32,45.61,44.4,44.11,43.44,42.81,41.7,42.53,44.18,44.53,41.61,39.67,43.43,43.69,44.22,43.3,46.14,45.08,44.11,42.25,43.86,41.57,39.85,39.76,39.44,38.22,37.3,37.84,39.67,38.27,40.91,39.65,37.41,35.8,39.38,40.02,40.23,38.79,42.77,40.97,40.83,39.53,40.42,38.69,36.1,35.52,35.07,34.18,33.38,34.64,36.82,39.1,35.69,34.44,38.92,39.34,39.31,38.21,42.38,40.72,40.21,38.86,40.44,38.79,36.95,36.68,36.5,35.18,34.57,34.79,36.1,37.07,38.54,35.5,34.17,37.91,37.93,38.1,36.82,41.48,40.05,39.06,37.45,38.74,36.85,35.13,34.71,34.54,33.19,32.67,32.87,33.95,34.96,39.21,36.16,35.48,38.99,39.08,39.56,39.9,41.28,40.49,39.66,38.53,39.47,38.84,38.46,38.85,39.31,38.61,38.16,37.82,37.75,37.73,39.37,37.8,35.65,34.55,36.75,36.65,36.94,35.87,39.98,38.5,38.01,36.53,37.88,36.1,33.55,33.1,32.75,31.93,31.39,32.25,34.14,45.77,41.77,40.16,44.78,44.89,45.56,44.9,47.55,46.97,46.12,43.63,45.75,43.1,41.2,41.19,40.91,39.58,38.51,39.07,40.86,39.67,42.53,49.29,45.88,45.14,49.87,49.87,50.27,49.79,52.49,51.36,50.13,48.97,50.04,48.36,45.78,45.24,44.78,43.92,42.46,43.64,45.84,66.3,63.36,63.08,67.08,68.48,68.27,69.63,68.38,67.56,69.51,70.57,69.79,70.3,70.18,70.82,71.43,71.08,70.7,70.71,70.83,71.12,71.65,67.81,65.72,64.92,67.79,68.23,67.64,68.86,67.39,66.54,68.29,69.09,68.58,69.24,70.07,70.68,71.21,71.06,70.91,70.77,70.68,70.86,71.07,69.5,67.89,66.97,69.49,69.4,68.45,69.27,67.98,67.29,68.69,69.53,69.29,69.93,70.45,70.98,71.62,71.57,71.43,71.27,71.08,71.03,71.3,63.49,62.03,62.39,63.29,60.48,60.61,60.6,60.11,59.33,57.26,56.08,57.83,56.34,56.0,55.42,54.96,54.35,52.79,54.2,55.99,68.6,65.48,65.01,69.31,70.25,69.97,70.83,69.87,69.17,70.79,71.59,71.13,71.67,71.75,72.25,72.9,72.79,72.5,72.49,72.44,72.61,73.02,69.3,67.47,67.08,69.83,69.72,69.02,70.09,68.77,68.26,70.21,71.17,70.22,70.85,71.17,71.75,72.17,72.03,71.87,71.83,71.73,71.91,72.14,71.36,69.7,68.85,71.42,70.99,70.38,71.12,70.16,69.26,71.27,71.68,71.39,71.91,72.1,72.58,73.13,73.1,72.92,72.78,72.54,72.53,72.95,64.75,63.61,62.93,63.27,62.7,62.53,62.5,62.17,61.46,59.29,58.67,60.14,59.03,58.12,56.79,57.43,56.86,55.16,55.9,57.36],
  "contact_probs": [[1.0,0.83,0.47,0.06,0.01,0.01,0.27,0.04,0.01,0.0,0.0,0.01,0.01,0.02,0.08,0.22,0.46,0.38,0.18,0.04,0.01,0.01,0.37,0.08,0.01,0.0],[0.83,1.0,0.94,0.26,0.0,0.0,0.14,0.01,0.0,0.0,0.0,0.0,0.01,0.01,0.1,0.19,0.3,0.27,0.06,0.02,0.0,0.01,0.83,0.65,0.02,0.0],[0.47,0.94,1.0,1.0,0.07,0.01,0.17,0.01,0.0,0.0,0.0,0.0,0.01,0.02,0.14,0.1,0.12,0.07,0.01,0.0,0.0,0.0,0.27,0.95,0.7,0.01],[0.06,0.26,1.0,1.0,1.0,0.04,0.96,0.16,0.01,0.01,0.02,0.01,0.03,0.06,0.12,0.03,0.03,0.01,0.0,0.0,0.0,0.0,0.01,0.26,0.94,0.36],[0.01,0.0,0.07,1.0,1.0,0.07,0.74,0.96,0.23,0.15,0.12,0.08,0.12,0.11,0.07,0.01,0.01,0.0,0.0,0.0,0.0,0.0,0.0,0.01,0.2,0.56],[0.01,0.0,0.01,0.04,0.07,1.0,0.02,0.02,0.0,0.0,0.0,0.01,0.01,0.01,0.01,0.0,0.0,0.0,0.0,0.0,0.0,0.0,0.0,0.0,0.0,0.01],[0.27,0.14,0.17,0.96,0.74,0.02,1.0,1.0,0.05,0.0,0.01,0.01,0.01,0.03,0.11,0.1,0.41,0.61,0.28,0.01,0.0,0.0,0.0,0.0,0.0,0.0],[0.04,0.01,0.01,0.16,0.96,0.02,1.0,1.0,1.0,0.2,0.1,0.02,0.06,0.08,0.14,0.06,0.15,0.44,0.93,0.26,0.01,0.0,0.0,0.0,0.0,0.0],[0.01,0.0,0.0,0.01,0.23,0.0,0.05,1.0,1.0,0.9,0.47,0.12,0.25,0.2,0.13,0.04,0.04,0.02,0.6,0.91,0.16,0.0,0.0,0.0,0.0,0.01],[0.0,0.0,0.0,0.01,0.15,0.0,0.0,0.2,0.9,1.0,0.77,0.34,0.36,0.23,0.07,0.02,0.01,0.01,0.01,0.28,0.41,0.0,0.0,0.0,0.02,0.2],[0.0,0.0,0.0,0.02,0.12,0.0,0.01,0.1,0.47,0.77,1.0,0.69,0.44,0.26,0.15,0.02,0.02,0.01,0.04,0.1,0.2,0.0,0.01,0.02,0.06,0.23],[0.01,0.0,0.0,0.01,0.08,0.01,0.01,0.02,0.12,0.34,0.69,1.0,0.68,0.29,0.07,0.02,0.01,0.02,0.01,0.04,0.13,0.01,0.0,0.02,0.09,0.23],[0.01,0.01,0.01,0.03,0.12,0.01,0.01,0.06,0.25,0.36,0.44,0.68,1.0,0.65,0.2,0.03,0.02,0.04,0.05,0.17,0.33,0.01,0.02,0.1,0.23,0.31],[0.02,0.01,0.02,0.06,0.11,0.01,0.03,0.08,0.2,0.23,0.26,0.29,0.65,1.0,0.56,0.14,0.07,0.06,0.1,0.2,0.27,0.01,0.06,0.15,0.24,0.24],[0.08,0.1,0.14,0.12,0.07,0.01,0.11,0.14,0.13,0.07,0.15,0.07,0.2,0.56,1.0,0.56,0.38,0.12,0.31,0.3,0.11,0.01,0.23,0.2,0.12,0.04],[0.22,0.19,0.1,0.03,0.01,0.0,0.1,0.06,0.04,0.02,0.02,0.02,0.03,0.14,0.56,1.0,0.64,0.17,0.16,0.08,0.02,0.01,0.14,0.05,0.01,0.01],[0.46,0.3,0.12,0.03,0.01,0.0,0.41,0.15,0.04,0.01,0.02,0.01,0.02,0.07,0.38,0.64,1.0,0.69,0.4,0.09,0.02,0.0,0.16,0.03,0.01,0.0],[0.38,0.27,0.07,0.01,0.0,0.0,0.61,0.44,0.02,0.01,0.01,0.02,0.04,0.06,0.12,0.17,0.69,1.0,0.81,0.14,0.0,0.01,0.17,0.01,0.0,0.0],[0.18,0.06,0.01,0.0,0.0,0.0,0.28,0.93,0.6,0.01,0.04,0.01,0.05,0.1,0.31,0.16,0.4,0.81,1.0,1.0,0.05,0.01,0.17,0.01,0.0,0.0],[0.04,0.02,0.0,0.0,0.0,0.0,0.01,0.26,0.91,0.28,0.1,0.04,0.17,0.2,0.3,0.08,0.09,0.14,1.0,1.0,1.0,0.05,0.97,0.14,0.01,0.0],[0.01,0.0,0.0,0.0,0.0,0.0,0.0,0.01,0.16,0.41,0.2,0.13,0.33,0.27,0.11,0.02,0.02,0.0,0.05,1.0,1.0,0.08,0.78,0.97,0.19,0.11],[0.01,0.01,0.0,0.0,0.0,0.0,0.0,0.0,0.0,0.0,0.0,0.01,0.01,0.01,0.01,0.01,0.0,0.01,0.01,0.05,0.08,1.0,0.02,0.02,0.0,0.0],[0.37,0.83,0.27,0.01,0.0,0.0,0.0,0.0,0.0,0.0,0.01,0.0,0.02,0.06,0.23,0.14,0.16,0.17,0.17,0.97,0.78,0.02,1.0,1.0,0.03,0.0],[0.08,0.65,0.95,0.26,0.01,0.0,0.0,0.0,0.0,0.0,0.02,0.02,0.1,0.15,0.2,0.05,0.03,0.01,0.01,0.14,0.97,0.02,1.0,1.0,1.0,0.26],[0.01,0.02,0.7,0.94,0.2,0.0,0.0,0.0,0.0,0.02,0.06,0.09,0.23,0.24,0.12,0.01,0.01,0.0,0.0,0.01,0.19,0.0,0.03,1.0,1.0,0.98],[0.0,0.0,0.01,0.36,0.56,0.01,0.0,0.0,0.01,0.2,0.23,0.23,0.31,0.24,0.04,0.01,0.0,0.0,0.0,0.0,0.11,0.0,0.0,0.26,0.98,1.0]],
  "pae": [[1.2,5.3,5.0,7.3,9.8,13.5,7.7,8.8,11.4,14.3,15.9,16.8,15.7,15.9,12.9,11.8,8.9,8.8,8.0,9.1,11.1,12.6,6.0,7.2,9.3,12.2],[4.1,1.1,3.1,5.0,7.4,9.1,6.8,7.4,8.6,11.3,12.3,13.9,13.5,13.3,10.9,11.1,8.0,8.9,7.1,6.6,7.2,9.1,4.4,3.6,6.7,8.1],[5.1,2.3,0.8,1.2,2.1,4.1,1.9,2.2,3.1,7.7,9.2,11.5,11.5,11.9,10.3,9.7,7.3,6.4,2.4,2.6,2.9,4.8,1.9,1.5,1.8,4.5],[5.8,2.6,1.1,0.8,1.3,3.7,1.5,1.5,2.0,7.4,8.5,11.1,11.1,11.9,10.4,10.7,7.4,5.8,2.2,2.0,2.3,4.6,2.0,1.4,1.5,4.1],[6.6,3.4,1.7,1.1,0.8,3.5,1.8,1.6,2.0,7.5,8.5,11.1,11.8,12.1,10.4,11.2,7.5,6.1,2.4,2.2,2.5,4.9,2.5,2.0,1.6,4.2],[10.6,8.1,4.7,4.0,3.9,1.5,4.4,4.3,5.9,10.7,12.8,15.1,14.9,15.1,12.5,13.6,11.3,9.5,7.9,7.5,7.9,11.2,8.5,7.3,7.2,8.0],[7.6,3.9,1.8,1.5,1.7,3.3,0.8,1.2,1.9,6.0,9.0,11.4,11.5,11.8,10.5,10.9,7.1,6.3,2.1,2.2,2.7,5.3,2.5,2.4,2.4,4.5],[6.9,3.6,1.8,1.4,1.5,3.4,1.1,0.8,1.3,6.6,8.2,11.3,11.0,11.4,9.8,10.4,6.4,5.3,1.9,1.6,2.1,4.4,2.2,2.1,2.0,4.2],[7.4,4.6,2.9,2.2,1.9,4.2,2.4,1.3,0.8,5.4,6.9,9.8,10.1,11.1,9.5,10.2,7.0,6.1,2.5,2.0,2.2,5.4,3.5,2.7,2.6,4.7],[13.8,14.8,12.9,12.7,11.1,15.7,12.7,8.2,7.0,1.3,6.7,8.2,8.7,11.4,12.6,13.6,13.4,12.6,12.6,10.6,9.7,15.8,12.5,12.2,11.8,11.2],[17.2,18.2,15.9,15.3,11.9,18.2,14.9,11.5,7.4,5.9,1.2,7.6,8.3,9.5,12.3,15.0,15.6,15.6,14.9,13.1,11.5,18.0,16.5,15.4,13.6,11.2],[17.2,19.8,18.0,16.6,16.0,20.3,17.4,14.7,13.5,8.2,6.2,1.3,8.1,9.2,12.0,13.5,14.8,16.7,17.2,14.5,15.0,19.3,17.8,16.3,15.4,13.6],[16.1,18.2,18.0,17.2,16.3,20.5,17.2,15.1,13.3,8.2,7.2,7.2,1.1,7.7,9.3,12.2,13.9,15.7,15.3,14.3,14.5,18.0,16.3,16.2,15.3,13.4],[14.7,17.8,17.9,17.5,16.3,19.9,17.1,15.0,14.5,9.7,8.9,8.0,6.6,1.2,6.7,9.3,12.0,14.1,15.2,15.7,16.5,18.0,16.2,16.8,16.1,14.1],[14.5,16.6,17.1,15.8,15.6,18.2,15.5,14.4,13.5,12.2,11.9,11.8,8.0,7.4,1.1,6.7,8.5,11.8,10.9,13.0,14.1,17.0,13.1,15.3,15.7,14.5],[13.1,16.3,14.8,15.5,16.2,18.3,13.2,13.6,15.8,15.2,15.5,15.9,15.2,11.4,8.4,1.3,8.4,7.5,9.5,14.9,16.8,17.8,17.7,16.7,17.1,17.3],[9.1,12.1,10.3,12.6,13.7,15.9,9.5,11.8,12.8,14.9,15.9,16.9,15.5,13.5,9.3,6.4,1.2,8.1,7.0,10.9,14.5,16.2,10.3,12.9,15.1,16.6],[10.2,12.2,10.9,12.0,12.9,14.4,9.6,10.4,9.8,13.5,14.8,16.3,15.6,15.4,12.5,7.0,5.5,1.4,6.0,8.6,13.7,15.5,12.0,12.3,13.8,14.5],[6.9,4.1,2.4,2.6,3.0,5.8,1.9,1.7,2.4,6.7,8.3,11.4,11.4,11.6,9.9,9.1,6.5,4.1,0.8,1.4,2.2,5.3,2.0,2.3,3.1,5.2],[6.7,3.8,2.3,2.1,2.3,4.1,2.2,1.6,2.0,7.4,8.4,11.4,11.5,12.1,10.0,9.4,7.0,4.7,1.2,0.8,1.5,5.0,1.8,1.7,2.2,4.5],[7.1,3.9,2.3,2.3,2.4,4.4,2.5,2.1,1.8,7.7,8.5,11.1,11.3,11.9,10.3,10.1,6.8,4.9,1.9,1.0,0.9,4.0,1.9,1.6,2.0,4.7],[10.9,7.0,6.5,7.5,8.4,11.9,8.7,7.7,6.9,10.6,11.6,13.8,13.2,13.4,11.1,12.1,10.0,8.8,6.3,4.4,4.2,1.7,4.9,3.9,6.3,8.7],[6.9,3.2,2.0,2.0,2.5,4.6,2.4,2.5,2.5,7.3,9.0,11.4,11.1,12.1,9.6,9.8,7.2,5.7,1.9,1.7,1.9,3.8,0.8,1.1,1.8,4.3],[6.9,3.4,1.7,1.5,1.9,4.2,2.2,2.1,2.2,7.8,8.9,11.0,10.8,11.8,9.8,10.7,7.4,5.6,2.0,1.5,1.6,4.4,1.2,0.8,1.2,3.8],[7.1,3.7,2.1,1.7,2.2,4.4,2.9,2.4,2.4,7.7,8.2,10.7,11.1,12.0,9.7,10.9,7.0,6.1,2.8,2.2,1.8,4.6,1.9,1.1,0.8,2.9],[11.9,10.0,8.5,7.0,7.6,12.0,10.3,8.4,8.0,9.2,10.6,11.2,11.9,12.3,11.7,13.7,12.7,12.1,10.7,11.4,8.4,11.8,9.4,5.5,3.6,1.5]],
  "token_chain_ids": ["A","A","A","A","A","A","A","A","A","A","A","A","A","A","A","A","A","A","A","A","A","A","A","A","A","A"],
  "token_res_ids": [1,2,3,4,5,6,7,8,9,10,11,12,13,14,15,16,17,18,19,20,21,22,23,24,25,26]
}