{
  "atom_chain_ids": ["A","A","A","A","A","A","A","A","A","A","A","A","A","A","A","A","A","A","A","A","A","A","A","A","A","A","A","A","A","A","A","A","A","A","A","A","A","A","A","A","A","A","A","A","A","A","A","A","A","A","A","A","A","A","A","A","A","A","A","A","A","A","A","A","A","A","A","A","A","A","A","A","A","A","A","A","A","A","A","A","A","A","A","A","A","A","A","A","A","A","A","A","A","A","A","A","A","A","A","A","A","A","A","A","A","A","A","A","A","A","A","A","A","A","A","A","A","A","A","A","A","A","A","A","A","A","A","A","A","A","A","A","A","A","A","A","A","A","A","A","A","A","A","A","A","A","A","A","A","A","A","A","A","A","A","A","A","A","A","A","A","A","A","A","A","A","A","A","A","A","A","A","A","A","A","A","A","A","A","A","A","A","A","A","A","A","A","A","A","A","A","A","A","A","A","A","A","A","A","A","A","A","A","A","A","A","A","A","A","A","A","A","A","A","A","A","A","A","A","A","A","A","A","A","A","A","A","A","A","A","A","A","A","A","A","A","A","A","A","A","A","A","A","A","A","A","A","A","A","A","A","A","A","A","A","A","A","A","A","A","A","A","A","A","A","A","A","A","A","A","A","A","A","A","A","A","A","A","A","A","A","A","A","A","A","A","A","A","A","A","A","A","A","A","A","A","A","A","A","A","A","A","A","A","A","A","A","A","A","A","A","A","A","A","A","A","A","A","A","A","A","A","A","A","A","A","A","A","A","A","A","A","A","A","A","A","A","A","A","A","A","A","A","A","A","A","A","A","A","A","A","A","A","A","A","A","A","A","A","A","A","A","A","A","A","A","A","A","A","A","A","A","A","A","A","A","A","A","A","A","A","A","A","A","A","A","A","A","A","A","A","A","A","A","A","A","A","A","A","A","A","A","A","A","A","A","A","A","A","A","A","A","A","A","A","A","A","A","A","A","A","A","A","A","A","A","A","A","A","A","A","A","A","A","A","A","A","A","A","A","A","A","A","A","A","A","A","A","A","A","A","A","A","A","A","A","A","A","A","A","A","A","A","A","A","A","A","A","A","A","A","A","A","A","A","A","A","A","A","A","A","A","A","A","A","A","A","A","A","A","A","A","A","A","A","A","A","A","A","A","A","A","A","A","A","A","A","A","A","A","A","A","A","A","A","A","A","A","A","A","A","A","A","A","A","A","A","A","A","A","A","A","A","A","A","A","A","A","A","A","A","A","A","A","A","A","A","A","A","A","A","A","A","A","A"],
  "atom_plddts": [45.55,47.14,42.11,41.09,47.17,48.47,50.63,49.56,52.48,51.6,50.81,49.14,50.11,47.38,45.89,45.7,45.08,43.51,42.37,42.82,45.15,48.14,56.04,51.58,50.52,55.47,56.24,57.24,56.96,59.16,57.88,57.65,55.23,56.4,54.51,52.2,52.21,51.87,50.06,48.41,48.99,50.71,52.3,69.78,66.62,66.18,71.08,72.39,72.66,73.37,72.81,71.86,73.96,74.89,74.3,74.65,73.72,74.34,74.89,74.36,73.98,74.09,74.28,74.63,75.28,72.69,71.37,70.82,72.67,72.33,71.75,72.24,71.47,70.54,72.57,73.08,72.86,73.46,73.84,74.45,74.88,74.53,74.53,74.35,74.2,74.12,74.47,72.36,71.11,70.33,72.04,71.36,70.34,71.12,70.3,69.47,71.12,71.67,71.65,72.2,72.42,73.0,73.67,73.54,73.46,73.16,72.98,72.8,73.14,71.33,69.16,69.91,70.8,67.92,69.65,68.89,68.94,68.08,65.81,65.28,67.04,65.31,64.97,64.32,64.21,63.2,62.03,63.0,64.93,71.29,67.4,66.95,72.23,73.43,73.53,73.73,73.63,72.99,74.54,75.25,75.0,75.49,75.07,75.67,76.34,76.05,75.84,75.99,75.98,76.08,76.59,72.8,71.28,71.05,73.24,73.07,72.41,72.67,72.01,71.27,73.6,74.37,73.64,74.31,74.47,75.11,75.55,75.28,75.38,75.25,75.09,75.04,75.26,71.06,69.9,69.28,70.89,70.61,69.7,70.66,69.71,68.78,70.67,71.08,70.7,71.17,71.62,72.07,72.57,72.41,72.25,72.18,72.02,71.77,72.2,57.89,57.11,55.76,56.41,54.93,54.37,53.04,54.38,53.76,51.55,50.16,52.13,50.0,48.69,48.18,47.39,46.66,45.3,46.45,48.48,51.87,49.0,47.26,50.83,50.68,51.14,50.08,52.87,51.8,50.44,48.53,50.47,47.77,46.35,46.45,45.58,44.16,42.95,44.05,46.31,44.2,47.19,44.08,41.35,39.49,43.99,44.33,44.83,43.19,47.03,45.63,44.88,44.18,44.93,42.91,40.34,39.86,39.06,38.14,37.17,38.72,41.43,42.91,39.2,37.8,42.69,42.83,42.86,41.45,45.62,43.92,43.49,41.99,43.83,41.91,40.18,40.14,39.74,38.33,37.53,37.83,39.39,40.31,38.0,35.26,33.83,36.86,36.99,37.0,35.49,40.45,39.1,38.03,36.26,37.03,34.89,33.05,32.19,31.95,30.5,29.98,30.28,31.41,32.49,38.86,36.02,34.97,38.04,38.24,38.57,38.98,41.27,40.62,39.63,38.39,38.05,37.01,36.34,36.12,36.36,35.47,34.97,34.91,34.99,34.98,37.29,40.71,38.22,36.93,39.8,39.53,39.84,38.5,42.36,40.92,40.25,38.81,40.37,38.55,36.07,35.74,35.27,34.46,33.78,34.66,36.71,48.38,43.95,42.53,47.68,47.86,48.75,48.28,50.42,49.8,49.06,46.63,48.93,46.53,44.86,45.01,44.66,43.39,42.2,42.82,44.72,43.31,46.22,56.83,52.95,52.08,57.3,56.74,57.28,56.69,58.95,57.92,56.21,55.23,56.79,54.83,52.18,51.49,51.18,50.19,48.45,49.79,52.26,69.17,66.11,65.63,70.13,71.51,71.68,72.43,71.63,70.81,72.9,73.7,73.13,73.6,73.15,73.8,74.36,73.9,73.58,73.75,73.89,74.08,74.71,71.58,69.75,69.11,71.48,71.69,71.51,72.0,71.03,70.07,72.0,72.44,72.27,72.96,73.59,74.1,74.68,74.48,74.43,74.31,74.11,74.03,74.38,70.67,69.18,68.35,70.47,70.27,69.64,70.47,69.44,68.62,69.97,70.47,70.47,71.06,71.29,71.72,72.46,72.44,72.19,72.0,71.83,71.65,72.1,65.02,63.76,64.0,64.77,61.79,62.32,61.84,61.58,60.69,58.5,57.31,59.23,57.6,57.13,56.48,56.05,55.43,53.82,55.28,57.13,70.51,67.42,67.2,71.51,72.57,72.8,73.28,72.74,71.99,73.69,74.43,74.1,74.63,74.18,74.7,75.3,75.13,74.87,74.93,74.89,75.0,75.51,70.81,69.07,68.79,71.47,71.33,70.64,71.47,70.29,69.78,72.08,73.06,72.01,72.67,72.9,73.54,73.94,73.75,73.71,73.67,73.53,73.68,73.86,72.12,70.84,69.99,72.09,71.51,70.74,71.5,70.5,69.59,71.65,72.03,71.72,72.23,72.45,72.89,73.42,73.38,73.22,73.09,72.84,72.76,73.19,67.54,66.4,65.74,65.95,65.36,65.38,65.43,64.86,64.09,62.04,61.36,63.17,62.27,61.32,59.91,60.77,60.19,58.42,59.16,60.56],
  "contact_probs": [[1.0,0.83,0.47,0.06,0.01,0.01,0.27,0.04,0.01,0.0,0.0,0.01,0.01,0.02,0.08,0.22,0.46,0.38,0.18,0.04,0.01,0.01,0.37,0.08,0.01,0.0],[0.83,1.0,0.94,0.26,0.0,0.0,0.14,0.01,0.0,0.0,0.0,0.0,0.01,0.01,0.1,0.19,0.3,0.27,0.06,0.02,0.0,0.01,0.83,0.65,0.02,0.0],[0.47,0.94,1.0,1.0,0.07,0.01,0.17,0.01,0.0,0.0,0.0,0.0,0.01,0.02,0.14,0.1,0.12,0.07,0.01,0.0,0.0,0.0,0.27,0.95,0.7,0.01],[0.06,0.26,1.0,1.0,1.0,0.04,0.96,0.16,0.01,0.01,0.02,0.01,0.03,0.06,0.12,0.03,0.03,0.01,0.0,0.0,0.0,0.0,0.01,0.26,0.94,0.36],[0.01,0.0,0.07,1.0,1.0,0.07,0.74,0.96,0.23,0.15,0.12,0.08,0.12,0.11,0.07,0.01,0.01,0.0,0.0,0.0,0.0,0.0,0.0,0.01,0.2,0.56],[0.01,0.0,0.01,0.04,0.07,1.0,0.02,0.02,0.0,0.0,0.0,0.01,0.01,0.01,0.01,0.0,0.0,0.0,0.0,0.0,0.0,0.0,0.0,0.0,0.0,0.01],[0.27,0.14,0.17,0.96,0.74,0.02,1.0,1.0,0.05,0.0,0.01,0.01,0.01,0.03,0.11,0.1,0.41,0.61,0.28,0.01,0.0,0.0,0.0,0.0,0.0,0.0],[0.04,0.01,0.01,0.16,0.96,0.02,1.0,1.0,1.0,0.2,0.1,0.02,0.06,0.08,0.14,0.06,0.15,0.44,0.93,0.26,0.01,0.0,0.0,0.0,0.0,0.0],[0.01,0.0,0.0,0.01,0.23,0.0,0.05,1.0,1.0,0.9,0.47,0.12,0.25,0.2,0.13,0.04,0.04,0.02,0.6,0.91,0.16,0.0,0.0,0.0,0.0,0.01],[0.0,0.0,0.0,0.01,0.15,0.0,0.0,0.2,0.9,1.0,0.77,0.34,0.36,0.23,0.07,0.02,0.01,0.01,0.01,0.28,0.41,0.0,0.0,0.0,0.02,0.2],[0.0,0.0,0.0,0.02,0.12,0.0,0.01,0.1,0.47,0.77,1.0,0.69,0.44,0.26,0.15,0.02,0.02,0.01,0.04,0.1,0.2,0.0,0.01,0.02,0.06,0.23],[0.01,0.0,0.0,0.01,0.08,0.01,0.01,0.02,0.12,0.34,0.69,1.0,0.68,0.29,0.07,0.02,0.01,0.02,0.01,0.04,0.13,0.01,0.0,0.02,0.09,0.23],[0.01,0.01,0.01,0.03,0.12,0.01,0.01,0.06,0.25,0.36,0.44,0.68,1.0,0.65,0.2,0.03,0.02,0.04,0.05,0.17,0.33,0.01,0.02,0.1,0.23,0.31],[0.02,0.01,0.02,0.06,0.11,0.01,0.03,0.08,0.2,0.23,0.26,0.29,0.65,1.0,0.56,0.14,0.07,0.06,0.1,0.2,0.27,0.01,0.06,0.15,0.24,0.24],[0.08,0.1,0.14,0.12,0.07,0.01,0.11,0.14,0.13,0.07,0.15,0.07,0.2,0.56,1.0,0.56,0.38,0.12,0.31,0.3,0.11,0.01,0.23,0.2,0.12,0.04],[0.22,0.19,0.1,0.03,0.01,0.0,0.1,0.06,0.04,0.02,0.02,0.02,0.03,0.14,0.56,1.0,0.64,0.17,0.16,0.08,0.02,0.01,0.14,0.05,0.01,0.01],[0.46,0.3,0.12,0.03,0.01,0.0,0.41,0.15,0.04,0.01,0.02,0.01,0.02,0.07,0.38,0.64,1.0,0.69,0.4,0.09,0.02,0.0,0.16,0.03,0.01,0.0],[0.38,0.27,0.07,0.01,0.0,0.0,0.61,0.44,0.02,0.01,0.01,0.02,0.04,0.06,0.12,0.17,0.69,1.0,0.81,0.14,0.0,0.01,0.17,0.01,0.0,0.0],[0.18,0.06,0.01,0.0,0.0,0.0,0.28,0.93,0.6,0.01,0.04,0.01,0.05,0.1,0.31,0.16,0.4,0.81,1.0,1.0,0.05,0.01,0.17,0.01,0.0,0.0],[0.04,0.02,0.0,0.0,0.0,0.0,0.01,0.26,0.91,0.28,0.1,0.04,0.17,0.2,0.3,0.08,0.09,0.14,1.0,1.0,1.0,0.05,0.97,0.14,0.01,0.0],[0.01,0.0,0.0,0.0,0.0,0.0,0.0,0.01,0.16,0.41,0.2,0.13,0.33,0.27,0.11,0.02,0.02,0.0,0.05,1.0,1.0,0.08,0.78,0.97,0.19,0.11],[0.01,0.01,0.0,0.0,0.0,0.0,0.0,0.0,0.0,0.0,0.0,0.01,0.01,0.01,0.01,0.01,0.0,0.01,0.01,0.05,0.08,1.0,0.02,0.02,0.0,0.0],[0.37,0.83,0.27,0.01,0.0,0.0,0.0,0.0,0.0,0.0,0.01,0.0,0.02,0.06,0.23,0.14,0.16,0.17,0.17,0.97,0.78,0.02,1.0,1.0,0.03,0.0],[0.08,0.65,0.95,0.26,0.01,0.0,0.0,0.0,0.0,0.0,0.02,0.02,0.1,0.15,0.2,0.05,0.03,0.01,0.01,0.14,0.97,0.02,1.0,1.0,1.0,0.26],[0.01,0.02,0.7,0.94,0.2,0.0,0.0,0.0,0.0,0.02,0.06,0.09,0.23,0.24,0.12,0.01,0.01,0.0,0.0,0.01,0.19,0.0,0.03,1.0,1.0,0.98],[0.0,0.0,0.01,0.36,0.56,0.01,0.0,0.0,0.01,0.2,0.23,0.23,0.31,0.24,0.04,0.01,0.0,0.0,0.0,0.0,0.11,0.0,0.0,0.26,0.98,1.0]],
  "pae": [[1.3,7.0,5.8,8.5,12.6,14.0,10.1,11.4,14.6,16.0,16.9,17.0,17.0,16.5,14.7,11.0,7.3,9.1,9.6,10.7,13.5,14.6,7.3,8.7,13.6,13.7],[5.1,1.2,4.6,5.0,9.5,11.3,8.3,9.5,10.7,12.0,13.3,14.5,13.4,14.3,13.1,7.5,5.8,9.5,6.7,6.9,9.3,11.0,5.7,4.5,7.5,9.8],[5.7,2.8,0.8,1.3,2.4,4.1,1.9,2.4,3.4,5.9,8.3,10.2,9.4,11.0,10.6,9.1,5.8,4.9,2.3,2.7,3.1,5.6,1.7,1.5,2.2,3.9],[5.3,3.1,1.1,0.8,1.3,3.5,1.5,1.5,2.1,5.0,7.2,9.6,9.4,10.8,10.8,9.1,5.7,4.6,1.9,1.9,2.2,5.1,1.8,1.4,1.5,3.5],[6.1,4.3,1.7,1.1,0.8,3.5,1.7,1.6,2.3,4.9,7.1,9.5,9.7,11.6,11.0,9.9,6.1,5.1,2.2,2.2,2.5,5.6,2.3,2.0,1.6,3.6],[10.9,9.8,5.5,4.5,4.9,1.6,4.6,4.5,7.3,9.7,12.0,13.9,14.0,15.3,14.0,13.4,11.1,8.3,7.4,8.7,9.6,12.9,8.8,9.2,8.5,9.0],[6.4,4.4,1.8,1.5,1.7,3.4,0.8,1.1,1.9,5.0,7.5,10.1,9.8,11.0,11.3,10.1,5.5,4.4,1.8,1.9,2.5,5.5,2.2,2.2,2.2,3.8],[6.0,4.4,1.8,1.4,1.4,3.5,1.0,0.8,1.3,4.6,7.0,9.3,9.4,11.0,10.8,9.4,5.6,4.2,1.5,1.4,1.9,5.0,1.9,1.9,1.9,3.6],[6.6,4.8,2.9,2.3,1.9,4.2,2.1,1.3,0.8,3.6,5.2,8.1,8.1,10.3,10.5,9.4,5.7,4.8,2.2,1.8,2.1,5.5,2.9,2.5,2.5,3.9],[13.7,13.3,11.8,10.7,9.3,12.7,10.4,6.3,5.9,1.3,4.8,6.9,8.5,12.7,13.9,13.9,13.0,11.1,10.5,8.1,7.4,13.1,11.1,10.3,10.6,9.8],[15.5,15.9,13.7,13.7,10.6,15.8,12.2,10.4,5.9,5.2,1.1,5.7,7.2,10.9,13.3,15.0,15.3,14.3,12.8,10.1,8.4,15.5,11.9,12.1,11.7,10.8],[16.5,17.5,16.4,15.5,14.3,18.7,15.1,13.9,12.4,8.0,6.2,1.3,7.9,9.6,12.2,14.9,15.2,16.3,15.2,12.9,12.2,16.8,15.2,14.0,14.5,13.1],[15.9,16.9,16.5,16.4,14.9,18.4,15.3,13.9,12.9,8.0,7.0,7.2,1.2,7.8,10.1,11.8,14.5,14.7,15.0,12.9,12.4,15.3,13.7,13.3,14.9,13.3],[17.4,18.3,17.1,18.1,17.1,21.0,18.4,17.7,16.3,11.5,10.8,9.1,8.1,1.3,9.6,10.9,14.4,16.0,16.6,14.4,13.6,16.0,15.8,15.5,16.4,16.7],[14.0,12.4,14.6,15.8,16.7,19.8,15.6,16.3,16.9,14.5,16.3,14.4,10.7,9.7,1.1,7.9,8.9,14.2,14.6,13.4,14.0,15.0,14.1,13.9,15.3,16.6],[9.6,11.4,13.7,13.1,15.1,17.7,13.6,14.5,14.8,15.8,15.8,15.7,14.8,10.0,7.9,1.4,7.2,8.7,11.8,12.8,14.5,14.5,13.2,13.0,14.8,16.7],[6.9,7.9,8.8,10.9,12.3,14.6,7.9,9.9,11.9,13.6,14.8,15.0,13.2,11.6,8.0,5.7,1.1,7.2,6.6,9.7,13.3,12.6,9.1,10.1,13.7,14.8],[7.5,7.9,9.3,10.1,11.6,11.5,7.0,7.0,7.4,10.8,12.1,13.9,13.2,13.4,12.9,8.1,5.2,1.3,4.3,6.0,10.7,12.7,10.1,10.0,11.5,11.6],[6.1,4.2,2.2,2.3,2.7,4.4,1.7,1.5,2.1,5.0,6.5,9.8,9.0,10.7,10.4,8.5,4.5,3.2,0.8,1.1,1.9,5.0,1.6,1.9,2.7,4.2],[6.0,4.2,2.1,2.1,2.2,3.9,1.9,1.5,1.7,4.6,6.3,9.3,9.0,11.3,10.4,8.5,4.9,3.6,1.0,0.8,1.3,5.1,1.6,1.5,1.9,3.5],[6.6,4.5,2.5,2.4,2.6,4.8,2.5,2.3,1.9,5.1,6.7,9.4,8.8,11.1,11.2,9.3,5.3,4.3,1.9,1.0,0.8,4.1,1.9,1.7,2.4,3.8],[9.8,8.1,7.7,9.8,10.8,11.4,9.0,7.9,6.7,8.8,10.9,13.8,12.1,13.7,13.1,11.2,9.8,8.5,5.5,4.3,4.7,1.8,5.2,4.0,7.4,9.0],[6.5,3.8,2.1,2.1,2.6,4.5,2.3,2.5,2.6,5.8,7.1,9.4,9.0,10.8,11.1,8.8,5.3,4.9,1.7,1.5,1.8,4.0,0.8,1.2,1.9,3.5],[6.3,4.2,1.6,1.5,1.9,4.2,2.0,2.0,2.2,5.5,7.0,9.4,9.1,10.7,11.5,9.7,5.7,5.0,1.7,1.4,1.4,4.9,1.0,0.8,1.2,2.8],[6.1,4.0,1.8,1.7,2.1,4.5,2.6,2.4,2.5,5.8,6.9,9.4,9.6,11.3,11.1,9.7,6.0,5.4,2.5,2.0,1.7,5.0,1.7,1.0,0.8,2.5],[11.2,9.9,7.9,5.9,6.8,10.8,9.5,8.0,7.9,7.4,9.1,10.8,11.0,12.9,12.9,13.2,11.8,10.8,10.1,10.0,7.1,11.1,8.6,5.6,3.9,1.6]],
  "token_chain_ids": ["A","A","A","A","A","A","A","A","A","A","A","A","A","A","A","A","A","A","A","A","A","A","A","A","A","A"],
  "token_res_ids": [1,2,3,4,5,6,7,8,9,10,11,12,13,14,15,16,17,18,19,20,21,22,23,24,25,26]
}