{
  "atom_chain_ids": ["A","B","C","C","C","C","C","C","C","C","C","C","C","C","C","C","C","C","C","C","C","C","C","C","C","C","C","C","C","C","C","C","C","C","C","C","C","C","C","C","C","C","C","C","C","C","C","C","C","C","C","C","C","C","C","C","C","C","C","C","C","C","C","C","C","C","C","C","C","C","C","C","C","C","C","C","C","C","C","C","C","C","C","C","C","C","C","C","C","C","C","C","C","C","C","C","C","C","C","C","C","C","C","C","C","C","C","C","C","C","C","C","C","C","C","C","C","C","C","C","C","C","C","C","C","C","C","C","C","C","C","C","C","C","C","C","C","C","C","C","C","C","C","C","C","C","C","C","C","C","C","C","C","C","C","C","C","C","C","C","C","C","C","C","C","C","C","C","C","C","C","C","C","C","C","C","C","C","C","C","C","C","C","C","C","C","C","C","C","C","C","C","C","C","C","C","C","C","C","C","C","C","C","C","C","C","C","C","C","C","C","C","C","C","C","C","C","C","C","C","C","C","C","C","C","C","C","C","C","C","C","C","C","C","C","C","C","C","C","C","C","C","C","C","C","C","C","C","C","C","C","C","C","C","C","C","C","C","C","C","C","C","C","C","C","C","C","C","C","C","C","C","C","C","C","C","C","C","C","C","C","C","C","C","C","C","C","C","C","C","C","C","C","C","C","C","C","C","C","C","C","C","C","C","C","C","C","C","C","C","C","C","C","C","C","C","C","C","C","C","C","C","C","C","C","C","C","C","C","C","C","C","C","C","C","C","C","C","C","C","C","C","C","C","C","C","C","C","C","C","C","C","C","C","C","C","C","C","C","C","C","C","C","C","C","C","C","C","C","C","C","C","C","C","C","C","C","C","C","C","C","C","C","C","C","C","C","C","C","C","C","C","C","C","C","C","C","C","C","C","C","C","C","C","C","C","C","C","C","C","C","C","C","C","C","C","C","C","C","C","C","C","C","C","C","C","C","C","C","C","C","C","C","C","C","C","C","C","C","C","C","C","C","C","C","C","C","C","C","C","C","C","C","C","C","C","C","C","C","C","C","C","C","C","C","C","C","C","C","C"],
  "atom_plddts": [82.6,81.26,53.7,55.1,48.04,48.44,55.87,58.25,61.34,60.31,63.81,62.31,62.59,60.89,60.44,57.21,54.54,54.42,53.3,50.61,48.89,50.27,53.12,57.54,68.62,63.18,62.72,68.9,69.33,71.17,73.02,73.25,71.86,73.29,73.12,73.69,73.97,73.23,74.11,74.97,74.12,73.66,73.53,73.42,73.77,75.2,70.65,66.88,65.67,70.79,72.19,74.06,75.09,75.19,74.18,75.28,75.37,75.64,76.07,74.71,75.45,76.28,75.58,75.23,75.1,74.98,75.25,76.57,73.0,70.35,69.42,72.5,72.67,73.5,74.18,74.06,72.93,73.71,73.67,74.48,75.02,74.63,75.36,76.32,76.02,75.96,75.46,75.02,74.91,75.82,68.87,66.06,66.46,68.68,66.75,68.66,66.73,68.01,66.68,65.16,62.7,64.6,61.71,58.29,57.41,56.94,54.65,52.67,54.2,56.67,56.47,67.97,64.1,64.35,68.33,68.37,70.17,71.74,71.71,70.18,71.07,71.01,71.69,72.08,71.47,72.06,72.87,72.25,71.78,71.54,71.56,71.55,72.77,68.85,65.93,65.24,69.1,69.99,71.07,72.44,72.05,71.03,71.98,72.25,72.32,72.96,72.38,73.25,74.2,73.79,73.57,73.11,72.93,73.28,74.11,63.21,59.47,59.37,63.28,60.93,61.39,60.02,61.72,60.12,57.47,56.56,58.23,55.71,53.62,52.74,52.1,51.24,49.67,51.11,53.71,54.59,50.99,50.45,53.64,54.06,55.36,55.68,57.58,56.85,56.15,54.28,54.94,53.47,51.67,51.68,51.61,50.22,49.62,49.8,50.68,50.7,53.71,57.74,53.54,54.21,59.22,57.29,58.43,56.23,58.62,57.85,54.85,53.56,54.71,52.01,48.76,47.67,46.31,45.02,43.41,45.75,48.8,65.36,60.21,59.59,65.68,67.66,69.52,71.47,71.43,70.43,71.73,72.15,71.86,72.57,71.96,72.96,73.77,73.15,72.66,72.51,72.43,73.09,74.35,69.42,66.72,65.49,68.78,69.9,71.14,72.05,71.64,70.69,71.36,71.52,72.07,72.7,72.46,73.28,74.07,73.77,73.61,73.17,72.84,72.95,73.89,65.83,62.47,63.01,66.96,63.5,65.47,64.41,65.37,64.81,61.11,61.31,62.35,59.84,58.57,57.6,56.51,55.8,54.42,56.49,56.12,53.51,54.3,56.38,54.51,55.46,54.75,56.17,55.59,52.56,51.27,52.11,48.96,45.52,43.6,42.29,41.43,39.93,42.85,60.24,55.14,56.03,62.12,60.53,62.39,61.18,63.07,61.76,59.54,59.0,59.94,57.04,53.46,52.57,51.36,49.75,48.3,50.35,53.75,65.55,59.69,59.47,66.25,67.13,69.43,71.67,71.81,70.81,71.89,72.31,72.26,72.67,72.19,73.42,74.04,73.22,72.92,72.55,72.46,73.21,74.37,69.65,66.18,65.38,69.82,71.24,73.11,74.09,73.79,72.98,74.38,74.91,74.67,75.41,74.94,75.92,76.45,75.94,75.88,75.52,75.25,75.72,76.47,72.16,69.68,68.33,71.64,72.37,73.13,73.76,73.42,72.56,73.47,73.34,73.91,74.48,74.46,75.27,76.14,75.76,75.79,75.24,74.73,74.8,75.73,72.16,69.35,70.3,72.64,69.14,71.52,70.89,71.39,70.44,67.79,66.32,68.7,66.26,64.36,62.8,62.77,61.69,59.83,61.9,67.96,63.34,63.12,68.55,69.96,71.53,73.07,73.3,72.42,73.35,73.53,73.45,73.76,72.94,73.69,74.25,73.55,73.23,73.09,73.11,73.53,74.62,73.04,70.47,69.27,72.95,73.72,74.64,75.08,74.95,74.05,75.11,75.12,75.57,76.14,75.3,75.81,76.42,75.85,75.68,75.55,75.32,75.27,76.33,73.41,71.34,69.68,72.16,72.84,73.13,73.67,73.84,72.71,73.8,73.0,74.11,74.48,74.12,74.8,75.38,74.77,74.78,74.38,73.95,73.98,75.19],
  "contact_probs": [[1.0,0.99,0.1,0.63,0.95,0.94,0.06,0.61,0.93,0.04,0.48,0.05,0.89,0.96,0.1,0.11,0.07,0.67,0.98,0.95,0.01,0.6,0.98,0.95],[0.99,1.0,0.4,0.89,0.93,0.59,0.08,0.79,0.78,0.17,0.52,0.07,0.94,0.83,0.06,0.08,0.1,0.92,0.93,0.4,0.01,0.9,0.92,0.38],[0.1,0.4,1.0,0.69,0.16,0.01,0.02,0.12,0.05,0.08,0.16,0.03,0.04,0.02,0.03,0.05,0.12,0.23,0.12,0.02,0.02,0.44,0.32,0.06],[0.63,0.89,0.69,1.0,0.99,0.06,0.08,0.37,0.05,0.1,0.06,0.02,0.03,0.02,0.02,0.05,0.16,0.23,0.17,0.07,0.01,0.4,0.64,0.4],[0.95,0.93,0.16,0.99,1.0,0.99,0.22,0.79,0.32,0.03,0.03,0.01,0.04,0.05,0.03,0.09,0.09,0.26,0.16,0.11,0.01,0.08,0.4,0.68],[0.94,0.59,0.01,0.06,0.99,1.0,0.25,0.73,0.6,0.01,0.03,0.01,0.05,0.2,0.1,0.17,0.07,0.11,0.15,0.09,0.0,0.06,0.07,0.31],[0.06,0.08,0.02,0.08,0.22,0.25,1.0,0.28,0.09,0.02,0.02,0.0,0.06,0.07,0.03,0.04,0.04,0.06,0.05,0.02,0.0,0.03,0.02,0.01],[0.61,0.79,0.12,0.37,0.79,0.73,0.28,1.0,0.97,0.46,0.22,0.04,0.34,0.08,0.03,0.09,0.07,0.04,0.02,0.02,0.0,0.01,0.03,0.04],[0.93,0.78,0.05,0.05,0.32,0.6,0.09,0.97,1.0,0.5,0.71,0.07,0.72,0.64,0.08,0.11,0.03,0.01,0.02,0.03,0.0,0.01,0.05,0.08],[0.04,0.17,0.08,0.1,0.03,0.01,0.02,0.46,0.5,1.0,0.6,0.12,0.06,0.01,0.01,0.01,0.01,0.01,0.0,0.01,0.0,0.01,0.01,0.03],[0.48,0.52,0.16,0.06,0.03,0.03,0.02,0.22,0.71,0.6,1.0,0.21,0.48,0.07,0.01,0.01,0.02,0.03,0.02,0.04,0.01,0.19,0.21,0.24],[0.05,0.07,0.03,0.02,0.01,0.01,0.0,0.04,0.07,0.12,0.21,1.0,0.2,0.05,0.03,0.02,0.03,0.04,0.02,0.02,0.01,0.04,0.05,0.06],[0.89,0.94,0.04,0.03,0.04,0.05,0.06,0.34,0.72,0.06,0.48,0.2,1.0,0.97,0.18,0.15,0.13,0.66,0.31,0.03,0.01,0.03,0.06,0.03],[0.96,0.83,0.02,0.02,0.05,0.2,0.07,0.08,0.64,0.01,0.07,0.05,0.97,1.0,0.5,0.32,0.19,0.63,0.8,0.23,0.0,0.02,0.03,0.03],[0.1,0.06,0.03,0.02,0.03,0.1,0.03,0.03,0.08,0.01,0.01,0.03,0.18,0.5,1.0,0.42,0.23,0.08,0.08,0.08,0.01,0.01,0.01,0.02],[0.11,0.08,0.05,0.05,0.09,0.17,0.04,0.09,0.11,0.01,0.01,0.02,0.15,0.32,0.42,1.0,0.54,0.16,0.05,0.03,0.01,0.01,0.01,0.02],[0.07,0.1,0.12,0.16,0.09,0.07,0.04,0.07,0.03,0.01,0.02,0.03,0.13,0.19,0.23,0.54,1.0,0.25,0.07,0.03,0.0,0.03,0.02,0.04],[0.67,0.92,0.23,0.23,0.26,0.11,0.06,0.04,0.01,0.01,0.03,0.04,0.66,0.63,0.08,0.16,0.25,1.0,0.99,0.03,0.01,0.19,0.03,0.04],[0.98,0.93,0.12,0.17,0.16,0.15,0.05,0.02,0.02,0.0,0.02,0.02,0.31,0.8,0.08,0.05,0.07,0.99,1.0,1.0,0.05,0.9,0.22,0.03],[0.95,0.4,0.02,0.07,0.11,0.09,0.02,0.02,0.03,0.01,0.04,0.02,0.03,0.23,0.08,0.03,0.03,0.03,1.0,1.0,0.09,0.53,0.9,0.23],[0.01,0.01,0.02,0.01,0.01,0.0,0.0,0.0,0.0,0.0,0.01,0.01,0.01,0.0,0.01,0.01,0.0,0.01,0.05,0.09,1.0,0.05,0.05,0.01],[0.6,0.9,0.44,0.4,0.08,0.06,0.03,0.01,0.01,0.01,0.19,0.04,0.03,0.02,0.01,0.01,0.03,0.19,0.9,0.53,0.05,1.0,0.99,0.02],[0.98,0.92,0.32,0.64,0.4,0.07,0.02,0.03,0.05,0.01,0.21,0.05,0.06,0.03,0.01,0.01,0.02,0.03,0.22,0.9,0.05,0.99,1.0,1.0],[0.95,0.38,0.06,0.4,0.68,0.31,0.01,0.04,0.08,0.03,0.24,0.06,0.03,0.03,0.02,0.02,0.04,0.04,0.03,0.23,0.01,0.02,1.0,1.0]],
  "pae": [[0.8,2.1,7.2,4.0,3.6,3.6,7.0,4.4,3.4,7.8,9.3,9.8,3.7,3.2,7.7,10.6,9.7,4.5,3.3,3.1,5.6,4.2,3.4,4.0],[2.9,0.8,6.9,4.1,4.1,4.8,7.8,4.7,4.4,7.6,9.5,10.3,3.8,4.0,8.1,11.3,9.6,4.3,4.1,4.7,6.4,4.4,4.1,4.7],[8.6,7.5,1.2,5.4,7.3,9.9,11.2,10.2,10.2,13.0,15.4,14.2,9.9,7.1,10.1,14.6,13.2,7.6,6.7,7.5,8.6,6.3,6.5,8.2],[3.6,3.2,3.2,0.9,1.5,2.9,5.2,3.7,4.0,7.6,9.8,9.7,4.2,3.6,7.6,10.6,9.8,4.3,4.3,4.2,5.5,3.5,3.3,3.8],[3.1,3.2,3.7,1.4,0.9,1.5,4.1,2.7,2.9,6.8,7.7,8.0,3.3,3.3,7.2,10.1,8.8,4.2,4.0,3.8,5.4,3.8,3.2,3.1],[3.4,4.0,5.7,2.5,1.5,0.9,3.8,2.5,2.6,6.5,7.5,9.1,4.2,4.0,7.6,10.3,9.6,5.0,4.4,4.3,6.1,4.4,3.6,3.3],[7.3,7.5,9.8,6.4,4.2,4.9,1.3,5.5,5.3,9.1,10.9,10.8,9.2,8.3,11.5,15.1,15.5,8.5,9.2,10.5,12.0,10.0,8.6,8.7],[4.0,3.7,6.9,3.2,2.9,2.4,4.0,0.9,1.8,5.7,7.5,8.4,3.6,4.0,7.7,10.8,9.6,4.8,4.4,4.8,6.7,4.2,3.9,3.9],[3.1,4.1,7.7,4.2,3.4,3.5,4.0,2.1,0.9,4.1,6.2,8.2,4.3,4.2,7.6,10.9,9.9,4.7,4.6,4.8,7.2,4.6,4.7,4.7],[12.5,12.5,15.3,11.9,11.6,9.5,11.0,6.6,6.8,1.5,4.1,6.4,8.6,9.9,11.6,14.2,15.0,14.1,14.3,14.5,15.4,15.2,14.0,14.0],[12.6,14.0,16.9,15.2,13.7,13.7,14.3,10.6,7.7,6.6,1.4,5.6,8.4,11.5,13.8,14.9,15.9,14.4,15.5,15.9,17.5,16.8,15.3,15.1],[12.9,12.8,16.4,15.2,15.4,14.1,15.6,11.6,9.6,9.2,6.1,1.7,8.5,9.0,11.1,12.9,14.7,14.8,15.1,14.1,17.3,15.8,14.9,15.6],[4.3,4.3,8.2,5.5,5.6,4.9,8.3,5.0,4.2,6.3,5.3,5.5,1.1,2.3,5.3,8.6,8.3,4.4,4.2,5.0,7.3,5.8,5.5,5.6],[3.8,4.9,7.7,5.2,5.2,5.1,7.7,4.8,4.1,7.2,7.2,6.5,2.4,1.0,4.4,7.4,7.9,4.7,4.1,4.3,7.1,4.9,4.8,5.3],[10.0,11.8,13.2,12.2,12.3,12.0,15.5,12.1,9.2,12.9,12.6,11.1,6.3,6.4,1.5,7.9,9.3,10.1,9.7,10.5,13.6,12.5,12.6,13.4],[13.8,14.6,16.9,15.1,15.8,15.0,18.1,17.2,15.6,15.8,14.3,14.2,10.5,9.8,9.4,1.8,10.3,13.4,15.0,15.3,17.6,16.7,16.4,16.5],[11.1,10.5,14.9,13.2,13.4,12.8,17.7,14.4,14.0,16.0,15.1,14.7,11.0,8.0,8.4,10.1,1.5,8.3,7.5,10.9,12.4,13.4,13.2,13.3],[3.7,2.8,6.8,5.1,4.8,5.1,8.0,5.9,5.3,8.1,9.7,10.4,3.9,3.1,6.0,8.8,5.4,1.0,2.0,3.6,4.5,4.0,4.5,5.5],[2.7,2.8,6.0,3.7,3.9,3.7,6.4,3.8,3.8,7.3,8.6,9.3,3.4,3.0,6.5,9.0,6.1,1.8,0.9,1.7,3.4,3.1,3.0,3.5],[2.9,3.5,6.2,4.1,4.2,4.1,6.7,4.7,4.6,8.1,9.1,9.7,3.7,3.1,6.6,9.6,7.2,2.8,1.7,0.9,2.8,3.2,3.4,3.2],[6.4,6.2,7.1,7.1,7.9,7.9,10.2,8.2,8.1,10.9,11.4,12.7,8.0,6.8,8.3,11.7,9.2,5.4,4.1,3.6,1.6,4.4,4.3,6.3],[3.5,2.7,5.6,3.1,3.6,4.0,6.9,3.9,4.2,8.4,9.4,10.1,3.8,3.4,7.0,10.1,8.2,2.9,2.6,2.5,3.2,0.9,1.6,2.6],[2.5,2.6,5.1,3.3,3.2,3.3,6.1,3.2,3.6,7.2,8.7,9.3,3.5,2.9,7.0,9.7,8.0,2.9,2.5,2.1,3.1,1.5,0.8,1.4],[2.7,3.4,6.0,4.5,3.4,3.5,6.4,4.1,4.0,7.6,8.7,9.8,4.1,3.4,7.4,10.3,8.8,3.7,3.5,2.4,4.0,2.8,1.6,0.9]],
  "token_chain_ids": ["A","B","C","C","C","C","C","C","C","C","C","C","C","C","C","C","C","C","C","C","C","C","C","C"],
  "token_res_ids": [1,1,1,2,3,4,5,6,7,8,9,10,11,12,13,14,15,16,17,18,19,20,21,22]
}