{
  "atom_chain_ids": ["A","B","C","C","C","C","C","C","C","C","C","C","C","C","C","C","C","C","C","C","C","C","C","C","C","C","C","C","C","C","C","C","C","C","C","C","C","C","C","C","C","C","C","C","C","C","C","C","C","C","C","C","C","C","C","C","C","C","C","C","C","C","C","C","C","C","C","C","C","C","C","C","C","C","C","C","C","C","C","C","C","C","C","C","C","C","C","C","C","C","C","C","C","C","C","C","C","C","C","C","C","C","C","C","C","C","C","C","C","C","C","C","C","C","C","C","C","C","C","C","C","C","C","C","C","C","C","C","C","C","C","C","C","C","C","C","C","C","C","C","C","C","C","C","C","C","C","C","C","C","C","C","C","C","C","C","C","C","C","C","C","C","C","C","C","C","C","C","C","C","C","C","C","C","C","C","C","C","C","C","C","C","C","C","C","C","C","C","C","C","C","C","C","C","C","C","C","C","C","C","C","C","C","C","C","C","C","C","C","C","C","C","C","C","C","C","C","C","C","C","C","C","C","C","C","C","C","C","C","C","C","C","C","C","C","C","C","C","C","C","C","C","C","C","C","C","C","C","C","C","C","C","C","C","C","C","C","C","C","C","C","C","C","C","C","C","C","C","C","C","C","C","C","C","C","C","C","C","C","C","C","C","C","C","C","C","C","C","C","C","C","C","C","C","C","C","C","C","C","C","C","C","C","C","C","C","C","C","C","C","C","C","C","C","C","C","C","C","C","C","C","C","C","C","C","C","C","C","C","C","C","C","C","C","C","C","C","C","C","C","C","C","C","C","C","C","C","C","C","C","C","C","C","C","C","C","C","C","C","C","C","C","C","C","C","C","C","C","C","C","C","C","C","C","C","C","C","C","C","C","C","C","C","C","C","C","C","C","C","C","C","C","C","C","C","C","C","C","C","C","C","C","C","C","C","C","C","C","C","C","C","C","C","C","C","C","C","C","C","C","C","C","C","C","C","C","C","C","C","C","C","C","C","C","C","C","C","C","C","C","C","C","C","C","C","C","C","C","C","C","C","C","C","C","C","C","C","C","C","C","C","C","C","C","C","C","C","C","C","C"],
  "atom_plddts": [80.46,78.73,52.96,54.3,47.6,47.9,55.09,57.15,59.99,59.0,62.19,60.96,60.86,58.93,58.69,55.59,52.91,52.55,51.52,49.03,47.19,48.63,51.45,55.47,65.3,60.2,60.03,65.6,65.76,67.13,69.36,69.33,68.11,69.26,69.02,69.33,69.66,69.11,69.95,70.87,70.21,69.59,69.37,69.23,69.45,70.99,67.48,64.21,63.23,67.49,68.92,70.58,71.93,71.66,70.66,71.56,71.52,71.69,72.23,71.15,71.8,72.69,72.11,71.69,71.44,71.33,71.45,72.84,70.99,68.28,67.41,70.6,71.13,71.81,72.57,72.24,71.16,71.93,71.83,72.34,72.88,72.67,73.31,74.28,74.07,73.96,73.41,73.05,72.93,73.78,66.93,63.92,64.39,66.91,65.15,66.81,64.64,66.14,64.86,63.06,60.93,62.53,59.57,56.15,55.46,54.69,52.41,50.5,52.05,54.62,54.77,65.6,61.6,61.86,65.97,66.12,67.55,69.47,69.13,67.79,68.56,68.38,68.83,69.26,68.95,69.49,70.3,69.8,69.27,69.0,69.06,69.01,70.15,67.85,65.22,64.5,67.84,68.46,69.51,70.97,70.49,69.53,70.3,70.36,70.52,71.18,70.72,71.52,72.55,72.18,71.89,71.34,71.15,71.38,72.33,58.96,56.44,56.42,59.08,57.24,57.5,55.25,57.85,56.2,53.82,52.33,52.98,50.08,47.03,45.83,44.79,43.99,42.67,44.51,47.29,52.44,48.96,48.28,51.51,51.99,53.2,53.3,55.54,54.72,53.84,51.91,52.17,50.58,48.77,48.71,48.61,47.28,46.77,46.86,47.6,47.65,50.74,56.93,52.91,53.73,58.63,56.84,58.16,55.97,58.67,57.78,54.71,53.77,55.0,52.46,49.18,48.31,47.08,45.95,44.42,46.51,49.46,64.62,59.53,58.96,64.97,66.91,68.63,70.51,70.31,69.33,70.64,70.97,70.63,71.35,70.85,71.75,72.57,71.99,71.45,71.33,71.31,71.91,73.13,69.07,66.32,65.15,68.61,69.6,70.46,71.45,70.86,70.09,70.87,71.19,71.59,72.33,72.18,72.96,73.76,73.48,73.29,72.93,72.65,72.77,73.58,60.18,58.21,58.72,60.97,58.35,59.81,58.82,59.03,58.61,55.49,55.31,56.19,54.27,53.13,52.21,51.27,50.87,49.4,51.19,53.88,51.23,51.67,53.78,52.54,53.78,53.47,55.0,54.34,51.69,50.87,51.84,49.18,46.08,44.71,43.49,42.75,41.43,43.85,56.01,51.03,51.38,58.15,56.88,58.15,57.27,58.98,57.83,55.78,54.71,55.65,53.3,49.98,49.31,48.31,47.13,45.61,47.41,50.24,63.61,58.16,58.15,64.23,64.64,66.82,69.15,69.12,68.24,69.2,69.58,69.48,69.95,69.46,70.6,71.33,70.64,70.24,69.79,69.7,70.36,71.54,67.61,64.14,63.38,67.72,69.0,70.71,72.05,71.57,70.87,72.11,72.58,72.24,73.06,72.63,73.57,74.23,73.84,73.67,73.18,72.87,73.34,74.14,69.43,66.97,65.84,69.25,70.3,71.03,71.91,71.34,70.63,71.61,71.71,71.84,72.51,72.37,73.16,74.02,73.71,73.63,73.06,72.71,72.91,73.72,67.52,64.81,66.28,68.56,65.44,67.57,66.88,67.59,66.86,63.72,62.68,64.58,61.77,59.18,57.52,56.94,56.08,54.2,56.7,66.18,61.84,61.69,66.67,68.14,69.51,71.13,71.16,70.17,70.88,70.83,70.89,71.25,70.51,71.13,71.77,71.14,70.7,70.45,70.53,70.8,72.02,70.79,68.32,67.25,70.75,71.74,72.86,73.54,73.32,72.35,73.25,73.18,73.55,74.14,73.24,73.72,74.44,73.92,73.67,73.43,73.22,73.21,74.35,72.07,70.2,68.49,71.0,71.67,72.14,72.59,72.78,71.56,72.52,71.7,72.68,73.01,72.46,73.02,73.65,72.93,72.81,72.47,72.2,72.22,73.62],
  "contact_probs": [[1.0,0.99,0.1,0.63,0.95,0.94,0.06,0.61,0.93,0.04,0.48,0.05,0.89,0.96,0.1,0.11,0.07,0.67,0.98,0.95,0.01,0.6,0.98,0.95],[0.99,1.0,0.4,0.89,0.93,0.59,0.08,0.79,0.78,0.17,0.52,0.07,0.94,0.83,0.06,0.08,0.1,0.92,0.93,0.4,0.01,0.9,0.92,0.38],[0.1,0.4,1.0,0.69,0.16,0.01,0.02,0.12,0.05,0.08,0.16,0.03,0.04,0.02,0.03,0.05,0.12,0.23,0.12,0.02,0.02,0.44,0.32,0.06],[0.63,0.89,0.69,1.0,0.99,0.06,0.08,0.37,0.05,0.1,0.06,0.02,0.03,0.02,0.02,0.05,0.16,0.23,0.17,0.07,0.01,0.4,0.64,0.4],[0.95,0.93,0.16,0.99,1.0,0.99,0.22,0.79,0.32,0.03,0.03,0.01,0.04,0.05,0.03,0.09,0.09,0.26,0.16,0.11,0.01,0.08,0.4,0.68],[0.94,0.59,0.01,0.06,0.99,1.0,0.25,0.73,0.6,0.01,0.03,0.01,0.05,0.2,0.1,0.17,0.07,0.11,0.15,0.09,0.0,0.06,0.07,0.31],[0.06,0.08,0.02,0.08,0.22,0.25,1.0,0.28,0.09,0.02,0.02,0.0,0.06,0.07,0.03,0.04,0.04,0.06,0.05,0.02,0.0,0.03,0.02,0.01],[0.61,0.79,0.12,0.37,0.79,0.73,0.28,1.0,0.97,0.46,0.22,0.04,0.34,0.08,0.03,0.09,0.07,0.04,0.02,0.02,0.0,0.01,0.03,0.04],[0.93,0.78,0.05,0.05,0.32,0.6,0.09,0.97,1.0,0.5,0.71,0.07,0.72,0.64,0.08,0.11,0.03,0.01,0.02,0.03,0.0,0.01,0.05,0.08],[0.04,0.17,0.08,0.1,0.03,0.01,0.02,0.46,0.5,1.0,0.6,0.12,0.06,0.01,0.01,0.01,0.01,0.01,0.0,0.01,0.0,0.01,0.01,0.03],[0.48,0.52,0.16,0.06,0.03,0.03,0.02,0.22,0.71,0.6,1.0,0.21,0.48,0.07,0.01,0.01,0.02,0.03,0.02,0.04,0.01,0.19,0.21,0.24],[0.05,0.07,0.03,0.02,0.01,0.01,0.0,0.04,0.07,0.12,0.21,1.0,0.2,0.05,0.03,0.02,0.03,0.04,0.02,0.02,0.01,0.04,0.05,0.06],[0.89,0.94,0.04,0.03,0.04,0.05,0.06,0.34,0.72,0.06,0.48,0.2,1.0,0.97,0.18,0.15,0.13,0.66,0.31,0.03,0.01,0.03,0.06,0.03],[0.96,0.83,0.02,0.02,0.05,0.2,0.07,0.08,0.64,0.01,0.07,0.05,0.97,1.0,0.5,0.32,0.19,0.63,0.8,0.23,0.0,0.02,0.03,0.03],[0.1,0.06,0.03,0.02,0.03,0.1,0.03,0.03,0.08,0.01,0.01,0.03,0.18,0.5,1.0,0.42,0.23,0.08,0.08,0.08,0.01,0.01,0.01,0.02],[0.11,0.08,0.05,0.05,0.09,0.17,0.04,0.09,0.11,0.01,0.01,0.02,0.15,0.32,0.42,1.0,0.54,0.16,0.05,0.03,0.01,0.01,0.01,0.02],[0.07,0.1,0.12,0.16,0.09,0.07,0.04,0.07,0.03,0.01,0.02,0.03,0.13,0.19,0.23,0.54,1.0,0.25,0.07,0.03,0.0,0.03,0.02,0.04],[0.67,0.92,0.23,0.23,0.26,0.11,0.06,0.04,0.01,0.01,0.03,0.04,0.66,0.63,0.08,0.16,0.25,1.0,0.99,0.03,0.01,0.19,0.03,0.04],[0.98,0.93,0.12,0.17,0.16,0.15,0.05,0.02,0.02,0.0,0.02,0.02,0.31,0.8,0.08,0.05,0.07,0.99,1.0,1.0,0.05,0.9,0.22,0.03],[0.95,0.4,0.02,0.07,0.11,0.09,0.02,0.02,0.03,0.01,0.04,0.02,0.03,0.23,0.08,0.03,0.03,0.03,1.0,1.0,0.09,0.53,0.9,0.23],[0.01,0.01,0.02,0.01,0.01,0.0,0.0,0.0,0.0,0.0,0.01,0.01,0.01,0.0,0.01,0.01,0.0,0.01,0.05,0.09,1.0,0.05,0.05,0.01],[0.6,0.9,0.44,0.4,0.08,0.06,0.03,0.01,0.01,0.01,0.19,0.04,0.03,0.02,0.01,0.01,0.03,0.19,0.9,0.53,0.05,1.0,0.99,0.02],[0.98,0.92,0.32,0.64,0.4,0.07,0.02,0.03,0.05,0.01,0.21,0.05,0.06,0.03,0.01,0.01,0.02,0.03,0.22,0.9,0.05,0.99,1.0,1.0],[0.95,0.38,0.06,0.4,0.68,0.31,0.01,0.04,0.08,0.03,0.24,0.06,0.03,0.03,0.02,0.02,0.04,0.04,0.03,0.23,0.01,0.02,1.0,1.0]],
  "pae": [[0.8,2.0,7.4,4.6,4.0,3.4,8.0,4.7,3.5,11.5,10.8,10.6,4.1,3.3,7.9,10.7,9.6,4.3,3.3,3.2,7.1,4.3,3.3,3.9],[2.6,0.8,6.7,4.4,4.3,4.6,8.8,4.9,4.4,11.0,10.7,10.4,3.9,4.0,8.0,10.3,8.7,4.2,4.0,4.5,7.2,4.2,3.8,4.4],[7.7,5.8,1.2,3.6,6.2,8.9,11.6,10.5,10.6,16.2,14.8,13.1,8.9,7.8,10.9,13.3,11.5,7.0,7.1,7.7,10.1,6.3,6.5,7.4],[3.9,3.1,3.3,1.0,1.7,3.2,7.2,5.5,5.0,12.1,11.2,9.7,5.0,4.4,8.3,10.3,9.6,5.3,5.2,4.8,7.0,4.2,3.8,4.0],[3.1,2.9,4.2,1.8,0.9,1.6,5.4,3.0,2.9,9.5,9.0,8.2,3.8,3.7,7.1,9.5,8.7,4.2,4.3,4.1,6.7,4.2,3.5,3.5],[3.2,3.8,6.1,3.0,1.8,0.9,4.8,2.9,2.7,9.2,8.8,8.6,4.3,3.9,7.3,10.3,9.2,4.8,4.9,4.3,7.3,4.6,3.9,3.6],[8.4,8.4,11.7,8.0,6.2,6.4,1.4,6.6,6.3,11.2,12.0,11.9,10.5,9.6,11.9,15.4,15.3,9.4,10.5,10.6,14.2,11.4,9.6,9.2],[4.1,3.6,8.2,4.2,3.6,2.9,4.8,0.9,1.9,9.7,8.0,9.6,4.2,4.5,7.8,10.5,9.6,5.2,4.9,5.1,8.3,4.9,4.6,4.5],[3.0,3.8,8.0,4.4,3.5,3.4,4.9,2.0,0.9,6.4,6.9,8.1,4.3,4.3,7.5,10.3,9.6,4.7,4.7,5.0,8.0,5.0,4.6,4.6],[15.7,16.1,18.8,16.2,15.0,14.3,11.5,9.0,10.3,1.4,4.7,7.0,12.6,15.7,13.6,15.6,18.1,17.2,17.8,19.1,20.6,18.5,18.7,17.6],[14.2,13.6,17.5,13.5,12.7,12.2,10.8,8.8,7.9,4.9,1.3,6.0,8.5,13.8,12.6,15.5,15.7,15.7,15.8,16.4,18.2,16.7,15.9,17.0],[12.6,11.9,15.1,13.4,13.1,11.8,12.8,10.7,10.0,6.8,6.0,1.6,8.4,8.9,10.5,12.2,14.1,14.8,14.9,15.2,17.2,16.4,15.5,15.7],[3.8,3.4,8.1,5.2,5.2,5.0,9.3,5.4,4.3,9.4,6.8,5.1,1.1,2.5,5.4,8.1,7.9,4.7,4.0,4.8,7.8,5.3,5.1,5.1],[3.3,4.2,8.0,5.2,5.3,4.8,8.0,5.0,4.2,10.2,9.5,6.6,2.4,1.0,4.9,7.5,7.3,4.4,4.1,3.9,7.5,5.0,4.9,5.0],[11.3,12.0,14.6,13.8,14.0,12.9,16.9,13.1,11.8,16.7,14.7,13.2,8.4,8.7,1.5,8.1,9.6,10.8,11.2,13.9,14.6,14.7,14.5,15.8],[14.3,13.9,17.4,14.7,16.5,16.0,19.2,17.2,16.3,17.6,15.5,15.3,10.9,9.2,6.9,1.7,10.9,11.6,14.2,16.8,16.4,17.2,16.9,18.1],[11.2,10.1,13.5,12.8,13.7,13.9,17.9,15.2,14.3,17.5,16.3,15.3,10.7,8.9,8.1,8.1,1.6,8.1,7.6,11.4,12.4,12.3,13.4,15.0],[3.8,2.9,7.5,5.6,4.9,5.0,8.6,6.6,5.5,11.9,10.8,10.6,4.1,3.3,6.7,7.9,5.5,1.0,2.2,3.4,5.8,3.8,4.4,5.3],[2.7,2.7,6.5,3.9,3.9,3.6,6.8,4.3,3.8,10.4,9.4,8.9,3.5,3.0,6.5,8.5,6.2,1.9,0.9,1.7,4.6,3.4,3.1,3.4],[2.6,3.2,6.4,4.0,4.2,3.9,7.1,4.8,4.2,10.8,9.9,9.5,3.7,3.0,6.9,9.4,6.5,2.7,1.7,0.9,3.8,3.1,3.3,3.1],[6.7,6.7,8.8,7.9,8.5,8.8,12.5,9.0,9.3,15.5,13.7,13.5,9.3,9.1,10.2,12.0,9.4,6.5,4.8,4.1,1.7,5.2,5.0,6.9],[3.2,2.5,6.2,3.5,3.6,3.8,7.2,4.0,4.0,11.1,10.2,9.9,3.7,3.1,6.8,9.4,7.7,2.8,2.6,2.4,3.9,0.9,1.5,2.3],[2.2,2.4,5.4,3.3,3.3,3.0,6.3,3.4,3.3,9.9,9.1,9.0,3.3,2.7,6.3,9.4,6.8,3.0,2.4,2.0,4.0,1.5,0.8,1.4],[2.5,3.3,6.3,4.1,3.5,3.3,6.9,4.1,4.0,10.2,9.5,9.3,3.9,3.1,7.1,9.6,7.9,3.8,3.3,2.2,4.8,2.6,1.5,0.9]],
  "token_chain_ids": ["A","B","C","C","C","C","C","C","C","C","C","C","C","C","C","C","C","C","C","C","C","C","C","C"],
  "token_res_ids": [1,1,1,2,3,4,5,6,7,8,9,10,11,12,13,14,15,16,17,18,19,20,21,22]
}