{
  "atom_chain_ids": ["A","B","C","C","C","C","C","C","C","C","C","C","C","C","C","C","C","C","C","C","C","C","C","C","C","C","C","C","C","C","C","C","C","C","C","C","C","C","C","C","C","C","C","C","C","C","C","C","C","C","C","C","C","C","C","C","C","C","C","C","C","C","C","C","C","C","C","C","C","C","C","C","C","C","C","C","C","C","C","C","C","C","C","C","C","C","C","C","C","C","C","C","C","C","C","C","C","C","C","C","C","C","C","C","C","C","C","C","C","C","C","C","C","C","C","C","C","C","C","C","C","C","C","C","C","C","C","C","C","C","C","C","C","C","C","C","C","C","C","C","C","C","C","C","C","C","C","C","C","C","C","C","C","C","C","C","C","C","C","C","C","C","C","C","C","C","C","C","C","C","C","C","C","C","C","C","C","C","C","C","C","C","C","C","C","C","C","C","C","C","C","C","C","C","C","C","C","C","C","C","C","C","C","C","C","C","C","C","C","C","C","C","C","C","C","C","C","C","C","C","C","C","C","C","C","C","C","C","C","C","C","C","C","C","C","C","C","C","C","C","C","C","C","C","C","C","C","C","C","C","C","C","C","C","C","C","C","C","C","C","C","C","C","C","C","C","C","C","C","C","C","C","C","C","C","C","C","C","C","C","C","C","C","C","C","C","C","C","C","C","C","C","C","C","C","C","C","C","C","C","C","C","C","C","C","C","C","C","C","C","C","C","C","C","C","C","C","C","C","C","C","C","C","C","C","C","C","C","C","C","C","C","C","C","C","C","C","C","C","C","C","C","C","C","C","C","C","C","C","C","C","C","C","C","C","C","C","C","C","C","C","C","C","C","C","C","C","C","C","C","C","C","C","C","C","C","C","C","C","C","C","C","C","C","C","C","C","C","C","C","C","C","C","C","C","C","C","C","C","C","C","C","C","C","C","C","C","C","C","C","C","C","C","C","C","C","C","C","C","C","C","C","C","C","C","C","C","C","C","C","C","C","C","C","C","C","C","C","C","C","C","C","C","C","C","C","C","C","C","C","C","C","C","C","C","C","C","C","C","C","C","C","C","C","C","C","C","C","C","C"],
  "atom_plddts": [78.0,76.15,51.92,53.32,46.85,47.17,54.14,56.15,59.07,57.93,61.17,59.82,59.65,58.11,57.86,55.08,52.73,52.63,51.6,49.34,47.69,48.93,51.62,55.35,61.05,55.91,55.79,61.55,61.89,63.04,65.64,65.72,64.65,65.73,65.51,65.21,65.51,64.81,65.67,66.54,65.92,65.15,64.96,64.94,65.23,66.93,62.58,59.47,58.6,62.79,64.08,65.29,67.43,66.8,66.16,66.5,66.49,66.0,66.57,65.65,66.41,67.44,66.97,66.51,65.94,65.76,66.03,67.34,66.63,64.98,63.67,65.79,66.13,66.6,66.91,66.69,65.78,65.6,65.19,65.57,66.02,65.97,66.65,67.71,67.49,67.18,66.33,65.98,65.52,66.73,64.57,62.16,62.45,64.4,62.6,63.85,61.99,63.41,62.29,60.33,58.07,59.82,57.15,54.36,53.8,53.05,51.24,49.39,50.79,53.16,52.97,56.94,53.08,53.71,57.8,58.52,59.38,61.86,61.44,60.61,60.82,60.75,60.34,60.8,60.44,61.2,61.75,61.35,60.81,60.43,60.51,60.48,61.52,57.12,55.11,54.97,56.89,57.89,58.26,59.84,59.39,58.74,58.45,58.32,58.15,58.79,58.91,59.71,60.55,60.33,59.97,59.23,58.95,58.87,59.82,51.29,48.82,47.98,50.45,48.96,48.89,46.41,50.38,48.62,46.8,45.64,45.94,43.08,40.6,39.92,38.75,37.96,37.1,38.48,41.34,48.18,43.87,43.16,47.84,48.25,49.26,49.07,51.65,50.62,49.78,48.43,49.57,48.28,47.31,48.18,47.95,46.94,46.51,46.37,47.15,47.49,49.2,49.76,46.55,46.6,50.85,49.68,50.57,48.42,51.47,50.66,48.25,46.93,47.36,45.12,42.05,41.34,40.21,39.21,37.96,39.71,42.4,52.87,49.09,49.5,53.14,54.91,56.61,58.9,58.99,58.0,58.48,58.67,57.82,58.48,57.84,58.82,59.26,58.8,58.24,57.79,57.83,58.41,59.53,59.74,57.97,57.19,59.15,60.95,60.98,62.58,61.51,60.96,60.96,61.19,60.88,61.63,61.96,62.68,63.23,63.06,62.79,62.18,62.08,62.09,62.64,50.99,47.99,48.46,52.26,51.62,53.32,52.79,53.68,53.15,50.84,50.85,51.12,49.68,47.54,47.01,46.28,45.92,44.61,46.0,49.39,45.92,46.23,50.19,49.67,50.93,51.23,52.31,51.67,49.34,48.54,49.83,48.16,45.48,44.61,44.07,43.4,42.1,43.72,52.54,48.69,49.04,54.59,53.68,54.46,54.48,55.92,54.96,53.26,52.52,53.36,51.55,48.29,47.83,46.9,45.99,44.62,46.13,48.67,61.06,56.61,56.77,61.67,62.55,64.2,66.62,66.01,65.32,66.01,66.73,66.21,66.8,66.51,67.65,68.22,67.65,67.25,66.84,66.9,67.48,68.39,65.2,62.65,61.92,65.09,65.91,66.52,68.41,67.29,66.94,67.66,68.4,67.73,68.64,68.8,69.88,70.4,70.16,69.99,69.34,69.08,69.44,69.97,63.97,62.02,60.94,63.43,64.66,64.61,65.61,64.76,64.62,64.72,64.63,64.36,65.0,65.45,66.35,67.15,67.04,66.83,65.92,65.57,65.61,66.3,65.83,63.57,64.89,66.57,63.1,64.59,63.62,64.52,64.07,60.35,58.96,60.82,57.66,55.13,53.46,52.71,52.05,50.11,52.59,62.37,58.83,58.76,62.76,63.91,64.79,66.85,66.83,66.0,66.35,66.42,66.13,66.43,65.84,66.65,67.07,66.5,66.03,65.7,65.85,66.08,67.18,66.4,64.35,63.09,66.0,66.49,66.76,68.28,67.49,66.88,67.3,67.12,67.19,67.92,67.79,68.38,69.08,68.75,68.47,67.98,67.74,67.76,68.6,67.5,65.9,64.33,65.65,66.16,66.19,66.87,66.82,65.9,66.45,65.62,66.74,67.18,67.58,68.4,69.01,68.6,68.49,67.79,67.36,67.47,68.49],
  "contact_probs": [[1.0,0.99,0.1,0.63,0.95,0.94,0.06,0.61,0.93,0.04,0.48,0.05,0.89,0.96,0.1,0.11,0.07,0.67,0.98,0.95,0.01,0.6,0.98,0.95],[0.99,1.0,0.4,0.89,0.93,0.59,0.08,0.79,0.78,0.17,0.52,0.07,0.94,0.83,0.06,0.08,0.1,0.92,0.93,0.4,0.01,0.9,0.92,0.38],[0.1,0.4,1.0,0.69,0.16,0.01,0.02,0.12,0.05,0.08,0.16,0.03,0.04,0.02,0.03,0.05,0.12,0.23,0.12,0.02,0.02,0.44,0.32,0.06],[0.63,0.89,0.69,1.0,0.99,0.06,0.08,0.37,0.05,0.1,0.06,0.02,0.03,0.02,0.02,0.05,0.16,0.23,0.17,0.07,0.01,0.4,0.64,0.4],[0.95,0.93,0.16,0.99,1.0,0.99,0.22,0.79,0.32,0.03,0.03,0.01,0.04,0.05,0.03,0.09,0.09,0.26,0.16,0.11,0.01,0.08,0.4,0.68],[0.94,0.59,0.01,0.06,0.99,1.0,0.25,0.73,0.6,0.01,0.03,0.01,0.05,0.2,0.1,0.17,0.07,0.11,0.15,0.09,0.0,0.06,0.07,0.31],[0.06,0.08,0.02,0.08,0.22,0.25,1.0,0.28,0.09,0.02,0.02,0.0,0.06,0.07,0.03,0.04,0.04,0.06,0.05,0.02,0.0,0.03,0.02,0.01],[0.61,0.79,0.12,0.37,0.79,0.73,0.28,1.0,0.97,0.46,0.22,0.04,0.34,0.08,0.03,0.09,0.07,0.04,0.02,0.02,0.0,0.01,0.03,0.04],[0.93,0.78,0.05,0.05,0.32,0.6,0.09,0.97,1.0,0.5,0.71,0.07,0.72,0.64,0.08,0.11,0.03,0.01,0.02,0.03,0.0,0.01,0.05,0.08],[0.04,0.17,0.08,0.1,0.03,0.01,0.02,0.46,0.5,1.0,0.6,0.12,0.06,0.01,0.01,0.01,0.01,0.01,0.0,0.01,0.0,0.01,0.01,0.03],[0.48,0.52,0.16,0.06,0.03,0.03,0.02,0.22,0.71,0.6,1.0,0.21,0.48,0.07,0.01,0.01,0.02,0.03,0.02,0.04,0.01,0.19,0.21,0.24],[0.05,0.07,0.03,0.02,0.01,0.01,0.0,0.04,0.07,0.12,0.21,1.0,0.2,0.05,0.03,0.02,0.03,0.04,0.02,0.02,0.01,0.04,0.05,0.06],[0.89,0.94,0.04,0.03,0.04,0.05,0.06,0.34,0.72,0.06,0.48,0.2,1.0,0.97,0.18,0.15,0.13,0.66,0.31,0.03,0.01,0.03,0.06,0.03],[0.96,0.83,0.02,0.02,0.05,0.2,0.07,0.08,0.64,0.01,0.07,0.05,0.97,1.0,0.5,0.32,0.19,0.63,0.8,0.23,0.0,0.02,0.03,0.03],[0.1,0.06,0.03,0.02,0.03,0.1,0.03,0.03,0.08,0.01,0.01,0.03,0.18,0.5,1.0,0.42,0.23,0.08,0.08,0.08,0.01,0.01,0.01,0.02],[0.11,0.08,0.05,0.05,0.09,0.17,0.04,0.09,0.11,0.01,0.01,0.02,0.15,0.32,0.42,1.0,0.54,0.16,0.05,0.03,0.01,0.01,0.01,0.02],[0.07,0.1,0.12,0.16,0.09,0.07,0.04,0.07,0.03,0.01,0.02,0.03,0.13,0.19,0.23,0.54,1.0,0.25,0.07,0.03,0.0,0.03,0.02,0.04],[0.67,0.92,0.23,0.23,0.26,0.11,0.06,0.04,0.01,0.01,0.03,0.04,0.66,0.63,0.08,0.16,0.25,1.0,0.99,0.03,0.01,0.19,0.03,0.04],[0.98,0.93,0.12,0.17,0.16,0.15,0.05,0.02,0.02,0.0,0.02,0.02,0.31,0.8,0.08,0.05,0.07,0.99,1.0,1.0,0.05,0.9,0.22,0.03],[0.95,0.4,0.02,0.07,0.11,0.09,0.02,0.02,0.03,0.01,0.04,0.02,0.03,0.23,0.08,0.03,0.03,0.03,1.0,1.0,0.09,0.53,0.9,0.23],[0.01,0.01,0.02,0.01,0.01,0.0,0.0,0.0,0.0,0.0,0.01,0.01,0.01,0.0,0.01,0.01,0.0,0.01,0.05,0.09,1.0,0.05,0.05,0.01],[0.6,0.9,0.44,0.4,0.08,0.06,0.03,0.01,0.01,0.01,0.19,0.04,0.03,0.02,0.01,0.01,0.03,0.19,0.9,0.53,0.05,1.0,0.99,0.02],[0.98,0.92,0.32,0.64,0.4,0.07,0.02,0.03,0.05,0.01,0.21,0.05,0.06,0.03,0.01,0.01,0.02,0.03,0.22,0.9,0.05,0.99,1.0,1.0],[0.95,0.38,0.06,0.4,0.68,0.31,0.01,0.04,0.08,0.03,0.24,0.06,0.03,0.03,0.02,0.02,0.04,0.04,0.03,0.23,0.01,0.02,1.0,1.0]],
  "pae": [[0.8,4.2,11.4,7.3,6.1,5.6,10.0,7.3,6.4,14.1,11.8,13.3,6.4,5.2,13.0,13.6,13.5,6.5,4.8,5.5,11.8,6.0,5.5,5.6],[5.7,0.8,11.3,6.5,6.7,7.3,10.9,7.7,8.5,14.8,12.9,14.2,7.0,5.5,13.8,13.7,13.0,6.0,5.2,6.8,11.3,6.1,6.7,7.2],[11.7,11.4,1.3,5.9,9.1,11.1,12.0,13.0,15.3,19.2,16.5,18.4,12.9,11.3,11.0,12.2,9.4,8.4,10.4,10.4,14.6,9.4,9.8,11.2],[6.6,6.7,4.3,1.0,3.1,5.3,8.1,9.8,9.6,16.5,13.3,14.9,9.4,7.4,12.2,13.2,13.0,7.7,7.8,8.1,11.3,7.5,6.5,7.1],[5.8,6.2,5.7,3.0,0.9,2.7,6.7,7.7,8.2,14.7,11.7,13.0,7.5,7.0,12.2,13.0,12.9,7.0,7.1,7.1,10.9,7.2,6.5,7.0],[6.1,7.5,7.7,4.2,2.4,1.0,6.7,6.4,7.1,14.5,11.3,13.8,8.6,7.7,11.8,12.1,12.9,7.6,7.8,8.7,12.4,8.3,6.7,6.0],[10.4,10.9,12.8,10.7,6.7,6.2,1.3,10.2,8.4,16.9,13.0,14.6,13.1,10.8,11.0,14.2,15.4,11.8,12.3,12.5,16.2,13.4,11.5,10.6],[6.9,6.0,11.8,8.0,7.4,5.0,6.8,1.0,3.4,13.1,10.7,11.7,7.4,6.5,11.3,13.5,14.3,9.4,9.1,9.3,13.6,9.6,7.8,7.4],[6.4,7.6,13.0,9.7,6.9,7.0,7.7,3.7,0.9,8.1,7.2,10.3,7.9,8.1,12.6,13.8,14.7,8.5,7.9,9.8,14.1,9.6,7.8,9.1],[15.6,17.3,20.5,19.7,18.2,18.3,18.4,16.6,8.8,1.4,6.3,7.4,11.4,14.6,17.5,18.2,19.6,19.0,16.2,14.9,19.1,18.8,19.4,18.7],[12.6,13.9,16.6,15.3,14.7,14.1,16.0,13.2,7.1,7.0,1.1,6.5,7.5,9.1,14.1,15.9,17.1,15.3,14.7,12.5,18.1,17.0,16.0,15.7],[14.4,15.0,18.7,17.5,17.0,16.7,18.0,15.7,9.2,7.6,7.0,1.5,9.7,10.1,16.0,17.1,18.6,17.4,16.7,15.9,18.5,20.3,18.9,18.7],[6.6,6.6,11.5,9.6,8.3,7.9,11.2,9.9,7.7,10.6,8.4,6.0,1.0,4.5,9.0,10.7,12.1,7.5,6.9,9.7,13.6,10.1,8.8,9.0],[5.7,7.3,11.1,8.9,8.6,8.5,10.8,8.9,8.0,11.8,10.8,8.0,3.9,1.0,9.0,10.8,10.8,7.8,6.9,7.9,12.3,7.9,7.3,8.3],[14.8,15.9,15.2,15.1,13.5,15.6,13.8,16.5,15.0,19.5,16.2,16.4,11.3,11.8,1.5,10.7,9.7,11.7,14.3,17.3,18.2,16.5,16.3,16.8],[15.1,15.4,14.1,13.5,14.1,15.0,15.1,16.4,16.9,20.6,17.4,18.7,14.3,11.5,8.5,1.6,10.0,9.4,14.1,17.4,17.5,16.4,15.9,17.0],[13.4,12.5,11.2,12.7,14.4,14.9,16.0,15.5,16.0,19.3,17.6,18.7,14.6,10.7,9.0,7.9,1.4,7.1,8.9,12.7,15.1,12.6,13.6,15.7],[5.5,4.7,10.1,9.1,8.6,8.7,11.4,8.5,8.7,15.4,12.9,14.4,7.8,5.8,10.9,9.2,7.1,1.0,2.5,4.5,9.0,6.2,6.8,7.3],[3.8,4.3,9.0,6.9,7.1,7.0,10.2,8.2,7.9,14.2,11.4,13.9,6.9,5.5,11.0,10.4,8.8,2.5,0.9,2.5,7.7,5.1,4.8,5.3],[4.2,5.0,10.1,7.3,8.2,7.8,10.9,9.5,10.2,15.6,12.5,16.8,8.8,6.4,11.9,11.8,9.3,4.9,2.4,0.9,6.3,4.8,5.8,6.3],[9.5,10.0,13.1,12.2,13.1,13.0,15.7,14.5,13.8,19.7,14.7,18.8,13.5,11.0,15.2,15.2,13.4,9.6,6.6,7.3,1.8,8.9,8.0,9.6],[5.6,4.9,9.7,6.5,7.6,8.2,11.3,9.9,10.0,16.4,13.6,16.5,9.0,8.1,12.2,12.1,11.1,5.3,4.9,5.0,6.0,0.9,2.2,4.0],[3.5,4.2,8.9,7.3,6.7,6.8,9.2,6.9,7.1,14.5,12.4,14.0,7.1,6.1,11.9,12.9,11.6,4.9,3.9,4.8,7.4,1.9,0.9,1.8],[4.1,6.1,10.4,8.7,7.9,7.1,10.4,9.7,8.2,15.8,13.7,15.7,8.7,7.0,14.0,14.2,14.6,7.1,6.1,4.5,9.5,3.8,2.2,1.0]],
  "token_chain_ids": ["A","B","C","C","C","C","C","C","C","C","C","C","C","C","C","C","C","C","C","C","C","C","C","C"],
  "token_res_ids": [1,1,1,2,3,4,5,6,7,8,9,10,11,12,13,14,15,16,17,18,19,20,21,22]
}