{
  "atom_chain_ids": ["A","B","C","C","C","C","C","C","C","C","C","C","C","C","C","C","C","C","C","C","C","C","C","C","C","C","C","C","C","C","C","C","C","C","C","C","C","C","C","C","C","C","C","C","C","C","C","C","C","C","C","C","C","C","C","C","C","C","C","C","C","C","C","C","C","C","C","C","C","C","C","C","C","C","C","C","C","C","C","C","C","C","C","C","C","C","C","C","C","C","C","C","C","C","C","C","C","C","C","C","C","C","C","C","C","C","C","C","C","C","C","C","C","C","C","C","C","C","C","C","C","C","C","C","C","C","C","C","C","C","C","C","C","C","C","C","C","C","C","C","C","C","C","C","C","C","C","C","C","C","C","C","C","C","C","C","C","C","C","C","C","C","C","C","C","C","C","C","C","C","C","C","C","C","C","C","C","C","C","C","C","C","C","C","C","C","C","C","C","C","C","C","C","C","C","C","C","C","C","C","C","C","C","C","C","C","C","C","C","C","C","C","C","C","C","C","C","C","C","C","C","C","C","C","C","C","C","C","C","C","C","C","C","C","C","C","C","C","C","C","C","C","C","C","C","C","C","C","C","C","C","C","C","C","C","C","C","C","C","C","C","C","C","C","C","C","C","C","C","C","C","C","C","C","C","C","C","C","C","C","C","C","C","C","C","C","C","C","C","C","C","C","C","C","C","C","C","C","C","C","C","C","C","C","C","C","C","C","C","C","C","C","C","C","C","C","C","C","C","C","C","C","C","C","C","C","C","C","C","C","C","C","C","C","C","C","C","C","C","C","C","C","C","C","C","C","C","C","C","C","C","C","C","C","C","C","C","C","C","C","C","C","C","C","C","C","C","C","C","C","C","C","C","C","C","C","C","C","C","C","C","C","C","C","C","C","C","C","C","C","C","C","C","C","C","C","C","C","C","C","C","C","C","C","C","C","C","C","C","C","C","C","C","C","C","C","C","C","C","C","C","C","C","C","C","C","C","C","C","C","C","C","C","C","C","C","C","C","C","C","C","C","C","C","C","C","C","C","C","C","C","C","C","C","C","C","C","C","C","C","C","C","C","C","C","C","C","C","C","C"],
  "atom_plddts": [75.94,74.25,43.39,43.57,38.66,37.65,44.54,45.53,47.74,45.54,49.98,48.68,47.29,45.46,45.75,43.29,40.59,39.77,39.33,37.79,36.73,37.61,39.84,43.14,50.3,45.3,45.35,50.91,51.37,52.88,54.92,55.76,55.11,55.9,55.15,54.53,54.8,53.88,54.63,55.26,54.93,54.32,53.95,53.85,54.07,55.63,52.17,49.41,49.49,52.18,52.73,54.31,56.43,56.36,55.63,55.6,54.88,54.62,55.11,54.5,55.1,56.12,55.81,55.48,54.7,54.24,54.38,55.63,55.35,53.51,53.22,55.08,56.32,56.8,56.99,56.71,56.02,55.48,54.69,55.04,55.43,55.59,56.27,57.26,57.15,56.81,55.82,55.39,54.96,56.1,55.13,52.74,53.26,55.56,54.45,55.67,52.73,56.25,55.13,53.06,51.01,52.39,49.34,45.9,45.47,44.39,42.86,41.51,42.64,45.07,45.35,46.73,44.43,45.23,47.34,48.5,49.54,50.76,50.86,50.29,50.57,49.44,49.69,49.93,49.09,49.78,50.0,49.62,49.36,48.9,48.92,48.83,49.89,46.18,44.78,45.57,46.38,47.82,48.41,48.89,48.91,48.04,48.1,47.3,47.78,48.18,47.54,48.05,48.59,48.3,48.12,47.5,47.19,47.27,48.22,48.12,45.66,44.8,47.84,46.38,46.04,44.17,47.31,45.77,44.33,43.2,43.92,41.78,40.36,40.12,39.41,38.86,38.01,38.84,40.91,40.98,38.03,37.47,40.83,41.56,42.77,42.2,44.39,43.45,42.85,41.72,42.51,41.41,39.98,40.54,40.57,39.77,39.58,39.18,39.78,40.14,41.54,42.2,39.83,39.71,43.24,43.03,44.1,42.43,46.08,44.95,43.3,41.5,41.67,39.85,36.48,35.86,35.18,34.35,33.56,34.82,36.89,48.39,45.27,46.17,48.46,50.47,52.27,54.28,54.16,52.99,53.39,53.12,52.7,53.36,52.32,53.02,53.49,53.11,52.75,52.14,52.1,52.64,53.54,46.72,44.96,46.12,46.64,48.64,49.81,50.47,50.47,49.34,49.4,48.69,49.01,49.54,48.94,49.42,49.97,49.65,49.38,48.76,48.59,48.68,49.56,36.53,33.78,33.29,37.09,37.54,39.93,39.27,41.88,40.6,40.16,38.93,38.95,38.14,35.3,34.84,35.01,34.7,34.07,34.68,37.65,35.6,35.23,37.35,37.23,38.82,38.81,41.46,40.74,40.14,38.38,38.74,37.35,34.35,33.61,33.5,33.05,32.53,33.45,40.81,38.2,37.65,42.34,42.04,42.62,42.06,44.66,43.36,42.81,40.83,41.29,39.82,36.74,36.28,35.89,35.16,34.31,35.27,37.13,55.28,50.65,51.14,55.87,56.93,58.7,61.34,60.83,60.2,60.7,61.06,60.44,60.96,60.36,61.45,61.94,61.5,61.01,60.48,60.49,61.06,62.12,57.34,54.29,54.47,57.48,58.76,59.94,62.43,61.4,61.01,61.42,61.72,60.9,61.62,61.27,62.23,62.89,62.65,62.24,61.43,61.2,61.75,62.52,56.8,55.19,54.87,56.45,58.25,58.74,59.08,58.66,58.21,58.0,57.2,57.34,57.69,57.69,58.32,58.94,58.62,58.2,57.41,57.27,57.19,58.32,61.76,59.65,60.97,62.66,59.73,61.14,59.96,61.24,60.86,57.43,56.34,57.87,54.75,51.96,50.53,49.67,49.14,47.4,49.74,59.29,55.81,56.06,59.76,60.96,61.9,63.83,63.95,63.07,63.29,62.79,62.81,62.94,62.25,62.9,63.34,62.84,62.26,61.85,61.98,61.99,63.39,61.37,59.01,58.37,61.28,62.27,62.7,64.89,63.99,63.58,63.63,63.41,63.35,64.13,63.82,64.48,65.29,65.07,64.7,64.02,63.75,63.9,64.72,61.95,60.44,59.34,60.18,61.11,61.31,62.04,61.9,61.07,61.3,60.24,61.31,61.58,62.12,62.79,63.28,62.98,62.74,62.05,61.79,61.92,62.8],
  "contact_probs": [[1.0,0.99,0.1,0.63,0.95,0.94,0.06,0.61,0.93,0.04,0.48,0.05,0.89,0.96,0.1,0.11,0.07,0.67,0.98,0.95,0.01,0.6,0.98,0.95],[0.99,1.0,0.4,0.89,0.93,0.59,0.08,0.79,0.78,0.17,0.52,0.07,0.94,0.83,0.06,0.08,0.1,0.92,0.93,0.4,0.01,0.9,0.92,0.38],[0.1,0.4,1.0,0.69,0.16,0.01,0.02,0.12,0.05,0.08,0.16,0.03,0.04,0.02,0.03,0.05,0.12,0.23,0.12,0.02,0.02,0.44,0.32,0.06],[0.63,0.89,0.69,1.0,0.99,0.06,0.08,0.37,0.05,0.1,0.06,0.02,0.03,0.02,0.02,0.05,0.16,0.23,0.17,0.07,0.01,0.4,0.64,0.4],[0.95,0.93,0.16,0.99,1.0,0.99,0.22,0.79,0.32,0.03,0.03,0.01,0.04,0.05,0.03,0.09,0.09,0.26,0.16,0.11,0.01,0.08,0.4,0.68],[0.94,0.59,0.01,0.06,0.99,1.0,0.25,0.73,0.6,0.01,0.03,0.01,0.05,0.2,0.1,0.17,0.07,0.11,0.15,0.09,0.0,0.06,0.07,0.31],[0.06,0.08,0.02,0.08,0.22,0.25,1.0,0.28,0.09,0.02,0.02,0.0,0.06,0.07,0.03,0.04,0.04,0.06,0.05,0.02,0.0,0.03,0.02,0.01],[0.61,0.79,0.12,0.37,0.79,0.73,0.28,1.0,0.97,0.46,0.22,0.04,0.34,0.08,0.03,0.09,0.07,0.04,0.02,0.02,0.0,0.01,0.03,0.04],[0.93,0.78,0.05,0.05,0.32,0.6,0.09,0.97,1.0,0.5,0.71,0.07,0.72,0.64,0.08,0.11,0.03,0.01,0.02,0.03,0.0,0.01,0.05,0.08],[0.04,0.17,0.08,0.1,0.03,0.01,0.02,0.46,0.5,1.0,0.6,0.12,0.06,0.01,0.01,0.01,0.01,0.01,0.0,0.01,0.0,0.01,0.01,0.03],[0.48,0.52,0.16,0.06,0.03,0.03,0.02,0.22,0.71,0.6,1.0,0.21,0.48,0.07,0.01,0.01,0.02,0.03,0.02,0.04,0.01,0.19,0.21,0.24],[0.05,0.07,0.03,0.02,0.01,0.01,0.0,0.04,0.07,0.12,0.21,1.0,0.2,0.05,0.03,0.02,0.03,0.04,0.02,0.02,0.01,0.04,0.05,0.06],[0.89,0.94,0.04,0.03,0.04,0.05,0.06,0.34,0.72,0.06,0.48,0.2,1.0,0.97,0.18,0.15,0.13,0.66,0.31,0.03,0.01,0.03,0.06,0.03],[0.96,0.83,0.02,0.02,0.05,0.2,0.07,0.08,0.64,0.01,0.07,0.05,0.97,1.0,0.5,0.32,0.19,0.63,0.8,0.23,0.0,0.02,0.03,0.03],[0.1,0.06,0.03,0.02,0.03,0.1,0.03,0.03,0.08,0.01,0.01,0.03,0.18,0.5,1.0,0.42,0.23,0.08,0.08,0.08,0.01,0.01,0.01,0.02],[0.11,0.08,0.05,0.05,0.09,0.17,0.04,0.09,0.11,0.01,0.01,0.02,0.15,0.32,0.42,1.0,0.54,0.16,0.05,0.03,0.01,0.01,0.01,0.02],[0.07,0.1,0.12,0.16,0.09,0.07,0.04,0.07,0.03,0.01,0.02,0.03,0.13,0.19,0.23,0.54,1.0,0.25,0.07,0.03,0.0,0.03,0.02,0.04],[0.67,0.92,0.23,0.23,0.26,0.11,0.06,0.04,0.01,0.01,0.03,0.04,0.66,0.63,0.08,0.16,0.25,1.0,0.99,0.03,0.01,0.19,0.03,0.04],[0.98,0.93,0.12,0.17,0.16,0.15,0.05,0.02,0.02,0.0,0.02,0.02,0.31,0.8,0.08,0.05,0.07,0.99,1.0,1.0,0.05,0.9,0.22,0.03],[0.95,0.4,0.02,0.07,0.11,0.09,0.02,0.02,0.03,0.01,0.04,0.02,0.03,0.23,0.08,0.03,0.03,0.03,1.0,1.0,0.09,0.53,0.9,0.23],[0.01,0.01,0.02,0.01,0.01,0.0,0.0,0.0,0.0,0.0,0.01,0.01,0.01,0.0,0.01,0.01,0.0,0.01,0.05,0.09,1.0,0.05,0.05,0.01],[0.6,0.9,0.44,0.4,0.08,0.06,0.03,0.01,0.01,0.01,0.19,0.04,0.03,0.02,0.01,0.01,0.03,0.19,0.9,0.53,0.05,1.0,0.99,0.02],[0.98,0.92,0.32,0.64,0.4,0.07,0.02,0.03,0.05,0.01,0.21,0.05,0.06,0.03,0.01,0.01,0.02,0.03,0.22,0.9,0.05,0.99,1.0,1.0],[0.95,0.38,0.06,0.4,0.68,0.31,0.01,0.04,0.08,0.03,0.24,0.06,0.03,0.03,0.02,0.02,0.04,0.04,0.03,0.23,0.01,0.02,1.0,1.0]],
  "pae": [[0.8,3.7,13.6,8.5,6.0,6.1,11.1,7.9,7.2,13.5,13.1,15.5,6.9,6.6,15.2,16.0,14.8,6.9,5.5,5.4,10.8,6.0,5.5,5.9],[4.8,0.8,13.3,7.1,6.3,7.4,11.7,8.8,9.6,14.1,13.5,14.9,6.4,6.0,15.0,15.6,14.5,6.3,5.5,6.8,10.8,5.7,5.8,6.4],[14.7,14.2,1.3,10.5,13.4,15.2,16.4,16.5,17.8,19.0,19.1,18.2,14.2,13.9,9.4,17.5,16.7,14.2,13.4,14.4,17.3,12.4,13.3,13.4],[6.2,5.8,5.8,1.0,3.5,5.3,9.4,9.1,10.4,15.2,16.2,13.6,10.1,9.6,13.9,17.0,16.5,10.3,8.6,9.5,12.5,8.5,8.4,8.0],[5.9,5.5,7.1,3.8,0.9,2.8,9.0,7.9,7.8,13.2,13.1,12.5,8.1,7.8,14.0,15.6,15.8,8.1,7.8,8.1,11.3,7.8,6.9,6.6],[6.3,7.7,10.4,4.9,3.1,1.0,7.6,5.3,7.0,12.9,12.7,14.6,8.7,9.0,14.6,16.3,16.1,10.9,9.2,10.5,12.7,8.9,7.8,6.5],[10.2,10.3,15.2,11.3,6.6,6.3,1.3,7.8,7.2,12.1,12.8,15.0,12.3,11.9,16.2,17.6,17.9,12.7,13.2,14.7,16.7,13.4,11.8,10.7],[7.7,7.9,15.7,10.3,8.2,5.6,6.5,1.0,2.8,8.9,13.3,14.1,11.1,10.6,15.9,17.1,16.9,12.1,10.6,10.3,14.2,11.4,8.3,7.9],[8.3,10.1,16.0,11.7,8.7,7.5,7.2,4.1,0.9,5.3,8.2,13.8,11.9,12.2,15.5,16.5,16.2,11.1,9.9,11.5,15.6,10.9,9.3,9.4],[14.2,14.9,19.4,15.2,14.0,13.6,11.8,9.3,6.5,1.3,8.6,9.2,12.8,14.9,15.8,16.7,19.2,16.4,13.2,13.2,18.5,16.8,15.4,13.9],[14.6,14.4,17.2,16.2,15.2,13.7,13.2,11.7,6.7,8.8,1.1,8.4,10.5,13.6,15.2,16.6,17.6,15.5,15.0,16.3,19.4,16.4,15.3,13.9],[14.8,14.1,16.3,15.3,15.4,15.3,16.3,15.3,11.9,10.0,7.6,1.5,10.4,11.0,13.3,14.4,15.7,16.1,16.5,17.2,19.4,17.3,16.7,16.8],[7.1,6.3,13.1,9.2,8.3,8.6,12.6,11.2,11.3,13.4,11.0,8.0,1.0,4.0,10.8,12.0,13.7,7.0,7.2,10.2,12.4,9.4,9.1,9.6],[6.6,8.1,13.0,10.7,9.8,9.5,13.1,11.3,11.4,13.6,13.6,9.9,4.7,1.1,9.0,13.0,14.0,9.7,9.9,11.6,14.4,9.7,9.0,9.9],[16.9,17.0,11.0,16.4,16.9,17.6,19.2,19.6,17.4,19.9,17.0,15.0,12.3,12.7,1.3,11.0,10.7,15.4,16.8,19.0,20.2,17.7,17.7,18.9],[17.7,17.2,15.5,16.2,17.0,18.8,20.3,20.2,19.2,20.5,19.4,15.5,13.3,11.1,8.2,1.7,9.7,12.6,16.7,20.0,20.1,17.6,18.1,20.4],[16.4,15.4,13.5,16.0,16.1,16.3,19.3,19.3,16.6,19.8,18.6,16.7,14.3,12.3,8.3,7.3,1.4,12.1,11.2,16.3,17.0,16.1,15.9,17.8],[5.8,4.9,12.9,10.3,8.3,8.5,12.7,11.1,9.5,14.1,13.4,15.8,7.6,8.2,12.0,11.4,10.1,1.0,2.9,4.9,8.5,6.4,6.4,7.7],[4.3,4.8,11.8,8.4,7.9,7.2,11.7,8.9,8.6,13.4,13.5,15.2,7.8,8.4,13.3,13.0,11.0,3.1,0.9,2.9,7.7,5.7,5.2,6.5],[4.4,5.4,12.1,8.9,8.7,8.8,13.0,10.1,9.6,14.6,14.9,17.2,8.5,9.1,14.2,14.5,11.7,5.4,2.9,0.9,5.7,4.9,5.7,6.8],[8.5,9.0,14.8,11.8,12.9,12.4,15.2,14.6,13.0,16.1,15.9,17.7,12.6,11.9,16.3,18.2,15.9,9.5,6.5,5.7,1.7,7.3,6.2,8.8],[5.1,4.3,12.3,7.5,8.1,7.8,11.8,8.7,8.3,14.5,15.4,16.8,8.5,8.7,14.5,15.4,13.6,5.4,4.6,5.6,5.9,0.9,1.9,4.3],[3.7,4.3,11.8,7.4,6.4,6.7,10.1,7.3,7.7,13.7,14.5,16.8,7.2,7.5,14.5,15.8,13.9,5.6,4.5,4.3,6.4,2.1,0.9,2.1],[4.0,5.9,13.2,9.3,7.9,6.5,10.5,9.0,8.5,14.2,14.7,16.4,8.5,8.0,15.7,17.3,16.2,7.9,7.2,4.6,7.4,4.7,2.1,1.0]],
  "token_chain_ids": ["A","B","C","C","C","C","C","C","C","C","C","C","C","C","C","C","C","C","C","C","C","C","C","C"],
  "token_res_ids": [1,1,1,2,3,4,5,6,7,8,9,10,11,12,13,14,15,16,17,18,19,20,21,22]
}