{
  "atom_chain_ids": ["A","B","C","C","C","C","C","C","C","C","C","C","C","C","C","C","C","C","C","C","C","C","C","C","C","C","C","C","C","C","C","C","C","C","C","C","C","C","C","C","C","C","C","C","C","C","C","C","C","C","C","C","C","C","C","C","C","C","C","C","C","C","C","C","C","C","C","C","C","C","C","C","C","C","C","C","C","C","C","C","C","C","C","C","C","C","C","C","C","C","C","C","C","C","C","C","C","C","C","C","C","C","C","C","C","C","C","C","C","C","C","C","C","C","C","C","C","C","C","C","C","C","C","C","C","C","C","C","C","C","C","C","C","C","C","C","C","C","C","C","C","C","C","C","C","C","C","C","C","C","C","C","C","C","C","C","C","C","C","C","C","C","C","C","C","C","C","C","C","C","C","C","C","C","C","C","C","C","C","C","C","C","C","C","C","C","C","C","C","C","C","C","C","C","C","C","C","C","C","C","C","C","C","C","C","C","C","C","C","C","C","C","C","C","C","C","C","C","C","C","C","C","C","C","C","C","C","C","C","C","C","C","C","C","C","C","C","C","C","C","C","C","C","C","C","C","C","C","C","C","C","C","C","C","C","C","C","C","C","C","C","C","C","C","C","C","C","C","C","C","C","C","C","C","C","C","C","C","C","C","C","C","C","C","C","C","C","C","C","C","C","C","C","C","C","C","C","C","C","C","C","C","C","C","C","C","C","C","C","C","C","C","C","C","C","C","C","C","C","C","C","C","C","C","C","C","C","C","C","C","C","C","C","C","C","C","C","C","C","C","C","C","C","C","C","C","C","C","C","C","C","C","C","C","C","C","C","C","C","C","C","C","C","C","C","C","C","C","C","C","C","C","C","C","C","C","C","C","C","C","C","C","C","C","C","C","C","C","C","C","C","C","C","C","C","C","C","C","C","C","C","C","C","C","C","C","C","C","C","C","C","C","C","C","C","C","C","C","C","C","C","C","C","C","C","C","C","C","C","C","C","C","C","C","C","C","C","C","C","C","C","C","C","C","C","C","C","C","C","C","C","C","C","C","C","C","C","C","C","C","C","C","C","C","C","C","C","C","C","C"],
  "atom_plddts": [79.29,76.94,51.82,53.03,46.44,46.66,53.94,56.04,58.83,57.7,61.21,59.88,59.73,57.88,57.55,54.41,51.62,51.21,50.19,47.77,46.03,47.44,50.23,54.36,65.93,60.86,60.48,66.27,66.39,68.02,70.06,70.29,68.98,70.18,69.89,70.23,70.44,69.67,70.49,71.35,70.56,69.92,69.82,69.78,70.01,71.69,67.22,64.12,62.93,67.02,67.82,69.46,70.89,70.71,69.71,70.36,70.13,70.33,70.77,69.83,70.53,71.44,70.81,70.37,70.06,69.95,70.03,71.51,70.2,67.88,67.0,69.45,69.57,70.16,70.73,70.44,69.38,69.74,69.44,70.32,70.91,70.96,71.64,72.7,72.49,72.32,71.62,71.19,70.82,71.87,66.05,63.5,63.93,65.92,64.03,65.53,63.17,64.85,63.63,61.53,59.25,60.92,57.78,54.44,53.66,52.74,50.6,48.69,50.3,52.98,52.9,63.58,59.84,60.19,64.22,64.44,65.88,67.68,67.43,66.04,66.49,66.3,66.78,67.09,66.6,67.17,67.9,67.22,66.61,66.41,66.53,66.32,67.88,65.06,63.02,62.42,64.83,65.41,66.4,67.79,67.33,66.34,66.53,66.18,66.63,67.21,66.91,67.65,68.7,68.35,67.94,67.3,67.08,66.97,68.28,61.68,59.51,59.27,61.15,58.76,59.28,56.87,59.26,57.59,55.02,53.99,55.13,52.05,49.31,48.24,46.95,46.1,44.81,46.62,49.72,52.78,48.18,47.55,52.33,52.5,53.71,54.0,56.36,55.48,54.66,52.84,54.12,52.7,51.28,51.81,51.7,50.39,49.76,49.85,50.75,50.89,53.4,53.43,49.89,50.38,54.82,53.31,54.26,52.33,54.95,54.23,51.49,50.16,51.1,48.69,45.44,44.52,43.24,42.11,40.64,42.76,45.65,62.12,56.88,56.75,62.57,64.66,66.28,68.58,68.23,67.36,68.58,69.25,68.62,69.46,69.04,70.01,70.84,70.36,69.76,69.58,69.54,70.25,71.4,65.95,63.54,62.61,65.44,66.94,67.78,69.11,68.28,67.62,68.16,68.34,68.54,69.3,69.18,69.84,70.61,70.46,70.16,69.74,69.53,69.54,70.38,52.21,50.42,51.06,53.13,52.11,53.97,52.79,54.3,53.47,50.64,49.96,49.99,47.81,44.85,43.66,42.55,42.12,40.83,42.96,49.26,46.05,46.48,49.74,49.3,50.59,50.14,51.9,51.27,48.64,47.1,47.61,44.95,41.3,39.68,38.62,37.82,36.44,39.0,52.6,48.21,48.37,54.5,53.48,54.66,53.25,56.0,54.79,53.11,52.17,52.61,49.78,45.88,45.04,43.64,42.4,41.14,43.2,46.54,61.86,56.13,56.28,62.53,63.07,65.13,67.74,67.53,66.7,67.42,67.67,67.7,68.19,67.82,68.95,69.67,69.03,68.56,68.04,67.91,68.49,69.84,66.09,62.78,62.25,66.21,67.48,69.2,70.77,70.14,69.46,70.65,71.11,70.75,71.6,71.19,72.12,72.78,72.43,72.18,71.69,71.43,71.91,72.72,68.67,66.65,65.48,68.4,69.3,69.85,70.74,70.12,69.55,70.36,70.39,70.46,71.1,70.89,71.64,72.48,72.17,72.01,71.42,71.14,71.29,72.15,68.59,65.98,67.17,69.48,66.25,68.42,67.76,68.41,67.59,64.66,63.5,65.55,62.86,60.55,58.96,58.56,57.67,55.8,58.11,65.03,60.89,60.93,65.66,67.23,68.5,70.21,70.18,69.3,70.1,70.29,70.19,70.63,69.87,70.53,71.12,70.53,70.08,69.88,69.99,70.33,71.42,69.99,67.32,66.24,70.03,70.85,71.76,72.69,72.31,71.42,72.55,72.61,72.81,73.54,72.9,73.45,74.18,73.7,73.44,73.22,73.01,73.11,74.09,70.26,68.32,66.63,69.08,69.65,70.17,70.7,70.91,69.73,70.67,69.79,70.74,71.06,70.67,71.29,71.94,71.26,71.07,70.68,70.45,70.56,71.93],
  "contact_probs": [[1.0,0.99,0.1,0.63,0.95,0.94,0.06,0.61,0.93,0.04,0.48,0.05,0.89,0.96,0.1,0.11,0.07,0.67,0.98,0.95,0.01,0.6,0.98,0.95],[0.99,1.0,0.4,0.89,0.93,0.59,0.08,0.79,0.78,0.17,0.52,0.07,0.94,0.83,0.06,0.08,0.1,0.92,0.93,0.4,0.01,0.9,0.92,0.38],[0.1,0.4,1.0,0.69,0.16,0.01,0.02,0.12,0.05,0.08,0.16,0.03,0.04,0.02,0.03,0.05,0.12,0.23,0.12,0.02,0.02,0.44,0.32,0.06],[0.63,0.89,0.69,1.0,0.99,0.06,0.08,0.37,0.05,0.1,0.06,0.02,0.03,0.02,0.02,0.05,0.16,0.23,0.17,0.07,0.01,0.4,0.64,0.4],[0.95,0.93,0.16,0.99,1.0,0.99,0.22,0.79,0.32,0.03,0.03,0.01,0.04,0.05,0.03,0.09,0.09,0.26,0.16,0.11,0.01,0.08,0.4,0.68],[0.94,0.59,0.01,0.06,0.99,1.0,0.25,0.73,0.6,0.01,0.03,0.01,0.05,0.2,0.1,0.17,0.07,0.11,0.15,0.09,0.0,0.06,0.07,0.31],[0.06,0.08,0.02,0.08,0.22,0.25,1.0,0.28,0.09,0.02,0.02,0.0,0.06,0.07,0.03,0.04,0.04,0.06,0.05,0.02,0.0,0.03,0.02,0.01],[0.61,0.79,0.12,0.37,0.79,0.73,0.28,1.0,0.97,0.46,0.22,0.04,0.34,0.08,0.03,0.09,0.07,0.04,0.02,0.02,0.0,0.01,0.03,0.04],[0.93,0.78,0.05,0.05,0.32,0.6,0.09,0.97,1.0,0.5,0.71,0.07,0.72,0.64,0.08,0.11,0.03,0.01,0.02,0.03,0.0,0.01,0.05,0.08],[0.04,0.17,0.08,0.1,0.03,0.01,0.02,0.46,0.5,1.0,0.6,0.12,0.06,0.01,0.01,0.01,0.01,0.01,0.0,0.01,0.0,0.01,0.01,0.03],[0.48,0.52,0.16,0.06,0.03,0.03,0.02,0.22,0.71,0.6,1.0,0.21,0.48,0.07,0.01,0.01,0.02,0.03,0.02,0.04,0.01,0.19,0.21,0.24],[0.05,0.07,0.03,0.02,0.01,0.01,0.0,0.04,0.07,0.12,0.21,1.0,0.2,0.05,0.03,0.02,0.03,0.04,0.02,0.02,0.01,0.04,0.05,0.06],[0.89,0.94,0.04,0.03,0.04,0.05,0.06,0.34,0.72,0.06,0.48,0.2,1.0,0.97,0.18,0.15,0.13,0.66,0.31,0.03,0.01,0.03,0.06,0.03],[0.96,0.83,0.02,0.02,0.05,0.2,0.07,0.08,0.64,0.01,0.07,0.05,0.97,1.0,0.5,0.32,0.19,0.63,0.8,0.23,0.0,0.02,0.03,0.03],[0.1,0.06,0.03,0.02,0.03,0.1,0.03,0.03,0.08,0.01,0.01,0.03,0.18,0.5,1.0,0.42,0.23,0.08,0.08,0.08,0.01,0.01,0.01,0.02],[0.11,0.08,0.05,0.05,0.09,0.17,0.04,0.09,0.11,0.01,0.01,0.02,0.15,0.32,0.42,1.0,0.54,0.16,0.05,0.03,0.01,0.01,0.01,0.02],[0.07,0.1,0.12,0.16,0.09,0.07,0.04,0.07,0.03,0.01,0.02,0.03,0.13,0.19,0.23,0.54,1.0,0.25,0.07,0.03,0.0,0.03,0.02,0.04],[0.67,0.92,0.23,0.23,0.26,0.11,0.06,0.04,0.01,0.01,0.03,0.04,0.66,0.63,0.08,0.16,0.25,1.0,0.99,0.03,0.01,0.19,0.03,0.04],[0.98,0.93,0.12,0.17,0.16,0.15,0.05,0.02,0.02,0.0,0.02,0.02,0.31,0.8,0.08,0.05,0.07,0.99,1.0,1.0,0.05,0.9,0.22,0.03],[0.95,0.4,0.02,0.07,0.11,0.09,0.02,0.02,0.03,0.01,0.04,0.02,0.03,0.23,0.08,0.03,0.03,0.03,1.0,1.0,0.09,0.53,0.9,0.23],[0.01,0.01,0.02,0.01,0.01,0.0,0.0,0.0,0.0,0.0,0.01,0.01,0.01,0.0,0.01,0.01,0.0,0.01,0.05,0.09,1.0,0.05,0.05,0.01],[0.6,0.9,0.44,0.4,0.08,0.06,0.03,0.01,0.01,0.01,0.19,0.04,0.03,0.02,0.01,0.01,0.03,0.19,0.9,0.53,0.05,1.0,0.99,0.02],[0.98,0.92,0.32,0.64,0.4,0.07,0.02,0.03,0.05,0.01,0.21,0.05,0.06,0.03,0.01,0.01,0.02,0.03,0.22,0.9,0.05,0.99,1.0,1.0],[0.95,0.38,0.06,0.4,0.68,0.31,0.01,0.04,0.08,0.03,0.24,0.06,0.03,0.03,0.02,0.02,0.04,0.04,0.03,0.23,0.01,0.02,1.0,1.0]],
  "pae": [[0.8,2.3,8.8,4.5,4.2,3.9,7.8,4.9,4.1,11.2,8.8,10.3,4.1,3.8,11.0,12.1,12.3,4.7,3.5,3.1,6.4,4.4,3.5,3.8],[3.0,0.8,8.5,4.7,4.6,5.1,8.7,4.9,5.7,11.0,9.3,10.9,4.3,4.8,11.2,12.2,11.9,4.6,4.4,4.9,7.3,4.7,4.3,4.6],[10.6,9.8,1.2,6.4,8.7,11.9,12.9,12.7,14.6,16.5,15.0,16.3,13.5,12.4,16.6,16.5,17.3,10.4,9.0,9.4,10.9,7.9,7.4,9.6],[4.2,3.8,3.8,1.0,1.5,3.5,5.5,3.9,5.1,10.7,8.9,11.1,5.2,5.2,11.1,11.8,12.4,6.0,5.1,5.3,6.5,3.9,3.8,4.3],[3.4,3.3,4.6,1.5,0.9,1.7,4.4,3.2,4.1,9.3,7.3,9.3,4.1,4.3,9.6,10.7,11.1,4.6,4.4,4.4,6.1,4.2,3.5,3.7],[3.6,4.3,6.3,2.9,1.7,0.9,4.2,3.2,3.4,8.3,7.0,10.0,5.4,5.4,10.0,10.4,10.8,5.6,5.1,4.8,7.1,4.8,3.7,3.8],[8.7,9.0,12.1,8.2,5.1,5.8,1.3,6.7,6.9,10.0,11.6,12.4,12.2,11.2,16.0,18.0,18.1,10.8,11.9,12.6,14.4,13.0,10.9,10.5],[4.7,4.3,9.0,4.0,3.8,3.4,4.6,1.0,2.3,7.7,7.2,9.0,4.8,5.8,10.8,11.2,12.4,6.0,5.9,5.6,8.4,5.6,5.3,5.5],[4.1,4.9,10.3,5.2,4.1,4.3,4.7,2.5,0.9,6.1,5.5,9.1,5.9,6.7,11.0,11.8,12.7,6.7,5.9,6.1,9.9,5.9,5.3,6.7],[14.7,14.6,17.6,14.6,12.2,13.3,12.4,9.1,8.0,1.8,8.0,8.7,12.7,14.0,15.1,18.1,19.6,16.7,16.5,16.4,20.0,17.9,16.4,16.2],[11.0,11.8,15.3,12.1,9.8,10.0,11.7,8.3,6.6,5.9,1.2,6.4,6.6,8.9,14.4,17.0,17.7,15.3,14.2,14.0,16.4,13.5,12.5,12.8],[13.9,13.8,18.1,16.0,15.5,14.6,17.5,13.8,9.4,9.0,7.9,1.8,7.4,9.1,13.7,16.0,18.0,17.4,16.7,15.8,19.8,18.8,16.7,17.4],[4.3,4.2,10.5,5.9,5.8,5.7,8.6,5.6,5.0,8.9,5.8,6.5,1.1,2.4,7.5,9.1,10.1,4.6,4.0,5.0,8.0,5.7,5.5,5.9],[3.7,4.9,9.6,5.6,5.5,5.5,7.6,5.8,5.3,10.0,7.4,7.1,2.6,1.0,6.3,7.8,9.6,5.1,4.4,4.5,7.5,5.2,5.3,5.2],[14.7,15.2,17.8,16.7,16.4,16.0,20.4,17.9,15.9,18.9,14.5,14.0,9.8,11.6,1.5,8.5,8.3,13.6,14.9,17.1,18.9,18.4,17.3,18.6],[15.7,15.9,18.0,17.0,17.5,17.5,20.3,19.3,18.6,19.5,17.3,15.8,11.6,11.4,8.8,1.6,8.5,11.1,13.5,17.6,18.1,19.0,18.0,19.4],[14.1,14.2,18.1,16.8,16.2,16.6,20.1,17.7,18.2,18.9,17.4,16.8,13.1,11.9,9.2,8.3,1.5,11.1,10.2,15.7,15.4,17.0,16.4,17.7],[4.2,3.6,8.9,6.0,5.3,6.0,9.0,7.7,7.2,11.8,9.0,10.1,5.0,4.8,9.7,8.5,7.2,1.0,2.3,4.4,5.7,5.2,6.0,6.4],[3.1,3.3,7.7,4.3,4.3,4.2,6.9,4.9,5.0,10.3,7.4,9.5,3.8,3.7,8.8,8.6,7.7,1.7,0.9,2.0,4.6,3.7,3.5,4.1],[2.8,3.6,7.4,4.3,4.4,4.6,6.9,5.5,5.4,10.6,8.2,10.0,3.9,3.5,9.5,10.2,9.7,3.0,1.8,0.9,3.8,3.5,3.7,3.7],[6.9,6.9,9.1,7.4,8.2,7.8,12.0,9.2,9.6,13.9,12.4,13.9,8.9,8.9,12.3,12.6,13.0,6.4,4.7,4.2,1.8,5.0,4.9,6.5],[3.6,3.0,6.9,3.5,4.1,4.5,7.7,5.1,5.7,11.1,8.8,10.6,4.1,4.1,9.7,10.2,10.2,3.5,3.2,2.9,3.8,0.9,1.7,2.8],[2.5,2.7,6.4,3.6,3.5,3.6,6.5,4.5,4.3,10.0,8.2,9.7,3.7,3.2,9.0,9.5,9.7,3.4,2.6,2.2,3.5,1.5,0.8,1.4],[2.8,3.6,6.9,4.7,3.6,3.7,6.8,5.2,5.1,10.2,8.6,10.2,4.3,3.7,9.6,9.8,10.0,4.0,3.6,2.7,4.3,3.0,1.7,0.9]],
  "token_chain_ids": ["A","B","C","C","C","C","C","C","C","C","C","C","C","C","C","C","C","C","C","C","C","C","C","C"],
  "token_res_ids": [1,1,1,2,3,4,5,6,7,8,9,10,11,12,13,14,15,16,17,18,19,20,21,22]
}