{
  "atom_chain_ids": ["A","A","A","A","A","A","A","A","A","A","A","A","A","A","A","A","A","A","A","A","A","A","A","A","A","A","A","A","A","A","A","A","A","A","A","A","A","A","A","A","A","A","A","A","A","A","A","A","A","A","A","A","A","A","A","A","A","A","A","A","A","A","A","A","A","A","A","A","A","A","A","A","A","A","A","A","A","A","A","A","A","A","A","A","A","A","A","A","A","A","A","A","A","A","A","A","A","A","A","A","A","A","A","A","A","A","A","A","A","A","A","A","A","A","A","A","A","A","A","A","A","A","A","A","A","A","A","A","A","A","A","A","A","A","A","A","A","A","A","A","A","A","A","A","A","A","A","A","A","A","A","A","A","A","A","A","A","A","A","A","A","A","A","A","A","A","A","A","A","A","A","A","A","A","A","A","A","A","A","A","A","A","A","A","A","A","A","A","A","A","A","A","A","A","A","A","A","A","A","A","A","A","A","A","A","A","A","A","A","A","A","A","A","A","A","A","A","A","A","A","A","A","A","A","A","A","A","A","A","A","A","A","A","A","A","A","A","A","A","A","A","A","A","A","A","A","A","A","A","A","A","A","A","A","A","A","A","A","A","A","A","A","A","A","A","A","A","A","A","A","A","A","A","A","A","A","A","A","A","A","A","A","A","A","A","A","A","A","A","A","A","A","A","A","A","A","A","A","A","A","A","A","A","A","A","A","A","A","A","A","A","A","A","A","A","A","A","A","A","A","A","A","A","A","A","A","A","A","A","A","A","A","A","A","A","A","A","A","A","A","A","A","A","A","A","A","A","A","A","A","A","A","A","A","A","A","A","A","A","A","A","A","A","A","A","A","A","A","A","A","A","A","A","A","A","A","A","A","A","A","A","A","A","A","A","A","A","A","A","A","A","A","A","A","A","A","A","A","A","A","A","A","A","A","A","A","A","A","A","A","A","A","A","A","A","A","A","A","A","A","A","A","A","A","A","A","A","A","A","A","A","A","A","A","A","A","A","A","A","A","A","A","A","A","A","A","A","A","A","A","A","A","A","A","A","A","A","A","A","A","A","A","A","A","A","A","A","A","A","A","A","A","A","A","A","A","A","A","A","A","A","A","A","A","A","A","A","A","A","A","A","A","A","A","A","A","A","A","A","A","A","A","A","A","A","A","A","A","A","A","A","A","A","A","A","A","A","A","A","A","A","A","A","A","A","A","A","A","A","A","A","A","A","A","A","A","A","A","A","A","A","A","A","A","A","A","A","A","A","A","A","A","A"],
  "atom_plddts": [39.06,40.35,35.91,34.2,40.51,41.03,41.69,40.8,43.8,43.81,42.53,41.28,41.46,39.42,37.26,36.56,36.18,34.78,34.38,34.87,36.4,38.31,46.01,41.98,40.56,45.3,45.0,45.8,44.36,48.1,47.08,46.48,44.38,46.05,43.98,41.51,41.0,40.44,38.9,37.93,38.56,40.31,40.67,50.12,46.25,45.19,49.14,49.35,49.93,48.38,51.0,49.84,49.64,46.61,48.95,46.8,44.23,43.69,43.18,41.6,40.37,41.07,42.61,42.85,57.36,54.02,53.87,57.32,57.8,58.77,61.27,60.62,59.95,59.69,58.93,59.48,59.67,58.76,59.13,60.06,59.68,58.51,58.25,58.43,57.66,59.69,59.16,56.97,56.77,58.98,60.42,61.66,63.83,62.93,62.23,61.62,61.53,61.74,62.34,61.27,61.46,62.68,62.42,61.57,61.14,61.31,60.75,62.4,59.75,58.59,57.39,57.76,58.07,58.24,58.58,57.88,57.0,56.12,54.24,56.27,55.8,55.99,55.87,56.8,56.32,55.14,55.03,55.27,53.89,56.32,46.28,44.96,43.85,45.18,45.64,45.1,43.61,46.4,45.08,45.12,43.36,43.81,41.68,38.49,37.47,36.44,35.75,34.88,36.59,38.75,43.35,39.29,37.71,43.76,44.63,45.67,44.65,47.63,46.07,46.0,45.0,45.93,44.66,41.7,41.31,40.81,39.93,38.76,40.04,42.07,44.73,41.31,40.28,43.58,44.25,44.65,42.9,46.25,44.75,44.39,41.7,43.92,41.69,39.14,38.52,38.06,36.5,35.52,36.04,37.58,38.36,56.0,51.77,52.08,55.92,57.67,58.61,61.33,60.5,59.88,59.52,58.92,59.33,59.64,58.72,58.85,59.75,59.32,58.07,58.06,58.45,57.71,59.95,59.82,57.48,57.67,59.61,60.97,62.53,64.88,63.81,62.96,62.84,62.75,63.03,63.66,62.87,63.19,64.1,63.88,63.05,62.82,63.04,62.61,64.12,61.41,59.37,58.71,60.39,60.71,60.84,62.08,61.08,60.24,59.45,58.11,59.75,59.64,59.75,59.77,60.6,60.21,59.09,59.09,59.31,58.25,60.27,52.24,49.85,49.23,51.88,51.57,51.11,50.9,51.61,50.75,50.11,48.76,50.14,48.71,46.81,46.39,45.84,45.27,44.03,45.19,46.99,47.93,43.39,42.19,48.36,48.74,49.31,49.36,51.29,50.19,50.01,48.96,50.25,49.14,46.67,46.39,45.83,45.03,43.68,44.97,46.95,54.38,49.55,48.44,53.48,53.68,54.68,53.81,55.61,54.04,54.52,51.12,53.73,51.72,49.38,49.02,48.6,46.78,45.07,45.92,47.63,48.3,59.68,55.9,56.06,59.65,60.52,61.63,64.07,63.3,62.19,62.54,61.52,62.18,62.39,61.6,61.77,62.73,62.34,61.1,61.07,61.39,60.57,62.7,60.74,57.83,57.91,60.54,62.06,63.72,65.85,65.15,64.07,64.32,64.02,64.3,64.94,64.04,64.28,65.29,65.04,64.05,63.91,64.11,63.69,65.31,61.63,59.29,58.48,60.64,60.43,60.85,61.7,60.94,59.97,59.5,57.68,59.55,58.97,58.44,58.16,59.04,58.4,56.84,57.1,57.58,55.72,58.7,48.84,46.69,45.58,48.26,48.82,48.42,47.07,49.4,48.3,48.14,46.8,47.68,45.89,42.99,42.26,41.41,40.8,39.6,41.18,43.51,42.4,39.56,37.98,42.02,42.94,43.16,42.0,45.55,44.33,44.45,42.97,43.42,41.8,38.81,37.99,37.46,36.67,35.53,36.98,39.03,51.78,47.85,46.87,50.63,50.97,51.59,50.49,52.68,51.62,51.3,48.25,50.42,48.39,45.99,45.27,44.86,43.21,41.72,42.6,44.28,44.46,60.05,56.71,56.82,59.87,60.65,61.91,64.16,63.47,62.54,62.71,61.9,62.55,62.97,62.12,62.37,63.48,63.09,61.92,61.74,61.96,61.15,63.29,61.53,59.55,59.67,61.44,62.2,63.55,65.73,64.78,64.08,63.87,63.71,64.06,64.77,63.99,64.41,65.52,65.34,64.52,64.13,64.19,63.7,65.24,61.34,59.46,59.1,60.33,60.71,61.12,62.67,61.59,60.88,60.24,59.37,60.74,60.91,60.88,61.11,62.04,61.79,60.83,60.57,60.67,59.71,61.51,58.11,55.33,54.73,57.03,56.59,57.39,57.1,57.52,56.44,55.77,53.19,55.93,54.48,53.25,52.89,52.96,51.68,50.23,50.84,51.84,51.68,46.9,43.23,42.4,46.09,47.04,48.12,46.93,49.06,47.73,47.17,44.83,46.53,44.56,42.53,41.84,41.36,39.9,38.82,39.49,40.9,42.06],
  "contact_probs": [[1.0,0.91,0.21,0.03,0.01,0.0,0.01,0.01,0.01,0.0,0.0,0.01,0.05,0.12,0.07,0.02,0.01,0.03,0.09,0.17,0.1,0.03,0.01,0.0,0.01,0.01],[0.91,1.0,0.71,0.15,0.01,0.01,0.01,0.02,0.02,0.01,0.01,0.03,0.08,0.18,0.14,0.06,0.04,0.07,0.13,0.22,0.24,0.14,0.03,0.01,0.01,0.01],[0.21,0.71,1.0,0.81,0.18,0.02,0.01,0.02,0.04,0.04,0.04,0.07,0.08,0.13,0.17,0.09,0.06,0.08,0.08,0.17,0.33,0.37,0.24,0.07,0.03,0.02],[0.03,0.15,0.81,1.0,0.99,0.33,0.04,0.07,0.12,0.25,0.22,0.12,0.05,0.06,0.08,0.05,0.06,0.05,0.02,0.07,0.27,0.36,0.57,0.27,0.07,0.02],[0.01,0.01,0.18,0.99,1.0,0.98,0.19,0.26,0.29,0.57,0.39,0.23,0.06,0.03,0.05,0.03,0.02,0.03,0.01,0.02,0.13,0.24,0.29,0.54,0.31,0.13],[0.0,0.01,0.02,0.33,0.98,1.0,0.43,0.39,0.37,0.59,0.6,0.25,0.09,0.04,0.04,0.02,0.02,0.03,0.01,0.02,0.06,0.06,0.15,0.22,0.44,0.34],[0.01,0.01,0.01,0.04,0.19,0.43,1.0,0.46,0.28,0.11,0.03,0.02,0.01,0.01,0.01,0.0,0.0,0.01,0.02,0.03,0.05,0.02,0.02,0.05,0.12,0.15],[0.01,0.02,0.02,0.07,0.26,0.39,0.46,1.0,0.57,0.25,0.07,0.02,0.01,0.01,0.01,0.01,0.01,0.05,0.05,0.09,0.17,0.06,0.03,0.07,0.15,0.17],[0.01,0.02,0.04,0.12,0.29,0.37,0.28,0.57,1.0,0.7,0.18,0.03,0.01,0.01,0.01,0.03,0.09,0.22,0.12,0.2,0.33,0.14,0.06,0.05,0.1,0.07],[0.0,0.01,0.04,0.25,0.57,0.59,0.11,0.25,0.7,1.0,0.99,0.28,0.02,0.01,0.03,0.15,0.37,0.53,0.18,0.19,0.27,0.05,0.05,0.03,0.03,0.02],[0.0,0.01,0.04,0.22,0.39,0.6,0.03,0.07,0.18,0.99,1.0,0.99,0.24,0.08,0.15,0.41,0.42,0.36,0.04,0.03,0.06,0.05,0.04,0.08,0.06,0.05],[0.01,0.03,0.07,0.12,0.23,0.25,0.02,0.02,0.03,0.28,0.99,1.0,0.79,0.35,0.5,0.56,0.36,0.09,0.01,0.01,0.01,0.03,0.07,0.08,0.19,0.17],[0.05,0.08,0.08,0.05,0.06,0.09,0.01,0.01,0.01,0.02,0.24,0.79,1.0,0.62,0.41,0.16,0.03,0.01,0.0,0.0,0.01,0.01,0.02,0.14,0.27,0.28],[0.12,0.18,0.13,0.06,0.03,0.04,0.01,0.01,0.01,0.01,0.08,0.35,0.62,1.0,0.67,0.23,0.04,0.01,0.01,0.01,0.01,0.01,0.04,0.24,0.31,0.3],[0.07,0.14,0.17,0.08,0.05,0.04,0.01,0.01,0.01,0.03,0.15,0.5,0.41,0.67,1.0,0.79,0.14,0.03,0.01,0.01,0.01,0.06,0.34,0.57,0.43,0.26],[0.02,0.06,0.09,0.05,0.03,0.02,0.0,0.01,0.03,0.15,0.41,0.56,0.16,0.23,0.79,1.0,0.99,0.29,0.03,0.03,0.05,0.41,0.59,0.36,0.09,0.04],[0.01,0.04,0.06,0.06,0.02,0.02,0.0,0.01,0.09,0.37,0.42,0.36,0.03,0.04,0.14,0.99,1.0,0.99,0.25,0.21,0.33,0.67,0.36,0.09,0.02,0.01],[0.03,0.07,0.08,0.05,0.03,0.03,0.01,0.05,0.22,0.53,0.36,0.09,0.01,0.01,0.03,0.29,0.99,1.0,0.68,0.43,0.61,0.51,0.15,0.06,0.02,0.01],[0.09,0.13,0.08,0.02,0.01,0.01,0.02,0.05,0.12,0.18,0.04,0.01,0.0,0.01,0.01,0.03,0.25,0.68,1.0,0.51,0.36,0.14,0.02,0.01,0.01,0.02],[0.17,0.22,0.17,0.07,0.02,0.02,0.03,0.09,0.2,0.19,0.03,0.01,0.0,0.01,0.01,0.03,0.21,0.43,0.51,1.0,0.64,0.24,0.03,0.01,0.01,0.01],[0.1,0.24,0.33,0.27,0.13,0.06,0.05,0.17,0.33,0.27,0.06,0.01,0.01,0.01,0.01,0.05,0.33,0.61,0.36,0.64,1.0,0.82,0.15,0.01,0.01,0.01],[0.03,0.14,0.37,0.36,0.24,0.06,0.02,0.06,0.14,0.05,0.05,0.03,0.01,0.01,0.06,0.41,0.67,0.51,0.14,0.24,0.82,1.0,0.99,0.25,0.01,0.01],[0.01,0.03,0.24,0.57,0.29,0.15,0.02,0.03,0.06,0.05,0.04,0.07,0.02,0.04,0.34,0.59,0.36,0.15,0.02,0.03,0.15,0.99,1.0,1.0,0.34,0.03],[0.0,0.01,0.07,0.27,0.54,0.22,0.05,0.07,0.05,0.03,0.08,0.08,0.14,0.24,0.57,0.36,0.09,0.06,0.01,0.01,0.01,0.25,1.0,1.0,0.92,0.45],[0.01,0.01,0.03,0.07,0.31,0.44,0.12,0.15,0.1,0.03,0.06,0.19,0.27,0.31,0.43,0.09,0.02,0.02,0.01,0.01,0.01,0.01,0.34,0.92,1.0,0.87],[0.01,0.01,0.02,0.02,0.13,0.34,0.15,0.17,0.07,0.02,0.05,0.17,0.28,0.3,0.26,0.04,0.01,0.01,0.02,0.01,0.01,0.01,0.03,0.45,0.87,1.0]],
  "pae": [[1.3,10.7,11.2,13.4,15.3,16.7,19.9,17.4,12.8,15.5,16.9,17.9,17.7,17.8,18.1,17.5,16.4,15.2,12.6,10.2,11.4,14.0,15.0,17.1,18.4,19.2],[6.9,1.3,5.5,6.3,8.7,10.3,14.3,12.1,8.4,9.0,11.3,11.8,12.6,13.4,12.6,10.8,9.7,9.2,10.7,10.2,8.3,7.7,8.8,10.3,11.9,13.1],[7.3,4.7,1.3,5.0,6.9,8.2,12.0,10.2,7.4,7.4,9.5,10.6,11.1,12.0,11.2,10.0,8.2,8.0,9.8,9.8,7.9,6.8,8.2,9.7,10.3,11.4],[8.4,5.1,4.1,1.0,2.7,5.0,8.5,7.3,6.7,5.4,5.8,6.7,8.8,8.4,7.6,6.7,6.0,6.2,8.3,9.1,6.0,5.1,5.4,6.1,6.7,8.3],[9.3,6.2,4.3,2.8,0.9,3.0,7.3,6.4,6.4,4.9,4.9,5.4,7.5,7.0,6.1,5.6,5.5,6.1,9.0,9.6,6.4,4.8,4.7,5.1,5.7,6.9],[11.5,7.5,5.9,4.3,2.9,1.0,7.1,6.0,7.5,6.1,5.7,5.9,8.8,8.4,6.8,6.2,6.3,7.0,10.1,11.1,7.6,5.9,5.3,5.6,6.4,8.2],[19.4,15.5,14.4,11.7,10.5,10.3,1.4,9.2,11.3,12.0,14.6,15.1,17.3,15.1,14.5,15.6,16.5,16.8,18.5,17.7,16.8,16.0,15.4,13.3,13.0,12.6],[15.9,11.9,9.2,9.2,9.2,8.4,7.4,1.4,8.5,7.6,10.1,13.4,15.3,13.5,14.4,15.4,14.7,14.4,16.2,16.0,13.2,12.5,12.2,12.1,12.8,13.4],[13.7,8.4,8.7,8.8,8.5,7.8,9.2,6.3,1.2,8.1,9.3,10.8,13.3,13.6,13.9,13.7,13.3,12.2,12.7,13.0,11.1,11.2,11.5,11.9,13.1,12.8],[11.0,8.4,7.3,6.0,6.2,6.8,9.1,6.5,5.4,1.0,3.0,5.4,6.5,7.9,7.3,6.2,5.7,5.6,8.8,10.0,7.1,6.0,6.2,6.5,7.3,8.5],[10.3,7.4,6.2,4.9,4.6,5.6,8.5,7.4,4.9,2.6,0.9,2.4,4.7,5.8,5.6,4.8,4.7,4.9,8.0,9.1,5.7,4.6,4.6,5.1,5.8,6.9],[11.3,8.4,7.1,5.7,5.2,4.8,9.9,8.1,6.6,3.9,2.5,0.9,3.6,4.7,5.6,5.0,5.2,6.1,9.2,10.5,6.6,5.3,5.1,5.6,5.9,7.2],[15.9,13.0,11.1,10.4,9.3,9.8,14.1,12.8,12.1,8.2,6.9,5.0,1.4,6.2,7.1,7.6,7.5,9.3,12.8,14.7,11.5,9.8,9.3,10.3,8.7,10.7],[15.2,13.2,11.4,10.3,8.8,8.3,14.3,13.0,12.5,9.2,8.1,5.2,5.5,1.4,5.9,5.8,7.9,9.8,12.9,13.9,11.4,9.8,8.9,7.3,6.5,9.1],[15.3,11.9,10.7,9.5,9.3,9.2,12.6,12.1,11.9,9.8,9.0,7.0,6.0,5.2,1.2,4.9,7.1,10.1,11.9,13.3,11.0,8.6,7.5,6.4,6.3,8.7],[10.4,7.9,6.6,5.8,5.8,5.9,10.1,9.0,7.9,5.2,4.6,4.7,6.0,4.8,3.9,0.9,2.0,4.2,8.0,10.1,6.3,5.1,4.6,5.1,5.8,7.4],[9.7,7.3,6.1,4.9,5.3,5.6,9.9,8.3,7.2,4.5,4.2,4.5,6.4,5.7,4.4,2.4,0.9,2.4,6.9,8.8,5.7,4.5,4.2,4.8,5.8,7.4],[10.0,7.6,6.5,6.1,6.3,6.2,10.9,9.1,7.7,4.7,4.6,4.8,7.0,7.5,6.0,4.2,2.4,0.9,6.6,8.1,6.4,5.0,5.7,6.3,7.4,8.9],[11.6,9.9,9.5,12.0,13.1,13.2,18.0,14.5,12.4,10.3,11.0,11.8,12.3,14.4,13.0,11.4,8.7,7.4,1.4,7.8,7.4,10.0,10.8,14.0,15.0,16.1],[10.0,9.6,9.6,12.7,15.9,14.7,18.1,15.0,12.2,11.3,14.1,15.0,14.4,15.5,14.7,13.6,10.8,8.7,5.7,1.4,7.4,10.6,12.3,14.7,16.3,17.5],[9.2,7.5,6.7,8.5,10.0,10.6,13.2,11.7,9.1,8.4,9.1,9.6,10.3,11.6,10.0,9.3,7.5,6.2,6.3,5.3,1.2,5.7,6.6,9.5,12.3,11.7],[9.7,7.3,6.3,5.4,5.9,6.6,10.2,8.6,7.5,6.0,5.8,6.1,7.6,7.4,6.2,5.1,5.3,5.3,7.4,7.2,4.1,1.0,2.4,4.8,6.4,7.6],[10.1,7.4,6.2,5.1,4.5,5.3,9.8,8.2,7.3,5.4,4.6,4.9,6.7,5.9,4.9,4.2,4.0,4.8,8.7,9.6,4.2,2.2,0.9,2.0,3.7,5.5],[10.3,8.4,6.9,5.8,4.7,5.4,9.9,8.6,8.0,5.8,5.1,5.0,7.1,6.2,4.7,4.0,4.6,5.6,9.4,10.2,5.4,3.4,2.5,0.9,2.2,4.5],[12.5,10.1,8.8,7.2,6.4,6.0,10.9,10.0,10.4,7.2,6.9,6.1,8.6,7.4,5.5,5.7,7.1,7.5,10.7,11.8,8.0,5.9,4.9,3.3,1.1,3.4],[17.0,14.0,12.2,11.0,9.6,8.1,13.1,12.9,13.4,11.0,10.7,8.5,11.3,8.7,8.0,9.0,10.7,11.0,14.9,16.2,13.5,10.1,8.7,6.3,5.2,1.6]],
  "token_chain_ids": ["A","A","A","A","A","A","A","A","A","A","A","A","A","A","A","A","A","A","A","A","A","A","A","A","A","A"],
  "token_res_ids": [1,2,3,4,5,6,7,8,9,10,11,12,13,14,15,16,17,18,19,20,21,22,23,24,25,26]
}