{
  "atom_chain_ids": ["A","A","A","A","A","A","A","A","A","A","A","A","A","A","A","A","A","A","A","A","A","A","A","A","A","A","A","A","A","A","A","A","A","A","A","A","A","A","A","A","A","A","A","A","A","A","A","A","A","A","A","A","A","A","A","A","A","A","A","A","A","A","A","A","A","A","A","A","A","A","A","A","A","A","A","A","A","A","A","A","A","A","A","A","A","A","A","A","A","A","A","A","A","A","A","A","A","A","A","A","A","A","A","A","A","A","A","A","A","A","A","A","A","A","A","A","A","A","A","A","A","A","A","A","A","A","A","A","A","A","A","A","A","A","A","A","A","A","A","A","A","A","A","A","A","A","A","A","A","A","A","A","A","A","A","A","A","A","A","A","A","A","A","A","A","A","A","A","A","A","A","A","A","A","A","A","A","A","A","A","A","A","A","A","A","A","A","A","A","A","A","A","A","A","A","A","A","A","A","A","A","A","A","A","A","A","A","A","A","A","A","A","A","A","A","A","A","A","A","A","A","A","A","A","A","A","A","A","A","A","A","A","A","A","A","A","A","A","A","A","A","A","A","A","A","A","A","A","A","A","A","A","A","A","A","A","A","A","A","A","A","A","A","A","A","A","A","A","A","A","A","A","A","A","A","A","A","A","A","A","A","A","A","A","A","A","A","A","A","A","A","A","A","A","A","A","A","A","A","A","A","A","A","A","A","A","A","A","A","A","A","A","A","A","A","A","A","A","A","A","A","A","A","A","A","A","A","A","A","A","A","A","A","A","A","A","A","A","A","A","A","A","A","A","A","A","A","A","A","A","A","A","A","A","A","A","A","A","A","A","A","A","A","A","A","A","A","A","A","A","A","A","A","A","A","A","A","A","A","A","A","A","A","A","A","A","A","A","A","A","A","A","A","A","A","A","A","A","A","A","A","A","A","A","A","A","A","A","A","A","A","A","A","A","A","A","A","A","A","A","A","A","A","A","A","A","A","A","A","A","A","A","A","A","A","A","A","A","A","A","A","A","A","A","A","A","A","A","A","A","A","A","A","A","A","A","A","A","A","A","A","A","A","A","A","A","A","A","A","A","A","A","A","A","A","A","A","A","A","A","A","A","A","A","A","A","A","A","A","A","A","A","A","A","A","A","A","A","A","A","A","A","A","A","A","A","A","A","A","A","A","A","A","A","A","A","A","A","A","A","A","A","A","A","A","A","A","A","A","A","A","A","A","A","A","A","A","A","A","A","A","A","A","A","A","A","A","A","A","A","A","A","A"],
  "atom_plddts": [41.62,43.1,38.21,36.62,43.21,43.67,44.44,43.61,46.43,46.55,45.15,43.91,44.42,42.19,40.22,39.72,39.13,37.66,37.08,37.67,39.5,41.38,41.7,38.15,36.44,40.61,40.43,40.82,39.29,43.76,42.88,42.29,40.22,41.26,38.94,36.36,35.5,35.13,33.66,32.87,33.38,34.95,35.57,47.15,43.65,42.68,46.08,46.42,46.75,45.11,48.04,46.97,46.69,43.9,46.2,44.11,41.73,41.29,40.88,39.54,38.56,38.99,40.32,40.68,53.64,50.31,50.49,53.69,54.35,55.3,57.7,57.07,56.48,55.91,55.11,55.72,55.87,55.03,55.38,56.24,55.88,54.84,54.51,54.65,53.89,55.69,57.18,55.07,54.96,56.87,58.06,59.26,61.62,60.78,60.1,59.23,58.95,59.24,59.79,58.84,58.96,60.23,59.95,59.12,58.66,58.76,58.11,59.78,56.98,55.97,54.87,54.95,55.32,55.51,55.52,54.9,54.01,53.17,51.25,53.16,52.52,52.87,52.75,53.56,53.05,51.94,51.85,52.04,50.71,53.1,39.71,38.68,37.24,38.13,38.65,38.54,37.25,40.68,39.0,39.85,37.78,38.06,36.25,33.51,32.49,32.03,31.4,30.72,31.95,33.59,36.69,34.0,32.64,36.33,37.18,38.27,37.01,40.91,38.95,39.78,38.1,38.6,37.31,34.42,33.77,33.59,32.78,31.97,32.97,34.49,39.93,36.16,35.07,39.3,39.86,40.67,39.34,42.82,41.31,40.83,38.31,40.27,38.41,35.82,35.04,35.05,33.59,32.76,33.13,34.41,35.46,53.04,48.91,49.46,52.87,54.61,55.63,58.32,57.42,56.9,56.18,55.66,56.11,56.4,55.55,55.78,56.61,56.19,55.05,54.9,55.23,54.55,56.68,57.79,55.62,55.95,57.57,58.8,60.16,62.84,61.65,60.85,60.43,60.56,60.71,61.36,60.63,60.95,61.91,61.7,60.92,60.58,60.79,60.38,61.83,59.46,57.7,56.96,58.43,58.77,58.72,59.95,58.9,58.14,57.15,55.93,57.48,57.31,57.45,57.52,58.28,57.92,56.87,56.8,57.04,56.0,57.85,51.03,48.94,48.24,50.77,50.4,49.69,49.22,50.15,49.37,48.72,47.03,48.45,46.82,44.74,44.15,43.57,42.94,41.62,42.92,44.75,45.77,41.65,40.39,46.1,46.57,47.13,47.13,49.39,48.26,48.26,47.18,48.3,47.3,44.74,44.51,44.01,43.3,42.07,43.18,45.05,52.02,47.45,46.46,51.13,51.4,52.34,51.2,53.38,51.8,52.04,48.75,51.4,49.45,47.15,46.81,46.4,44.73,43.19,43.88,45.56,46.15,56.69,52.87,53.24,56.6,57.77,58.7,61.35,60.41,59.3,59.44,58.52,59.0,59.2,58.43,58.61,59.52,59.12,58.01,57.86,58.18,57.41,59.36,57.33,54.35,54.7,57.15,58.62,59.94,62.56,61.66,60.67,60.33,60.2,60.29,60.94,60.14,60.4,61.51,61.23,60.3,59.98,60.14,59.68,61.24,59.58,57.44,56.64,58.56,58.38,58.54,59.35,58.6,57.72,56.99,55.22,57.04,56.39,55.92,55.75,56.6,56.02,54.55,54.68,55.07,53.26,56.14,46.71,44.93,43.7,45.72,46.5,45.89,44.35,47.25,46.08,46.1,44.33,45.01,42.94,39.73,38.76,37.88,37.24,36.14,37.82,40.17,47.54,43.77,42.2,47.62,48.29,48.7,47.92,50.56,49.54,49.05,48.1,49.1,47.61,44.81,44.22,43.59,42.81,41.45,42.99,45.21,54.48,50.3,49.14,53.46,53.64,54.55,53.89,55.64,54.53,54.3,51.17,53.41,51.64,49.17,48.49,48.31,46.65,44.97,45.92,47.56,47.57,56.57,53.18,53.45,56.4,57.37,58.34,60.76,60.01,59.2,58.95,58.19,58.59,59.0,58.2,58.48,59.59,59.22,58.12,57.8,57.94,57.09,59.15,59.17,57.38,57.5,58.93,59.62,60.52,62.96,61.74,61.1,60.56,60.4,60.74,61.43,60.82,61.19,62.4,62.23,61.48,60.93,60.93,60.34,61.87,58.68,57.06,56.78,57.58,58.0,58.17,59.76,58.47,57.8,56.97,56.09,57.49,57.57,57.64,57.88,58.78,58.54,57.65,57.27,57.31,56.31,58.09,56.03,53.25,52.75,54.93,54.73,55.5,55.14,55.78,54.73,53.99,51.55,54.19,52.66,51.4,51.14,51.06,49.83,48.53,49.01,50.01,50.0,46.92,43.07,42.19,46.17,47.08,48.31,47.28,49.41,48.14,47.66,45.44,47.22,45.39,43.38,42.9,42.44,41.08,40.03,40.57,42.02,43.27],
  "contact_probs": [[1.0,0.91,0.21,0.03,0.01,0.0,0.01,0.01,0.01,0.0,0.0,0.01,0.05,0.12,0.07,0.02,0.01,0.03,0.09,0.17,0.1,0.03,0.01,0.0,0.01,0.01],[0.91,1.0,0.71,0.15,0.01,0.01,0.01,0.02,0.02,0.01,0.01,0.03,0.08,0.18,0.14,0.06,0.04,0.07,0.13,0.22,0.24,0.14,0.03,0.01,0.01,0.01],[0.21,0.71,1.0,0.81,0.18,0.02,0.01,0.02,0.04,0.04,0.04,0.07,0.08,0.13,0.17,0.09,0.06,0.08,0.08,0.17,0.33,0.37,0.24,0.07,0.03,0.02],[0.03,0.15,0.81,1.0,0.99,0.33,0.04,0.07,0.12,0.25,0.22,0.12,0.05,0.06,0.08,0.05,0.06,0.05,0.02,0.07,0.27,0.36,0.57,0.27,0.07,0.02],[0.01,0.01,0.18,0.99,1.0,0.98,0.19,0.26,0.29,0.57,0.39,0.23,0.06,0.03,0.05,0.03,0.02,0.03,0.01,0.02,0.13,0.24,0.29,0.54,0.31,0.13],[0.0,0.01,0.02,0.33,0.98,1.0,0.43,0.39,0.37,0.59,0.6,0.25,0.09,0.04,0.04,0.02,0.02,0.03,0.01,0.02,0.06,0.06,0.15,0.22,0.44,0.34],[0.01,0.01,0.01,0.04,0.19,0.43,1.0,0.46,0.28,0.11,0.03,0.02,0.01,0.01,0.01,0.0,0.0,0.01,0.02,0.03,0.05,0.02,0.02,0.05,0.12,0.15],[0.01,0.02,0.02,0.07,0.26,0.39,0.46,1.0,0.57,0.25,0.07,0.02,0.01,0.01,0.01,0.01,0.01,0.05,0.05,0.09,0.17,0.06,0.03,0.07,0.15,0.17],[0.01,0.02,0.04,0.12,0.29,0.37,0.28,0.57,1.0,0.7,0.18,0.03,0.01,0.01,0.01,0.03,0.09,0.22,0.12,0.2,0.33,0.14,0.06,0.05,0.1,0.07],[0.0,0.01,0.04,0.25,0.57,0.59,0.11,0.25,0.7,1.0,0.99,0.28,0.02,0.01,0.03,0.15,0.37,0.53,0.18,0.19,0.27,0.05,0.05,0.03,0.03,0.02],[0.0,0.01,0.04,0.22,0.39,0.6,0.03,0.07,0.18,0.99,1.0,0.99,0.24,0.08,0.15,0.41,0.42,0.36,0.04,0.03,0.06,0.05,0.04,0.08,0.06,0.05],[0.01,0.03,0.07,0.12,0.23,0.25,0.02,0.02,0.03,0.28,0.99,1.0,0.79,0.35,0.5,0.56,0.36,0.09,0.01,0.01,0.01,0.03,0.07,0.08,0.19,0.17],[0.05,0.08,0.08,0.05,0.06,0.09,0.01,0.01,0.01,0.02,0.24,0.79,1.0,0.62,0.41,0.16,0.03,0.01,0.0,0.0,0.01,0.01,0.02,0.14,0.27,0.28],[0.12,0.18,0.13,0.06,0.03,0.04,0.01,0.01,0.01,0.01,0.08,0.35,0.62,1.0,0.67,0.23,0.04,0.01,0.01,0.01,0.01,0.01,0.04,0.24,0.31,0.3],[0.07,0.14,0.17,0.08,0.05,0.04,0.01,0.01,0.01,0.03,0.15,0.5,0.41,0.67,1.0,0.79,0.14,0.03,0.01,0.01,0.01,0.06,0.34,0.57,0.43,0.26],[0.02,0.06,0.09,0.05,0.03,0.02,0.0,0.01,0.03,0.15,0.41,0.56,0.16,0.23,0.79,1.0,0.99,0.29,0.03,0.03,0.05,0.41,0.59,0.36,0.09,0.04],[0.01,0.04,0.06,0.06,0.02,0.02,0.0,0.01,0.09,0.37,0.42,0.36,0.03,0.04,0.14,0.99,1.0,0.99,0.25,0.21,0.33,0.67,0.36,0.09,0.02,0.01],[0.03,0.07,0.08,0.05,0.03,0.03,0.01,0.05,0.22,0.53,0.36,0.09,0.01,0.01,0.03,0.29,0.99,1.0,0.68,0.43,0.61,0.51,0.15,0.06,0.02,0.01],[0.09,0.13,0.08,0.02,0.01,0.01,0.02,0.05,0.12,0.18,0.04,0.01,0.0,0.01,0.01,0.03,0.25,0.68,1.0,0.51,0.36,0.14,0.02,0.01,0.01,0.02],[0.17,0.22,0.17,0.07,0.02,0.02,0.03,0.09,0.2,0.19,0.03,0.01,0.0,0.01,0.01,0.03,0.21,0.43,0.51,1.0,0.64,0.24,0.03,0.01,0.01,0.01],[0.1,0.24,0.33,0.27,0.13,0.06,0.05,0.17,0.33,0.27,0.06,0.01,0.01,0.01,0.01,0.05,0.33,0.61,0.36,0.64,1.0,0.82,0.15,0.01,0.01,0.01],[0.03,0.14,0.37,0.36,0.24,0.06,0.02,0.06,0.14,0.05,0.05,0.03,0.01,0.01,0.06,0.41,0.67,0.51,0.14,0.24,0.82,1.0,0.99,0.25,0.01,0.01],[0.01,0.03,0.24,0.57,0.29,0.15,0.02,0.03,0.06,0.05,0.04,0.07,0.02,0.04,0.34,0.59,0.36,0.15,0.02,0.03,0.15,0.99,1.0,1.0,0.34,0.03],[0.0,0.01,0.07,0.27,0.54,0.22,0.05,0.07,0.05,0.03,0.08,0.08,0.14,0.24,0.57,0.36,0.09,0.06,0.01,0.01,0.01,0.25,1.0,1.0,0.92,0.45],[0.01,0.01,0.03,0.07,0.31,0.44,0.12,0.15,0.1,0.03,0.06,0.19,0.27,0.31,0.43,0.09,0.02,0.02,0.01,0.01,0.01,0.01,0.34,0.92,1.0,0.87],[0.01,0.01,0.02,0.02,0.13,0.34,0.15,0.17,0.07,0.02,0.05,0.17,0.28,0.3,0.26,0.04,0.01,0.01,0.02,0.01,0.01,0.01,0.03,0.45,0.87,1.0]],
  "pae": [[1.3,5.3,6.3,10.2,13.4,15.5,18.3,16.7,12.2,12.5,14.8,16.5,18.1,17.6,17.7,15.5,14.1,11.6,10.0,8.9,9.3,11.3,14.0,16.3,17.5,19.1],[5.2,1.2,4.8,7.4,10.4,12.5,15.7,15.2,11.9,10.7,12.5,13.1,15.9,16.2,16.0,12.0,11.1,9.3,9.8,7.9,8.7,9.4,11.2,13.9,14.3,15.9],[6.9,4.9,1.2,5.7,7.7,9.8,13.8,13.4,10.2,9.7,11.4,12.2,13.8,14.7,14.2,11.4,9.7,8.7,9.7,8.8,8.8,8.3,9.7,11.1,12.4,14.1],[9.2,5.8,5.0,1.0,3.8,6.1,10.0,10.3,7.9,6.6,7.3,8.4,11.1,10.6,10.0,8.5,7.8,7.2,9.6,8.5,7.3,6.0,6.9,7.9,8.6,10.2],[10.3,8.5,5.2,3.1,1.0,3.3,8.9,9.5,8.1,5.8,6.0,6.8,9.5,8.6,7.4,6.8,6.7,6.9,10.2,9.1,7.1,5.4,5.5,6.4,6.8,8.2],[12.4,10.5,7.0,4.6,3.2,1.0,8.1,9.1,9.2,6.9,7.2,7.9,11.3,9.9,8.0,7.5,7.1,8.2,11.9,11.1,8.5,6.7,6.2,6.7,7.0,9.0],[20.3,18.0,17.0,13.5,13.2,11.4,1.4,8.8,11.7,13.5,16.9,17.8,19.7,18.4,17.6,17.7,18.4,18.4,20.4,19.1,18.5,17.7,17.0,15.4,14.1,13.7],[18.6,17.4,15.6,12.5,12.7,11.1,6.7,1.5,10.1,11.7,14.6,16.7,19.6,18.5,18.7,18.1,18.8,17.9,18.6,18.2,17.3,17.2,16.3,15.4,14.8,14.7],[15.6,13.6,11.1,9.7,12.0,10.6,9.8,7.6,1.3,9.5,12.3,14.4,17.3,16.2,17.8,16.7,15.9,14.6,15.6,14.1,13.3,14.5,14.6,14.8,15.4,15.0],[12.6,11.1,9.7,7.2,7.4,8.0,10.7,9.1,7.1,1.0,4.5,7.0,8.5,9.1,8.9,7.8,7.5,7.8,11.1,10.3,9.1,7.4,7.3,8.4,9.2,9.8],[11.5,9.8,8.0,5.4,5.3,6.3,10.6,10.3,6.3,2.7,0.9,3.0,5.6,6.6,6.5,5.6,5.5,5.9,9.6,8.0,6.1,5.3,5.3,6.1,6.5,7.5],[12.0,10.9,9.1,6.9,6.0,5.9,11.9,11.4,8.0,4.3,2.9,0.9,4.2,5.1,6.1,5.7,5.9,6.5,10.9,9.3,6.9,6.1,6.0,6.6,7.2,8.0],[15.7,14.6,13.1,11.1,10.3,10.6,16.1,14.9,13.3,8.9,7.3,5.5,1.4,6.0,6.8,6.8,7.8,9.6,15.2,13.7,11.4,10.0,9.7,10.6,10.2,11.3],[16.0,15.0,13.9,11.5,10.7,10.1,16.7,16.1,14.5,10.8,9.6,5.9,5.8,1.4,6.9,6.1,8.7,10.5,14.2,13.7,11.1,10.5,9.7,8.1,8.6,10.9],[15.5,14.0,12.5,10.7,10.5,10.5,14.4,14.7,13.3,10.4,9.7,7.8,6.6,5.2,1.2,4.7,6.8,9.8,12.8,12.1,10.3,8.5,7.5,6.7,8.2,10.3],[11.3,10.1,8.4,6.7,6.9,7.4,11.7,12.1,10.0,7.0,5.7,5.7,7.2,5.6,4.1,1.0,2.1,4.9,9.3,8.3,6.8,5.4,5.4,6.5,7.6,8.8],[10.7,9.0,7.6,5.9,6.6,7.4,11.8,12.8,9.7,6.3,5.4,5.5,7.7,6.9,4.8,3.1,0.9,2.8,8.3,7.3,6.5,5.3,5.1,6.3,7.5,9.0],[10.3,8.7,7.9,7.1,7.5,7.7,12.4,12.9,9.8,6.9,6.1,6.2,8.3,8.4,6.5,5.0,3.0,1.0,8.1,7.2,6.3,5.7,6.6,8.0,9.5,10.5],[9.8,9.3,11.0,12.9,16.1,16.2,20.2,17.8,14.1,12.6,13.7,14.2,15.7,16.3,15.5,13.1,10.9,8.4,1.4,6.9,8.0,9.5,14.5,15.9,17.3,17.9],[10.4,8.1,8.6,10.1,12.1,12.3,16.7,15.9,12.5,10.0,11.6,11.6,14.1,14.1,12.9,10.7,8.6,6.3,5.0,1.2,6.4,7.2,10.1,11.5,13.2,14.3],[9.6,7.6,7.3,7.4,7.8,9.3,13.7,13.7,10.0,7.4,7.7,8.2,9.5,9.7,8.8,7.1,6.1,5.0,7.0,4.2,1.1,3.0,5.7,8.0,10.0,10.4],[10.4,8.0,7.3,5.9,6.3,7.8,12.1,12.2,9.6,6.5,6.6,6.8,8.6,8.2,7.1,5.8,5.8,5.5,8.7,5.8,3.7,1.0,2.7,5.7,7.2,8.4],[11.1,9.3,8.3,6.2,4.7,5.7,11.6,11.1,8.9,6.1,5.2,5.6,7.4,6.8,5.5,4.7,4.7,5.5,10.4,7.9,4.2,2.9,0.9,2.2,4.2,6.0],[11.3,10.3,9.1,6.6,5.3,5.9,11.0,10.9,10.1,6.5,5.8,5.6,8.5,7.3,5.4,4.7,5.4,6.5,10.7,9.2,5.1,3.8,2.3,0.9,2.6,5.0],[13.5,11.4,10.0,8.6,7.0,6.4,12.4,12.3,11.6,7.8,7.6,7.2,10.6,9.1,7.0,6.8,8.0,8.9,12.9,11.1,8.4,6.3,5.3,4.1,1.1,3.8],[16.4,13.3,12.0,10.2,8.9,7.7,13.8,13.6,12.8,9.9,10.0,8.5,11.8,9.5,8.9,9.1,10.3,11.5,15.0,13.8,11.7,9.5,8.4,6.8,4.2,1.6]],
  "token_chain_ids": ["A","A","A","A","A","A","A","A","A","A","A","A","A","A","A","A","A","A","A","A","A","A","A","A","A","A"],
  "token_res_ids": [1,2,3,4,5,6,7,8,9,10,11,12,13,14,15,16,17,18,19,20,21,22,23,24,25,26]
}