{
  "atom_chain_ids": ["A","A","A","A","A","A","A","A","A","A","A","A","A","A","A","A","A","A","A","A","A","A","A","A","A","A","A","A","A","A","A","A","A","A","A","A","A","A","A","A","A","A","A","A","A","A","A","A","A","A","A","A","A","A","A","A","A","A","A","A","A","A","A","A","A","A","A","A","A","A","A","A","A","A","A","A","A","A","A","A","A","A","A","A","A","A","A","A","A","A","A","A","A","A","A","A","A","A","A","A","A","A","A","A","A","A","A","A","A","A","A","A","A","A","A","A","A","A","A","A","A","A","A","A","A","A","A","A","A","A","A","A","A","A","A","A","A","A","A","A","A","A","A","A","A","A","A","A","A","A","A","A","A","A","A","A","A","A","A","A","A","A","A","A","A","A","A","A","A","A","A","A","A","A","A","A","A","A","A","A","A","A","A","A","A","A","A","A","A","A","A","A","A","A","A","A","A","A","A","A","A","A","A","A","A","A","A","A","A","A","A","A","A","A","A","A","A","A","A","A","A","A","A","A","A","A","A","A","A","A","A","A","A","A","A","A","A","A","A","A","A","A","A","A","A","A","A","A","A","A","A","A","A","A","A","A","A","A","A","A","A","A","A","A","A","A","A","A","A","A","A","A","A","A","A","A","A","A","A","A","A","A","A","A","A","A","A","A","A","A","A","A","A","A","A","A","A","A","A","A","A","A","A","A","A","A","A","A","A","A","A","A","A","A","A","A","A","A","A","A","A","A","A","A","A","A","A","A","A","A","A","A","A","A","A","A","A","A","A","A","A","A","A","A","A","A","A","A","A","A","A","A","A","A","A","A","A","A","A","A","A","A","A","A","A","A","A","A","A","A","A","A","A","A","A","A","A","A","A","A","A","A","A","A","A","A","A","A","A","A","A","A","A","A","A","A","A","A","A","A","A","A","A","A","A","A","A","A","A","A","A","A","A","A","A","A","A","A","A","A","A","A","A","A","A","A","A","A","A","A","A","A","A","A","A","A","A","A","A","A","A","A","A","A","A","A","A","A","A","A","A","A","A","A","A","A","A","A","A","A","A","A","A","A","A","A","A","A","A","A","A","A","A","A","A","A","A","A","A","A","A","A","A","A","A","A","A","A","A","A","A","A","A","A","A","A","A","A","A","A","A","A","A","A","A","A","A","A","A","A","A","A","A","A","A","A","A","A","A","A","A","A","A","A","A","A","A","A","A","A","A","A","A","A","A","A","A","A","A","A","A","A","A","A","A","A","A","A","A","A","A","A","A"],
  "atom_plddts": [41.42,42.55,37.69,35.89,42.49,43.06,43.69,42.78,45.59,45.77,44.56,43.17,43.52,41.29,39.17,38.49,37.95,36.5,35.9,36.55,38.29,40.17,46.24,41.93,40.17,45.29,44.87,45.48,44.03,47.95,47.08,46.67,44.48,46.16,43.89,41.38,40.78,40.18,38.61,37.53,38.23,40.11,40.57,52.36,48.34,47.24,51.43,51.25,51.69,50.36,52.66,51.6,51.59,48.39,51.02,48.87,46.31,45.83,45.34,43.78,42.37,43.16,44.73,44.85,58.32,55.05,54.78,58.28,58.28,59.0,61.44,60.77,60.13,59.7,58.78,59.48,59.65,58.89,59.11,60.14,59.83,58.55,58.36,58.52,57.57,59.61,60.98,59.04,58.58,60.68,61.81,63.02,65.01,64.16,63.5,62.91,62.55,62.99,63.55,62.48,62.59,63.8,63.57,62.63,62.32,62.53,61.89,63.58,60.27,58.7,57.41,58.4,58.84,58.82,59.22,58.61,57.77,57.08,54.98,56.85,56.44,56.58,56.3,57.32,56.89,55.55,55.57,55.84,54.41,56.82,43.43,42.05,40.55,42.08,42.46,42.04,40.55,43.53,42.14,42.75,40.73,41.21,39.22,36.46,35.47,34.75,34.09,33.18,34.63,36.53,39.35,36.43,34.97,39.14,39.93,41.0,39.77,43.14,41.35,42.03,40.51,41.1,39.78,36.87,36.28,36.01,35.18,34.2,35.26,36.95,43.61,39.71,38.68,42.81,43.39,44.04,42.55,45.78,44.36,44.01,41.49,43.76,41.83,39.24,38.66,38.36,36.85,35.86,36.31,37.85,38.72,54.72,50.42,50.88,54.7,56.44,57.38,60.07,59.22,58.64,58.19,57.64,58.03,58.35,57.45,57.58,58.45,58.03,56.81,56.78,57.18,56.46,58.57,59.49,57.06,57.29,59.3,60.62,62.06,64.53,63.44,62.62,62.47,62.33,62.64,63.28,62.48,62.72,63.68,63.46,62.59,62.38,62.62,62.19,63.69,60.35,58.35,57.77,59.32,59.59,59.64,61.03,59.98,59.25,58.41,57.02,58.81,58.7,58.8,58.78,59.57,59.17,58.04,58.09,58.38,57.33,59.27,50.25,48.07,47.36,50.14,49.78,49.23,48.87,49.69,48.96,48.55,46.96,48.37,46.97,45.02,44.56,44.06,43.45,42.15,43.32,45.03,42.94,40.22,39.03,42.81,43.32,43.52,42.84,45.58,44.34,44.67,42.94,43.66,42.17,39.52,38.78,38.28,37.45,36.3,37.55,39.3,49.95,45.86,45.06,48.96,49.39,50.14,48.8,51.38,49.82,49.9,46.69,49.42,47.37,44.96,44.55,44.1,42.46,41.05,41.64,43.3,44.01,59.66,56.04,56.16,59.57,60.38,61.28,63.7,62.76,61.67,62.06,60.84,61.65,61.84,61.12,61.14,62.1,61.71,60.42,60.46,60.85,59.97,62.06,59.96,57.37,57.37,59.69,61.17,62.43,64.62,63.73,62.7,62.76,62.4,62.72,63.34,62.58,62.73,63.78,63.55,62.57,62.39,62.62,62.1,63.62,61.23,59.07,58.13,60.1,59.66,59.79,60.61,59.8,58.96,58.39,56.4,58.39,57.75,57.42,57.09,57.93,57.33,55.7,56.03,56.54,54.67,57.56,46.48,44.78,43.51,45.51,46.02,45.41,43.87,46.57,45.44,45.74,44.04,44.89,43.06,40.27,39.52,38.81,38.23,37.12,38.53,40.69,41.56,38.79,37.14,41.01,41.92,42.18,40.91,44.73,43.49,43.78,42.2,42.61,40.88,37.79,36.93,36.42,35.64,34.52,35.97,38.03,50.67,46.89,45.95,49.59,49.84,50.22,49.04,51.48,50.59,50.11,47.1,49.28,47.25,44.94,44.21,43.85,42.28,40.79,41.61,43.27,43.48,59.32,55.98,56.03,59.14,59.88,60.76,63.08,62.32,61.45,61.57,60.64,61.18,61.53,60.75,60.88,62.03,61.68,60.47,60.29,60.51,59.62,61.71,62.15,60.19,60.09,62.02,62.82,63.95,66.14,65.07,64.42,64.22,63.88,64.2,64.85,64.06,64.35,65.56,65.41,64.53,64.15,64.24,63.7,65.2,62.31,60.74,60.17,61.1,60.92,61.15,62.67,61.53,60.9,60.27,59.09,60.72,60.81,60.89,61.01,61.95,61.72,60.69,60.51,60.64,59.54,61.34,57.12,54.51,53.98,55.92,55.5,56.18,55.85,56.26,55.29,54.59,51.99,54.77,53.26,52.13,51.78,51.78,50.55,49.14,49.72,50.73,50.55,45.95,42.19,41.41,45.4,46.35,47.57,46.54,48.64,47.39,46.85,44.61,46.39,44.58,42.55,42.01,41.61,40.26,39.24,39.77,41.13,42.37],
  "contact_probs": [[1.0,0.91,0.21,0.03,0.01,0.0,0.01,0.01,0.01,0.0,0.0,0.01,0.05,0.12,0.07,0.02,0.01,0.03,0.09,0.17,0.1,0.03,0.01,0.0,0.01,0.01],[0.91,1.0,0.71,0.15,0.01,0.01,0.01,0.02,0.02,0.01,0.01,0.03,0.08,0.18,0.14,0.06,0.04,0.07,0.13,0.22,0.24,0.14,0.03,0.01,0.01,0.01],[0.21,0.71,1.0,0.81,0.18,0.02,0.01,0.02,0.04,0.04,0.04,0.07,0.08,0.13,0.17,0.09,0.06,0.08,0.08,0.17,0.33,0.37,0.24,0.07,0.03,0.02],[0.03,0.15,0.81,1.0,0.99,0.33,0.04,0.07,0.12,0.25,0.22,0.12,0.05,0.06,0.08,0.05,0.06,0.05,0.02,0.07,0.27,0.36,0.57,0.27,0.07,0.02],[0.01,0.01,0.18,0.99,1.0,0.98,0.19,0.26,0.29,0.57,0.39,0.23,0.06,0.03,0.05,0.03,0.02,0.03,0.01,0.02,0.13,0.24,0.29,0.54,0.31,0.13],[0.0,0.01,0.02,0.33,0.98,1.0,0.43,0.39,0.37,0.59,0.6,0.25,0.09,0.04,0.04,0.02,0.02,0.03,0.01,0.02,0.06,0.06,0.15,0.22,0.44,0.34],[0.01,0.01,0.01,0.04,0.19,0.43,1.0,0.46,0.28,0.11,0.03,0.02,0.01,0.01,0.01,0.0,0.0,0.01,0.02,0.03,0.05,0.02,0.02,0.05,0.12,0.15],[0.01,0.02,0.02,0.07,0.26,0.39,0.46,1.0,0.57,0.25,0.07,0.02,0.01,0.01,0.01,0.01,0.01,0.05,0.05,0.09,0.17,0.06,0.03,0.07,0.15,0.17],[0.01,0.02,0.04,0.12,0.29,0.37,0.28,0.57,1.0,0.7,0.18,0.03,0.01,0.01,0.01,0.03,0.09,0.22,0.12,0.2,0.33,0.14,0.06,0.05,0.1,0.07],[0.0,0.01,0.04,0.25,0.57,0.59,0.11,0.25,0.7,1.0,0.99,0.28,0.02,0.01,0.03,0.15,0.37,0.53,0.18,0.19,0.27,0.05,0.05,0.03,0.03,0.02],[0.0,0.01,0.04,0.22,0.39,0.6,0.03,0.07,0.18,0.99,1.0,0.99,0.24,0.08,0.15,0.41,0.42,0.36,0.04,0.03,0.06,0.05,0.04,0.08,0.06,0.05],[0.01,0.03,0.07,0.12,0.23,0.25,0.02,0.02,0.03,0.28,0.99,1.0,0.79,0.35,0.5,0.56,0.36,0.09,0.01,0.01,0.01,0.03,0.07,0.08,0.19,0.17],[0.05,0.08,0.08,0.05,0.06,0.09,0.01,0.01,0.01,0.02,0.24,0.79,1.0,0.62,0.41,0.16,0.03,0.01,0.0,0.0,0.01,0.01,0.02,0.14,0.27,0.28],[0.12,0.18,0.13,0.06,0.03,0.04,0.01,0.01,0.01,0.01,0.08,0.35,0.62,1.0,0.67,0.23,0.04,0.01,0.01,0.01,0.01,0.01,0.04,0.24,0.31,0.3],[0.07,0.14,0.17,0.08,0.05,0.04,0.01,0.01,0.01,0.03,0.15,0.5,0.41,0.67,1.0,0.79,0.14,0.03,0.01,0.01,0.01,0.06,0.34,0.57,0.43,0.26],[0.02,0.06,0.09,0.05,0.03,0.02,0.0,0.01,0.03,0.15,0.41,0.56,0.16,0.23,0.79,1.0,0.99,0.29,0.03,0.03,0.05,0.41,0.59,0.36,0.09,0.04],[0.01,0.04,0.06,0.06,0.02,0.02,0.0,0.01,0.09,0.37,0.42,0.36,0.03,0.04,0.14,0.99,1.0,0.99,0.25,0.21,0.33,0.67,0.36,0.09,0.02,0.01],[0.03,0.07,0.08,0.05,0.03,0.03,0.01,0.05,0.22,0.53,0.36,0.09,0.01,0.01,0.03,0.29,0.99,1.0,0.68,0.43,0.61,0.51,0.15,0.06,0.02,0.01],[0.09,0.13,0.08,0.02,0.01,0.01,0.02,0.05,0.12,0.18,0.04,0.01,0.0,0.01,0.01,0.03,0.25,0.68,1.0,0.51,0.36,0.14,0.02,0.01,0.01,0.02],[0.17,0.22,0.17,0.07,0.02,0.02,0.03,0.09,0.2,0.19,0.03,0.01,0.0,0.01,0.01,0.03,0.21,0.43,0.51,1.0,0.64,0.24,0.03,0.01,0.01,0.01],[0.1,0.24,0.33,0.27,0.13,0.06,0.05,0.17,0.33,0.27,0.06,0.01,0.01,0.01,0.01,0.05,0.33,0.61,0.36,0.64,1.0,0.82,0.15,0.01,0.01,0.01],[0.03,0.14,0.37,0.36,0.24,0.06,0.02,0.06,0.14,0.05,0.05,0.03,0.01,0.01,0.06,0.41,0.67,0.51,0.14,0.24,0.82,1.0,0.99,0.25,0.01,0.01],[0.01,0.03,0.24,0.57,0.29,0.15,0.02,0.03,0.06,0.05,0.04,0.07,0.02,0.04,0.34,0.59,0.36,0.15,0.02,0.03,0.15,0.99,1.0,1.0,0.34,0.03],[0.0,0.01,0.07,0.27,0.54,0.22,0.05,0.07,0.05,0.03,0.08,0.08,0.14,0.24,0.57,0.36,0.09,0.06,0.01,0.01,0.01,0.25,1.0,1.0,0.92,0.45],[0.01,0.01,0.03,0.07,0.31,0.44,0.12,0.15,0.1,0.03,0.06,0.19,0.27,0.31,0.43,0.09,0.02,0.02,0.01,0.01,0.01,0.01,0.34,0.92,1.0,0.87],[0.01,0.01,0.02,0.02,0.13,0.34,0.15,0.17,0.07,0.02,0.05,0.17,0.28,0.3,0.26,0.04,0.01,0.01,0.02,0.01,0.01,0.01,0.03,0.45,0.87,1.0]],
  "pae": [[1.3,6.3,9.4,12.3,14.5,17.4,18.7,17.5,13.9,16.6,17.8,18.7,19.6,20.7,18.0,16.3,15.8,15.5,14.1,12.2,11.8,11.6,14.7,15.9,18.1,19.5],[6.5,1.3,4.8,6.6,9.0,11.2,14.6,14.8,11.2,11.3,12.4,13.1,15.3,17.7,14.3,11.5,10.4,10.8,12.9,12.0,9.6,8.2,10.0,11.1,12.8,14.2],[7.2,4.7,1.3,4.5,6.7,8.5,12.2,12.3,9.3,8.8,10.0,11.0,12.4,15.0,11.9,9.9,8.7,8.9,10.7,11.2,8.7,7.0,7.8,9.6,10.1,11.6],[8.4,5.3,3.6,1.0,2.5,5.1,8.8,9.6,6.8,5.4,5.9,7.1,9.3,11.1,8.4,6.5,6.0,6.3,9.3,9.5,7.0,5.4,5.6,6.1,6.9,8.2],[9.3,6.4,3.8,2.3,0.9,2.7,7.9,8.7,6.5,4.2,4.6,5.1,7.2,9.4,6.4,5.0,4.8,5.5,9.1,9.6,6.5,4.6,4.4,5.2,5.5,6.9],[12.5,8.6,6.0,4.1,3.0,1.0,7.4,8.3,8.4,6.2,5.6,5.8,8.6,11.6,8.1,5.9,6.3,7.4,10.9,12.1,8.1,6.1,6.3,6.1,7.9,8.8],[20.1,17.6,15.6,11.6,11.3,11.3,1.5,9.9,11.0,12.2,13.9,15.4,17.5,18.6,16.9,16.9,17.4,17.4,18.1,18.5,16.9,16.7,16.9,16.2,16.0,14.4],[19.4,17.8,14.0,10.8,11.8,12.3,8.8,1.5,9.0,10.5,12.0,16.3,18.3,20.1,18.2,18.8,18.5,16.6,18.5,18.9,14.6,16.4,16.9,16.2,17.2,16.0],[16.4,13.2,8.8,8.6,9.2,9.3,9.2,6.9,1.3,7.4,9.2,11.7,13.9,15.9,14.7,14.9,14.3,13.4,13.3,15.1,12.0,12.5,13.8,13.6,14.5,13.4],[12.2,9.9,8.2,6.3,6.1,6.3,9.4,8.3,6.1,1.0,3.1,5.8,6.8,10.2,7.2,6.4,6.3,6.7,10.1,11.6,8.2,7.1,6.7,7.0,7.7,8.5],[11.5,8.9,6.9,5.0,4.5,4.9,8.7,9.2,5.3,2.7,0.9,2.5,4.8,8.5,5.9,4.9,4.8,5.3,9.1,10.1,6.8,5.2,5.1,5.4,5.7,6.8],[12.7,9.9,7.9,6.4,5.0,5.2,9.5,10.5,6.9,4.3,2.4,0.9,3.3,7.0,5.2,5.1,5.2,5.8,10.6,11.1,7.7,6.4,6.1,5.9,6.1,7.6],[15.8,13.5,12.6,10.7,10.1,8.3,14.1,14.2,13.0,9.2,7.0,4.6,1.2,7.3,5.3,7.2,9.4,10.5,14.0,14.1,12.8,11.3,10.6,10.0,9.5,9.1],[19.7,17.7,16.8,15.3,12.8,11.4,16.3,17.9,16.1,13.4,10.9,8.0,5.3,1.4,5.7,8.6,12.6,14.6,16.7,18.1,15.7,14.5,12.1,10.1,8.8,11.0],[17.2,14.2,13.4,11.5,10.9,10.7,14.3,14.7,14.0,11.7,9.3,7.3,5.7,5.1,1.1,5.2,7.8,10.6,13.3,14.5,12.6,10.9,9.5,8.8,8.6,10.4],[12.3,9.3,7.2,6.8,6.2,6.6,10.1,11.4,8.3,6.7,5.5,5.3,6.1,6.8,4.0,1.0,2.1,5.1,9.4,10.6,7.7,6.6,5.1,6.3,6.4,8.2],[11.0,8.4,6.4,5.2,5.4,6.0,10.0,10.5,7.5,5.2,5.0,5.3,7.1,8.2,4.6,2.9,0.9,2.6,8.5,9.4,6.6,5.3,4.4,5.5,6.2,8.3],[11.3,9.1,7.1,6.5,6.7,7.0,11.3,11.6,8.3,5.3,5.0,6.1,8.7,10.5,6.8,5.2,3.0,1.0,8.2,9.0,6.3,5.6,6.1,8.2,8.2,10.1],[15.7,13.0,12.5,13.6,14.7,15.7,18.3,17.1,13.8,12.5,14.9,15.2,17.0,17.9,14.9,13.9,11.4,9.5,1.5,10.6,9.4,11.9,12.5,14.5,17.0,17.5],[14.2,10.6,9.8,12.5,16.5,17.3,17.5,17.0,13.4,13.4,16.3,17.5,17.4,19.1,16.5,14.2,11.9,8.9,8.4,1.4,7.8,10.0,13.7,16.1,18.0,18.4],[12.2,9.3,7.6,9.2,10.2,12.2,13.9,13.5,10.1,9.6,10.0,11.1,13.3,14.0,12.2,9.9,6.9,6.6,8.0,6.3,1.2,5.8,7.6,10.8,12.7,13.1],[10.2,7.8,6.2,5.2,5.6,7.1,10.6,10.9,8.0,6.0,6.4,6.7,8.5,10.3,7.4,5.9,6.2,5.5,8.4,7.4,4.7,1.0,2.4,5.1,6.6,7.9],[10.6,7.9,6.0,5.0,4.4,5.7,9.9,10.0,7.4,5.3,4.9,5.3,6.8,8.7,5.9,4.5,4.3,5.0,9.5,9.3,5.0,2.6,0.9,2.0,3.9,6.4],[10.7,8.9,6.6,5.6,5.2,5.8,10.5,10.9,8.7,6.1,5.6,5.5,7.1,9.4,6.4,4.8,5.1,6.0,10.5,10.8,6.3,4.1,2.8,0.9,2.7,6.1],[13.1,10.7,8.9,8.3,6.9,7.2,12.5,13.4,11.0,8.0,7.1,7.1,8.4,10.6,6.9,6.4,7.2,8.4,11.8,13.0,9.1,6.1,4.7,3.6,1.2,5.8],[17.2,13.9,12.0,12.3,11.0,8.8,14.1,15.1,13.2,11.2,11.2,10.1,9.0,13.1,10.3,10.1,10.8,12.6,15.1,15.6,13.7,10.3,9.6,8.1,6.6,1.9]],
  "token_chain_ids": ["A","A","A","A","A","A","A","A","A","A","A","A","A","A","A","A","A","A","A","A","A","A","A","A","A","A"],
  "token_res_ids": [1,2,3,4,5,6,7,8,9,10,11,12,13,14,15,16,17,18,19,20,21,22,23,24,25,26]
}