{
  "atom_chain_ids": ["A","A","A","A","A","A","A","A","A","A","A","A","A","A","A","A","A","A","A","A","A","A","A","A","A","A","A","A","A","A","A","A","A","A","A","A","A","A","A","A","A","A","A","A","A","A","A","A","A","A","A","A","A","A","A","A","A","A","A","A","A","A","A","A","A","A","A","A","A","A","A","A","A","A","A","A","A","A","A","A","A","A","A","A","A","A","A","A","A","A","A","A","A","A","A","A","A","A","A","A","A","A","A","A","A","A","A","A","A","A","A","A","A","A","A","A","A","A","A","A","A","A","A","A","A","A","A","A","A","A","A","A","A","A","A","A","A","A","A","A","A","A","A","A","A","A","A","A","A","A","A","A","A","A","A","A","A","A","A","A","A","A","A","A","A","A","A","A","A","A","A","A","A","A","A","A","A","A","A","A","A","A","A","A","A","A","A","A","A","A","A","A","A","A","A","A","A","A","A","A","A","A","A","A","A","A","A","A","A","A","A","A","A","A","A","A","A","A","A","A","A","A","A","A","A","A","A","A","A","A","A","A","A","A","A","A","A","A","A","A","A","A","A","A","A","A","A","A","A","A","A","A","A","A","A","A","A","A","A","A","A","A","A","A","A","A","A","A","A","A","A","A","A","A","A","A","A","A","A","A","A","A","A","A","A","A","A","A","A","A","A","A","A","A","A","A","A","A","A","A","A","A","A","A","A","A","A","A","A","A","A","A","A","A","A","A","A","A","A","A","A","A","A","A","A","A","A","A","A","A","A","A","A","A","A","A","A","A","A","A","A","A","A","A","A","A","A","A","A","A","A","A","A","A","A","A","A","A","A","A","A","A","A","A","A","A","A","A","A","A","A","A","A","A","A","A","A","A","A","A","A","A","A","A","A","A","A","A","A","A","A","A","A","A","A","A","A","A","A","A","A","A","A","A","A","A","A","A","A","A","A","A","A","A","A","A","A","A","A","A","A","A","A","A","A","A","A","A","A","A","A","A","A","A","A","A","A","A","A","A","A","A","A","A","A","A","A","A","A","A","A","A","A","A","A","A","A","A","A","A","A","A","A","A","A","A","A","A","A","A","A","A","A","A","A","A","A","A","A","A","A","A","A","A","A","A","A","A","A","A","A","A","A","A","A","A","A","A","A","A","A","A","A","A","A","A","A","A","A","A","A","A","A","A","A","A","A","A","A","A","A","A","A","A","A","A","A","A","A","A","A","A","A","A","A","A","A","A","A","A","A","A","A","A","A","A","A","A","A","A","A","A","A"],
  "atom_plddts": [37.44,38.42,34.22,32.58,39.13,39.66,40.23,39.46,42.26,42.17,40.94,39.84,40.04,38.26,36.12,35.49,35.35,34.08,33.77,34.14,35.46,37.27,40.82,37.54,36.02,39.97,40.02,40.55,39.1,43.46,42.45,41.85,40.05,41.05,39.01,36.52,35.87,35.62,34.28,33.65,33.96,35.33,35.95,45.49,41.61,40.64,44.57,45.06,45.71,44.29,47.29,46.17,45.74,43.12,45.26,43.21,40.73,40.29,39.93,38.53,37.62,38.02,39.35,39.93,52.56,49.53,49.93,52.61,53.58,54.64,57.11,56.18,55.62,54.95,54.54,54.93,55.21,54.45,54.92,55.76,55.46,54.6,54.12,54.19,53.55,55.2,55.99,54.08,54.25,55.66,56.74,58.1,60.46,59.42,58.77,57.71,57.72,58.06,58.68,57.86,58.08,59.28,59.01,58.34,57.79,57.84,57.21,58.77,51.75,50.05,49.39,50.13,51.21,51.83,51.66,51.25,50.32,49.63,48.04,49.7,49.07,49.13,49.31,50.03,49.6,48.78,48.42,48.43,47.47,49.53,44.54,43.14,41.71,43.4,43.68,43.36,41.91,44.59,43.18,43.54,42.02,42.71,40.88,38.48,37.96,37.28,36.77,35.98,37.08,38.86,42.18,38.49,36.88,42.5,43.36,44.45,43.46,46.32,44.73,44.84,43.79,44.5,43.32,40.53,40.18,39.77,38.97,37.91,39.04,40.88,44.08,40.31,38.94,42.82,43.42,43.94,42.25,45.81,44.37,44.05,41.58,43.74,41.51,39.06,38.56,38.11,36.57,35.66,36.07,37.67,38.66,48.64,44.51,45.23,48.64,50.63,52.18,54.49,53.65,53.16,52.27,51.85,52.2,52.55,51.55,51.92,52.61,52.17,51.31,50.98,51.25,50.82,52.62,54.22,51.65,52.53,53.77,55.42,57.0,59.73,58.45,57.59,56.94,57.27,57.4,58.08,57.65,58.02,58.82,58.54,57.95,57.54,57.68,57.28,58.6,51.54,48.57,49.03,50.94,52.44,53.11,54.49,53.42,52.65,51.64,50.85,52.14,52.0,51.85,52.2,52.81,52.38,51.63,51.28,51.4,50.87,52.52,42.8,40.98,39.86,42.08,42.62,42.56,42.04,44.07,42.98,43.29,41.65,42.1,40.73,38.36,37.78,37.44,36.93,36.05,36.98,38.49,41.71,38.56,37.38,41.88,42.5,43.32,42.91,45.43,44.03,44.44,43.02,43.76,42.83,40.31,39.99,39.72,39.03,38.06,38.9,40.45,49.25,45.07,44.47,48.5,48.99,50.16,49.06,51.27,49.52,49.36,46.53,49.17,47.36,45.1,44.86,44.51,42.95,41.73,42.19,43.69,44.33,52.63,48.99,49.81,52.79,54.22,55.4,58.06,57.03,56.05,55.59,55.01,55.27,55.57,54.88,55.2,56.03,55.65,54.72,54.41,54.72,54.03,55.76,56.11,54.02,54.36,55.74,56.96,58.16,60.55,59.44,58.47,57.81,57.82,58.06,58.71,58.25,58.55,59.59,59.39,58.63,58.18,58.28,57.72,59.11,55.88,53.83,53.18,54.54,54.82,55.04,55.37,54.62,53.69,52.73,51.27,53.03,52.25,52.17,52.24,52.75,52.16,51.05,51.01,51.39,49.84,52.26,47.33,45.09,43.83,46.71,47.43,47.08,45.77,48.19,47.08,47.19,45.84,46.84,45.18,42.47,42.03,41.3,40.79,39.71,40.94,43.05,44.87,40.98,39.44,45.17,45.94,46.65,45.86,48.85,47.71,47.39,46.46,47.31,46.09,43.48,43.16,42.68,41.96,40.79,42.01,44.06,51.46,47.24,46.17,50.39,50.8,51.52,50.36,52.69,51.58,51.17,48.32,50.47,48.59,46.36,45.88,45.54,44.04,42.66,43.34,44.88,45.14,52.96,49.92,50.47,52.85,53.92,54.91,57.07,56.4,55.7,55.2,54.54,54.95,55.31,54.61,55.08,56.04,55.73,54.91,54.39,54.43,53.67,55.4,58.44,56.52,56.67,58.3,59.06,60.15,62.47,61.3,60.65,59.97,59.91,60.0,60.69,60.15,60.57,61.82,61.67,60.92,60.32,60.26,59.65,61.2,55.65,54.06,54.0,54.58,54.98,55.26,56.48,55.11,54.49,53.45,52.83,54.13,54.1,54.35,54.8,55.58,55.34,54.66,54.12,54.05,53.19,54.82,46.88,44.44,44.32,46.11,46.34,47.36,46.42,48.24,47.14,46.23,44.26,46.28,44.6,43.19,42.99,42.79,41.64,40.87,40.96,41.84,42.44,38.03,34.33,33.02,38.16,38.81,40.41,39.28,42.13,40.65,40.25,38.32,39.54,38.14,35.9,35.13,35.28,34.08,33.42,33.67,34.67,36.28],
  "contact_probs": [[1.0,0.91,0.21,0.03,0.01,0.0,0.01,0.01,0.01,0.0,0.0,0.01,0.05,0.12,0.07,0.02,0.01,0.03,0.09,0.17,0.1,0.03,0.01,0.0,0.01,0.01],[0.91,1.0,0.71,0.15,0.01,0.01,0.01,0.02,0.02,0.01,0.01,0.03,0.08,0.18,0.14,0.06,0.04,0.07,0.13,0.22,0.24,0.14,0.03,0.01,0.01,0.01],[0.21,0.71,1.0,0.81,0.18,0.02,0.01,0.02,0.04,0.04,0.04,0.07,0.08,0.13,0.17,0.09,0.06,0.08,0.08,0.17,0.33,0.37,0.24,0.07,0.03,0.02],[0.03,0.15,0.81,1.0,0.99,0.33,0.04,0.07,0.12,0.25,0.22,0.12,0.05,0.06,0.08,0.05,0.06,0.05,0.02,0.07,0.27,0.36,0.57,0.27,0.07,0.02],[0.01,0.01,0.18,0.99,1.0,0.98,0.19,0.26,0.29,0.57,0.39,0.23,0.06,0.03,0.05,0.03,0.02,0.03,0.01,0.02,0.13,0.24,0.29,0.54,0.31,0.13],[0.0,0.01,0.02,0.33,0.98,1.0,0.43,0.39,0.37,0.59,0.6,0.25,0.09,0.04,0.04,0.02,0.02,0.03,0.01,0.02,0.06,0.06,0.15,0.22,0.44,0.34],[0.01,0.01,0.01,0.04,0.19,0.43,1.0,0.46,0.28,0.11,0.03,0.02,0.01,0.01,0.01,0.0,0.0,0.01,0.02,0.03,0.05,0.02,0.02,0.05,0.12,0.15],[0.01,0.02,0.02,0.07,0.26,0.39,0.46,1.0,0.57,0.25,0.07,0.02,0.01,0.01,0.01,0.01,0.01,0.05,0.05,0.09,0.17,0.06,0.03,0.07,0.15,0.17],[0.01,0.02,0.04,0.12,0.29,0.37,0.28,0.57,1.0,0.7,0.18,0.03,0.01,0.01,0.01,0.03,0.09,0.22,0.12,0.2,0.33,0.14,0.06,0.05,0.1,0.07],[0.0,0.01,0.04,0.25,0.57,0.59,0.11,0.25,0.7,1.0,0.99,0.28,0.02,0.01,0.03,0.15,0.37,0.53,0.18,0.19,0.27,0.05,0.05,0.03,0.03,0.02],[0.0,0.01,0.04,0.22,0.39,0.6,0.03,0.07,0.18,0.99,1.0,0.99,0.24,0.08,0.15,0.41,0.42,0.36,0.04,0.03,0.06,0.05,0.04,0.08,0.06,0.05],[0.01,0.03,0.07,0.12,0.23,0.25,0.02,0.02,0.03,0.28,0.99,1.0,0.79,0.35,0.5,0.56,0.36,0.09,0.01,0.01,0.01,0.03,0.07,0.08,0.19,0.17],[0.05,0.08,0.08,0.05,0.06,0.09,0.01,0.01,0.01,0.02,0.24,0.79,1.0,0.62,0.41,0.16,0.03,0.01,0.0,0.0,0.01,0.01,0.02,0.14,0.27,0.28],[0.12,0.18,0.13,0.06,0.03,0.04,0.01,0.01,0.01,0.01,0.08,0.35,0.62,1.0,0.67,0.23,0.04,0.01,0.01,0.01,0.01,0.01,0.04,0.24,0.31,0.3],[0.07,0.14,0.17,0.08,0.05,0.04,0.01,0.01,0.01,0.03,0.15,0.5,0.41,0.67,1.0,0.79,0.14,0.03,0.01,0.01,0.01,0.06,0.34,0.57,0.43,0.26],[0.02,0.06,0.09,0.05,0.03,0.02,0.0,0.01,0.03,0.15,0.41,0.56,0.16,0.23,0.79,1.0,0.99,0.29,0.03,0.03,0.05,0.41,0.59,0.36,0.09,0.04],[0.01,0.04,0.06,0.06,0.02,0.02,0.0,0.01,0.09,0.37,0.42,0.36,0.03,0.04,0.14,0.99,1.0,0.99,0.25,0.21,0.33,0.67,0.36,0.09,0.02,0.01],[0.03,0.07,0.08,0.05,0.03,0.03,0.01,0.05,0.22,0.53,0.36,0.09,0.01,0.01,0.03,0.29,0.99,1.0,0.68,0.43,0.61,0.51,0.15,0.06,0.02,0.01],[0.09,0.13,0.08,0.02,0.01,0.01,0.02,0.05,0.12,0.18,0.04,0.01,0.0,0.01,0.01,0.03,0.25,0.68,1.0,0.51,0.36,0.14,0.02,0.01,0.01,0.02],[0.17,0.22,0.17,0.07,0.02,0.02,0.03,0.09,0.2,0.19,0.03,0.01,0.0,0.01,0.01,0.03,0.21,0.43,0.51,1.0,0.64,0.24,0.03,0.01,0.01,0.01],[0.1,0.24,0.33,0.27,0.13,0.06,0.05,0.17,0.33,0.27,0.06,0.01,0.01,0.01,0.01,0.05,0.33,0.61,0.36,0.64,1.0,0.82,0.15,0.01,0.01,0.01],[0.03,0.14,0.37,0.36,0.24,0.06,0.02,0.06,0.14,0.05,0.05,0.03,0.01,0.01,0.06,0.41,0.67,0.51,0.14,0.24,0.82,1.0,0.99,0.25,0.01,0.01],[0.01,0.03,0.24,0.57,0.29,0.15,0.02,0.03,0.06,0.05,0.04,0.07,0.02,0.04,0.34,0.59,0.36,0.15,0.02,0.03,0.15,0.99,1.0,1.0,0.34,0.03],[0.0,0.01,0.07,0.27,0.54,0.22,0.05,0.07,0.05,0.03,0.08,0.08,0.14,0.24,0.57,0.36,0.09,0.06,0.01,0.01,0.01,0.25,1.0,1.0,0.92,0.45],[0.01,0.01,0.03,0.07,0.31,0.44,0.12,0.15,0.1,0.03,0.06,0.19,0.27,0.31,0.43,0.09,0.02,0.02,0.01,0.01,0.01,0.01,0.34,0.92,1.0,0.87],[0.01,0.01,0.02,0.02,0.13,0.34,0.15,0.17,0.07,0.02,0.05,0.17,0.28,0.3,0.26,0.04,0.01,0.01,0.02,0.01,0.01,0.01,0.03,0.45,0.87,1.0]],
  "pae": [[1.4,8.2,8.0,12.4,13.9,17.1,19.2,20.1,19.8,17.6,17.7,15.4,15.1,12.7,13.5,15.7,16.4,18.2,20.0,19.3,18.5,16.6,15.3,14.4,13.6,9.4],[7.1,1.3,5.8,8.8,10.1,12.1,16.0,16.1,15.7,13.0,13.1,11.6,12.5,11.8,11.5,11.7,12.0,14.6,16.5,16.1,14.1,11.5,10.7,10.6,11.8,11.7],[7.5,6.3,1.2,5.8,7.1,9.0,12.7,13.7,12.7,10.2,10.2,10.0,12.1,11.5,10.8,10.6,10.8,11.6,14.2,14.3,12.3,9.3,8.0,8.8,11.2,10.6],[9.4,5.9,4.5,1.0,3.0,5.3,8.2,9.6,8.8,7.3,5.9,6.3,9.7,9.9,8.1,6.4,6.5,7.5,9.6,9.9,8.0,5.6,5.5,6.4,8.8,10.7],[11.0,8.0,4.3,3.1,0.9,2.7,6.7,7.3,7.9,5.7,5.1,5.8,9.7,9.4,7.8,6.3,6.0,7.2,8.7,8.2,7.0,5.5,4.9,7.5,9.8,11.4],[13.9,11.4,6.9,5.0,3.2,1.0,6.9,6.3,8.8,6.8,7.4,9.1,12.5,13.1,10.9,8.4,7.3,8.7,11.5,9.1,7.8,6.1,6.9,8.6,11.8,15.1],[18.7,16.8,13.9,10.7,9.7,7.9,1.4,9.0,9.6,10.1,10.9,12.3,15.7,17.0,15.8,14.5,14.7,14.6,16.3,15.0,11.1,12.0,13.3,14.5,16.0,17.9],[18.1,16.2,13.2,11.9,9.7,7.6,8.1,1.4,7.0,7.7,10.1,13.0,16.4,16.7,14.6,13.5,12.6,11.1,15.6,11.5,9.1,9.9,12.6,13.0,16.0,16.9],[18.6,17.3,15.3,12.0,9.0,8.9,7.6,7.1,1.2,6.8,7.9,11.4,15.8,16.4,15.5,13.3,11.0,9.0,12.2,9.8,8.3,9.3,12.1,13.5,16.4,17.0],[14.0,13.4,11.2,8.8,7.7,7.2,9.4,7.7,6.4,1.1,4.5,6.8,10.9,11.2,9.6,7.9,6.8,6.9,9.8,8.0,7.2,6.8,8.4,8.9,12.0,13.7],[12.6,11.2,8.9,6.0,5.9,5.9,8.9,8.3,5.7,3.3,1.0,3.1,9.4,9.2,8.0,6.7,5.4,6.1,8.5,7.7,6.3,5.6,6.1,6.8,10.0,11.0],[11.6,11.6,10.4,7.1,7.5,6.9,9.9,9.7,8.2,5.6,4.7,1.0,7.3,8.2,8.7,8.2,8.9,8.6,11.6,10.6,9.6,8.3,8.1,9.1,10.5,12.0],[13.6,12.6,11.3,11.8,11.8,13.0,14.7,16.4,15.6,12.7,11.0,8.5,1.4,6.8,7.3,9.9,12.6,15.2,16.5,15.5,15.2,13.8,13.3,12.6,12.1,13.8],[14.5,12.5,11.8,12.4,11.6,13.6,15.7,16.1,14.6,13.2,12.4,9.0,6.9,1.4,6.9,8.9,12.2,12.2,15.0,14.8,14.0,13.3,12.6,10.3,12.3,12.6],[12.3,11.8,10.1,9.3,9.6,11.4,13.3,12.9,12.1,10.3,9.5,6.1,7.4,4.6,1.2,5.5,7.1,9.0,11.5,11.8,11.0,10.0,9.0,7.7,10.0,12.2],[11.8,10.8,9.0,6.9,7.3,7.5,10.6,10.8,9.1,6.5,6.1,6.4,9.1,7.0,4.4,1.0,2.7,5.0,7.4,8.5,7.7,6.3,5.9,6.9,8.6,10.5],[12.6,11.2,8.8,5.9,6.1,6.5,9.4,9.4,7.5,5.4,5.1,6.4,10.4,9.5,4.9,2.8,0.9,2.7,5.7,6.1,5.9,5.1,5.1,6.0,8.7,11.1],[14.5,12.5,9.5,7.5,6.9,7.5,11.2,10.0,7.8,5.5,5.9,7.8,11.5,10.1,6.2,4.1,2.9,0.9,5.1,4.7,5.5,5.5,6.0,7.0,9.5,12.6],[17.3,15.9,13.1,12.2,11.8,11.4,14.5,13.2,10.8,9.4,10.3,12.9,15.0,14.9,11.9,8.7,7.3,4.8,1.3,5.7,5.5,7.7,9.8,10.0,13.0,15.3],[16.2,15.6,13.3,11.0,10.0,10.0,14.1,10.9,8.6,7.7,9.6,11.4,13.7,13.8,11.4,8.7,6.8,4.9,5.7,1.2,4.9,5.1,8.2,8.5,12.3,14.1],[16.2,14.2,11.1,9.2,7.8,7.8,11.1,10.5,8.0,6.4,8.2,9.5,12.7,12.4,10.9,8.2,5.9,5.4,5.5,3.8,1.2,4.1,6.5,7.6,10.5,12.3],[13.0,12.1,9.4,6.5,5.8,6.5,9.2,8.5,7.1,5.8,6.4,6.9,10.7,10.5,9.1,6.8,5.2,5.3,7.0,5.0,4.1,1.0,3.0,5.4,8.0,10.8],[11.9,10.7,7.9,6.0,5.0,6.8,9.5,9.1,7.9,5.9,5.9,5.9,9.6,9.1,7.3,5.6,4.9,5.5,7.5,6.4,4.5,3.2,0.9,2.6,6.3,8.5],[10.9,10.2,8.3,6.2,7.1,8.8,11.4,11.0,9.6,7.6,7.5,6.8,10.3,9.3,7.9,5.8,5.9,6.7,8.9,8.3,6.1,4.6,3.3,1.0,3.9,7.5],[12.3,11.9,10.2,10.1,9.9,12.0,15.4,15.0,14.0,11.2,11.9,11.1,13.8,12.0,10.7,10.0,9.9,10.6,13.4,12.3,11.3,7.9,7.1,5.1,1.2,5.5],[10.8,12.5,10.2,12.5,13.4,14.2,18.6,18.1,17.5,14.4,15.0,12.5,14.4,11.9,10.8,11.8,12.8,14.5,16.6,15.8,14.1,11.6,10.7,9.2,7.4,1.5]],
  "token_chain_ids": ["A","A","A","A","A","A","A","A","A","A","A","A","A","A","A","A","A","A","A","A","A","A","A","A","A","A"],
  "token_res_ids": [1,2,3,4,5,6,7,8,9,10,11,12,13,14,15,16,17,18,19,20,21,22,23,24,25,26]
}