{
  "atom_chain_ids": ["A","A","A","A","A","A","A","A","A","A","A","A","A","A","A","A","A","A","A","A","A","A","A","A","A","A","A","A","A","A","A","A","A","A","A","A","A","A","A","A","A","A","A","A","A","A","A","A","A","A","A","A","A","A","A","A","A","A","A","A","A","A","A","A","A","A","A","A","A","A","A","A","A","A","A","A","A","A","A","A","A","A","A","A","A","A","A","A","A","A","A","A","A","A","A","A","A","A","A","A","A","A","A","A","A","A","A","A","A","A","A","A","A","A","A","A","A","A","A","A","A","A","A","A","A","A","A","A","A","A","A","A","A","A","A","A","A","A","A","A","A","A","A","A","A","A","A","A","A","A","A","A","A","A","A","A","A","A","A","A","A","A","A","A","A","A","A","A","A","A","A","A","A","A","A","A","A","A","A","A","A","A","A","A","A","A","A","A","A","A","A","A","A","A","A","A","A","A","A","A","A","A","A","A","A","A","A","A","A","A","A","A","A","A","A","A","A","A","A","A","A","A","A","A","A","A","A","A","A","A","A","A","A","A","A","A","A","A","A","A","A","A","A","A","A","A","A","A","A","A","A","A","A","A","A","A","A","A","A","A","A","A","A","A","A","A","A","A","A","A","A","A","A","A","A","A","A","A","A","A","A","A","A","A","A","A","A","A","A","A","A","A","A","A","A","A","A","A","A","A","A","A","A","A","A","A","A","A","A","A","A","A","A","A","A","A","A","A","A","A","A","A","A","A","A","A","A","A","A","A","A","A","A","A","A","A","A","A","A","A","A","A","A","A","A","A","A","A","A","A","A","A","A","A","A","A","A","A","A","A","A","A","A","A","A","A","A","A","A","A","A","A","A","A","A","A","A","A","A","A","A","A","A","A","A","A","A","A","A","A","A","A","A","A","A","A","A","A","A","A","A","A","A","A","A","A","A","A","A","A","A","A","A","A","A","A","A","A","A","A","A","A","A","A","A","A","A","A","A","A","A","A","A","A","A","A","A","A","A","A","A","A","A","A","A","A","A","A","A","A","A","A","A","A","A","A","A","A","A","A","A","A","A","A","A","A","A","A","A","A","A","A","A","A","A","A","A","A","A","A","A","A","A","A","A","A","A","A","A","A","A","A","A","A","A","A","A","A","A","A","A","A","A","A","A","A","A","A","A","A","A","A","A","A","A","A","A","A","A","A","A","A","A","A","A","A","A","A","A","A","A","A","A","A","A","A","A","A","A","A","A","A","A","A","A","A","A","A","A","A","A","A","A"],
  "atom_plddts": [43.22,44.47,39.18,37.6,44.53,45.08,46.09,45.37,48.0,48.08,46.72,45.35,46.03,43.82,41.88,41.45,40.8,39.3,38.61,39.28,41.24,43.06,45.91,41.99,40.44,45.12,44.63,45.32,44.02,47.82,46.88,46.21,44.17,45.7,43.5,41.06,40.48,39.9,38.35,37.36,38.03,39.86,40.26,50.8,46.83,45.78,49.82,49.87,50.47,49.22,51.5,50.39,50.33,47.4,49.76,47.77,45.34,44.94,44.49,43.0,41.77,42.41,43.88,44.09,57.7,54.49,54.46,57.64,57.82,58.76,61.32,60.56,59.89,59.53,58.86,59.6,59.84,59.03,59.42,60.39,60.09,58.9,58.61,58.77,57.92,59.91,59.88,57.57,57.49,59.73,61.0,62.39,64.62,63.77,63.1,62.61,62.55,62.85,63.53,62.37,62.64,63.86,63.64,62.76,62.36,62.5,61.98,63.67,60.27,58.52,57.36,58.57,59.22,59.4,60.0,59.35,58.51,57.82,56.02,57.78,57.45,57.31,57.22,58.3,57.88,56.67,56.5,56.66,55.42,57.87,46.45,45.33,44.03,45.27,45.49,44.92,43.51,45.91,44.56,44.86,43.28,44.06,42.15,39.68,39.04,38.21,37.67,36.83,38.09,39.92,40.42,37.57,36.04,39.83,40.78,41.39,39.87,43.8,42.01,42.36,40.87,41.01,39.14,35.81,34.85,34.19,33.28,32.32,33.94,36.01,44.38,39.98,38.68,43.36,44.05,44.61,42.97,46.52,45.14,44.89,42.14,44.26,42.02,39.28,38.6,38.1,36.41,35.35,35.97,37.68,38.71,56.39,52.37,52.73,56.27,57.85,58.76,61.54,60.66,60.02,59.67,59.21,59.64,59.97,59.05,59.24,60.18,59.81,58.59,58.51,58.85,58.09,60.28,60.09,57.57,57.91,59.9,61.21,62.73,65.24,64.07,63.22,63.09,63.22,63.45,64.15,63.45,63.82,64.77,64.58,63.75,63.48,63.68,63.32,64.78,61.43,58.93,58.41,60.65,60.98,61.32,62.84,61.98,61.13,60.4,59.46,61.01,61.05,60.79,61.0,61.92,61.58,60.49,60.41,60.58,59.69,61.64,52.34,49.96,49.31,52.14,51.76,51.17,50.88,51.64,50.92,50.15,48.92,50.25,48.75,46.77,46.34,45.77,45.22,43.93,45.12,46.96,50.19,45.54,44.36,50.69,50.85,51.39,51.54,53.22,52.33,51.87,51.14,52.31,51.13,48.76,48.48,47.93,47.19,45.81,47.15,49.14,53.46,48.77,47.51,52.5,52.77,53.72,52.49,54.55,52.92,53.14,49.88,52.36,50.17,47.96,47.63,47.13,45.31,43.77,44.53,46.22,46.96,58.6,54.96,55.15,58.55,59.3,60.33,62.83,61.95,60.86,61.03,60.18,60.76,60.93,60.17,60.47,61.43,61.05,59.91,59.75,60.02,59.16,61.22,59.78,56.73,56.77,59.68,60.97,62.64,64.98,64.33,63.29,63.26,63.03,63.26,63.89,62.82,63.12,64.27,63.99,62.98,62.76,62.94,62.49,64.24,61.22,58.79,57.84,60.24,59.85,60.18,60.85,60.32,59.35,58.66,56.76,58.63,57.89,57.33,57.07,57.94,57.27,55.68,55.97,56.42,54.52,57.62,48.82,47.03,45.85,48.07,48.44,47.89,46.33,48.61,47.46,47.34,45.74,46.75,44.86,42.17,41.44,40.61,39.99,38.83,40.35,42.62,44.37,40.89,39.29,44.17,45.08,45.4,44.25,47.47,46.34,46.27,44.73,45.51,43.76,40.65,39.81,39.18,38.25,36.93,38.59,40.88,54.14,50.56,49.51,52.96,53.18,53.77,52.88,54.56,53.43,53.05,49.94,52.26,50.32,47.99,47.3,46.98,45.33,43.75,44.66,46.27,46.23,60.42,57.39,57.32,60.29,60.77,61.9,63.94,63.33,62.39,62.39,61.54,62.11,62.46,61.63,61.84,63.02,62.68,61.52,61.3,61.49,60.58,62.67,62.07,60.51,60.33,61.82,62.2,63.23,65.27,64.06,63.4,62.86,62.63,63.1,63.74,63.18,63.56,64.77,64.61,63.85,63.35,63.39,62.76,64.25,61.44,59.74,59.26,60.26,60.28,60.6,62.1,60.88,60.24,59.4,58.59,60.06,60.17,60.3,60.61,61.55,61.33,60.39,60.07,60.12,59.08,60.87,58.13,55.37,54.76,56.98,56.45,57.25,56.87,57.28,56.17,55.43,52.92,55.6,54.07,52.86,52.53,52.61,51.33,49.96,50.47,51.37,51.28,48.74,44.71,43.94,47.86,48.91,49.91,49.0,51.06,49.76,49.24,46.85,48.62,46.59,44.45,43.84,43.25,41.73,40.59,41.34,42.85,44.11],
  "contact_probs": [[1.0,0.91,0.21,0.03,0.01,0.0,0.01,0.01,0.01,0.0,0.0,0.01,0.05,0.12,0.07,0.02,0.01,0.03,0.09,0.17,0.1,0.03,0.01,0.0,0.01,0.01],[0.91,1.0,0.71,0.15,0.01,0.01,0.01,0.02,0.02,0.01,0.01,0.03,0.08,0.18,0.14,0.06,0.04,0.07,0.13,0.22,0.24,0.14,0.03,0.01,0.01,0.01],[0.21,0.71,1.0,0.81,0.18,0.02,0.01,0.02,0.04,0.04,0.04,0.07,0.08,0.13,0.17,0.09,0.06,0.08,0.08,0.17,0.33,0.37,0.24,0.07,0.03,0.02],[0.03,0.15,0.81,1.0,0.99,0.33,0.04,0.07,0.12,0.25,0.22,0.12,0.05,0.06,0.08,0.05,0.06,0.05,0.02,0.07,0.27,0.36,0.57,0.27,0.07,0.02],[0.01,0.01,0.18,0.99,1.0,0.98,0.19,0.26,0.29,0.57,0.39,0.23,0.06,0.03,0.05,0.03,0.02,0.03,0.01,0.02,0.13,0.24,0.29,0.54,0.31,0.13],[0.0,0.01,0.02,0.33,0.98,1.0,0.43,0.39,0.37,0.59,0.6,0.25,0.09,0.04,0.04,0.02,0.02,0.03,0.01,0.02,0.06,0.06,0.15,0.22,0.44,0.34],[0.01,0.01,0.01,0.04,0.19,0.43,1.0,0.46,0.28,0.11,0.03,0.02,0.01,0.01,0.01,0.0,0.0,0.01,0.02,0.03,0.05,0.02,0.02,0.05,0.12,0.15],[0.01,0.02,0.02,0.07,0.26,0.39,0.46,1.0,0.57,0.25,0.07,0.02,0.01,0.01,0.01,0.01,0.01,0.05,0.05,0.09,0.17,0.06,0.03,0.07,0.15,0.17],[0.01,0.02,0.04,0.12,0.29,0.37,0.28,0.57,1.0,0.7,0.18,0.03,0.01,0.01,0.01,0.03,0.09,0.22,0.12,0.2,0.33,0.14,0.06,0.05,0.1,0.07],[0.0,0.01,0.04,0.25,0.57,0.59,0.11,0.25,0.7,1.0,0.99,0.28,0.02,0.01,0.03,0.15,0.37,0.53,0.18,0.19,0.27,0.05,0.05,0.03,0.03,0.02],[0.0,0.01,0.04,0.22,0.39,0.6,0.03,0.07,0.18,0.99,1.0,0.99,0.24,0.08,0.15,0.41,0.42,0.36,0.04,0.03,0.06,0.05,0.04,0.08,0.06,0.05],[0.01,0.03,0.07,0.12,0.23,0.25,0.02,0.02,0.03,0.28,0.99,1.0,0.79,0.35,0.5,0.56,0.36,0.09,0.01,0.01,0.01,0.03,0.07,0.08,0.19,0.17],[0.05,0.08,0.08,0.05,0.06,0.09,0.01,0.01,0.01,0.02,0.24,0.79,1.0,0.62,0.41,0.16,0.03,0.01,0.0,0.0,0.01,0.01,0.02,0.14,0.27,0.28],[0.12,0.18,0.13,0.06,0.03,0.04,0.01,0.01,0.01,0.01,0.08,0.35,0.62,1.0,0.67,0.23,0.04,0.01,0.01,0.01,0.01,0.01,0.04,0.24,0.31,0.3],[0.07,0.14,0.17,0.08,0.05,0.04,0.01,0.01,0.01,0.03,0.15,0.5,0.41,0.67,1.0,0.79,0.14,0.03,0.01,0.01,0.01,0.06,0.34,0.57,0.43,0.26],[0.02,0.06,0.09,0.05,0.03,0.02,0.0,0.01,0.03,0.15,0.41,0.56,0.16,0.23,0.79,1.0,0.99,0.29,0.03,0.03,0.05,0.41,0.59,0.36,0.09,0.04],[0.01,0.04,0.06,0.06,0.02,0.02,0.0,0.01,0.09,0.37,0.42,0.36,0.03,0.04,0.14,0.99,1.0,0.99,0.25,0.21,0.33,0.67,0.36,0.09,0.02,0.01],[0.03,0.07,0.08,0.05,0.03,0.03,0.01,0.05,0.22,0.53,0.36,0.09,0.01,0.01,0.03,0.29,0.99,1.0,0.68,0.43,0.61,0.51,0.15,0.06,0.02,0.01],[0.09,0.13,0.08,0.02,0.01,0.01,0.02,0.05,0.12,0.18,0.04,0.01,0.0,0.01,0.01,0.03,0.25,0.68,1.0,0.51,0.36,0.14,0.02,0.01,0.01,0.02],[0.17,0.22,0.17,0.07,0.02,0.02,0.03,0.09,0.2,0.19,0.03,0.01,0.0,0.01,0.01,0.03,0.21,0.43,0.51,1.0,0.64,0.24,0.03,0.01,0.01,0.01],[0.1,0.24,0.33,0.27,0.13,0.06,0.05,0.17,0.33,0.27,0.06,0.01,0.01,0.01,0.01,0.05,0.33,0.61,0.36,0.64,1.0,0.82,0.15,0.01,0.01,0.01],[0.03,0.14,0.37,0.36,0.24,0.06,0.02,0.06,0.14,0.05,0.05,0.03,0.01,0.01,0.06,0.41,0.67,0.51,0.14,0.24,0.82,1.0,0.99,0.25,0.01,0.01],[0.01,0.03,0.24,0.57,0.29,0.15,0.02,0.03,0.06,0.05,0.04,0.07,0.02,0.04,0.34,0.59,0.36,0.15,0.02,0.03,0.15,0.99,1.0,1.0,0.34,0.03],[0.0,0.01,0.07,0.27,0.54,0.22,0.05,0.07,0.05,0.03,0.08,0.08,0.14,0.24,0.57,0.36,0.09,0.06,0.01,0.01,0.01,0.25,1.0,1.0,0.92,0.45],[0.01,0.01,0.03,0.07,0.31,0.44,0.12,0.15,0.1,0.03,0.06,0.19,0.27,0.31,0.43,0.09,0.02,0.02,0.01,0.01,0.01,0.01,0.34,0.92,1.0,0.87],[0.01,0.01,0.02,0.02,0.13,0.34,0.15,0.17,0.07,0.02,0.05,0.17,0.28,0.3,0.26,0.04,0.01,0.01,0.02,0.01,0.01,0.01,0.03,0.45,0.87,1.0]],
  "pae": [[1.2,4.5,6.4,8.5,11.4,13.6,16.4,16.7,9.9,10.3,13.2,13.9,14.8,16.5,16.6,14.5,13.6,11.4,10.2,9.3,9.1,10.3,12.1,13.9,16.2,17.8],[4.7,1.2,4.9,5.7,7.8,10.2,12.9,13.5,8.3,8.1,10.1,11.5,12.3,13.4,14.4,11.1,10.6,9.3,10.3,9.3,8.1,8.3,10.3,10.9,13.0,14.5],[5.7,4.4,1.2,4.5,6.1,7.7,11.1,12.2,8.2,7.1,8.9,9.3,10.6,11.2,11.9,8.8,8.1,7.4,9.6,8.6,7.1,6.4,8.0,9.3,10.7,12.4],[7.2,5.0,4.1,1.0,2.5,5.0,7.9,9.8,6.4,5.3,5.9,6.7,9.2,8.4,8.7,6.8,6.1,6.1,8.5,7.8,6.1,5.2,6.1,6.8,7.6,8.8],[7.9,5.5,3.8,2.4,0.9,2.6,6.5,9.1,6.5,4.8,4.8,5.3,7.6,6.9,6.8,6.0,5.7,6.0,8.5,8.2,5.8,4.8,4.7,5.4,5.9,8.1],[10.6,7.6,5.8,4.3,3.0,1.0,6.1,8.9,8.0,6.3,6.3,6.0,9.4,7.9,7.9,7.0,6.8,7.7,11.0,10.9,7.8,6.2,5.8,5.9,7.5,9.2],[16.3,14.8,13.5,10.3,9.8,9.2,1.5,9.2,10.1,11.0,13.3,13.8,15.7,14.2,14.4,14.5,14.6,14.8,17.3,15.7,15.4,14.4,13.9,13.1,12.8,14.1],[16.4,15.0,15.2,10.7,11.5,11.2,7.3,1.4,10.1,10.7,12.8,14.9,16.7,17.0,17.3,17.4,16.6,15.7,17.7,17.0,16.5,16.8,16.7,16.4,15.5,16.2],[13.4,9.4,9.1,7.3,9.2,8.6,8.9,8.4,1.2,8.4,9.5,10.9,13.8,13.5,15.1,13.7,13.4,12.3,14.4,13.3,11.8,11.5,12.2,12.1,13.9,14.0],[10.6,8.3,7.7,5.7,6.1,6.1,9.1,9.4,5.6,1.0,3.0,5.4,7.0,7.4,7.6,6.4,6.0,6.1,9.2,9.0,7.4,6.7,6.6,7.2,7.2,8.6],[9.4,7.2,5.9,4.6,4.6,5.4,8.1,9.7,4.9,2.4,0.9,2.2,4.7,5.2,5.9,4.7,4.4,5.1,8.0,7.7,5.5,4.8,4.7,5.2,5.3,6.7],[10.4,8.6,7.2,5.5,5.6,5.0,8.8,10.4,6.4,3.6,2.1,0.9,4.0,4.3,5.7,4.9,5.0,6.0,9.4,9.2,6.7,6.2,5.1,5.3,5.7,7.2],[14.0,12.4,10.1,10.4,10.3,9.6,12.9,14.4,12.6,7.8,6.7,5.1,1.4,6.4,7.3,7.1,7.2,7.5,12.1,12.8,10.2,9.2,9.5,9.5,8.9,10.2],[13.3,12.7,10.9,9.5,9.1,8.7,12.3,14.5,12.0,8.5,7.3,5.3,5.6,1.3,5.0,5.2,7.4,9.2,12.5,12.3,10.6,9.9,8.6,6.7,5.5,7.4],[15.3,14.0,12.0,10.8,10.1,10.4,13.1,14.6,13.8,10.6,9.1,7.5,5.8,5.0,1.2,4.6,6.9,10.7,12.9,13.2,12.2,10.4,7.8,6.7,5.7,7.7],[11.1,9.3,7.5,6.8,6.6,6.7,10.8,11.8,9.5,6.1,5.1,5.3,6.6,4.7,3.9,1.0,2.3,5.7,8.9,9.8,6.9,5.8,5.4,5.6,5.8,7.1],[9.3,7.4,6.1,5.6,5.7,6.1,9.5,12.0,8.0,5.2,4.9,4.7,6.6,5.5,4.6,2.6,0.9,2.9,7.4,8.1,5.9,5.1,4.7,5.4,5.8,7.9],[9.1,7.8,6.4,6.4,7.0,7.2,11.0,12.6,8.7,5.4,4.9,5.1,7.8,7.3,6.7,4.5,3.0,1.0,6.6,6.8,5.0,5.6,6.5,7.5,8.0,9.5],[11.2,9.6,9.5,11.2,12.3,12.9,16.1,17.5,13.3,10.1,9.9,11.2,11.2,13.5,12.8,10.8,8.1,6.6,1.4,7.2,6.1,9.1,11.0,12.9,13.9,14.9],[9.9,8.3,7.9,10.8,12.1,13.8,15.1,16.3,12.8,9.9,10.2,11.3,11.4,14.1,13.1,10.5,8.4,6.5,5.5,1.3,6.3,7.2,10.5,11.1,12.9,14.5],[9.1,7.1,6.1,7.3,8.2,9.0,11.9,14.5,9.6,7.5,7.2,8.1,9.4,10.0,9.2,7.6,5.7,5.4,6.7,4.4,1.1,4.6,6.3,8.3,10.1,10.1],[8.9,7.3,5.7,5.4,5.7,6.8,10.0,12.1,8.2,5.9,5.8,6.1,7.9,6.9,6.7,5.2,5.1,5.1,7.5,5.8,3.9,1.0,2.3,5.2,6.2,7.4],[9.6,7.5,6.4,5.4,4.6,5.5,8.7,11.5,7.9,5.4,4.8,5.0,7.4,5.7,5.1,4.2,4.2,4.9,8.8,8.0,4.2,2.5,0.9,2.0,3.5,4.8],[9.5,8.3,7.1,6.0,5.5,5.6,9.4,11.7,9.4,6.1,5.4,5.0,7.7,6.0,5.4,4.3,4.8,5.8,9.4,9.4,5.7,3.9,2.6,0.9,2.5,4.3],[12.1,10.3,8.8,7.6,6.5,7.3,11.0,12.9,11.4,7.3,6.9,6.3,8.7,6.4,6.0,5.6,6.9,8.1,10.7,11.3,8.0,6.1,5.1,3.5,1.1,3.8],[15.7,13.3,12.0,10.8,10.2,8.8,13.5,15.9,14.9,11.0,9.9,8.5,11.1,7.5,7.7,8.0,9.6,11.3,14.1,14.3,12.3,10.3,8.1,6.1,4.0,1.5]],
  "token_chain_ids": ["A","A","A","A","A","A","A","A","A","A","A","A","A","A","A","A","A","A","A","A","A","A","A","A","A","A"],
  "token_res_ids": [1,2,3,4,5,6,7,8,9,10,11,12,13,14,15,16,17,18,19,20,21,22,23,24,25,26]
}