{
  "atom_chain_ids": ["A","A","A","A","A","A","A","A","A","A","A","A","A","A","A","A","A","A","A","A","A","A","A","A","A","A","A","A","A","A","A","A","A","A","A","A","A","A","A","A","A","A","A","A","A","A","A","A","A","A","A","A","A","A","A","A","A","A","A","A","A","A","A","A","A","A","A","A","A","A","A","A","A","A","A","A","A","A","A","A","A","A","A","A","A","A","A","A","A","A","A","A","A","A","A","A","A","A","A","A","A","A","A","A","A","A","A","A","A","A","A","A","A","A","A","A","A","A","A","A","A","A","A","A","A","A","A","A","A","A","A","A","A","A","A","A","A","A","A","A","A","A","A","A","A","A","A","A","A","A","A","A","A","A","A","A","A","A","A","A","A","A","A","A","A","A","A","A","A","A","A","A","A","A","A","A","A","A","A","A","A","A","A","A","A","A","A","A","A","A","A","A","A","A","A","A","A","A","A","A","A","A","A","A","A","A","A","A","A","A","A","A","A","A","A","A","A","A","A","A","A","A","A","A","A","A","A","A","A","A","A","A","A","A","A","A","A","A","A","A","A","A","A","A","A","A","A","A","A","A","A","A","A","A","A","A","A","A","A","A","A","A","A","A","A","A","A","A","A","A","A","A","A","A","A","A","A","A","A","A","A","A","A","A","A","A","A","A","A","A","A","A","A","A","A","A","A","A","A","A","A","A","A","A","A","A","A","A","A","A","A","A","A","A","A","A","A","A","A","A","A","A","A","A","A","A","A","A","A","A","A","A","A","A","A","A","A","A","A","A","A","A","A","A","A","A","A","A","A","A","A","A","A","A","A","A","A","A","A","A","A","A","A","A","A","A","A","A","A","A","A","A","A","A","A","A","A","A","A","A","A","A","A","A","A","A","A","A","A","A","A","A","A","A","A","A","A","A","A","A","A","A","A","A","A","A","A","A","A","A","A","A","A","A","A","A","A","A","A","A","A","A","A","A","A","A","A","A","A","A","A","A","A","A","A","A","A","A","A","A","A","A","A","A","A","A","A","A","A","A","A","A","A","A","A","A","A","A","A","A","A","A","A","A","A","A","A","A","A","A","A","A","A","A","A","A","A","A","A","A","A","A","A","A","A","A","A","A","A","A","A","A","A","A","A","A","A","A","A","A","A","A","A","A","A","A","A","A","A","A","A","A","A","A","A","A","A","A","A","A","A"],
  "atom_plddts": [55.03,56.52,50.11,50.05,55.77,58.76,60.41,63.09,63.33,61.88,62.73,62.56,62.74,62.34,62.13,62.71,63.16,62.54,61.2,61.03,61.36,62.71,65.19,57.08,52.31,51.75,56.28,57.77,58.68,60.67,60.81,59.02,59.93,59.83,60.67,60.77,60.87,61.9,62.67,62.12,61.32,60.8,60.62,60.31,62.51,53.66,49.75,50.18,54.3,54.78,56.01,54.71,57.48,55.83,54.82,53.93,54.15,51.56,48.69,48.88,48.04,46.38,45.44,45.78,47.75,48.35,59.49,55.04,55.12,59.96,62.06,62.98,65.77,65.74,64.58,65.57,66.09,66.07,66.78,66.21,67.35,68.14,67.83,67.16,66.59,66.4,66.63,68.22,63.54,60.61,60.04,63.16,64.66,65.28,66.6,66.6,64.99,65.32,65.52,66.25,66.72,67.06,67.92,68.9,68.59,68.11,67.31,66.89,66.4,68.35,58.0,54.33,55.03,58.71,59.19,60.43,58.4,61.42,59.65,58.14,57.6,57.94,54.95,52.21,52.62,51.78,49.88,49.0,49.16,51.33,52.13,62.03,57.51,57.35,62.54,65.15,66.23,68.81,68.83,67.55,68.66,68.98,68.77,69.51,68.94,69.93,70.77,70.44,69.75,69.29,69.15,69.46,71.11,66.37,63.72,63.21,66.05,67.43,68.21,69.54,69.58,67.73,68.06,67.82,68.65,69.04,69.21,69.81,70.9,70.58,69.97,69.33,68.9,68.26,70.6,61.33,58.43,58.79,61.5,61.82,62.75,60.89,63.64,61.44,60.22,59.33,59.78,57.02,54.49,54.65,54.25,52.57,51.49,51.52,53.3,54.0,62.68,58.18,57.82,62.57,64.62,65.9,68.23,68.46,66.82,67.94,67.7,68.22,68.66,68.18,69.03,69.96,69.55,68.73,68.36,68.17,68.32,70.47,63.75,60.95,60.12,62.75,64.04,64.66,66.35,66.39,64.74,65.32,64.75,65.71,65.9,65.85,66.51,67.4,66.98,66.09,65.7,65.47,65.02,67.34,57.62,55.49,55.9,57.39,57.14,57.76,55.64,58.8,56.8,55.25,53.6,54.44,51.3,48.8,48.71,47.78,46.06,45.02,45.47,47.52,47.64,58.18,54.03,53.78,57.41,59.47,60.45,63.44,63.33,62.0,62.96,62.76,62.83,63.19,63.04,64.01,64.52,64.07,63.2,62.9,62.84,63.3,65.14,59.25,56.01,55.33,58.37,60.11,60.58,63.07,62.68,61.25,61.89,61.73,61.99,62.33,62.33,63.25,64.03,63.57,62.77,62.16,61.7,61.6,63.93,55.95,53.23,53.87,55.85,56.04,56.97,55.67,58.11,56.21,55.05,53.74,54.56,51.97,49.57,49.78,48.96,47.33,46.37,46.6,48.42,48.91,59.42,54.61,54.53,59.49,61.79,62.82,65.9,65.74,64.49,65.62,66.01,65.75,66.31,65.91,66.92,67.45,67.04,66.29,65.99,66.01,66.28,67.89,63.87,60.41,59.78,63.66,65.7,66.36,68.14,68.05,66.65,67.18,67.12,67.48,67.97,68.12,68.8,69.76,69.47,68.87,68.26,67.92,67.62,69.66,61.08,57.67,58.47,61.66,61.71,62.81,61.86,63.55,61.9,60.61,59.57,60.48,58.13,55.82,56.2,55.84,54.17,53.08,53.18,54.89,55.32,59.94,55.24,55.14,60.12,62.59,63.62,66.64,66.4,65.22,66.2,66.13,66.04,66.69,66.19,67.0,67.85,67.51,66.64,66.26,66.23,66.51,68.26,63.13,59.84,59.29,62.81,64.63,65.23,67.18,67.18,65.49,66.21,66.07,66.46,66.96,67.0,67.67,68.7,68.41,67.73,67.14,66.79,66.46,68.61,60.45,57.07,57.48,60.58,60.9,61.76,60.62,62.87,60.84,60.01,58.61,59.35,56.66,54.07,54.12,53.59,51.81,50.58,50.93,52.91,53.33,59.24,53.8,53.61,59.07,60.88,61.8,64.66,64.63,63.22,64.29,63.79,64.17,64.57,64.18,64.88,65.9,65.53,64.45,64.14,64.13,64.17,66.33,60.36,57.07,56.2,59.05,60.93,61.72,63.56,63.5,61.91,62.79,62.29,62.98,63.25,63.32,63.93,64.87,64.55,63.72,63.29,63.07,62.77,64.88,50.76,47.74,47.84,49.71,51.09,51.5,49.57,53.12,50.79,49.96,49.0,49.15,46.24,44.54,44.53,43.59,42.01,41.55,41.69,43.6,45.12],
  "contact_probs": [[1.0,0.99,0.45,0.4,0.06,0.03,0.03,0.06,0.07,0.61,0.78,0.26,0.51,0.58,0.08,0.09,0.06,0.03,0.05,0.05,0.03,0.07,0.15,0.08],[0.99,1.0,0.83,0.91,0.31,0.03,0.02,0.05,0.02,0.06,0.23,0.08,0.48,0.7,0.23,0.25,0.17,0.03,0.04,0.07,0.02,0.04,0.09,0.05],[0.45,0.83,1.0,0.61,0.12,0.04,0.03,0.01,0.02,0.02,0.03,0.03,0.08,0.29,0.21,0.08,0.04,0.02,0.01,0.01,0.03,0.02,0.02,0.03],[0.4,0.91,0.61,1.0,0.99,0.58,0.23,0.04,0.03,0.02,0.02,0.01,0.07,0.3,0.08,0.16,0.56,0.04,0.05,0.05,0.02,0.05,0.02,0.01],[0.06,0.31,0.12,0.99,1.0,0.77,0.95,0.31,0.04,0.03,0.04,0.01,0.04,0.23,0.04,0.56,0.84,0.14,0.16,0.18,0.03,0.04,0.06,0.01],[0.03,0.03,0.04,0.58,0.77,1.0,0.71,0.1,0.06,0.02,0.01,0.01,0.01,0.02,0.02,0.04,0.25,0.08,0.03,0.02,0.01,0.01,0.01,0.02],[0.03,0.02,0.03,0.23,0.95,0.71,1.0,0.99,0.69,0.24,0.05,0.01,0.02,0.02,0.01,0.03,0.36,0.04,0.09,0.55,0.04,0.04,0.03,0.01],[0.06,0.05,0.01,0.04,0.31,0.1,0.99,1.0,0.81,0.92,0.34,0.02,0.03,0.05,0.01,0.03,0.29,0.03,0.56,0.85,0.24,0.18,0.23,0.05],[0.07,0.02,0.02,0.03,0.04,0.06,0.69,0.81,1.0,0.81,0.17,0.02,0.02,0.02,0.02,0.02,0.03,0.02,0.03,0.21,0.1,0.05,0.05,0.04],[0.61,0.06,0.02,0.02,0.03,0.02,0.24,0.92,0.81,1.0,0.98,0.21,0.2,0.06,0.02,0.02,0.02,0.01,0.03,0.29,0.05,0.13,0.45,0.07],[0.78,0.23,0.03,0.02,0.04,0.01,0.05,0.34,0.17,0.98,1.0,0.56,0.83,0.32,0.03,0.03,0.05,0.01,0.04,0.22,0.06,0.4,0.71,0.23],[0.26,0.08,0.03,0.01,0.01,0.01,0.01,0.02,0.02,0.21,0.56,1.0,0.45,0.09,0.03,0.02,0.01,0.01,0.01,0.02,0.04,0.13,0.31,0.29],[0.51,0.48,0.08,0.07,0.04,0.01,0.02,0.03,0.02,0.2,0.83,0.45,1.0,0.97,0.46,0.29,0.08,0.02,0.03,0.05,0.04,0.3,0.63,0.21],[0.58,0.7,0.29,0.3,0.23,0.02,0.02,0.05,0.02,0.06,0.32,0.09,0.97,1.0,0.77,0.9,0.29,0.03,0.03,0.05,0.01,0.05,0.17,0.09],[0.08,0.23,0.21,0.08,0.04,0.02,0.01,0.01,0.02,0.02,0.03,0.03,0.46,0.77,1.0,0.73,0.13,0.06,0.03,0.02,0.03,0.04,0.05,0.09],[0.09,0.25,0.08,0.16,0.56,0.04,0.03,0.03,0.02,0.02,0.03,0.02,0.29,0.9,0.73,1.0,0.98,0.68,0.17,0.07,0.03,0.05,0.03,0.02],[0.06,0.17,0.04,0.56,0.84,0.25,0.36,0.29,0.03,0.02,0.05,0.01,0.08,0.29,0.13,0.98,1.0,0.83,0.94,0.27,0.02,0.04,0.03,0.01],[0.03,0.03,0.02,0.04,0.14,0.08,0.04,0.03,0.02,0.01,0.01,0.01,0.02,0.03,0.06,0.68,0.83,1.0,0.84,0.14,0.06,0.03,0.02,0.02],[0.05,0.04,0.01,0.05,0.16,0.03,0.09,0.56,0.03,0.03,0.04,0.01,0.03,0.03,0.03,0.17,0.94,0.84,1.0,0.99,0.77,0.23,0.07,0.02],[0.05,0.07,0.01,0.05,0.18,0.02,0.55,0.85,0.21,0.29,0.22,0.02,0.05,0.05,0.02,0.07,0.27,0.14,0.99,1.0,0.86,0.9,0.36,0.05],[0.03,0.02,0.03,0.02,0.03,0.01,0.04,0.24,0.1,0.05,0.06,0.04,0.04,0.01,0.03,0.03,0.02,0.06,0.77,0.86,1.0,0.86,0.24,0.04],[0.07,0.04,0.02,0.05,0.04,0.01,0.04,0.18,0.05,0.13,0.4,0.13,0.3,0.05,0.04,0.05,0.04,0.03,0.23,0.9,0.86,1.0,0.97,0.24],[0.15,0.09,0.02,0.02,0.06,0.01,0.03,0.23,0.05,0.45,0.71,0.31,0.63,0.17,0.05,0.03,0.03,0.02,0.07,0.36,0.24,0.97,1.0,0.67],[0.08,0.05,0.03,0.01,0.01,0.02,0.01,0.05,0.04,0.07,0.23,0.29,0.21,0.09,0.09,0.02,0.01,0.02,0.02,0.05,0.04,0.24,0.67,1.0]],
  "pae": [[1.1,2.7,4.7,4.4,5.9,8.1,6.2,7.1,9.2,5.9,6.1,7.4,5.9,4.6,7.6,6.4,6.1,8.0,8.3,7.0,9.6,8.4,6.7,9.0],[3.0,1.2,4.3,3.3,4.5,7.4,5.7,6.2,8.7,5.9,5.6,8.0,5.4,5.4,7.3,5.8,5.3,6.8,6.7,6.9,8.6,7.1,6.3,8.9],[4.1,3.8,1.3,5.7,6.0,8.5,8.7,9.5,10.5,8.9,8.9,10.6,7.2,5.7,9.3,7.2,7.0,10.3,9.9,9.8,11.3,10.8,9.3,11.3],[4.2,3.4,4.1,0.9,2.6,4.9,4.4,5.1,7.7,5.0,5.3,7.0,4.9,5.0,6.5,4.8,4.0,4.8,4.6,5.8,7.3,6.7,5.7,8.1],[4.1,3.6,4.7,1.9,1.0,4.3,3.2,4.5,6.6,4.4,5.1,8.2,5.5,5.2,7.0,4.6,3.9,5.5,5.3,4.8,7.3,5.7,5.9,9.0],[9.9,8.2,9.6,5.2,4.7,1.3,7.0,5.5,9.5,9.0,9.7,11.5,10.0,10.2,12.3,8.6,5.7,7.5,7.3,7.0,10.7,9.4,9.8,12.4],[4.9,4.6,6.4,3.7,3.5,3.8,0.9,2.7,4.9,3.4,4.0,6.7,5.0,5.1,6.7,4.7,4.4,5.1,4.0,3.6,6.2,4.5,4.9,7.8],[4.3,4.7,6.3,3.6,3.5,4.2,1.7,1.0,4.4,2.8,3.6,6.1,4.6,5.2,7.2,4.5,3.9,5.6,4.5,4.0,6.4,4.6,4.4,7.7],[9.9,10.0,11.9,9.0,8.1,9.4,4.6,4.5,1.3,5.9,5.8,9.4,9.3,10.2,12.0,9.2,7.6,10.1,7.2,5.0,7.8,8.1,8.4,11.3],[5.4,5.7,7.6,5.3,5.0,6.4,3.8,3.2,3.9,1.0,2.7,5.6,5.2,5.3,7.6,5.3,4.8,5.7,4.7,4.2,6.5,4.7,4.2,7.2],[5.0,5.6,7.1,5.2,5.5,6.9,4.4,3.9,4.7,2.4,1.0,4.9,4.0,5.1,7.4,5.5,5.2,6.8,5.4,4.7,7.0,5.2,4.5,7.2],[9.0,10.2,10.9,11.0,10.7,11.9,10.5,9.1,10.2,6.0,5.4,1.3,7.5,8.5,9.7,11.0,10.7,11.4,11.6,9.9,12.0,8.3,6.1,7.1],[5.2,5.3,6.5,6.0,6.1,7.6,6.5,6.2,7.6,4.4,3.9,4.1,1.0,3.3,6.0,5.4,5.8,7.5,6.2,6.4,7.8,6.0,5.1,6.5],[4.2,4.9,6.5,4.9,5.8,7.8,6.0,6.3,7.8,4.9,4.4,4.9,2.9,1.1,5.1,4.0,4.8,6.4,6.6,6.9,7.9,6.5,5.2,8.0],[8.3,8.7,9.0,9.0,9.2,11.7,11.4,11.3,11.8,10.1,8.7,10.1,6.1,5.3,1.4,7.9,7.8,10.1,10.8,11.3,12.2,10.9,9.3,11.5],[4.7,4.2,5.6,4.1,3.8,5.6,4.4,5.1,6.9,5.0,4.9,6.1,3.8,3.7,4.4,0.9,2.8,4.1,4.8,5.0,6.7,5.3,5.0,7.5],[4.6,4.7,5.6,3.4,4.1,5.4,3.7,4.2,6.6,4.4,4.6,6.8,4.1,3.8,4.9,2.1,1.0,3.0,3.2,4.2,5.7,4.8,5.1,7.7],[7.5,7.8,8.5,5.9,5.2,6.5,5.9,5.9,8.5,6.8,7.6,9.7,7.1,6.8,8.2,4.4,3.3,1.2,4.8,5.2,7.8,6.8,7.7,9.9],[6.2,6.3,6.8,4.5,4.5,5.9,3.7,3.7,5.8,4.1,4.7,7.2,5.3,5.1,6.9,4.1,3.2,3.1,0.9,3.4,4.6,4.3,4.7,6.9],[5.4,6.0,7.2,4.1,4.5,5.7,3.2,3.2,5.5,3.3,3.9,6.3,4.3,4.8,6.9,4.0,3.1,3.1,1.9,1.0,3.1,3.1,3.7,6.6],[9.0,9.3,10.2,7.5,6.9,8.8,5.2,4.9,7.2,5.6,5.7,9.2,7.2,8.8,11.4,7.6,6.0,7.8,3.5,4.2,1.3,5.3,6.2,8.9],[5.7,6.2,7.3,5.6,5.3,7.1,4.3,3.7,5.8,3.6,4.0,6.1,4.9,5.3,7.6,4.8,5.0,5.8,3.7,3.4,3.5,1.0,2.7,5.8],[5.8,6.4,7.8,5.7,6.1,7.5,4.7,4.3,6.4,4.0,4.6,5.8,4.2,5.0,7.7,4.8,4.8,6.1,4.3,3.8,4.3,2.2,1.1,4.1],[10.2,10.8,12.8,11.0,10.8,13.1,9.7,9.1,11.1,7.7,7.6,7.8,7.4,9.7,11.7,9.9,9.0,12.1,8.9,9.1,10.0,5.9,5.3,1.6]],
  "token_chain_ids": ["A","A","A","A","A","A","A","A","A","A","A","A","A","A","A","A","A","A","A","A","A","A","A","A"],
  "token_res_ids": [1,2,3,4,5,6,7,8,9,10,11,12,13,14,15,16,17,18,19,20,21,22,23,24]
}