{
  "atom_chain_ids": ["A","A","A","A","A","A","A","A","A","A","A","A","A","A","A","A","A","A","A","A","A","A","A","A","A","A","A","A","A","A","A","A","A","A","A","A","A","A","A","A","A","A","A","A","A","A","A","A","A","A","A","A","A","A","A","A","A","A","A","A","A","A","A","A","A","A","A","A","A","A","A","A","A","A","A","A","A","A","A","A","A","A","A","A","A","A","A","A","A","A","A","A","A","A","A","A","A","A","A","A","A","A","A","A","A","A","A","A","A","A","A","A","A","A","A","A","A","A","A","A","A","A","A","A","A","A","A","A","A","A","A","A","A","A","A","A","A","A","A","A","A","A","A","A","A","A","A","A","A","A","A","A","A","A","A","A","A","A","A","A","A","A","A","A","A","A","A","A","A","A","A","A","A","A","A","A","A","A","A","A","A","A","A","A","A","A","A","A","A","A","A","A","A","A","A","A","A","A","A","A","A","A","A","A","A","A","A","A","A","A","A","A","A","A","A","A","A","A","A","A","A","A","A","A","A","A","A","A","A","A","A","A","A","A","A","A","A","A","A","A","A","A","A","A","A","A","A","A","A","A","A","A","A","A","A","A","A","A","A","A","A","A","A","A","A","A","A","A","A","A","A","A","A","A","A","A","A","A","A","A","A","A","A","A","A","A","A","A","A","A","A","A","A","A","A","A","A","A","A","A","A","A","A","A","A","A","A","A","A","A","A","A","A","A","A","A","A","A","A","A","A","A","A","A","A","A","A","A","A","A","A","A","A","A","A","A","A","A","A","A","A","A","A","A","A","A","A","A","A","A","A","A","A","A","A","A","A","A","A","A","A","A","A","A","A","A","A","A","A","A","A","A","A","A","A","A","A","A","A","A","A","A","A","A","A","A","A","A","A","A","A","A","A","A","A","A","A","A","A","A","A","A","A","A","A","A","A","A","A","A","A","A","A","A","A","A","A","A","A","A","A","A","A","A","A","A","A","A","A","A","A","A","A","A","A","A","A","A","A","A","A","A","A","A","A","A","A","A","A","A","A","A","A","A","A","A","A","A","A","A","A","A","A","A","A","A","A","A","A","A","A","A","A","A","A","A","A","A","A","A","A","A","A","A","A","A","A","A","A","A","A","A","A","A","A","A","A","A","A","A","A","A","A","A","A","A","A","A","A","A","A","A","A","A","A","A","A","A","A","A","A"],
  "atom_plddts": [51.28,52.36,46.35,46.18,51.96,54.27,56.11,58.51,58.41,57.07,57.55,57.44,57.42,57.03,56.72,57.14,57.62,57.16,55.9,55.51,55.91,57.37,59.47,53.51,48.94,48.65,52.8,54.76,55.74,57.87,57.47,55.92,56.61,56.53,57.11,57.44,57.43,58.42,59.07,58.66,57.78,57.26,57.19,57.02,58.79,52.73,49.34,49.68,52.86,53.3,54.62,53.52,55.93,54.4,53.56,52.81,53.25,51.0,48.44,48.8,47.95,46.51,45.59,45.81,47.7,48.2,57.17,52.67,53.1,57.66,60.18,60.95,63.85,63.39,62.31,63.3,64.06,63.65,64.45,64.01,65.13,65.81,65.52,64.9,64.33,64.23,64.54,65.81,60.9,57.65,57.51,60.7,62.96,63.37,65.22,64.72,63.34,63.75,64.15,64.46,65.09,65.36,66.13,67.13,66.88,66.3,65.58,65.29,64.96,66.69,58.79,56.04,56.73,58.92,59.05,60.09,58.65,60.87,59.4,58.01,57.36,57.94,55.37,53.07,53.46,52.78,51.12,50.14,50.25,52.19,52.63,58.78,54.39,54.69,59.28,62.34,63.1,65.94,65.5,64.36,65.72,66.34,65.56,66.4,65.89,66.8,67.56,67.32,66.57,66.15,66.11,66.44,67.83,62.2,59.68,59.44,61.88,63.6,63.75,65.64,65.2,63.66,64.11,64.31,64.48,65.11,65.44,66.01,67.05,66.91,66.17,65.57,65.31,64.77,66.51,59.35,56.98,57.25,59.14,59.45,60.24,58.73,60.94,58.96,57.93,57.04,57.41,55.05,53.04,53.17,52.77,51.35,50.21,50.26,51.9,52.38,58.92,54.77,54.85,58.86,61.13,61.97,64.53,64.34,62.94,64.18,64.12,64.03,64.62,64.19,64.92,65.74,65.48,64.56,64.21,64.18,64.25,65.99,60.17,57.07,56.35,59.32,61.21,61.69,63.62,63.6,61.99,62.71,62.12,62.56,62.86,62.84,63.42,64.27,63.95,62.93,62.57,62.45,62.0,64.11,57.3,55.3,55.52,56.81,56.54,57.18,55.0,58.1,56.06,54.65,52.92,53.85,50.88,48.63,48.58,47.7,46.06,44.99,45.4,47.45,47.44,54.17,50.31,50.34,53.47,55.4,56.5,59.24,59.08,57.85,58.5,58.16,58.16,58.51,58.39,59.27,59.66,59.33,58.37,58.05,58.14,58.49,60.09,55.72,53.23,52.56,54.6,56.13,56.56,58.7,58.15,56.75,57.06,56.69,56.99,57.33,57.58,58.56,59.26,58.97,58.11,57.38,56.89,56.64,58.74,53.09,50.56,50.92,52.68,52.85,53.86,52.71,54.81,53.03,52.01,50.7,51.79,49.59,47.53,47.85,47.16,45.86,44.9,44.99,46.62,46.98,54.34,49.54,50.0,54.5,56.85,57.98,61.13,60.62,59.51,60.35,60.9,60.33,61.06,60.81,61.91,62.32,62.06,61.22,60.86,60.93,61.23,62.56,55.85,53.81,53.59,55.37,56.94,57.23,58.41,58.04,56.44,56.58,56.92,56.8,57.44,58.27,59.21,60.04,60.0,59.41,58.5,58.1,57.54,58.95,55.85,52.69,53.09,55.99,56.21,57.12,55.92,57.85,56.12,54.91,53.82,54.52,52.35,50.32,50.72,50.16,48.8,47.74,47.84,49.47,49.86,50.6,45.88,46.59,51.05,53.04,54.68,57.34,57.21,55.99,56.65,56.92,56.39,57.31,56.79,57.87,58.49,58.26,57.38,56.84,56.89,57.25,58.6,52.36,50.28,50.14,51.88,53.34,53.84,55.06,54.91,53.13,53.58,53.57,53.55,54.13,54.68,55.58,56.49,56.44,55.69,54.8,54.41,53.94,55.4,51.86,49.11,49.12,51.48,52.13,52.92,51.46,54.18,52.13,51.45,49.89,50.3,48.03,45.74,45.72,45.1,43.77,42.74,42.98,44.72,45.13,53.02,48.18,48.39,53.03,54.74,55.7,58.07,58.21,56.81,57.68,57.5,57.48,57.93,57.63,58.6,59.26,59.01,57.97,57.54,57.7,57.7,59.4,55.99,53.14,52.4,54.42,56.06,56.94,58.29,58.3,56.63,57.16,56.74,57.38,57.55,57.93,58.71,59.51,59.25,58.43,57.84,57.66,57.21,59.0,47.23,44.33,44.27,46.25,47.45,47.88,46.1,49.34,46.99,46.42,45.06,45.46,43.07,41.43,41.28,40.71,39.39,38.88,38.95,40.51,41.79],
  "contact_probs": [[1.0,0.99,0.45,0.4,0.06,0.03,0.03,0.06,0.07,0.61,0.78,0.26,0.51,0.58,0.08,0.09,0.06,0.03,0.05,0.05,0.03,0.07,0.15,0.08],[0.99,1.0,0.83,0.91,0.31,0.03,0.02,0.05,0.02,0.06,0.23,0.08,0.48,0.7,0.23,0.25,0.17,0.03,0.04,0.07,0.02,0.04,0.09,0.05],[0.45,0.83,1.0,0.61,0.12,0.04,0.03,0.01,0.02,0.02,0.03,0.03,0.08,0.29,0.21,0.08,0.04,0.02,0.01,0.01,0.03,0.02,0.02,0.03],[0.4,0.91,0.61,1.0,0.99,0.58,0.23,0.04,0.03,0.02,0.02,0.01,0.07,0.3,0.08,0.16,0.56,0.04,0.05,0.05,0.02,0.05,0.02,0.01],[0.06,0.31,0.12,0.99,1.0,0.77,0.95,0.31,0.04,0.03,0.04,0.01,0.04,0.23,0.04,0.56,0.84,0.14,0.16,0.18,0.03,0.04,0.06,0.01],[0.03,0.03,0.04,0.58,0.77,1.0,0.71,0.1,0.06,0.02,0.01,0.01,0.01,0.02,0.02,0.04,0.25,0.08,0.03,0.02,0.01,0.01,0.01,0.02],[0.03,0.02,0.03,0.23,0.95,0.71,1.0,0.99,0.69,0.24,0.05,0.01,0.02,0.02,0.01,0.03,0.36,0.04,0.09,0.55,0.04,0.04,0.03,0.01],[0.06,0.05,0.01,0.04,0.31,0.1,0.99,1.0,0.81,0.92,0.34,0.02,0.03,0.05,0.01,0.03,0.29,0.03,0.56,0.85,0.24,0.18,0.23,0.05],[0.07,0.02,0.02,0.03,0.04,0.06,0.69,0.81,1.0,0.81,0.17,0.02,0.02,0.02,0.02,0.02,0.03,0.02,0.03,0.21,0.1,0.05,0.05,0.04],[0.61,0.06,0.02,0.02,0.03,0.02,0.24,0.92,0.81,1.0,0.98,0.21,0.2,0.06,0.02,0.02,0.02,0.01,0.03,0.29,0.05,0.13,0.45,0.07],[0.78,0.23,0.03,0.02,0.04,0.01,0.05,0.34,0.17,0.98,1.0,0.56,0.83,0.32,0.03,0.03,0.05,0.01,0.04,0.22,0.06,0.4,0.71,0.23],[0.26,0.08,0.03,0.01,0.01,0.01,0.01,0.02,0.02,0.21,0.56,1.0,0.45,0.09,0.03,0.02,0.01,0.01,0.01,0.02,0.04,0.13,0.31,0.29],[0.51,0.48,0.08,0.07,0.04,0.01,0.02,0.03,0.02,0.2,0.83,0.45,1.0,0.97,0.46,0.29,0.08,0.02,0.03,0.05,0.04,0.3,0.63,0.21],[0.58,0.7,0.29,0.3,0.23,0.02,0.02,0.05,0.02,0.06,0.32,0.09,0.97,1.0,0.77,0.9,0.29,0.03,0.03,0.05,0.01,0.05,0.17,0.09],[0.08,0.23,0.21,0.08,0.04,0.02,0.01,0.01,0.02,0.02,0.03,0.03,0.46,0.77,1.0,0.73,0.13,0.06,0.03,0.02,0.03,0.04,0.05,0.09],[0.09,0.25,0.08,0.16,0.56,0.04,0.03,0.03,0.02,0.02,0.03,0.02,0.29,0.9,0.73,1.0,0.98,0.68,0.17,0.07,0.03,0.05,0.03,0.02],[0.06,0.17,0.04,0.56,0.84,0.25,0.36,0.29,0.03,0.02,0.05,0.01,0.08,0.29,0.13,0.98,1.0,0.83,0.94,0.27,0.02,0.04,0.03,0.01],[0.03,0.03,0.02,0.04,0.14,0.08,0.04,0.03,0.02,0.01,0.01,0.01,0.02,0.03,0.06,0.68,0.83,1.0,0.84,0.14,0.06,0.03,0.02,0.02],[0.05,0.04,0.01,0.05,0.16,0.03,0.09,0.56,0.03,0.03,0.04,0.01,0.03,0.03,0.03,0.17,0.94,0.84,1.0,0.99,0.77,0.23,0.07,0.02],[0.05,0.07,0.01,0.05,0.18,0.02,0.55,0.85,0.21,0.29,0.22,0.02,0.05,0.05,0.02,0.07,0.27,0.14,0.99,1.0,0.86,0.9,0.36,0.05],[0.03,0.02,0.03,0.02,0.03,0.01,0.04,0.24,0.1,0.05,0.06,0.04,0.04,0.01,0.03,0.03,0.02,0.06,0.77,0.86,1.0,0.86,0.24,0.04],[0.07,0.04,0.02,0.05,0.04,0.01,0.04,0.18,0.05,0.13,0.4,0.13,0.3,0.05,0.04,0.05,0.04,0.03,0.23,0.9,0.86,1.0,0.97,0.24],[0.15,0.09,0.02,0.02,0.06,0.01,0.03,0.23,0.05,0.45,0.71,0.31,0.63,0.17,0.05,0.03,0.03,0.02,0.07,0.36,0.24,0.97,1.0,0.67],[0.08,0.05,0.03,0.01,0.01,0.02,0.01,0.05,0.04,0.07,0.23,0.29,0.21,0.09,0.09,0.02,0.01,0.02,0.02,0.05,0.04,0.24,0.67,1.0]],
  "pae": [[1.2,3.4,6.4,5.8,6.8,10.0,7.4,8.6,9.7,6.6,7.2,8.3,6.2,6.4,8.3,7.1,8.6,10.5,9.7,8.6,11.6,8.6,8.5,11.4],[3.1,1.2,5.7,4.6,5.2,8.1,6.2,7.4,9.1,6.3,6.2,8.0,5.3,5.6,8.6,6.0,6.9,9.0,8.4,8.4,9.9,8.0,7.4,10.6],[4.5,4.5,1.3,6.7,6.4,9.6,9.3,10.4,11.7,9.6,9.4,10.6,7.7,7.9,9.4,7.9,8.8,11.7,11.6,11.2,12.7,11.3,11.2,12.4],[4.7,4.0,4.9,1.0,2.7,5.1,4.5,5.5,7.4,5.0,5.4,7.4,5.2,5.5,6.9,5.2,5.3,7.3,6.0,6.5,8.4,6.3,6.4,9.8],[4.9,4.3,5.7,2.3,1.0,4.4,3.2,4.8,7.0,4.8,5.5,8.2,6.0,6.0,7.6,4.8,5.9,7.0,6.0,6.4,8.4,5.8,6.3,10.2],[9.3,8.4,9.8,4.9,4.5,1.3,6.1,7.1,10.3,8.7,9.5,11.3,9.8,9.8,11.7,7.8,7.6,10.3,8.9,8.2,11.6,8.8,9.9,12.7],[5.3,4.9,6.4,3.9,3.7,4.0,0.9,3.2,5.1,4.2,4.6,7.2,5.8,5.9,7.6,4.9,5.7,7.0,5.1,5.9,7.5,4.5,5.5,9.2],[5.1,5.6,7.2,4.2,3.8,4.4,2.0,1.0,4.1,3.5,4.4,7.0,5.4,6.4,8.6,5.1,5.5,7.7,5.1,5.7,6.9,4.6,5.4,9.0],[9.3,9.7,11.8,7.5,7.4,10.0,4.0,4.2,1.3,6.7,6.7,8.5,9.3,9.7,12.0,9.2,8.6,11.6,8.8,7.6,10.0,8.1,8.9,11.6],[5.6,5.6,8.1,5.2,5.5,6.3,3.8,3.8,4.2,0.9,3.1,6.4,5.0,6.2,8.5,5.8,6.5,8.4,6.4,6.2,7.7,4.2,5.5,8.9],[6.2,5.8,8.2,5.8,5.9,7.7,5.2,4.5,5.3,2.8,1.1,4.4,4.3,5.9,7.9,6.0,7.3,9.3,6.4,6.8,8.7,5.1,5.4,9.4],[8.6,9.7,11.3,9.9,10.8,12.5,10.3,8.4,10.9,6.0,5.5,1.3,7.2,8.3,9.1,10.4,10.9,12.4,12.3,10.3,11.8,10.1,8.9,11.3],[6.6,5.5,8.1,6.6,7.2,9.1,8.4,7.3,8.7,5.1,5.1,4.4,1.0,3.0,6.9,6.2,6.7,9.2,7.7,8.4,9.4,7.2,6.8,9.2],[6.6,5.9,9.3,6.9,6.9,9.7,7.7,8.0,9.8,6.9,5.6,5.4,3.0,1.1,5.7,4.1,5.8,8.0,7.7,8.8,10.2,7.6,7.5,10.5],[10.0,7.4,10.6,9.8,10.3,13.3,13.5,12.0,13.4,12.1,10.0,10.9,6.7,6.1,1.4,8.5,9.3,11.0,12.7,13.0,13.2,12.0,10.7,12.3],[6.0,5.8,7.9,5.8,5.2,8.1,7.4,7.4,9.2,7.0,6.2,7.5,4.7,4.6,5.9,1.0,3.6,6.8,6.7,7.1,9.3,6.3,6.6,9.0],[9.8,7.0,10.9,6.2,5.9,9.4,7.1,6.7,9.6,7.0,7.2,9.8,6.7,5.5,6.8,3.0,1.0,4.6,4.2,5.1,7.7,6.5,7.5,10.4],[11.0,9.0,12.4,8.3,7.2,10.2,8.6,7.9,11.4,10.6,10.1,12.4,10.6,9.9,11.0,5.8,4.8,1.3,6.3,7.2,9.1,9.4,10.1,12.3],[8.8,7.9,9.9,6.4,6.6,8.4,6.2,5.4,8.3,7.1,7.1,9.8,7.4,8.0,10.8,6.1,5.0,5.5,0.9,3.8,6.3,6.4,5.7,9.0],[9.8,9.6,11.3,7.6,5.7,10.0,5.6,5.0,9.7,6.5,6.7,10.4,7.8,8.9,11.3,6.7,5.8,5.0,2.1,1.0,4.6,4.0,4.6,9.6],[12.2,11.7,13.7,10.6,8.3,11.7,7.6,6.1,10.8,9.0,8.9,12.2,10.0,11.7,14.1,10.4,8.8,9.2,4.2,4.7,1.2,6.2,7.2,10.8],[8.1,8.3,10.4,7.3,7.0,9.2,6.0,5.0,8.2,6.4,5.5,9.3,7.3,7.4,10.9,6.7,7.4,8.2,4.6,4.8,4.4,1.0,3.5,7.6],[9.1,8.5,11.2,7.5,7.3,9.8,6.9,6.4,9.5,6.5,5.9,9.4,6.6,7.4,10.2,7.1,7.4,9.2,5.5,5.2,5.8,2.7,1.1,5.0],[11.8,11.4,14.1,11.2,10.3,14.6,10.0,8.6,13.2,8.8,8.3,10.7,8.4,10.7,12.5,9.8,9.6,13.0,9.5,9.7,10.3,6.2,5.9,1.8]],
  "token_chain_ids": ["A","A","A","A","A","A","A","A","A","A","A","A","A","A","A","A","A","A","A","A","A","A","A","A"],
  "token_res_ids": [1,2,3,4,5,6,7,8,9,10,11,12,13,14,15,16,17,18,19,20,21,22,23,24]
}