{
  "atom_chain_ids": ["A","A","A","A","A","A","A","A","A","A","A","A","A","A","A","A","A","A","A","A","A","A","A","A","A","A","A","A","A","A","A","A","A","A","A","A","A","A","A","A","A","A","A","A","A","A","A","A","A","A","A","A","A","A","A","A","A","A","A","A","A","A","A","A","A","A","A","A","A","A","A","A","A","A","A","A","A","A","A","A","A","A","A","A","A","A","A","A","A","A","A","A","A","A","A","A","A","A","A","A","A","A","A","A","A","A","A","A","A","A","A","A","A","A","A","A","A","A","A","A","A","A","A","A","A","A","A","A","A","A","A","A","A","A","A","A","A","A","A","A","A","A","A","A","A","A","A","A","A","A","A","A","A","A","A","A","A","A","A","A","A","A","A","A","A","A","A","A","A","A","A","A","A","A","A","A","A","A","A","A","A","A","A","A","A","A","A","A","A","A","A","A","A","A","A","A","A","A","A","A","A","A","A","A","A","A","A","A","A","A","A","A","A","A","A","A","A","A","A","A","A","A","A","A","A","A","A","A","A","A","A","A","A","A","A","A","A","A","A","A","A","A","A","A","A","A","A","A","A","A","A","A","A","A","A","A","A","A","A","A","A","A","A","A","A","A","A","A","A","A","A","A","A","A","A","A","A","A","A","A","A","A","A","A","A","A","A","A","A","A","A","A","A","A","A","A","A","A","A","A","A","A","A","A","A","A","A","A","A","A","A","A","A","A","A","A","A","A","A","A","A","A","A","A","A","A","A","A","A","A","A","A","A","A","A","A","A","A","A","A","A","A","A","A","A","A","A","A","A","A","A","A","A","A","A","A","A","A","A","A","A","A","A","A","A","A","A","A","A","A","A","A","A","A","A","A","A","A","A","A","A","A","A","A","A","A","A","A","A","A","A","A","A","A","A","A","A","A","A","A","A","A","A","A","A","A","A","A","A","A","A","A","A","A","A","A","A","A","A","A","A","A","A","A","A","A","A","A","A","A","A","A","A","A","A","A","A","A","A","A","A","A","A","A","A","A","A","A","A","A","A","A","A","A","A","A","A","A","A","A","A","A","A","A","A","A","A","A","A","A","A","A","A","A","A","A","A","A","A","A","A","A","A","A","A","A","A","A","A","A","A","A","A","A","A","A","A","A","A","A","A","A","A","A","A","A","A","A","A","A","A","A","A","A","A","A","A","A","A","A","A"],
  "atom_plddts": [56.17,57.51,51.09,51.04,56.71,59.94,61.57,64.4,64.52,63.16,64.19,63.92,64.12,63.82,63.57,64.14,64.58,63.96,62.64,62.56,62.86,64.11,66.53,57.23,52.32,51.95,56.52,58.36,59.23,61.56,61.31,59.73,60.71,60.64,61.34,61.67,61.74,62.68,63.41,62.94,62.11,61.73,61.65,61.45,63.3,54.53,50.93,51.46,54.92,55.19,56.48,55.41,57.76,56.25,55.28,54.52,54.96,52.59,50.03,50.38,49.52,47.93,46.96,47.27,49.2,49.7,60.47,56.03,56.21,60.93,63.18,64.06,66.84,66.57,65.45,66.48,67.07,67.05,67.81,67.32,68.39,69.18,68.86,68.25,67.72,67.57,67.82,69.24,63.31,59.86,59.44,63.13,65.17,65.84,67.67,67.42,65.99,66.39,66.49,67.15,67.66,67.73,68.45,69.52,69.17,68.6,67.89,67.51,67.21,69.29,59.96,57.06,57.8,60.25,60.41,61.42,60.01,62.36,60.86,59.55,59.02,59.61,57.01,54.54,54.96,54.27,52.51,51.55,51.66,53.67,54.23,62.16,57.73,57.68,62.67,65.28,66.19,68.8,68.63,67.45,68.68,69.06,68.8,69.54,68.94,69.82,70.64,70.36,69.66,69.27,69.17,69.46,70.96,65.51,62.7,62.22,65.23,66.78,67.31,69.02,68.8,67.25,67.76,67.65,68.17,68.67,68.67,69.16,70.21,69.98,69.29,68.77,68.48,67.99,69.98,62.66,60.08,60.37,62.52,62.56,63.41,62.11,64.1,62.17,61.11,60.32,60.92,58.55,56.5,56.69,56.42,54.86,53.68,53.71,55.35,55.9,63.17,58.89,58.5,63.05,64.93,66.08,68.33,68.55,67.0,68.23,67.92,68.33,68.77,68.18,68.88,69.77,69.42,68.56,68.3,68.19,68.23,70.26,63.54,60.37,59.31,62.63,64.15,64.76,66.53,66.67,65.02,65.75,64.96,65.67,65.82,65.64,66.13,67.03,66.62,65.62,65.32,65.12,64.62,67.1,59.76,57.5,57.8,59.48,59.03,59.74,57.66,60.64,58.65,57.16,55.49,56.41,53.25,50.85,50.76,49.83,48.03,46.88,47.4,49.54,49.61,57.79,53.69,53.35,57.01,58.95,59.8,62.72,62.7,61.38,62.3,61.99,62.0,62.37,62.36,63.29,63.75,63.37,62.41,62.17,62.18,62.56,64.35,58.32,55.61,54.85,57.23,58.77,59.09,61.25,60.81,59.34,59.84,59.53,59.85,60.17,60.49,61.46,62.15,61.8,61.02,60.34,59.89,59.64,61.72,54.49,51.74,52.15,54.22,54.38,55.35,54.04,56.29,54.46,53.37,52.01,52.95,50.58,48.41,48.66,47.9,46.44,45.43,45.62,47.38,47.74,58.34,53.28,53.25,58.43,60.64,61.67,64.9,64.72,63.57,64.66,65.23,64.81,65.43,65.14,66.28,66.79,66.42,65.63,65.3,65.28,65.66,67.21,62.06,59.21,58.53,61.67,63.38,63.8,65.37,65.31,63.9,64.22,64.27,64.35,64.86,65.37,66.17,67.13,66.93,66.31,65.54,65.09,64.63,66.65,58.75,55.6,56.11,59.08,59.17,60.11,59.04,60.87,59.23,57.99,56.88,57.67,55.38,53.23,53.62,53.1,51.58,50.46,50.61,52.32,52.7,56.88,51.85,52.09,57.18,59.4,60.55,63.67,63.55,62.35,63.27,63.39,63.04,63.82,63.5,64.5,65.3,65.03,64.06,63.63,63.61,63.93,65.63,61.53,58.78,58.22,60.99,62.25,62.59,64.21,64.11,62.39,62.94,62.67,63.05,63.5,64.01,64.66,65.72,65.54,64.74,64.08,63.7,63.15,65.21,57.64,54.4,54.67,57.63,57.96,58.71,57.46,59.85,57.88,57.0,55.51,56.29,53.81,51.52,51.68,51.13,49.61,48.36,48.63,50.51,50.83,58.06,53.04,52.93,57.91,59.47,60.27,62.96,63.18,61.72,62.74,62.36,62.66,63.05,62.72,63.58,64.5,64.2,63.11,62.74,62.75,62.72,64.83,59.84,56.69,55.74,58.31,59.75,60.54,62.1,62.18,60.49,61.24,60.79,61.65,61.87,62.27,63.05,64.0,63.75,62.93,62.38,62.09,61.69,63.72,48.87,46.14,46.17,47.66,48.92,49.27,47.34,50.75,48.4,47.72,46.5,46.86,44.21,42.54,42.43,41.65,40.18,39.69,39.8,41.52,42.92],
  "contact_probs": [[1.0,0.99,0.45,0.4,0.06,0.03,0.03,0.06,0.07,0.61,0.78,0.26,0.51,0.58,0.08,0.09,0.06,0.03,0.05,0.05,0.03,0.07,0.15,0.08],[0.99,1.0,0.83,0.91,0.31,0.03,0.02,0.05,0.02,0.06,0.23,0.08,0.48,0.7,0.23,0.25,0.17,0.03,0.04,0.07,0.02,0.04,0.09,0.05],[0.45,0.83,1.0,0.61,0.12,0.04,0.03,0.01,0.02,0.02,0.03,0.03,0.08,0.29,0.21,0.08,0.04,0.02,0.01,0.01,0.03,0.02,0.02,0.03],[0.4,0.91,0.61,1.0,0.99,0.58,0.23,0.04,0.03,0.02,0.02,0.01,0.07,0.3,0.08,0.16,0.56,0.04,0.05,0.05,0.02,0.05,0.02,0.01],[0.06,0.31,0.12,0.99,1.0,0.77,0.95,0.31,0.04,0.03,0.04,0.01,0.04,0.23,0.04,0.56,0.84,0.14,0.16,0.18,0.03,0.04,0.06,0.01],[0.03,0.03,0.04,0.58,0.77,1.0,0.71,0.1,0.06,0.02,0.01,0.01,0.01,0.02,0.02,0.04,0.25,0.08,0.03,0.02,0.01,0.01,0.01,0.02],[0.03,0.02,0.03,0.23,0.95,0.71,1.0,0.99,0.69,0.24,0.05,0.01,0.02,0.02,0.01,0.03,0.36,0.04,0.09,0.55,0.04,0.04,0.03,0.01],[0.06,0.05,0.01,0.04,0.31,0.1,0.99,1.0,0.81,0.92,0.34,0.02,0.03,0.05,0.01,0.03,0.29,0.03,0.56,0.85,0.24,0.18,0.23,0.05],[0.07,0.02,0.02,0.03,0.04,0.06,0.69,0.81,1.0,0.81,0.17,0.02,0.02,0.02,0.02,0.02,0.03,0.02,0.03,0.21,0.1,0.05,0.05,0.04],[0.61,0.06,0.02,0.02,0.03,0.02,0.24,0.92,0.81,1.0,0.98,0.21,0.2,0.06,0.02,0.02,0.02,0.01,0.03,0.29,0.05,0.13,0.45,0.07],[0.78,0.23,0.03,0.02,0.04,0.01,0.05,0.34,0.17,0.98,1.0,0.56,0.83,0.32,0.03,0.03,0.05,0.01,0.04,0.22,0.06,0.4,0.71,0.23],[0.26,0.08,0.03,0.01,0.01,0.01,0.01,0.02,0.02,0.21,0.56,1.0,0.45,0.09,0.03,0.02,0.01,0.01,0.01,0.02,0.04,0.13,0.31,0.29],[0.51,0.48,0.08,0.07,0.04,0.01,0.02,0.03,0.02,0.2,0.83,0.45,1.0,0.97,0.46,0.29,0.08,0.02,0.03,0.05,0.04,0.3,0.63,0.21],[0.58,0.7,0.29,0.3,0.23,0.02,0.02,0.05,0.02,0.06,0.32,0.09,0.97,1.0,0.77,0.9,0.29,0.03,0.03,0.05,0.01,0.05,0.17,0.09],[0.08,0.23,0.21,0.08,0.04,0.02,0.01,0.01,0.02,0.02,0.03,0.03,0.46,0.77,1.0,0.73,0.13,0.06,0.03,0.02,0.03,0.04,0.05,0.09],[0.09,0.25,0.08,0.16,0.56,0.04,0.03,0.03,0.02,0.02,0.03,0.02,0.29,0.9,0.73,1.0,0.98,0.68,0.17,0.07,0.03,0.05,0.03,0.02],[0.06,0.17,0.04,0.56,0.84,0.25,0.36,0.29,0.03,0.02,0.05,0.01,0.08,0.29,0.13,0.98,1.0,0.83,0.94,0.27,0.02,0.04,0.03,0.01],[0.03,0.03,0.02,0.04,0.14,0.08,0.04,0.03,0.02,0.01,0.01,0.01,0.02,0.03,0.06,0.68,0.83,1.0,0.84,0.14,0.06,0.03,0.02,0.02],[0.05,0.04,0.01,0.05,0.16,0.03,0.09,0.56,0.03,0.03,0.04,0.01,0.03,0.03,0.03,0.17,0.94,0.84,1.0,0.99,0.77,0.23,0.07,0.02],[0.05,0.07,0.01,0.05,0.18,0.02,0.55,0.85,0.21,0.29,0.22,0.02,0.05,0.05,0.02,0.07,0.27,0.14,0.99,1.0,0.86,0.9,0.36,0.05],[0.03,0.02,0.03,0.02,0.03,0.01,0.04,0.24,0.1,0.05,0.06,0.04,0.04,0.01,0.03,0.03,0.02,0.06,0.77,0.86,1.0,0.86,0.24,0.04],[0.07,0.04,0.02,0.05,0.04,0.01,0.04,0.18,0.05,0.13,0.4,0.13,0.3,0.05,0.04,0.05,0.04,0.03,0.23,0.9,0.86,1.0,0.97,0.24],[0.15,0.09,0.02,0.02,0.06,0.01,0.03,0.23,0.05,0.45,0.71,0.31,0.63,0.17,0.05,0.03,0.03,0.02,0.07,0.36,0.24,0.97,1.0,0.67],[0.08,0.05,0.03,0.01,0.01,0.02,0.01,0.05,0.04,0.07,0.23,0.29,0.21,0.09,0.09,0.02,0.01,0.02,0.02,0.05,0.04,0.24,0.67,1.0]],
  "pae": [[1.1,2.8,4.7,4.9,6.0,7.9,6.2,6.7,7.4,5.6,5.8,6.8,5.6,5.3,7.5,6.1,6.0,8.6,6.8,6.4,8.4,6.7,6.1,9.0],[3.0,1.2,4.3,4.0,4.8,7.1,5.7,6.5,7.8,5.4,5.1,6.4,4.5,4.7,7.3,5.0,5.3,8.0,6.4,6.4,8.4,6.6,5.6,8.9],[4.4,3.7,1.3,6.1,6.1,8.5,8.0,9.0,10.1,8.3,8.2,8.8,6.6,6.6,9.1,7.0,6.4,10.2,9.4,10.0,10.9,9.5,9.0,11.0],[4.1,3.6,4.3,0.9,2.6,4.6,3.9,4.7,5.9,4.5,4.7,6.4,4.6,4.9,6.5,4.3,4.0,6.0,4.4,4.9,6.7,5.5,5.1,8.2],[4.3,4.2,4.9,2.2,1.0,4.2,3.0,4.3,5.8,4.3,5.1,7.2,5.2,5.0,7.3,3.8,3.9,6.7,4.4,4.6,6.5,5.3,5.3,8.7],[8.0,7.4,8.5,4.0,4.1,1.3,6.6,5.6,8.8,7.8,8.7,10.0,8.5,8.6,11.0,6.8,5.6,7.9,7.6,7.2,10.0,8.5,8.6,11.3],[4.5,4.7,5.7,3.4,3.4,3.6,0.9,2.6,4.1,3.4,3.9,6.2,4.9,5.0,7.0,4.2,3.9,5.5,3.5,3.7,5.6,4.0,4.3,7.6],[4.3,5.0,6.1,3.7,3.4,4.3,1.9,1.0,4.0,3.1,3.9,6.1,4.7,5.3,7.5,4.4,4.3,6.1,3.4,4.0,5.1,4.0,4.3,7.6],[8.4,9.2,10.7,7.2,6.9,9.8,3.9,4.2,1.3,5.9,6.0,8.6,8.8,9.1,11.4,8.5,7.8,10.4,6.7,5.6,7.7,6.6,7.2,10.6],[4.2,4.9,6.7,4.4,4.6,5.5,3.2,3.1,3.3,0.9,2.4,5.7,4.2,4.9,7.5,4.8,4.9,6.5,4.0,3.8,5.8,3.3,3.9,7.4],[4.7,5.2,7.2,4.9,5.2,6.6,4.3,4.0,4.5,2.4,1.0,4.3,3.6,4.7,7.5,5.0,5.6,7.9,4.3,4.5,6.0,3.9,3.9,7.6],[7.5,8.4,10.5,8.9,9.8,12.3,9.6,7.9,10.1,5.2,5.1,1.3,6.6,8.2,8.9,9.7,10.2,10.8,9.9,9.4,10.0,7.6,7.4,10.2],[5.5,5.1,7.3,6.1,6.5,8.0,7.1,6.4,7.2,4.5,4.2,3.8,1.0,2.8,7.2,4.9,6.0,8.2,5.9,6.4,7.4,5.7,5.5,7.9],[5.4,5.2,8.2,5.8,5.6,8.1,6.7,6.7,8.7,6.2,4.6,4.8,2.6,1.0,6.0,3.5,5.0,7.0,6.1,7.2,8.6,5.8,6.1,8.9],[9.6,7.4,9.9,9.1,9.6,12.3,11.8,11.2,12.8,11.7,9.5,10.7,6.5,5.9,1.4,8.3,8.3,11.0,11.5,12.1,12.5,11.1,10.1,11.6],[5.3,4.5,6.8,4.6,4.0,6.0,5.1,5.9,7.2,5.8,5.3,6.6,4.2,4.0,5.5,0.9,2.6,6.4,5.4,6.2,8.0,5.3,5.4,7.6],[6.1,5.5,8.2,4.9,4.6,7.0,5.1,4.8,7.0,5.1,5.2,7.5,4.7,4.5,5.6,2.2,1.0,4.5,3.0,4.1,6.3,4.9,5.7,9.1],[10.2,8.8,11.4,7.8,5.6,8.6,8.1,7.0,10.7,9.5,9.8,11.4,10.1,9.4,10.5,5.2,4.7,1.3,6.1,7.0,8.6,9.4,9.6,11.4],[6.8,6.6,8.7,5.5,5.1,7.4,4.6,3.8,6.9,5.0,5.4,7.8,6.2,6.1,8.7,4.7,3.9,4.6,0.9,3.2,4.7,4.6,4.9,7.6],[6.8,7.7,8.9,5.7,4.9,8.1,4.7,4.5,6.6,5.0,5.0,8.0,5.7,6.3,8.9,5.2,4.2,4.7,2.0,1.0,4.4,3.0,4.0,7.9],[9.4,9.9,11.4,9.1,7.7,10.2,6.6,4.7,8.0,6.8,7.0,9.9,8.2,10.2,12.1,8.9,6.8,9.3,3.8,4.5,1.3,5.5,5.7,9.8],[6.2,7.3,8.8,6.7,6.3,7.9,5.4,4.5,7.2,5.1,4.2,7.2,5.6,5.9,9.5,5.8,6.3,7.9,4.2,4.3,3.9,1.0,2.9,7.1],[6.9,7.5,9.4,6.8,6.3,8.7,5.6,5.1,7.8,5.1,4.5,7.2,5.3,6.2,9.3,6.1,5.6,8.5,4.8,4.5,4.7,2.4,1.1,5.4],[10.1,10.0,12.7,10.4,9.8,14.8,9.9,8.9,12.0,7.8,7.2,9.4,7.6,9.8,12.0,9.3,8.6,12.5,9.1,9.3,10.3,5.9,5.6,1.8]],
  "token_chain_ids": ["A","A","A","A","A","A","A","A","A","A","A","A","A","A","A","A","A","A","A","A","A","A","A","A"],
  "token_res_ids": [1,2,3,4,5,6,7,8,9,10,11,12,13,14,15,16,17,18,19,20,21,22,23,24]
}