{
  "atom_chain_ids": ["A","A","A","A","A","A","A","A","A","A","A","A","A","A","A","A","A","A","A","A","A","A","A","A","A","A","A","A","A","A","A","A","A","A","A","A","A","A","A","A","A","A","A","A","A","A","A","A","A","A","A","A","A","A","A","A","A","A","A","A","A","A","A","A","A","A","A","A","A","A","A","A","A","A","A","A","A","A","A","A","A","A","A","A","A","A","A","A","A","A","A","A","A","A","A","A","A","A","A","A","A","A","A","A","A","A","A","A","A","A","A","A","A","A","A","A","A","A","A","A","A","A","A","A","A","A","A","A","A","A","A","A","A","A","A","A","A","A","A","A","A","A","A","A","A","A","A","A","A","A","A","A","A","A","A","A","A","A","A","A","A","A","A","A","A","A","A","A","A","A","A","A","A","A","A","A","A","A","A","A","A","A","A","A","A","A","A","A","A","A","A","A","A","A","A","A","A","A","A","A","A","A","A","A","A","A","A","A","A","A","A","A","A","A","A","A","A","A","A","A","A","A","A","A","A","A","A","A","A","A","A","A","A","A","A","A","A","A","A","A","A","A","A","A","A","A","A","A","A","A","A","A","A","A","A","A","A","A","A","A","A","A","A","A","A","A","A","A","A","A","A","A","A","A","A","A","A","A","A","A","A","A","A","A","A","A","A","A","A","A","A","A","A","A","A","A","A","A","A","A","A","A","A","A","A","A","A","A","A","A","A","A","A","A","A","A","A","A","A","A","A","A","A","A","A","A","A","A","A","A","A","A","A","A","A","A","A","A","A","A","A","A","A","A","A","A","A","A","A","A","A","A","A","A","A","A","A","A","A","A","A","A","A","A","A","A","A","A","A","A","A","A","A","A","A","A","A","A","A","A","A","A","A","A","A","A","A","A","A","A","A","A","A","A","A","A","A","A","A","A","A","A","A","A","A","A","A","A","A","A","A","A","A","A","A","A","A","A","A","A","A","A","A","A","A","A","A","A","A","A","A","A","A","A","A","A","A","A","A","A","A","A","A","A","A","A","A","A","A","A","A","A","A","A","A","A","A","A","A","A","A","A","A","A","A","A","A","A","A","A","A","A","A","A","A","A","A","A","A","A","A","A","A","A","A","A","A","A","A","A","A","A","A","A","A","A","A","A","A","A","A","A","A","A","A","A","A","A","A","A","A","A","A","A","A","A","A","A","A","A","A"],
  "atom_plddts": [56.05,57.34,50.89,50.84,56.53,59.68,61.28,64.12,64.23,62.87,63.85,63.62,63.79,63.51,63.22,63.76,64.2,63.6,62.26,62.18,62.48,63.75,66.16,57.18,52.46,52.07,56.48,58.28,59.08,61.43,61.21,59.62,60.52,60.38,61.1,61.4,61.39,62.28,63.03,62.58,61.69,61.3,61.21,60.97,62.94,54.88,51.42,51.98,55.26,55.57,56.84,55.7,58.11,56.55,55.54,54.81,55.27,52.86,50.23,50.58,49.71,48.11,47.16,47.44,49.4,49.9,59.67,55.25,55.43,60.13,62.36,63.18,65.94,65.69,64.56,65.57,66.09,66.02,66.76,66.28,67.33,68.08,67.77,67.12,66.61,66.48,66.7,68.14,62.86,59.58,59.25,62.64,64.62,65.13,66.94,66.62,65.25,65.6,65.75,66.36,66.9,67.0,67.69,68.75,68.45,67.85,67.16,66.85,66.5,68.44,59.28,56.31,57.01,59.51,59.56,60.5,59.17,61.37,59.94,58.63,57.9,58.51,55.95,53.6,53.95,53.35,51.69,50.65,50.77,52.67,53.1,61.03,56.75,56.86,61.5,64.2,64.96,67.73,67.42,66.29,67.6,68.06,67.64,68.42,67.82,68.69,69.5,69.25,68.52,68.14,68.08,68.37,69.8,63.98,60.86,60.45,63.72,65.45,65.86,67.92,67.69,66.21,66.79,66.81,67.13,67.7,67.67,68.18,69.26,69.05,68.29,67.78,67.52,67.12,69.06,61.96,59.36,59.72,61.82,61.95,62.78,61.58,63.5,61.61,60.6,59.67,60.27,57.91,55.83,55.92,55.67,54.13,52.88,52.96,54.61,55.13,61.88,57.68,57.48,61.78,63.71,64.72,67.15,67.19,65.71,66.9,66.68,66.98,67.49,66.92,67.6,68.5,68.18,67.28,66.99,66.92,66.97,68.92,62.26,59.07,58.1,61.35,63.01,63.55,65.47,65.59,63.94,64.7,63.99,64.61,64.8,64.62,65.14,66.04,65.65,64.61,64.3,64.14,63.69,66.11,58.48,56.31,56.58,58.13,57.76,58.35,56.33,59.27,57.34,55.88,54.11,55.01,51.92,49.54,49.38,48.47,46.75,45.6,46.12,48.21,48.21,56.93,52.97,52.78,56.17,58.04,58.89,61.81,61.74,60.45,61.27,60.98,61.03,61.41,61.37,62.3,62.74,62.4,61.45,61.17,61.19,61.53,63.24,57.28,54.41,53.74,56.23,57.96,58.34,60.57,60.1,58.67,59.15,58.81,59.03,59.36,59.59,60.5,61.18,60.81,59.99,59.35,58.92,58.71,60.84,53.83,51.16,51.58,53.58,53.73,54.62,53.22,55.71,53.84,52.69,51.25,52.15,49.65,47.36,47.55,46.76,45.29,44.33,44.52,46.25,46.65,57.61,52.76,52.91,57.7,60.05,60.97,64.2,63.86,62.72,63.81,64.38,63.89,64.55,64.22,65.27,65.76,65.44,64.63,64.33,64.37,64.7,66.15,60.45,57.62,57.07,60.02,61.82,62.14,63.81,63.62,62.21,62.5,62.59,62.6,63.17,63.71,64.5,65.46,65.31,64.64,63.85,63.44,62.98,64.87,57.41,54.37,54.85,57.66,57.82,58.74,57.73,59.54,57.87,56.69,55.53,56.32,54.13,51.96,52.31,51.79,50.37,49.25,49.39,51.06,51.38,55.78,51.01,51.4,56.11,58.33,59.45,62.63,62.45,61.27,62.12,62.19,61.78,62.6,62.11,63.01,63.83,63.58,62.56,62.16,62.18,62.42,64.11,60.5,58.02,57.45,59.88,60.96,61.21,62.73,62.66,60.94,61.41,61.06,61.43,61.86,62.45,63.1,64.15,64.01,63.15,62.47,62.1,61.48,63.49,56.45,53.37,53.58,56.41,56.79,57.46,56.11,58.57,56.6,55.69,54.09,54.79,52.29,49.94,49.99,49.43,47.92,46.69,46.99,48.84,49.13,55.75,50.8,50.89,55.69,57.29,58.1,60.8,61.01,59.62,60.57,60.28,60.48,60.9,60.51,61.44,62.25,61.95,60.86,60.48,60.56,60.58,62.56,59.81,56.66,55.66,58.34,59.83,60.64,62.21,62.32,60.62,61.3,60.82,61.64,61.86,62.25,62.99,63.94,63.67,62.81,62.3,62.01,61.6,63.72,48.42,45.43,45.39,47.39,48.61,48.97,47.09,50.5,48.15,47.45,46.24,46.62,44.01,42.4,42.33,41.62,40.23,39.72,39.81,41.47,42.87],
  "contact_probs": [[1.0,0.99,0.45,0.4,0.06,0.03,0.03,0.06,0.07,0.61,0.78,0.26,0.51,0.58,0.08,0.09,0.06,0.03,0.05,0.05,0.03,0.07,0.15,0.08],[0.99,1.0,0.83,0.91,0.31,0.03,0.02,0.05,0.02,0.06,0.23,0.08,0.48,0.7,0.23,0.25,0.17,0.03,0.04,0.07,0.02,0.04,0.09,0.05],[0.45,0.83,1.0,0.61,0.12,0.04,0.03,0.01,0.02,0.02,0.03,0.03,0.08,0.29,0.21,0.08,0.04,0.02,0.01,0.01,0.03,0.02,0.02,0.03],[0.4,0.91,0.61,1.0,0.99,0.58,0.23,0.04,0.03,0.02,0.02,0.01,0.07,0.3,0.08,0.16,0.56,0.04,0.05,0.05,0.02,0.05,0.02,0.01],[0.06,0.31,0.12,0.99,1.0,0.77,0.95,0.31,0.04,0.03,0.04,0.01,0.04,0.23,0.04,0.56,0.84,0.14,0.16,0.18,0.03,0.04,0.06,0.01],[0.03,0.03,0.04,0.58,0.77,1.0,0.71,0.1,0.06,0.02,0.01,0.01,0.01,0.02,0.02,0.04,0.25,0.08,0.03,0.02,0.01,0.01,0.01,0.02],[0.03,0.02,0.03,0.23,0.95,0.71,1.0,0.99,0.69,0.24,0.05,0.01,0.02,0.02,0.01,0.03,0.36,0.04,0.09,0.55,0.04,0.04,0.03,0.01],[0.06,0.05,0.01,0.04,0.31,0.1,0.99,1.0,0.81,0.92,0.34,0.02,0.03,0.05,0.01,0.03,0.29,0.03,0.56,0.85,0.24,0.18,0.23,0.05],[0.07,0.02,0.02,0.03,0.04,0.06,0.69,0.81,1.0,0.81,0.17,0.02,0.02,0.02,0.02,0.02,0.03,0.02,0.03,0.21,0.1,0.05,0.05,0.04],[0.61,0.06,0.02,0.02,0.03,0.02,0.24,0.92,0.81,1.0,0.98,0.21,0.2,0.06,0.02,0.02,0.02,0.01,0.03,0.29,0.05,0.13,0.45,0.07],[0.78,0.23,0.03,0.02,0.04,0.01,0.05,0.34,0.17,0.98,1.0,0.56,0.83,0.32,0.03,0.03,0.05,0.01,0.04,0.22,0.06,0.4,0.71,0.23],[0.26,0.08,0.03,0.01,0.01,0.01,0.01,0.02,0.02,0.21,0.56,1.0,0.45,0.09,0.03,0.02,0.01,0.01,0.01,0.02,0.04,0.13,0.31,0.29],[0.51,0.48,0.08,0.07,0.04,0.01,0.02,0.03,0.02,0.2,0.83,0.45,1.0,0.97,0.46,0.29,0.08,0.02,0.03,0.05,0.04,0.3,0.63,0.21],[0.58,0.7,0.29,0.3,0.23,0.02,0.02,0.05,0.02,0.06,0.32,0.09,0.97,1.0,0.77,0.9,0.29,0.03,0.03,0.05,0.01,0.05,0.17,0.09],[0.08,0.23,0.21,0.08,0.04,0.02,0.01,0.01,0.02,0.02,0.03,0.03,0.46,0.77,1.0,0.73,0.13,0.06,0.03,0.02,0.03,0.04,0.05,0.09],[0.09,0.25,0.08,0.16,0.56,0.04,0.03,0.03,0.02,0.02,0.03,0.02,0.29,0.9,0.73,1.0,0.98,0.68,0.17,0.07,0.03,0.05,0.03,0.02],[0.06,0.17,0.04,0.56,0.84,0.25,0.36,0.29,0.03,0.02,0.05,0.01,0.08,0.29,0.13,0.98,1.0,0.83,0.94,0.27,0.02,0.04,0.03,0.01],[0.03,0.03,0.02,0.04,0.14,0.08,0.04,0.03,0.02,0.01,0.01,0.01,0.02,0.03,0.06,0.68,0.83,1.0,0.84,0.14,0.06,0.03,0.02,0.02],[0.05,0.04,0.01,0.05,0.16,0.03,0.09,0.56,0.03,0.03,0.04,0.01,0.03,0.03,0.03,0.17,0.94,0.84,1.0,0.99,0.77,0.23,0.07,0.02],[0.05,0.07,0.01,0.05,0.18,0.02,0.55,0.85,0.21,0.29,0.22,0.02,0.05,0.05,0.02,0.07,0.27,0.14,0.99,1.0,0.86,0.9,0.36,0.05],[0.03,0.02,0.03,0.02,0.03,0.01,0.04,0.24,0.1,0.05,0.06,0.04,0.04,0.01,0.03,0.03,0.02,0.06,0.77,0.86,1.0,0.86,0.24,0.04],[0.07,0.04,0.02,0.05,0.04,0.01,0.04,0.18,0.05,0.13,0.4,0.13,0.3,0.05,0.04,0.05,0.04,0.03,0.23,0.9,0.86,1.0,0.97,0.24],[0.15,0.09,0.02,0.02,0.06,0.01,0.03,0.23,0.05,0.45,0.71,0.31,0.63,0.17,0.05,0.03,0.03,0.02,0.07,0.36,0.24,0.97,1.0,0.67],[0.08,0.05,0.03,0.01,0.01,0.02,0.01,0.05,0.04,0.07,0.23,0.29,0.21,0.09,0.09,0.02,0.01,0.02,0.02,0.05,0.04,0.24,0.67,1.0]],
  "pae": [[1.2,2.7,4.6,5.1,6.0,8.2,6.4,6.7,7.8,5.5,5.9,7.2,5.4,5.3,7.6,6.3,6.3,8.6,7.4,6.7,8.9,7.1,6.5,9.7],[3.1,1.2,4.5,4.1,4.8,7.5,5.9,6.6,8.1,5.6,5.4,7.0,4.7,4.9,8.7,5.2,5.7,8.1,7.0,6.9,8.5,7.1,5.9,9.6],[4.3,3.6,1.3,6.4,6.2,8.9,8.4,9.5,10.6,8.3,8.0,9.1,6.5,6.6,8.8,7.2,7.0,10.5,9.9,10.3,11.2,10.1,9.0,11.5],[4.1,3.5,4.3,0.9,2.5,5.2,4.0,4.9,6.2,4.5,4.9,6.6,4.5,4.9,6.9,4.5,4.3,6.2,4.5,5.2,6.8,5.8,5.3,8.6],[4.4,4.1,5.1,2.2,1.0,4.6,3.1,4.4,6.1,4.4,5.3,7.7,5.4,5.4,8.0,4.4,4.6,7.0,4.7,5.0,6.7,5.6,5.7,9.4],[8.7,8.1,8.9,4.6,4.4,1.3,6.3,5.9,8.8,8.1,9.0,10.7,9.0,9.0,11.6,7.7,6.4,8.4,7.6,6.8,9.5,8.3,9.0,11.7],[4.8,4.8,5.9,3.6,3.5,3.9,0.9,3.0,4.0,3.7,4.1,6.5,5.2,5.4,7.8,4.7,4.4,5.7,3.9,4.1,5.6,4.1,4.5,8.3],[4.4,5.1,6.5,3.8,3.4,4.6,1.9,1.0,3.5,3.2,4.0,6.2,4.9,5.6,8.1,4.6,4.3,6.3,4.0,4.4,5.7,4.0,4.6,8.2],[8.3,9.0,10.9,7.0,6.4,9.2,3.6,4.2,1.3,5.9,6.0,8.1,8.5,9.2,11.5,8.3,7.4,9.9,7.3,6.2,8.3,6.9,7.9,10.8],[4.5,5.1,7.3,4.7,4.8,5.8,3.4,3.5,3.6,0.9,2.6,6.5,4.6,5.4,8.5,5.1,5.2,6.8,4.4,4.4,6.0,3.8,4.3,8.1],[5.2,5.5,7.8,5.3,5.6,7.2,4.8,4.4,5.0,2.7,1.0,4.6,3.8,5.2,8.0,5.3,6.2,8.0,5.4,5.1,6.6,4.8,4.6,8.6],[8.3,9.6,11.4,10.7,10.6,13.1,10.3,8.8,11.2,5.9,5.6,1.3,6.9,8.9,9.5,10.6,11.6,11.9,11.5,10.7,11.6,8.6,8.0,10.9],[5.6,5.2,7.5,6.4,6.7,8.7,7.9,7.1,7.8,4.6,4.1,4.2,1.0,2.8,7.8,5.4,6.0,8.6,6.5,7.5,8.2,6.2,5.8,8.6],[5.8,5.7,8.5,6.8,6.2,8.9,7.3,7.1,9.0,6.3,4.9,5.1,2.8,1.1,6.3,3.9,5.1,7.3,6.9,7.9,8.9,6.3,6.5,9.7],[10.0,7.6,10.6,10.5,10.5,13.4,13.0,12.4,13.9,12.4,10.1,11.4,7.0,6.2,1.4,8.6,8.8,11.1,11.5,12.6,13.9,12.1,11.1,12.4],[5.4,5.3,7.0,5.1,4.5,7.3,6.1,6.6,7.5,6.0,5.3,6.9,4.2,4.2,5.7,0.9,3.0,6.2,5.4,6.5,8.1,5.7,5.6,8.2],[6.7,6.1,8.9,5.1,5.3,7.9,5.8,5.2,7.7,5.3,5.3,8.1,5.0,4.6,5.8,2.3,1.0,4.1,2.9,4.2,6.4,4.9,5.8,9.3],[9.8,9.2,11.9,8.5,5.6,9.3,8.1,7.3,10.4,9.7,9.8,11.5,9.8,9.3,10.1,5.5,4.6,1.3,5.9,6.8,8.4,8.6,9.7,11.5],[6.8,7.1,8.4,5.2,5.3,7.3,4.8,4.4,7.1,5.3,5.3,8.0,6.3,6.1,8.9,5.0,4.0,4.4,0.9,3.4,5.1,4.5,4.8,7.5],[7.3,7.9,9.6,5.6,4.9,8.4,4.6,4.7,7.2,5.1,5.0,8.5,5.8,6.8,10.4,5.4,4.4,4.6,2.0,1.0,4.3,3.5,4.1,8.3],[9.5,10.0,11.4,8.9,7.4,10.7,6.6,5.1,8.9,7.4,7.1,10.3,8.6,10.4,12.6,8.6,7.3,9.0,3.9,4.6,1.2,5.8,5.9,10.3],[6.6,7.6,9.3,6.6,6.3,8.5,5.3,4.7,7.5,5.4,4.3,8.0,6.1,6.7,10.5,5.8,6.0,7.3,4.3,4.4,3.8,1.0,3.2,7.7],[7.1,7.8,9.5,6.9,6.3,9.0,5.9,5.4,8.1,5.3,4.7,7.8,5.5,6.3,9.7,5.9,5.9,8.0,4.5,4.5,4.6,2.6,1.1,6.3],[10.2,10.1,13.6,10.4,9.9,14.5,10.0,9.0,12.8,8.9,7.2,9.8,7.7,10.0,11.7,9.5,9.3,12.4,9.4,10.1,10.4,6.4,5.6,1.7]],
  "token_chain_ids": ["A","A","A","A","A","A","A","A","A","A","A","A","A","A","A","A","A","A","A","A","A","A","A","A"],
  "token_res_ids": [1,2,3,4,5,6,7,8,9,10,11,12,13,14,15,16,17,18,19,20,21,22,23,24]
}