{
  "atom_chain_ids": ["A","A","A","A","A","A","A","A","A","A","A","A","A","A","A","A","A","A","A","A","A","A","A","A","A","A","A","A","A","A","A","A","A","A","A","A","A","A","A","A","A","A","A","A","A","A","A","A","A","A","A","A","A","A","A","A","A","A","A","A","A","A","A","A","A","A","A","A","A","A","A","A","A","A","A","A","A","A","A","A","A","A","A","A","A","A","A","A","A","A","A","A","A","A","A","A","A","A","A","A","A","A","A","A","A","A","A","A","A","A","A","A","A","A","A","A","A","A","A","A","A","A","A","A","A","A","A","A","A","A","A","A","A","A","A","A","A","A","A","A","A","A","A","A","A","A","A","A","A","A","A","A","A","A","A","A","A","A","A","A","A","A","A","A","A","A","A","A","A","A","A","A","A","A","A","A","A","A","A","A","A","A","A","A","A","A","A","A","A","A","A","A","A","A","A","A","A","A","A","A","A","A","A","A","A","A","A","A","A","A","A","A","A","A","A","A","A","A","A","A","A","A","A","A","A","A","A","A","A","A","A","A","A","A","A","A","A","A","A","A","A","A","A","A","A","A","A","A","A","A","A","A","A","A","A","A","A","A","A","A","A","A","A","A","A","A","A","A","A","A","A","A","A","A","A","A","A","A","A","A","A","A","A","A","A","A","A","A","A","A","A","A","A","A","A","A","A","A","A","A","A","A","A","A","A","A","A","A","A","A","A","A","A","A","A","A","A","A","A","A","A","A","A","A","A","A","A","A","A","A","A","A","A","A","A","A","A","A","A","A","A","A","A","A","A","A","A","A","A","A","A","A","A","A","A","A","A","A","A","A","A","A","A","A","A","A","A","A","A","A","A","A","A","A","A","A","A","A","A","A","A","A","A","A","A","A","A","A","A","A","A","A","A","A","A","A","A","A","A","A","A","A","A","A","A","A","A","A","A","A","A","A","A","A","A","A","A","A","A","A","A","A","A","A","A","A","A","A","A","A","A","A","A","A","A","A","A","A","A","A","A","A","A","A","A","A","A","A","A","A","A","A","A","A","A","A","A","A","A","A","A","A","A","A","A","A","A","A","A","A","A","A","A","A","A","A","A","A","A","A","A","A","A","A","A","A","A","A","A","A","A","A","A","A","A","A","A","A","A","A","A","A","A","A","A","A","A","A","A","A","A","A","A","A","A","A","A","A","A","A","A"],
  "atom_plddts": [53.86,55.32,48.89,48.73,54.64,57.29,58.91,61.66,61.83,60.48,61.22,61.01,61.14,60.66,60.5,61.01,61.47,60.92,59.55,59.31,59.65,61.1,63.55,56.29,51.43,50.98,55.61,57.3,58.12,60.44,60.35,58.75,59.61,59.47,60.2,60.46,60.48,61.42,62.19,61.75,60.81,60.38,60.26,60.02,62.11,54.57,51.11,51.66,54.94,55.26,56.54,55.37,57.86,56.3,55.24,54.53,54.97,52.5,49.88,50.25,49.36,47.76,46.83,47.11,49.07,49.59,58.97,54.43,54.73,59.47,61.76,62.55,65.4,65.07,64.0,65.02,65.69,65.5,66.27,65.8,66.91,67.66,67.37,66.73,66.19,66.06,66.34,67.71,62.8,59.47,59.11,62.61,64.7,65.25,67.05,66.75,65.35,65.75,65.95,66.53,67.08,67.17,67.91,68.95,68.65,68.08,67.36,67.01,66.69,68.63,59.27,56.29,57.03,59.6,59.72,60.71,59.24,61.66,60.18,58.82,58.24,58.81,56.16,53.69,54.12,53.45,51.74,50.79,50.87,52.83,53.38,60.09,55.77,55.84,60.56,63.24,64.04,66.85,66.6,65.48,66.67,67.14,66.62,67.43,66.86,67.79,68.6,68.33,67.59,67.14,67.04,67.34,68.85,63.35,60.34,59.95,63.14,64.99,65.39,67.41,67.17,65.64,66.22,66.33,66.55,67.15,67.22,67.78,68.86,68.67,67.92,67.37,67.09,66.65,68.61,60.87,58.45,58.73,60.71,60.87,61.7,60.15,62.42,60.41,59.35,58.45,58.87,56.41,54.24,54.36,53.97,52.44,51.31,51.36,53.03,53.55,60.68,56.47,56.27,60.56,62.63,63.51,66.11,66.09,64.66,65.87,65.76,65.8,66.34,65.81,66.55,67.42,67.11,66.21,65.88,65.79,65.88,67.78,62.4,59.53,58.53,61.41,62.88,63.35,65.12,65.22,63.6,64.27,63.6,64.24,64.42,64.37,64.94,65.82,65.46,64.45,64.11,63.92,63.41,65.74,59.02,56.81,57.08,58.65,58.19,58.83,56.76,59.73,57.77,56.3,54.63,55.59,52.53,50.27,50.23,49.36,47.67,46.55,46.99,49.04,49.06,57.42,53.42,53.18,56.71,58.58,59.43,62.27,62.22,60.92,61.79,61.58,61.59,61.96,62.01,62.98,63.41,63.08,62.13,61.88,61.91,62.25,63.96,59.73,56.78,55.85,58.75,60.29,60.63,62.85,62.49,61.09,61.59,61.2,61.53,61.82,62.04,62.93,63.71,63.33,62.51,61.88,61.4,61.14,63.46,55.77,53.21,53.74,55.57,55.49,56.35,55.02,57.31,55.52,54.25,52.9,54.04,51.57,49.43,49.76,49.02,47.55,46.57,46.7,48.41,48.71,57.92,52.73,52.78,58.03,60.38,61.37,64.64,64.41,63.29,64.4,64.93,64.47,65.11,64.87,65.96,66.47,66.14,65.32,65.02,65.02,65.39,66.92,60.33,57.68,57.12,59.94,61.45,61.71,63.07,62.97,61.52,61.7,61.89,61.91,62.48,63.29,64.19,65.12,65.03,64.38,63.56,63.12,62.56,64.37,58.01,54.82,55.29,58.34,58.42,59.32,58.04,60.04,58.32,56.98,55.79,56.54,54.16,52.0,52.36,51.82,50.33,49.23,49.35,51.04,51.41,54.42,49.4,49.88,54.84,56.93,58.2,61.32,61.25,60.09,60.88,61.11,60.62,61.5,61.2,62.28,63.04,62.82,61.82,61.34,61.34,61.66,63.3,56.33,53.83,53.45,55.77,57.21,57.58,59.06,59.05,57.27,57.74,57.78,57.82,58.34,58.98,59.88,60.85,60.77,59.98,59.14,58.71,58.25,60.03,54.04,51.31,51.47,53.84,54.36,55.03,53.58,56.23,54.2,53.37,51.82,52.34,49.92,47.57,47.58,46.97,45.56,44.45,44.71,46.5,46.82,53.94,49.1,49.23,53.95,55.43,56.29,58.78,59.03,57.66,58.5,58.27,58.43,58.83,58.53,59.58,60.34,60.09,59.03,58.54,58.6,58.61,60.51,58.79,55.63,54.66,57.24,58.66,59.45,61.06,61.24,59.55,60.23,59.89,60.66,60.88,61.32,62.18,63.13,62.88,62.03,61.45,61.11,60.76,62.87,48.63,45.76,45.81,47.52,48.73,49.03,47.16,50.49,48.17,47.46,46.27,46.72,44.11,42.53,42.48,41.76,40.37,39.88,39.94,41.6,42.99],
  "contact_probs": [[1.0,0.99,0.45,0.4,0.06,0.03,0.03,0.06,0.07,0.61,0.78,0.26,0.51,0.58,0.08,0.09,0.06,0.03,0.05,0.05,0.03,0.07,0.15,0.08],[0.99,1.0,0.83,0.91,0.31,0.03,0.02,0.05,0.02,0.06,0.23,0.08,0.48,0.7,0.23,0.25,0.17,0.03,0.04,0.07,0.02,0.04,0.09,0.05],[0.45,0.83,1.0,0.61,0.12,0.04,0.03,0.01,0.02,0.02,0.03,0.03,0.08,0.29,0.21,0.08,0.04,0.02,0.01,0.01,0.03,0.02,0.02,0.03],[0.4,0.91,0.61,1.0,0.99,0.58,0.23,0.04,0.03,0.02,0.02,0.01,0.07,0.3,0.08,0.16,0.56,0.04,0.05,0.05,0.02,0.05,0.02,0.01],[0.06,0.31,0.12,0.99,1.0,0.77,0.95,0.31,0.04,0.03,0.04,0.01,0.04,0.23,0.04,0.56,0.84,0.14,0.16,0.18,0.03,0.04,0.06,0.01],[0.03,0.03,0.04,0.58,0.77,1.0,0.71,0.1,0.06,0.02,0.01,0.01,0.01,0.02,0.02,0.04,0.25,0.08,0.03,0.02,0.01,0.01,0.01,0.02],[0.03,0.02,0.03,0.23,0.95,0.71,1.0,0.99,0.69,0.24,0.05,0.01,0.02,0.02,0.01,0.03,0.36,0.04,0.09,0.55,0.04,0.04,0.03,0.01],[0.06,0.05,0.01,0.04,0.31,0.1,0.99,1.0,0.81,0.92,0.34,0.02,0.03,0.05,0.01,0.03,0.29,0.03,0.56,0.85,0.24,0.18,0.23,0.05],[0.07,0.02,0.02,0.03,0.04,0.06,0.69,0.81,1.0,0.81,0.17,0.02,0.02,0.02,0.02,0.02,0.03,0.02,0.03,0.21,0.1,0.05,0.05,0.04],[0.61,0.06,0.02,0.02,0.03,0.02,0.24,0.92,0.81,1.0,0.98,0.21,0.2,0.06,0.02,0.02,0.02,0.01,0.03,0.29,0.05,0.13,0.45,0.07],[0.78,0.23,0.03,0.02,0.04,0.01,0.05,0.34,0.17,0.98,1.0,0.56,0.83,0.32,0.03,0.03,0.05,0.01,0.04,0.22,0.06,0.4,0.71,0.23],[0.26,0.08,0.03,0.01,0.01,0.01,0.01,0.02,0.02,0.21,0.56,1.0,0.45,0.09,0.03,0.02,0.01,0.01,0.01,0.02,0.04,0.13,0.31,0.29],[0.51,0.48,0.08,0.07,0.04,0.01,0.02,0.03,0.02,0.2,0.83,0.45,1.0,0.97,0.46,0.29,0.08,0.02,0.03,0.05,0.04,0.3,0.63,0.21],[0.58,0.7,0.29,0.3,0.23,0.02,0.02,0.05,0.02,0.06,0.32,0.09,0.97,1.0,0.77,0.9,0.29,0.03,0.03,0.05,0.01,0.05,0.17,0.09],[0.08,0.23,0.21,0.08,0.04,0.02,0.01,0.01,0.02,0.02,0.03,0.03,0.46,0.77,1.0,0.73,0.13,0.06,0.03,0.02,0.03,0.04,0.05,0.09],[0.09,0.25,0.08,0.16,0.56,0.04,0.03,0.03,0.02,0.02,0.03,0.02,0.29,0.9,0.73,1.0,0.98,0.68,0.17,0.07,0.03,0.05,0.03,0.02],[0.06,0.17,0.04,0.56,0.84,0.25,0.36,0.29,0.03,0.02,0.05,0.01,0.08,0.29,0.13,0.98,1.0,0.83,0.94,0.27,0.02,0.04,0.03,0.01],[0.03,0.03,0.02,0.04,0.14,0.08,0.04,0.03,0.02,0.01,0.01,0.01,0.02,0.03,0.06,0.68,0.83,1.0,0.84,0.14,0.06,0.03,0.02,0.02],[0.05,0.04,0.01,0.05,0.16,0.03,0.09,0.56,0.03,0.03,0.04,0.01,0.03,0.03,0.03,0.17,0.94,0.84,1.0,0.99,0.77,0.23,0.07,0.02],[0.05,0.07,0.01,0.05,0.18,0.02,0.55,0.85,0.21,0.29,0.22,0.02,0.05,0.05,0.02,0.07,0.27,0.14,0.99,1.0,0.86,0.9,0.36,0.05],[0.03,0.02,0.03,0.02,0.03,0.01,0.04,0.24,0.1,0.05,0.06,0.04,0.04,0.01,0.03,0.03,0.02,0.06,0.77,0.86,1.0,0.86,0.24,0.04],[0.07,0.04,0.02,0.05,0.04,0.01,0.04,0.18,0.05,0.13,0.4,0.13,0.3,0.05,0.04,0.05,0.04,0.03,0.23,0.9,0.86,1.0,0.97,0.24],[0.15,0.09,0.02,0.02,0.06,0.01,0.03,0.23,0.05,0.45,0.71,0.31,0.63,0.17,0.05,0.03,0.03,0.02,0.07,0.36,0.24,0.97,1.0,0.67],[0.08,0.05,0.03,0.01,0.01,0.02,0.01,0.05,0.04,0.07,0.23,0.29,0.21,0.09,0.09,0.02,0.01,0.02,0.02,0.05,0.04,0.24,0.67,1.0]],
  "pae": [[1.2,3.2,6.0,5.2,6.5,9.0,7.1,7.7,8.8,6.2,6.0,7.1,5.0,5.4,7.0,6.1,6.8,9.2,8.5,7.2,10.3,7.0,6.6,9.8],[3.2,1.2,4.7,4.3,5.3,7.7,6.1,7.1,8.7,5.8,5.7,6.9,4.6,4.8,7.4,5.1,5.7,8.3,7.4,7.4,9.0,7.4,6.2,9.8],[5.3,4.2,1.3,7.2,6.9,9.3,9.8,10.4,11.8,9.5,9.2,9.9,7.3,7.0,8.6,7.5,7.3,11.6,10.8,10.8,12.4,10.6,9.8,11.7],[4.5,3.7,4.7,0.9,2.4,4.8,4.2,5.1,7.1,4.8,5.0,6.6,4.9,4.6,6.1,4.7,4.1,6.2,4.9,5.4,7.6,5.9,5.4,8.6],[4.6,4.1,5.5,2.3,1.0,4.6,3.3,4.8,6.8,4.5,5.5,7.5,5.7,5.0,6.4,4.2,4.2,7.1,5.2,5.5,7.6,5.9,5.7,9.0],[8.6,8.0,9.6,4.4,4.3,1.3,6.5,6.4,9.3,7.9,8.9,10.7,8.9,8.8,10.3,7.2,5.9,8.2,7.6,7.5,10.9,8.4,9.0,11.7],[5.1,4.9,6.2,3.8,3.8,4.0,0.9,3.3,4.9,3.8,4.3,6.5,5.2,5.3,6.9,4.5,4.3,6.3,4.3,5.0,6.7,4.4,4.7,8.2],[4.9,5.5,7.0,4.0,3.7,4.6,2.0,1.0,4.2,3.4,4.0,6.6,5.2,5.6,7.9,4.7,4.5,7.0,4.4,5.2,6.3,4.3,4.8,8.6],[9.1,10.0,11.7,8.6,7.7,10.6,4.7,4.6,1.3,6.3,6.3,8.7,9.2,9.8,11.5,9.0,8.5,11.4,7.7,6.9,8.5,7.4,7.8,11.0],[5.0,5.3,7.5,4.9,5.4,6.5,3.9,3.6,4.1,1.0,2.7,6.1,4.9,5.5,7.7,5.4,5.7,7.6,4.8,5.1,7.0,4.1,4.3,8.1],[5.2,5.5,7.8,5.4,5.7,7.5,4.9,4.4,5.5,2.6,1.0,4.3,3.9,5.1,7.6,5.5,6.3,8.4,5.5,5.1,7.4,4.8,4.6,8.7],[7.5,8.9,10.9,9.9,10.4,12.7,10.3,8.4,10.9,5.7,5.2,1.3,6.4,8.1,9.2,10.0,10.4,11.6,11.0,9.9,11.1,8.3,7.4,10.9],[4.6,4.7,7.5,5.8,6.5,8.4,7.7,6.4,7.5,4.7,4.2,3.9,1.0,2.7,5.8,5.6,5.5,8.2,6.6,7.0,8.1,6.3,5.6,8.5],[4.5,4.2,7.7,5.5,5.6,8.0,6.1,6.4,8.1,5.2,4.3,4.7,2.4,1.0,5.7,3.3,4.5,6.6,6.3,6.8,8.2,5.8,5.9,8.8],[8.7,6.8,9.4,9.1,8.9,12.2,12.1,11.3,12.7,10.9,9.3,10.1,6.7,5.3,1.4,7.7,8.0,9.7,11.5,12.1,12.6,10.9,10.4,11.8],[4.9,4.7,7.0,4.7,4.2,6.7,5.5,6.1,7.9,5.7,5.2,6.6,4.1,3.7,4.7,0.9,2.7,6.0,5.3,6.1,8.3,5.5,5.4,8.2],[7.2,5.6,9.0,5.0,5.0,7.9,6.3,6.2,8.5,5.6,5.5,8.0,5.0,4.2,5.4,2.5,1.0,4.8,3.3,4.3,6.8,5.8,6.0,9.5],[10.6,8.9,12.3,8.1,5.9,9.0,9.0,8.0,11.4,10.0,10.2,11.9,10.0,9.2,9.8,5.7,4.7,1.3,6.6,7.3,8.8,9.8,10.1,11.6],[7.5,7.1,8.9,5.9,5.8,7.8,5.7,5.0,8.3,6.1,6.0,8.2,6.8,7.1,8.8,5.5,4.5,4.8,0.9,3.3,5.6,5.8,5.3,7.8],[8.2,8.9,10.1,6.4,4.9,9.0,5.0,4.9,9.0,5.2,5.5,9.2,6.9,7.2,10.1,6.1,4.5,5.0,2.0,1.0,4.4,4.0,4.3,8.7],[11.0,11.0,12.9,10.3,8.3,11.7,7.7,5.5,9.4,8.3,8.0,11.0,9.2,10.8,12.9,9.6,7.9,9.4,4.2,4.7,1.2,6.0,7.0,10.9],[7.3,7.9,10.0,6.9,6.9,8.8,5.8,5.0,8.4,5.3,4.8,8.2,6.4,7.0,10.3,6.4,6.4,8.3,4.6,4.4,3.9,1.0,3.4,7.9],[7.7,8.0,10.5,7.2,6.5,9.7,6.6,5.8,8.8,5.6,4.9,8.1,5.8,6.5,9.7,6.3,6.0,8.6,4.7,4.8,4.9,2.5,1.2,5.9],[10.6,10.5,13.8,10.9,9.8,14.6,9.8,8.5,12.5,7.9,7.5,9.9,8.1,10.0,12.0,9.5,9.1,12.9,9.4,9.4,10.3,6.5,5.6,1.7]],
  "token_chain_ids": ["A","A","A","A","A","A","A","A","A","A","A","A","A","A","A","A","A","A","A","A","A","A","A","A"],
  "token_res_ids": [1,2,3,4,5,6,7,8,9,10,11,12,13,14,15,16,17,18,19,20,21,22,23,24]
}