{
  "atom_chain_ids": ["A","A","A","A","A","A","A","A","A","A","A","A","A","A","A","A","A","A","A","A","A","A","A","A","A","A","A","A","A","A","A","A","A","A","A","A","A","A","A","A","A","A","A","A","A","A","A","A","A","A","A","A","A","A","A","A","A","A","A","A","A","A","A","A","A","A","A","A","A","A","A","A","A","A","A","A","A","A","A","A","A","A","A","A","A","A","A","A","A","A","A","A","A","A","A","A","A","A","A","A","A","A","A","A","A","A","A","A","A","A","A","A","A","A","A","A","A","A","A","A","A","A","A","A","A","A","A","A","A","A","A","A","A","A","A","A","A","A","A","A","A","A","A","A","A","A","A","A","A","A","A","A","A","A","A","A","A","A","A","A","A","A","A","A","A","A","A","A","A","A","A","A","A","A","A","A","A","A","A","A","A","A","A","A","A","A","A","A","A","A","A","A","A","A","A","A","A","A","A","A","A","A","A","A","A","A","A","A","A","A","A","A","A","A","A","A","A","A","A","A","A","A","A","A","A","A","A","A","A","A","A","A","A","A","A","A","A","A","A","A","A","A","A","A","A","A","A"],
  "atom_plddts": [74.91,78.28,72.21,72.57,78.04,81.43,85.35,86.27,87.08,85.99,86.98,86.99,88.11,87.55,86.79,87.83,87.5,86.13,86.49,86.95,87.32,87.82,88.52,84.49,80.13,79.44,84.43,84.39,86.69,87.05,87.51,86.45,87.39,87.82,89.09,89.14,88.83,89.77,90.02,89.15,89.51,89.32,89.01,89.62,89.86,86.43,83.41,82.47,86.43,85.81,88.02,88.45,88.66,87.28,88.08,89.1,90.09,90.34,89.46,90.15,90.21,89.16,89.16,89.5,89.02,85.78,84.55,88.5,88.59,91.22,91.54,91.66,90.37,90.95,91.8,93.05,93.14,91.93,92.41,92.48,91.45,91.6,91.89,87.91,84.53,83.0,86.68,87.1,89.17,89.13,89.13,87.67,88.37,88.69,89.7,88.44,86.68,87.42,87.38,85.68,86.43,86.65,86.43,86.14,88.26,82.03,78.49,78.29,82.11,82.17,84.38,84.01,84.04,82.47,82.81,83.84,84.04,82.91,80.22,80.35,80.27,78.96,79.2,79.95,86.34,82.18,81.1,85.8,87.34,89.08,89.0,89.38,88.36,89.11,89.62,89.87,88.83,86.08,86.76,86.74,85.04,85.42,85.14,85.87,87.6,85.37,81.79,80.35,84.39,84.91,87.39,87.7,88.18,86.51,87.6,88.4,89.49,89.24,88.48,89.5,89.37,87.99,88.48,88.74,88.54,89.12,89.73,82.9,80.14,79.64,81.99,80.03,81.51,81.25,82.03,79.56,80.18,81.15,81.94,81.56,79.85,80.25,80.93,80.2,80.14,78.48,80.56,87.04,83.28,82.32,86.79,87.22,89.14,89.38,89.8,88.66,89.68,90.0,90.75,90.59,89.94,90.76,90.72,89.55,90.02,90.09,89.93,90.54,90.93,87.69,85.88,84.73,86.99,86.13,87.66,88.11,88.1,86.34,87.39,88.49,89.94,90.14,89.19,90.0,90.05,89.03,89.22,89.26,88.45,86.21,84.8,88.05,87.43,89.14,89.12,89.12,87.77,88.56,89.52,90.37,90.31,89.4,89.84,89.74,88.53,88.86,89.44],
  "contact_probs": [[1.0,1.0,0.35,0.0,0.0,0.0,0.0,0.0,0.06,0.02,0.34,0.99],[1.0,1.0,1.0,0.24,0.0,0.0,0.0,0.01,0.04,0.41,1.0,0.98],[0.35,1.0,1.0,1.0,0.62,0.0,0.05,0.51,0.08,0.99,0.98,0.78],[0.0,0.24,1.0,1.0,0.97,0.23,0.91,0.98,0.06,0.95,0.59,0.01],[0.0,0.0,0.62,0.97,1.0,0.81,0.89,0.69,0.03,0.14,0.02,0.0],[0.0,0.0,0.0,0.23,0.81,1.0,0.94,0.48,0.02,0.02,0.0,0.0],[0.0,0.0,0.05,0.91,0.89,0.94,1.0,0.99,0.06,0.54,0.01,0.0],[0.0,0.01,0.51,0.98,0.69,0.48,0.99,1.0,0.48,0.99,0.49,0.0],[0.06,0.04,0.08,0.06,0.03,0.02,0.06,0.48,1.0,0.55,0.15,0.02],[0.02,0.41,0.99,0.95,0.14,0.02,0.54,0.99,0.55,1.0,1.0,0.31],[0.34,1.0,0.98,0.59,0.02,0.0,0.01,0.49,0.15,1.0,1.0,1.0],[0.99,0.98,0.78,0.01,0.0,0.0,0.0,0.0,0.02,0.31,1.0,1.0]],
  "pae": [[1.0,1.5,2.9,4.0,5.0,6.1,5.3,4.4,5.2,3.9,2.5,2.5],[1.4,0.9,1.5,2.5,3.8,4.4,4.0,3.5,4.9,2.5,2.0,2.3],[1.9,1.4,0.9,1.6,3.5,3.9,4.0,3.7,4.8,2.5,2.2,2.5],[3.1,2.4,1.7,1.0,2.4,3.0,3.3,3.1,4.9,3.0,3.1,3.5],[5.3,4.1,3.3,2.5,0.9,2.1,2.6,3.4,5.9,4.5,4.8,5.8],[7.1,5.7,4.3,3.0,2.3,1.2,2.7,3.5,5.5,4.7,5.6,7.9],[5.4,4.2,3.8,3.1,2.4,2.3,1.0,2.0,4.6,3.3,4.3,4.9],[4.6,3.8,3.8,3.1,3.2,2.6,2.1,0.9,3.0,2.3,3.3,4.3],[5.9,4.1,4.7,5.4,5.7,5.6,3.9,3.0,1.2,3.0,3.9,5.0],[3.0,2.7,2.6,2.8,3.9,4.0,3.2,1.9,2.7,0.9,1.9,2.3],[2.3,1.8,2.1,2.8,3.9,4.6,3.5,2.7,3.2,1.7,0.9,1.9],[2.5,2.5,3.4,3.7,5.0,6.0,4.6,3.6,4.8,2.6,1.8,1.1]],
  "token_chain_ids": ["A","A","A","A","A","A","A","A","A","A","A","A"],
  "token_res_ids": [1,2,3,4,5,6,7,8,9,10,11,12]
}