{
  "atom_chain_ids": ["A","A","A","A","A","A","A","A","A","A","A","A","A","A","A","A","A","A","A","A","A","A","A","A","A","A","A","A","A","A","A","A","A","A","A","A","A","A","A","A","A","A","A","A","A","A","A","A","A","A","A","A","A","A","A","A","A","A","A","A","A","A","A","A","A","A","A","A","A","A","A","A","A","A","A","A","A","A","A","A","A","A","A","A","A","A","A","A","A","A","A","A","A","A","A","A","A","A","A","A","A","A","A","A","A","A","A","A","A","A","A","A","A","A","A","A","A","A","A","A","A","A","A","A","A","A","A","A","A","A","A","A","A","A","A","A","A","A","A","A","A","A","A","A","A","A","A","A","A","A","A","A","A","A","A","A","A","A","A","A","A","A","A","A","A","A","A","A","A","A","A","A","A","A","A","A","A","A","A","A","A","A","A","A","A","A","A","A","A","A","A","A","A","A","A","A","A","A","A","A","A","A","A","A","A","A","A","A","A","A","A","A","A","A","A","A","A","A","A","A","A","A","A","A","A","A","A","A","A","A","A","A","A","A","A","A","A","A","A","A","A","A","A","A","A","A","A"],
  "atom_plddts": [72.69,76.73,70.54,71.31,76.56,80.67,84.72,85.74,86.54,85.29,86.4,86.42,87.58,86.97,86.26,87.35,86.96,85.6,85.96,86.44,86.85,87.35,88.08,83.42,79.04,78.34,83.4,83.48,85.64,86.2,86.54,85.33,86.34,86.88,88.19,88.24,88.11,89.21,89.43,88.46,88.92,88.68,88.31,88.95,89.17,85.8,83.12,82.35,85.83,85.19,87.17,87.73,87.72,86.28,87.11,88.16,89.27,89.53,88.71,89.42,89.44,88.34,88.37,88.71,87.42,83.81,82.38,87.02,87.19,89.85,90.52,90.44,89.02,89.54,90.66,91.89,91.96,90.79,91.35,91.37,90.2,90.38,90.73,87.44,84.48,83.14,85.93,86.17,87.89,87.77,87.64,86.0,86.73,86.93,87.96,86.46,84.58,85.33,85.23,83.45,84.27,84.56,84.27,83.49,85.96,82.88,79.32,79.07,82.82,82.61,84.89,84.39,84.35,82.68,82.79,83.98,84.13,82.8,80.07,80.12,79.88,78.5,78.8,79.71,84.59,80.22,78.82,84.01,85.47,87.06,87.04,87.48,86.18,87.0,87.58,87.57,86.1,82.73,83.57,83.45,81.42,81.82,81.42,82.24,84.4,84.05,80.46,79.0,82.94,83.55,85.96,86.41,86.73,84.85,85.96,86.75,87.95,87.63,87.1,88.27,88.08,86.58,87.17,87.39,87.09,87.7,88.33,82.73,79.82,79.33,82.01,80.19,81.7,81.56,82.16,79.71,80.37,81.34,82.06,81.63,79.96,80.33,80.98,80.28,80.27,78.58,80.72,85.39,81.32,80.32,85.34,85.78,87.63,88.0,88.36,87.1,88.34,88.72,89.5,89.36,88.9,89.88,89.85,88.63,89.22,89.17,88.91,89.63,89.95,85.51,83.42,82.01,85.11,84.38,85.68,86.39,86.23,84.45,85.73,87.1,88.33,88.63,87.69,88.63,88.67,87.62,87.82,87.83,86.52,83.96,82.62,86.29,85.91,87.71,87.7,87.55,85.94,86.71,87.87,88.73,88.55,87.77,88.25,88.11,86.81,87.16,87.8],
  "contact_probs": [[1.0,1.0,0.35,0.0,0.0,0.0,0.0,0.0,0.06,0.02,0.34,0.99],[1.0,1.0,1.0,0.24,0.0,0.0,0.0,0.01,0.04,0.41,1.0,0.98],[0.35,1.0,1.0,1.0,0.62,0.0,0.05,0.51,0.08,0.99,0.98,0.78],[0.0,0.24,1.0,1.0,0.97,0.23,0.91,0.98,0.06,0.95,0.59,0.01],[0.0,0.0,0.62,0.97,1.0,0.81,0.89,0.69,0.03,0.14,0.02,0.0],[0.0,0.0,0.0,0.23,0.81,1.0,0.94,0.48,0.02,0.02,0.0,0.0],[0.0,0.0,0.05,0.91,0.89,0.94,1.0,0.99,0.06,0.54,0.01,0.0],[0.0,0.01,0.51,0.98,0.69,0.48,0.99,1.0,0.48,0.99,0.49,0.0],[0.06,0.04,0.08,0.06,0.03,0.02,0.06,0.48,1.0,0.55,0.15,0.02],[0.02,0.41,0.99,0.95,0.14,0.02,0.54,0.99,0.55,1.0,1.0,0.31],[0.34,1.0,0.98,0.59,0.02,0.0,0.01,0.49,0.15,1.0,1.0,1.0],[0.99,0.98,0.78,0.01,0.0,0.0,0.0,0.0,0.02,0.31,1.0,1.0]],
  "pae": [[1.0,1.7,3.4,4.5,5.3,6.4,6.1,5.3,5.8,4.2,2.8,2.9],[1.6,0.9,1.6,3.0,4.4,4.8,5.1,4.2,5.5,2.8,2.1,2.6],[1.9,1.5,0.9,1.9,3.8,4.1,4.7,4.4,5.2,2.5,2.3,2.7],[3.2,2.8,2.1,1.0,2.5,2.9,3.8,3.8,5.6,3.3,3.6,4.2],[5.6,4.5,3.7,2.9,1.0,2.4,2.6,3.5,5.7,4.4,5.4,6.6],[6.5,5.6,4.4,3.3,2.4,1.3,2.6,3.2,5.6,4.7,5.4,7.8],[5.8,4.7,4.6,3.4,2.8,2.6,1.0,2.3,4.1,3.4,4.3,5.3],[5.2,4.7,5.1,4.0,4.0,3.2,2.6,0.9,3.1,2.4,4.4,5.1],[7.0,5.1,5.8,6.3,7.0,6.5,3.8,3.1,1.2,3.7,4.6,5.3],[2.9,3.1,3.3,3.5,4.6,5.0,3.9,2.4,2.9,0.9,2.4,2.6],[2.5,2.2,2.5,3.4,4.6,5.3,4.2,3.2,3.5,1.9,0.9,2.1],[2.8,2.7,3.5,4.7,6.1,6.6,5.9,4.1,5.1,2.8,2.1,1.2]],
  "token_chain_ids": ["A","A","A","A","A","A","A","A","A","A","A","A"],
  "token_res_ids": [1,2,3,4,5,6,7,8,9,10,11,12]
}