{
  "atom_chain_ids": ["A","A","A","A","A","A","A","A","A","A","A","A","A","A","A","A","A","A","A","A","A","A","A","A","A","A","A","A","A","A","A","A","A","A","A","A","A","A","A","A","A","A","A","A","A","A","A","A","A","A","A","A","A","A","A","A","A","A","A","A","A","A","A","A","A","A","A","A","A","A","A","A","A","A","A","A","A","A","A","A","A","A","A","A","A","A","A","A","A","A","A","A","A","A","A","A","A","A","A","A","A","A","A","A","A","A","A","A","A","A","A","A","A","A","A","A","A","A","A","A","A","A","A","A","A","A","A","A","A","A","A","A","A","A","A","A","A","A","A","A","A","A","A","A","A","A","A","A","A","A","A","A","A","A","A","A","A","A","A","A","A","A","A","A","A","A","A","A","A","A","A","A","A","A","A","A","A","A","A","A","A","A","A","A","A","A","A","A","A","A","A","A","A","A","A","A","A","A","A","A","A","A","A","A","A","A","A","A","A","A","A","A","A","A","A","A","A","A","A","A","A","A","A","A","A","A","A","A","A","A","A","A","A","A","A","A","A","A","A","A","A","A","A","A","A","A","A"],
  "atom_plddts": [71.93,76.46,70.36,71.21,76.47,80.49,84.7,85.77,86.68,85.51,86.67,86.78,87.79,87.12,86.31,87.42,87.0,85.55,85.9,86.44,86.9,87.48,88.23,83.5,79.26,78.35,83.45,83.54,85.8,86.41,86.79,85.6,86.54,87.13,88.31,88.3,88.02,89.18,89.3,88.23,88.68,88.51,88.21,88.85,89.13,85.13,82.51,81.61,85.14,84.36,86.11,87.0,86.68,85.25,85.73,87.07,88.1,88.3,87.58,88.3,88.18,86.98,87.03,87.46,86.59,83.29,81.9,86.04,85.96,88.34,89.09,88.95,87.44,87.91,89.2,90.52,90.67,89.55,90.21,90.2,89.03,89.27,89.55,83.57,79.91,78.3,82.01,82.34,83.88,83.93,83.99,81.86,83.08,83.13,83.67,81.61,79.64,80.76,80.41,78.26,79.13,79.65,79.59,78.36,81.25,79.26,75.58,75.72,79.76,79.85,82.15,81.79,81.8,80.14,80.27,81.86,81.33,79.84,77.09,77.15,76.7,75.29,75.44,76.67,82.38,77.82,76.35,81.99,83.54,84.95,85.1,85.6,84.15,85.22,85.82,85.58,84.06,80.54,81.49,81.46,79.43,79.71,79.24,80.03,82.4,80.7,77.03,75.39,79.79,80.54,82.78,83.67,83.88,82.01,83.28,84.39,85.12,84.81,84.5,85.98,85.63,83.96,84.57,84.81,84.5,85.27,85.85,81.74,79.1,78.52,80.97,79.04,80.44,80.17,80.79,78.26,78.87,80.09,80.63,80.19,78.44,78.82,79.48,78.8,78.71,76.98,79.2,83.65,79.58,78.46,84.0,84.3,85.98,86.56,86.87,85.64,87.06,87.68,88.18,88.01,87.38,88.53,88.37,86.94,87.55,87.56,87.36,88.17,88.53,83.53,81.32,79.86,83.45,82.76,83.77,84.76,84.34,82.59,83.94,85.52,86.53,86.83,85.87,86.81,86.8,85.74,85.91,85.94,85.1,82.51,81.09,85.05,84.98,86.96,86.85,86.73,84.8,85.57,87.11,87.76,87.51,86.52,87.03,86.82,85.36,85.66,86.44],
  "contact_probs": [[1.0,1.0,0.35,0.0,0.0,0.0,0.0,0.0,0.06,0.02,0.34,0.99],[1.0,1.0,1.0,0.24,0.0,0.0,0.0,0.01,0.04,0.41,1.0,0.98],[0.35,1.0,1.0,1.0,0.62,0.0,0.05,0.51,0.08,0.99,0.98,0.78],[0.0,0.24,1.0,1.0,0.97,0.23,0.91,0.98,0.06,0.95,0.59,0.01],[0.0,0.0,0.62,0.97,1.0,0.81,0.89,0.69,0.03,0.14,0.02,0.0],[0.0,0.0,0.0,0.23,0.81,1.0,0.94,0.48,0.02,0.02,0.0,0.0],[0.0,0.0,0.05,0.91,0.89,0.94,1.0,0.99,0.06,0.54,0.01,0.0],[0.0,0.01,0.51,0.98,0.69,0.48,0.99,1.0,0.48,0.99,0.49,0.0],[0.06,0.04,0.08,0.06,0.03,0.02,0.06,0.48,1.0,0.55,0.15,0.02],[0.02,0.41,0.99,0.95,0.14,0.02,0.54,0.99,0.55,1.0,1.0,0.31],[0.34,1.0,0.98,0.59,0.02,0.0,0.01,0.49,0.15,1.0,1.0,1.0],[0.99,0.98,0.78,0.01,0.0,0.0,0.0,0.0,0.02,0.31,1.0,1.0]],
  "pae": [[1.0,1.9,3.5,4.9,6.6,7.3,6.9,6.0,6.5,4.4,3.2,3.5],[1.7,0.9,1.8,3.4,5.2,5.7,5.6,4.9,5.8,3.0,2.6,3.4],[2.3,1.9,0.9,2.4,4.5,5.1,5.1,5.3,6.3,3.2,3.1,4.0],[3.5,3.3,2.5,1.1,3.2,3.8,4.5,4.7,6.6,3.7,4.8,5.8],[7.3,5.5,3.7,3.7,1.0,2.7,3.4,4.1,7.3,5.7,8.0,9.2],[7.4,6.3,4.7,3.6,2.7,1.4,3.2,3.7,6.3,6.2,7.2,9.3],[6.3,5.1,5.0,3.9,3.2,3.3,1.0,2.5,5.2,3.9,5.2,7.2],[6.3,5.6,5.7,4.6,4.8,3.9,3.5,1.0,3.2,3.2,5.2,6.1],[8.2,6.5,6.6,6.7,8.2,7.8,4.4,3.9,1.2,4.0,4.7,5.4],[3.4,3.6,4.5,4.7,6.9,6.9,5.2,3.4,3.4,0.9,3.0,3.3],[2.9,2.9,3.2,4.8,6.9,6.9,5.8,4.2,4.9,2.5,0.9,2.8],[3.7,3.9,4.3,6.8,9.0,9.9,8.1,6.1,6.5,3.4,2.8,1.3]],
  "token_chain_ids": ["A","A","A","A","A","A","A","A","A","A","A","A"],
  "token_res_ids": [1,2,3,4,5,6,7,8,9,10,11,12]
}