{
  "atom_chain_ids": ["A","A","A","A","A","A","A","A","A","A","A","A","A","A","A","A","A","A","A","A","A","A","A","A","A","A","A","A","A","A","A","A","A","A","A","A","A","A","A","A","A","A","A","A","A","A","A","A","A","A","A","A","A","A","A","A","A","A","A","A","A","A","A","A","A","A","A","A","A","A","A","A","A","A","A","A","A","A","A","A","A","A","A","A","A","A","A","A","A","A","A","A","A","A","A","A","A","A","A","A","A","A","A","A","A","A","A","A","A","A","A","A","A","A","A","A","A","A","A","A","A","A","A","A","A","A","A","A","A","A","A","A","A","A","A","A","A","A","A","A","A","A","A","A","A","A","A","A","A","A","A","A","A","A","A","A","A","A","A","A","A","A","A","A","A","A","A","A","A","A","A","A","A","A","A","A","A","A","A","A","A","A","A","A","A","A","A","A","A","A","A","A","A","A","A","A","A","A","A","A","A","A","A","A","A","A","A","A","A","A","A","A","A","A","A","A","A","A","A","A","A","A","A","A","A","A","A","A","A","A","A","A","A","A","A","A","A","A","A","A","A","A","A","A","A","A","A"],
  "atom_plddts": [72.12,75.76,69.42,70.44,75.86,80.14,84.21,85.38,86.28,85.18,86.44,86.64,87.53,86.99,86.3,87.49,87.1,85.74,86.13,86.6,87.02,87.68,88.23,82.38,77.95,77.23,82.67,82.83,84.91,85.61,85.92,84.83,86.08,86.81,87.87,87.98,87.86,89.05,89.26,88.29,88.77,88.51,88.15,88.89,88.99,85.89,83.02,82.1,86.12,85.48,87.44,88.09,87.99,86.59,87.38,88.56,89.6,89.81,89.0,89.72,89.69,88.53,88.58,88.98,88.33,84.97,83.61,87.74,87.62,90.23,90.91,90.83,89.42,89.9,90.99,92.26,92.3,91.17,91.71,91.69,90.49,90.69,91.05,88.61,85.99,84.78,87.11,87.39,89.07,88.94,88.75,87.22,87.82,87.99,89.11,87.67,85.82,86.51,86.38,84.64,85.51,85.74,85.44,84.7,87.12,83.02,79.47,79.4,83.03,83.04,85.33,84.88,84.79,83.11,83.29,84.48,84.58,83.25,80.43,80.47,80.17,78.81,79.18,80.12,84.88,80.4,78.97,84.23,85.66,87.4,87.25,87.75,86.31,87.22,87.84,87.83,86.3,82.8,83.68,83.61,81.51,81.96,81.49,82.29,84.61,84.26,80.63,79.05,83.21,83.94,86.52,86.96,87.37,85.48,86.64,87.58,88.71,88.37,87.76,88.95,88.76,87.21,87.83,88.06,87.76,88.47,89.11,82.94,80.16,79.61,82.19,80.37,81.99,81.89,82.46,80.01,80.8,81.8,82.54,82.11,80.37,80.78,81.4,80.67,80.73,78.96,81.14,85.8,81.8,80.75,85.74,86.12,87.94,88.26,88.64,87.48,88.66,89.07,89.77,89.63,89.14,90.11,90.05,88.85,89.41,89.39,89.17,89.87,90.18,85.49,83.54,82.12,85.17,84.44,85.56,86.26,86.01,84.31,85.66,87.1,88.24,88.52,87.5,88.41,88.41,87.33,87.54,87.57,86.56,83.97,82.56,86.41,85.97,87.77,87.77,87.59,85.96,86.76,88.05,88.84,88.63,87.87,88.38,88.18,86.79,87.2,87.86],
  "contact_probs": [[1.0,1.0,0.35,0.0,0.0,0.0,0.0,0.0,0.06,0.02,0.34,0.99],[1.0,1.0,1.0,0.24,0.0,0.0,0.0,0.01,0.04,0.41,1.0,0.98],[0.35,1.0,1.0,1.0,0.62,0.0,0.05,0.51,0.08,0.99,0.98,0.78],[0.0,0.24,1.0,1.0,0.97,0.23,0.91,0.98,0.06,0.95,0.59,0.01],[0.0,0.0,0.62,0.97,1.0,0.81,0.89,0.69,0.03,0.14,0.02,0.0],[0.0,0.0,0.0,0.23,0.81,1.0,0.94,0.48,0.02,0.02,0.0,0.0],[0.0,0.0,0.05,0.91,0.89,0.94,1.0,0.99,0.06,0.54,0.01,0.0],[0.0,0.01,0.51,0.98,0.69,0.48,0.99,1.0,0.48,0.99,0.49,0.0],[0.06,0.04,0.08,0.06,0.03,0.02,0.06,0.48,1.0,0.55,0.15,0.02],[0.02,0.41,0.99,0.95,0.14,0.02,0.54,0.99,0.55,1.0,1.0,0.31],[0.34,1.0,0.98,0.59,0.02,0.0,0.01,0.49,0.15,1.0,1.0,1.0],[0.99,0.98,0.78,0.01,0.0,0.0,0.0,0.0,0.02,0.31,1.0,1.0]],
  "pae": [[1.0,1.9,3.7,4.7,5.6,6.7,6.4,5.4,6.0,4.4,3.0,3.1],[1.6,0.9,1.8,3.0,4.5,4.9,5.4,4.4,5.5,2.8,2.2,2.7],[2.0,1.6,0.9,1.9,3.8,4.2,4.8,4.6,5.4,2.5,2.5,2.9],[3.3,3.0,2.1,1.0,2.5,3.0,4.0,4.0,5.7,3.2,3.8,4.5],[5.6,4.6,3.5,2.9,1.0,2.3,2.8,3.7,5.8,4.5,5.5,6.7],[6.6,5.7,4.5,3.3,2.5,1.3,2.6,3.4,5.4,4.8,5.6,8.0],[5.9,4.5,4.2,3.2,2.9,2.6,1.0,2.4,3.9,3.5,4.0,5.1],[5.3,4.6,4.7,3.7,4.0,3.3,2.5,0.9,2.7,2.7,4.2,5.1],[6.6,5.0,5.6,5.7,6.3,5.9,3.7,3.4,1.2,3.3,4.3,5.5],[2.9,3.0,3.2,3.4,4.7,4.9,3.6,2.4,2.8,0.9,2.3,2.5],[2.6,2.3,2.7,3.3,4.5,5.1,4.1,3.3,3.5,1.9,0.9,2.2],[3.0,2.8,4.0,4.8,6.3,6.8,6.3,4.4,5.2,3.0,2.2,1.2]],
  "token_chain_ids": ["A","A","A","A","A","A","A","A","A","A","A","A"],
  "token_res_ids": [1,2,3,4,5,6,7,8,9,10,11,12]
}