{
  "atom_chain_ids": ["A","A","A","A","A","A","A","A","A","A","A","A","A","A","A","A","A","A","A","A","A","A","A","A","A","A","A","A","A","A","A","A","A","A","A","A","A","A","A","A","A","A","A","A","A","A","A","A","A","A","A","A","A","A","A","A","A","A","A","A","A","A","A","A","A","A","A","A","A","A","A","A","A","A","A","A","A","A","A","A","A","A","A","A","A","A","A","A","A","A","A","A","A","A","A","A","A","A","A","A","A","A","A","A","A","A","A","A","A","A","A","A","A","A","A","A","A","A","A","A","A","A","A","A","A","A","A","A","A","A","A","A","A","A","A","A","A","A","A","A","A","A","A","A","A","A","A","A","A","A","A","A","A","A","A","A","A","A","A","A","A","A","A","A","A","A","A","A","A","A","A","A","A","A","A","A","A","A","A","A","A","A","A","A","A","A","A","A","A","A","A","A","A","A","A","A","A","A","A","A","A","A","A","A","A","A","A","A","A","A","A","A","A","A","A","A","A","A","A","A","A","A","A","A","A","A","A","A","A","A","A","A","A","A","A","A","A","A","A","A","A","A","A","A","A","A","A"],
  "atom_plddts": [74.23,77.45,71.26,71.81,77.39,81.29,85.22,86.27,87.04,86.03,87.07,87.21,88.18,87.66,86.98,88.08,87.73,86.41,86.82,87.26,87.64,88.18,88.75,84.31,79.87,79.26,84.42,84.49,86.7,87.12,87.51,86.51,87.52,88.06,89.25,89.32,89.06,89.99,90.26,89.41,89.78,89.59,89.28,89.89,90.08,85.79,82.86,81.92,85.9,85.36,87.43,88.01,88.11,86.71,87.52,88.68,89.66,89.94,89.06,89.8,89.86,88.76,88.77,89.11,88.88,85.67,84.38,88.35,88.44,91.07,91.52,91.6,90.26,90.83,91.81,93.03,93.13,91.9,92.42,92.48,91.39,91.56,91.88,87.93,84.79,83.37,86.7,87.07,88.9,88.87,88.82,87.38,88.11,88.52,89.38,88.05,86.21,86.98,86.84,85.09,85.92,86.25,86.01,85.6,87.75,82.56,79.06,78.88,82.65,82.77,84.98,84.58,84.62,83.05,83.42,84.72,84.6,83.41,80.61,80.8,80.46,79.09,79.5,80.47,85.76,81.57,80.28,85.13,86.58,88.23,88.09,88.55,87.3,88.16,88.77,88.85,87.52,84.25,85.04,84.96,83.0,83.44,83.08,83.87,85.92,84.88,81.06,79.56,83.96,84.65,87.28,87.67,88.16,86.39,87.49,88.32,89.41,89.11,88.33,89.4,89.24,87.76,88.28,88.6,88.41,89.05,89.69,83.31,80.7,80.2,82.35,80.38,81.8,81.53,82.12,79.63,80.42,81.42,82.19,81.84,80.22,80.6,81.33,80.66,80.72,78.91,80.96,86.43,82.54,81.53,86.32,86.75,88.68,89.01,89.42,88.24,89.37,89.78,90.45,90.26,89.59,90.48,90.39,89.14,89.65,89.73,89.57,90.24,90.64,86.65,84.81,83.55,86.14,85.31,86.54,87.16,87.01,85.27,86.47,87.72,89.02,89.26,88.3,89.14,89.14,88.09,88.28,88.35,88.29,86.05,84.59,87.9,87.28,89.02,88.96,88.95,87.53,88.35,89.34,90.25,90.19,89.3,89.77,89.67,88.44,88.8,89.36],
  "contact_probs": [[1.0,1.0,0.35,0.0,0.0,0.0,0.0,0.0,0.06,0.02,0.34,0.99],[1.0,1.0,1.0,0.24,0.0,0.0,0.0,0.01,0.04,0.41,1.0,0.98],[0.35,1.0,1.0,1.0,0.62,0.0,0.05,0.51,0.08,0.99,0.98,0.78],[0.0,0.24,1.0,1.0,0.97,0.23,0.91,0.98,0.06,0.95,0.59,0.01],[0.0,0.0,0.62,0.97,1.0,0.81,0.89,0.69,0.03,0.14,0.02,0.0],[0.0,0.0,0.0,0.23,0.81,1.0,0.94,0.48,0.02,0.02,0.0,0.0],[0.0,0.0,0.05,0.91,0.89,0.94,1.0,0.99,0.06,0.54,0.01,0.0],[0.0,0.01,0.51,0.98,0.69,0.48,0.99,1.0,0.48,0.99,0.49,0.0],[0.06,0.04,0.08,0.06,0.03,0.02,0.06,0.48,1.0,0.55,0.15,0.02],[0.02,0.41,0.99,0.95,0.14,0.02,0.54,0.99,0.55,1.0,1.0,0.31],[0.34,1.0,0.98,0.59,0.02,0.0,0.01,0.49,0.15,1.0,1.0,1.0],[0.99,0.98,0.78,0.01,0.0,0.0,0.0,0.0,0.02,0.31,1.0,1.0]],
  "pae": [[1.0,1.8,3.5,4.8,5.8,7.0,6.7,4.9,5.7,4.2,2.9,2.9],[1.5,0.9,1.6,3.0,4.6,5.2,5.4,4.1,5.2,2.7,2.1,2.5],[2.0,1.5,0.9,2.0,4.2,4.6,5.3,4.5,5.4,2.8,2.5,2.7],[3.4,2.9,2.1,1.0,2.8,3.4,4.1,3.7,5.3,3.4,3.5,3.9],[5.5,4.8,3.8,2.9,1.0,2.4,2.7,3.7,5.7,4.9,5.6,6.5],[6.9,6.4,4.5,3.6,2.4,1.3,2.7,3.5,5.3,4.9,6.2,8.0],[6.0,5.1,4.3,3.3,2.8,2.8,1.0,2.2,4.5,3.6,4.7,5.4],[4.7,4.4,4.3,3.6,3.7,3.1,2.4,0.9,2.8,2.6,4.0,4.7],[6.3,4.7,5.0,5.8,6.1,5.8,4.1,3.2,1.2,3.0,4.3,5.1],[3.0,2.9,2.8,3.3,4.0,4.5,3.7,2.1,2.6,0.9,2.2,2.5],[2.4,2.0,2.3,3.4,4.4,5.3,4.3,3.1,3.1,1.9,0.9,2.1],[2.5,2.6,3.4,4.4,5.7,6.5,5.5,3.9,4.6,2.8,2.0,1.1]],
  "token_chain_ids": ["A","A","A","A","A","A","A","A","A","A","A","A"],
  "token_res_ids": [1,2,3,4,5,6,7,8,9,10,11,12]
}