{
  "atom_chain_ids": ["A","A","A","A","A","A","A","A","A","A","A","A","A","A","A","A","A","A","A","A","A","A","A","A","A","A","A","A","A","A","A","A","A","A","A","A","A","A","A","A","A","A","A","A","A","A","A","A","A","A","A","A","A","A","A","A","A","A","A","A","A","A","A","A","A","A","A","A","A","A","A","A","A","A","A","A","A","A","A","A","A","A","A","A","A","A","A","A","A","A","A","A","A","A","A","A","A","A","A","A","A","A","A","A","A","A","A","A","A","A","A","A","A","A","A","A","A","A","A","A","A","A","A","A","A","A","A","A","A","A","A","A","A","A","A","A","A","A","A","A","A","A","A","A","A","A","A","A","A","A","A","A","A","A","A","A","A","A","A","A","A","A","A","A","A","A","A","A","A","A","A","A","A","A","A","A","A","A","A","A","A","A","A","A","A","A","A","A","A","A","A","A","A","A","A","A","A","A","A","A","A","A","A","A","A","A","A","A","A","A","A","A","A","A","A","A","A","A","A","A","A","A","A","A","A","A","A","A","A","A","A","A","A","A","A","A","A","A","A","A","A","A","A","A","A","A","A","A","A","A","A","A","A","A","A","A","A","A","A","A","A","A","A","A","A","A","A","A","A","A","A","A","A","A","A","A","A","A","A","A","A","A","A","A","A","A","A","A","A","A","A","A","A","A","A","A","A","A","A","A","A","A","A","A","A","A","A","A","A","A","A","A","A","A","A","A","A","A","A"],
  "atom_plddts": [69.85,70.39,66.1,66.29,70.33,74.19,75.41,75.79,75.79,74.58,76.32,76.13,76.73,77.02,76.49,77.3,77.75,77.25,76.97,77.09,77.1,77.1,78.25,70.37,67.37,67.0,70.56,71.5,72.51,73.21,72.86,71.45,72.86,72.43,72.73,72.93,73.03,73.71,74.4,73.85,73.72,73.36,73.13,72.87,74.11,70.72,67.28,67.91,70.96,68.55,70.5,68.49,69.72,68.51,65.93,64.42,65.97,63.16,60.95,59.43,59.38,58.25,56.45,58.27,61.0,65.65,60.96,61.54,65.58,65.5,67.51,68.05,69.38,67.83,67.73,67.59,68.4,67.23,64.56,63.82,64.38,63.73,62.04,62.88,64.91,66.23,62.09,62.22,67.06,68.77,69.9,71.62,71.13,69.75,71.59,72.14,71.52,71.83,71.3,72.1,72.81,72.35,72.0,71.76,71.81,71.94,72.97,66.87,64.11,64.22,67.07,68.54,69.4,70.73,69.85,68.31,69.99,69.82,69.65,70.14,70.06,70.66,71.66,71.47,71.24,70.63,70.33,70.03,71.13,65.79,63.47,63.93,66.34,65.18,66.76,65.17,66.27,65.23,62.02,62.37,62.81,60.61,58.36,57.47,56.86,55.93,54.5,56.12,58.86,65.14,58.9,58.13,65.04,66.81,67.94,69.31,69.51,68.24,69.39,68.68,69.18,68.75,68.56,68.95,69.32,68.29,67.05,68.12,68.87,68.26,70.27,65.83,61.15,61.28,65.99,66.88,68.25,68.83,69.53,68.57,67.24,67.28,67.84,66.61,64.43,63.75,64.14,63.16,61.58,62.63,65.01,68.81,65.0,64.33,70.0,72.59,73.3,74.1,73.17,72.01,74.06,74.69,74.18,74.63,74.34,75.2,75.77,75.41,75.4,75.16,74.96,75.23,75.98,70.36,67.9,66.98,70.08,71.43,72.36,72.99,72.29,70.78,72.33,71.5,72.02,72.19,72.1,72.63,73.5,73.17,73.04,72.44,72.1,71.72,73.15,66.86,64.36,64.32,66.2,64.17,65.34,63.51,64.6,63.49,60.45,59.6,60.99,58.39,56.82,55.76,55.32,54.33,52.61,54.08,56.75,66.03,61.02,61.24,65.49,66.89,68.61,70.0,70.4,69.06,69.16,68.39,69.34,68.6,66.9,66.27,66.99,66.26,64.65,65.31,67.03,68.83,64.43,63.61,70.05,72.83,74.03,75.14,74.55,73.7,75.72,76.29,75.62,76.03,75.74,76.67,77.17,76.73,76.64,76.61,76.54,76.91,77.58,75.64,73.93,72.76,75.22,75.94,76.49,76.53,75.79,74.47,75.86,75.31,76.25,76.53,76.81,77.28,78.13,77.95,78.04,77.68,77.14,76.62,77.69],
  "contact_probs": [[1.0,0.99,0.25,0.45,0.38,0.34,0.18,0.45,0.12,0.04,0.04,0.02,0.05,0.29,0.62],[0.99,1.0,0.6,0.78,0.64,0.29,0.09,0.19,0.06,0.03,0.03,0.04,0.08,0.27,0.34],[0.25,0.6,1.0,0.42,0.15,0.08,0.05,0.03,0.02,0.01,0.03,0.06,0.09,0.05,0.04],[0.45,0.78,0.42,1.0,0.79,0.13,0.02,0.03,0.04,0.03,0.09,0.12,0.25,0.11,0.08],[0.38,0.64,0.15,0.79,1.0,0.99,0.22,0.33,0.08,0.21,0.42,0.08,0.14,0.04,0.04],[0.34,0.29,0.08,0.13,0.99,1.0,0.66,0.85,0.28,0.51,0.33,0.03,0.04,0.03,0.06],[0.18,0.09,0.05,0.02,0.22,0.66,1.0,0.63,0.18,0.1,0.05,0.02,0.03,0.02,0.02],[0.45,0.19,0.03,0.03,0.33,0.85,0.63,1.0,0.79,0.58,0.1,0.02,0.03,0.08,0.22],[0.12,0.06,0.02,0.04,0.08,0.28,0.18,0.79,1.0,0.83,0.15,0.03,0.06,0.27,0.47],[0.04,0.03,0.01,0.03,0.21,0.51,0.1,0.58,0.83,1.0,0.99,0.2,0.56,0.52,0.24],[0.04,0.03,0.03,0.09,0.42,0.33,0.05,0.1,0.15,0.99,1.0,0.65,0.81,0.52,0.11],[0.02,0.04,0.06,0.12,0.08,0.03,0.02,0.02,0.03,0.2,0.65,1.0,0.51,0.19,0.07],[0.05,0.08,0.09,0.25,0.14,0.04,0.03,0.03,0.06,0.56,0.81,0.51,1.0,0.88,0.16],[0.29,0.27,0.05,0.11,0.04,0.03,0.02,0.08,0.27,0.52,0.52,0.19,0.88,1.0,1.0],[0.62,0.34,0.04,0.08,0.04,0.06,0.02,0.22,0.47,0.24,0.11,0.07,0.16,1.0,1.0]],
  "pae": [[1.0,2.8,6.4,5.8,5.0,4.5,8.7,5.4,7.5,5.7,6.2,10.2,7.9,6.5,5.2],[2.2,1.0,5.2,5.2,5.4,5.6,9.8,6.6,7.0,5.8,6.6,9.9,7.7,7.2,5.8],[7.0,5.8,1.5,7.0,8.1,10.9,14.7,12.1,12.7,12.3,11.6,15.8,13.2,12.2,10.8],[6.3,4.0,5.8,1.3,4.2,5.3,10.1,8.4,9.6,8.4,8.3,12.1,8.3,8.6,8.3],[5.5,4.5,6.0,4.1,0.9,2.4,7.0,5.7,7.2,5.0,5.4,10.2,6.8,6.2,6.6],[5.8,5.1,8.1,4.6,2.8,0.9,5.2,3.7,6.4,4.6,4.8,9.8,7.2,6.0,6.5],[11.5,12.1,14.3,14.2,9.0,8.2,1.8,7.9,9.4,11.3,11.1,11.0,13.7,13.8,12.6],[6.8,7.0,10.3,8.9,6.4,3.4,6.0,1.2,4.5,4.1,5.9,10.3,8.3,7.6,6.0],[8.3,7.8,10.9,10.4,7.0,5.6,8.5,4.5,1.4,3.6,5.7,10.6,8.2,8.4,7.2],[6.1,5.7,9.1,7.6,5.3,4.9,7.1,3.6,3.7,1.0,2.1,7.3,5.1,5.3,4.7],[6.0,6.1,9.7,7.5,5.7,5.0,9.5,4.3,4.7,2.6,0.9,5.1,4.7,5.9,6.6],[13.7,13.8,17.5,14.2,12.2,10.9,14.5,12.4,13.0,9.7,8.2,1.7,9.7,11.7,13.3],[8.1,7.6,11.6,9.0,8.6,6.7,10.2,7.0,7.0,5.9,3.5,6.0,1.2,4.1,5.5],[4.8,4.9,9.9,7.8,5.4,4.8,9.1,5.2,5.2,4.4,4.5,6.0,3.3,0.9,2.2],[4.9,4.8,8.6,7.6,5.0,4.6,9.0,4.8,5.9,4.3,4.7,7.5,3.7,1.8,1.0]],
  "token_chain_ids": ["A","A","A","A","A","A","A","A","A","A","A","A","A","A","A"],
  "token_res_ids": [1,2,3,4,5,6,7,8,9,10,11,12,13,14,15]
}