{
  "atom_chain_ids": ["A","A","A","A","A","A","A","A","A","A","A","A","A","A","A","A","A","A","A","A","A","A","A","A","A","A","A","A","A","A","A","A","A","A","A","A","A","A","A","A","A","A","A","A","A","A","A","A","A","A","A","A","A","A","A","A","A","A","A","A","A","A","A","A","A","A","A","A","A","A","A","A","A","A","A","A","A","A","A","A","A","A","A","A","A","A","A","A","A","A","A","A","A","A","A","A","A","A","A","A","A","A","A","A","A","A","A","A","A","A","A","A","A","A","A","A","A","A","A","A","A","A","A","A","A","A","A","A","A","A","A","A","A","A","A","A","A","A","A","A","A","A","A","A","A","A","A","A","A","A","A","A","A","A","A","A","A","A","A","A","A","A","A","A","A","A","A","A","A","A","A","A","A","A","A","A","A","A","A","A","A","A","A","A","A","A","A","A","A","A","A","A","A","A","A","A","A","A","A","A","A","A","A","A","A","A","A","A","A","A","A","A","A","A","A","A","A","A","A","A","A","A","A","A","A","A","A","A","A","A","A","A","A","A","A","A","A","A","A","A","A","A","A","A","A","A","A","A","A","A","A","A","A","A","A","A","A","A","A","A","A","A","A","A","A","A","A","A","A","A","A","A","A","A","A","A","A","A","A","A","A","A","A","A","A","A","A","A","A","A","A","A","A","A","A","A","A","A","A","A","A","A","A","A","A","A","A","A","A","A","A","A","A","A","A","A","A","A","A"],
  "atom_plddts": [71.37,71.69,67.53,67.61,71.8,75.5,76.81,77.09,77.2,76.12,77.74,77.67,78.25,78.53,77.72,78.49,78.9,78.36,78.1,78.29,78.35,78.37,79.44,71.38,68.26,67.91,71.57,72.52,73.66,74.23,73.92,72.57,73.97,73.52,74.01,74.27,74.26,74.88,75.63,75.13,75.02,74.66,74.42,74.22,75.37,70.74,67.64,68.16,70.72,68.1,70.05,68.13,69.15,68.02,65.34,63.62,65.51,62.84,60.86,59.33,59.33,58.11,56.23,58.07,60.69,68.08,63.53,64.14,67.98,68.06,70.03,70.85,71.72,70.15,70.26,70.0,71.06,70.18,67.45,66.75,67.59,66.91,65.28,65.95,67.72,68.78,64.59,64.64,69.79,71.45,72.69,74.01,73.66,72.37,74.21,74.64,74.43,74.7,73.91,74.67,75.41,74.92,74.62,74.45,74.48,74.68,75.64,69.83,67.39,67.43,69.97,71.08,71.92,72.85,72.08,70.61,72.31,72.08,72.23,72.64,72.43,72.97,73.84,73.63,73.43,72.97,72.72,72.36,73.44,69.28,66.83,67.07,69.62,68.11,69.88,68.17,69.28,68.24,65.02,65.26,65.94,63.5,61.18,60.2,59.62,58.55,57.13,58.75,61.64,67.13,60.66,59.69,66.97,68.82,70.17,71.54,71.72,70.33,71.46,70.69,71.4,70.92,70.48,70.86,71.41,70.28,69.1,70.05,70.72,70.15,72.4,67.47,62.84,63.01,67.71,68.85,70.41,71.23,71.73,70.68,69.68,69.66,70.35,69.27,66.84,66.18,66.79,65.77,64.24,65.18,67.42,70.2,66.35,65.61,71.4,73.67,74.4,74.96,74.18,73.04,75.04,75.55,75.32,75.77,75.39,76.18,76.78,76.42,76.4,76.22,76.05,76.3,77.01,71.49,69.23,68.31,71.12,72.19,72.99,73.55,72.78,71.39,72.9,72.03,72.77,72.99,72.91,73.38,74.23,73.94,73.8,73.25,72.93,72.54,73.85,67.35,64.87,64.85,66.81,64.96,66.12,64.2,65.34,64.17,61.16,60.07,61.48,58.83,57.0,55.76,55.36,54.38,52.53,54.14,56.86,65.9,60.51,60.76,65.47,66.82,68.48,70.0,70.42,69.12,69.17,68.36,69.43,68.78,67.08,66.43,67.28,66.58,64.84,65.52,67.16,69.27,64.89,64.02,70.39,73.1,74.29,75.33,74.8,73.93,75.83,76.27,75.81,76.24,75.86,76.68,77.25,76.82,76.69,76.68,76.61,76.92,77.65,75.54,73.95,72.77,75.12,75.71,76.18,76.28,75.55,74.33,75.71,75.19,76.12,76.44,76.65,77.07,77.94,77.77,77.81,77.48,76.97,76.49,77.51],
  "contact_probs": [[1.0,0.99,0.25,0.45,0.38,0.34,0.18,0.45,0.12,0.04,0.04,0.02,0.05,0.29,0.62],[0.99,1.0,0.6,0.78,0.64,0.29,0.09,0.19,0.06,0.03,0.03,0.04,0.08,0.27,0.34],[0.25,0.6,1.0,0.42,0.15,0.08,0.05,0.03,0.02,0.01,0.03,0.06,0.09,0.05,0.04],[0.45,0.78,0.42,1.0,0.79,0.13,0.02,0.03,0.04,0.03,0.09,0.12,0.25,0.11,0.08],[0.38,0.64,0.15,0.79,1.0,0.99,0.22,0.33,0.08,0.21,0.42,0.08,0.14,0.04,0.04],[0.34,0.29,0.08,0.13,0.99,1.0,0.66,0.85,0.28,0.51,0.33,0.03,0.04,0.03,0.06],[0.18,0.09,0.05,0.02,0.22,0.66,1.0,0.63,0.18,0.1,0.05,0.02,0.03,0.02,0.02],[0.45,0.19,0.03,0.03,0.33,0.85,0.63,1.0,0.79,0.58,0.1,0.02,0.03,0.08,0.22],[0.12,0.06,0.02,0.04,0.08,0.28,0.18,0.79,1.0,0.83,0.15,0.03,0.06,0.27,0.47],[0.04,0.03,0.01,0.03,0.21,0.51,0.1,0.58,0.83,1.0,0.99,0.2,0.56,0.52,0.24],[0.04,0.03,0.03,0.09,0.42,0.33,0.05,0.1,0.15,0.99,1.0,0.65,0.81,0.52,0.11],[0.02,0.04,0.06,0.12,0.08,0.03,0.02,0.02,0.03,0.2,0.65,1.0,0.51,0.19,0.07],[0.05,0.08,0.09,0.25,0.14,0.04,0.03,0.03,0.06,0.56,0.81,0.51,1.0,0.88,0.16],[0.29,0.27,0.05,0.11,0.04,0.03,0.02,0.08,0.27,0.52,0.52,0.19,0.88,1.0,1.0],[0.62,0.34,0.04,0.08,0.04,0.06,0.02,0.22,0.47,0.24,0.11,0.07,0.16,1.0,1.0]],
  "pae": [[1.0,3.0,7.0,5.5,5.0,4.5,8.9,5.4,7.2,5.3,5.6,10.7,7.9,6.2,5.3],[2.4,1.0,5.6,5.5,5.3,5.5,9.8,6.6,7.2,5.6,6.3,10.2,8.0,7.1,5.7],[7.6,7.3,1.6,7.9,8.4,11.5,14.9,13.2,14.0,13.3,13.4,16.9,14.7,12.6,11.7],[6.2,4.3,6.7,1.4,3.7,4.7,9.2,8.0,9.4,7.9,8.7,12.0,9.8,8.2,8.1],[5.5,4.7,6.8,3.9,0.9,2.1,6.5,5.4,6.7,4.7,5.5,9.9,7.5,5.6,6.8],[5.6,5.4,7.5,4.2,2.6,0.9,5.1,4.2,6.0,4.5,4.8,10.6,7.1,5.3,6.2],[11.7,13.1,14.6,12.8,8.5,7.4,1.8,7.3,9.4,10.7,10.3,12.8,13.5,12.0,11.4],[6.6,7.0,10.4,8.4,6.3,3.7,5.5,1.2,4.1,4.3,5.9,11.3,8.2,6.9,6.0],[7.5,7.3,10.8,9.0,6.6,5.2,7.1,3.8,1.3,3.2,5.3,10.8,7.7,7.1,6.3],[5.5,5.5,8.5,6.8,4.9,4.2,6.5,3.4,3.3,1.0,2.1,6.7,4.9,5.1,4.5],[5.9,6.2,10.0,7.1,5.2,4.7,8.6,4.0,4.3,2.2,0.9,4.9,4.3,5.3,5.8],[13.8,13.9,17.9,13.0,11.5,11.4,13.8,13.0,13.5,9.4,8.0,1.6,7.8,10.6,12.8],[8.6,8.3,12.3,8.8,8.7,6.9,10.0,7.2,6.7,6.0,3.9,5.8,1.3,4.4,5.5],[4.8,5.1,9.7,7.0,5.2,5.0,8.3,5.2,5.1,4.3,4.5,5.5,3.3,0.9,2.3],[4.7,4.9,9.4,7.5,5.1,4.6,8.7,5.0,5.4,4.2,4.8,8.4,4.0,2.3,1.1]],
  "token_chain_ids": ["A","A","A","A","A","A","A","A","A","A","A","A","A","A","A"],
  "token_res_ids": [1,2,3,4,5,6,7,8,9,10,11,12,13,14,15]
}