{
  "atom_chain_ids": ["A","A","A","A","A","A","A","A","A","A","A","A","A","A","A","A","A","A","A","A","A","A","A","A","A","A","A","A","A","A","A","A","A","A","A","A","A","A","A","A","A","A","A","A","A","A","A","A","A","A","A","A","A","A","A","A","A","A","A","A","A","A","A","A","A","A","A","A","A","A","A","A","A","A","A","A","A","A","A","A","A","A","A","A","A","A","A","A","A","A","A","A","A","A","A","A","A","A","A","A","A","A","A","A","A","A","A","A","A","A","A","A","A","A","A","A","A","A","A","A","A","A","A","A","A","A","A","A","A","A","A","A","A","A","A","A","A","A","A","A","A","A","A","A","A","A","A","A","A","A","A","A","A","A","A","A","A","A","A","A","A","A","A","A","A","A","A","A","A","A","A","A","A","A","A","A","A","A","A","A","A","A","A","A","A","A","A","A","A","A","A","A","A","A","A","A","A","A","A","A","A","A","A","A","A","A","A","A","A","A","A","A","A","A","A","A","A","A","A","A","A","A","A","A","A","A","A","A","A","A","A","A","A","A","A","A","A","A","A","A","A","A","A","A","A","A","A","A","A","A","A","A","A","A","A","A","A","A","A","A","A","A","A","A","A","A","A","A","A","A","A","A","A","A","A","A","A","A","A","A","A","A","A","A","A","A","A","A","A","A","A","A","A","A","A","A","A","A","A","A","A","A","A","A","A","A","A","A","A","A","A","A","A","A","A","A","A","A","A"],
  "atom_plddts": [64.5,64.8,60.79,61.03,64.43,67.41,67.83,68.88,68.32,67.31,68.91,68.59,68.62,68.98,69.27,69.95,70.41,70.12,69.47,69.62,69.72,69.76,70.95,65.02,62.16,61.67,64.75,65.11,65.56,67.0,66.54,65.15,66.45,65.82,65.77,66.1,66.97,67.72,68.29,67.89,67.55,67.28,67.16,66.75,67.83,63.58,60.29,60.95,64.28,62.59,64.43,61.89,64.08,62.81,60.17,59.49,60.03,57.33,55.0,53.93,53.17,52.18,50.64,52.65,55.62,60.76,55.91,56.63,60.9,60.79,62.62,62.96,64.26,63.01,62.45,62.51,63.14,61.97,59.95,59.34,59.61,59.0,57.35,58.24,60.2,63.75,59.78,59.98,64.55,66.15,66.8,68.75,67.88,66.62,68.34,68.85,68.07,68.46,68.24,68.93,69.66,69.31,68.9,68.62,68.7,68.9,69.71,64.1,62.12,62.09,64.01,65.23,65.42,67.01,65.66,64.2,65.72,65.36,65.07,65.58,66.03,66.4,67.23,67.17,66.77,66.31,66.29,65.87,66.68,60.42,59.08,59.07,60.49,59.27,60.19,57.68,59.41,58.28,55.16,54.81,55.3,52.89,50.9,50.06,49.04,48.29,46.81,48.6,51.46,56.02,49.82,49.47,56.05,58.19,58.94,59.93,60.24,59.13,59.66,59.42,59.59,59.38,59.75,60.37,59.98,59.3,57.97,59.0,60.22,59.7,60.96,62.51,57.71,57.87,62.42,63.13,64.09,64.78,64.83,64.16,62.71,62.48,63.3,62.6,61.57,60.92,61.25,60.47,58.77,59.9,61.78,64.58,61.21,60.53,65.33,67.67,67.65,68.94,67.37,66.26,68.21,68.7,67.75,68.32,68.72,69.35,69.94,69.73,69.45,69.25,69.2,69.44,70.1,63.05,60.95,60.09,62.8,63.92,64.1,65.26,64.34,62.82,64.06,63.43,63.3,63.65,64.19,64.64,65.38,65.15,64.78,64.26,64.25,63.92,64.94,63.75,61.04,61.3,63.6,62.28,63.54,61.87,63.18,61.99,59.25,58.38,59.4,56.91,55.05,54.06,53.55,52.6,50.92,52.44,55.14,63.32,57.81,58.19,63.09,64.27,65.99,67.44,67.97,66.79,66.51,65.73,66.8,65.99,64.27,63.54,64.19,63.38,61.51,62.45,64.26,66.98,63.33,62.58,68.0,70.74,71.48,72.88,71.96,71.1,73.14,73.52,72.67,73.17,72.8,73.52,74.07,73.74,73.45,73.4,73.38,73.68,74.47,73.02,72.01,70.99,72.39,73.39,73.7,73.88,72.95,71.66,73.0,72.22,72.94,73.33,73.67,73.87,74.79,74.75,74.57,74.26,73.85,73.15,74.36],
  "contact_probs": [[1.0,0.99,0.25,0.45,0.38,0.34,0.18,0.45,0.12,0.04,0.04,0.02,0.05,0.29,0.62],[0.99,1.0,0.6,0.78,0.64,0.29,0.09,0.19,0.06,0.03,0.03,0.04,0.08,0.27,0.34],[0.25,0.6,1.0,0.42,0.15,0.08,0.05,0.03,0.02,0.01,0.03,0.06,0.09,0.05,0.04],[0.45,0.78,0.42,1.0,0.79,0.13,0.02,0.03,0.04,0.03,0.09,0.12,0.25,0.11,0.08],[0.38,0.64,0.15,0.79,1.0,0.99,0.22,0.33,0.08,0.21,0.42,0.08,0.14,0.04,0.04],[0.34,0.29,0.08,0.13,0.99,1.0,0.66,0.85,0.28,0.51,0.33,0.03,0.04,0.03,0.06],[0.18,0.09,0.05,0.02,0.22,0.66,1.0,0.63,0.18,0.1,0.05,0.02,0.03,0.02,0.02],[0.45,0.19,0.03,0.03,0.33,0.85,0.63,1.0,0.79,0.58,0.1,0.02,0.03,0.08,0.22],[0.12,0.06,0.02,0.04,0.08,0.28,0.18,0.79,1.0,0.83,0.15,0.03,0.06,0.27,0.47],[0.04,0.03,0.01,0.03,0.21,0.51,0.1,0.58,0.83,1.0,0.99,0.2,0.56,0.52,0.24],[0.04,0.03,0.03,0.09,0.42,0.33,0.05,0.1,0.15,0.99,1.0,0.65,0.81,0.52,0.11],[0.02,0.04,0.06,0.12,0.08,0.03,0.02,0.02,0.03,0.2,0.65,1.0,0.51,0.19,0.07],[0.05,0.08,0.09,0.25,0.14,0.04,0.03,0.03,0.06,0.56,0.81,0.51,1.0,0.88,0.16],[0.29,0.27,0.05,0.11,0.04,0.03,0.02,0.08,0.27,0.52,0.52,0.19,0.88,1.0,1.0],[0.62,0.34,0.04,0.08,0.04,0.06,0.02,0.22,0.47,0.24,0.11,0.07,0.16,1.0,1.0]],
  "pae": [[1.0,3.9,8.7,8.2,6.4,5.0,12.0,7.5,10.1,7.8,8.6,10.5,9.2,8.4,6.8],[2.8,1.0,7.0,7.3,6.2,5.0,12.0,9.1,9.8,7.6,8.5,10.5,9.0,7.9,6.5],[8.1,9.4,1.4,8.7,8.9,12.2,13.7,13.6,14.7,14.4,13.8,11.2,13.8,13.8,14.3],[9.0,7.5,6.0,1.3,6.3,7.2,11.5,11.5,12.6,12.9,10.1,11.0,11.3,12.7,12.4],[7.6,5.9,7.9,5.2,1.0,2.7,8.3,6.8,9.2,6.5,7.7,10.2,9.8,7.5,8.5],[7.4,6.6,9.0,5.5,3.4,1.0,6.4,6.3,8.5,7.6,9.4,11.0,9.4,8.4,8.8],[16.6,15.9,15.7,15.9,12.8,10.8,1.9,10.5,13.6,15.9,17.9,16.4,17.4,19.2,17.6],[10.6,11.2,13.1,12.2,10.7,6.9,6.2,1.5,7.2,7.8,10.7,13.1,12.3,13.1,11.5],[11.4,11.6,13.5,12.0,9.9,7.3,8.6,5.3,1.6,5.3,6.9,10.5,9.9,11.4,10.7],[9.1,8.1,10.4,9.6,7.2,7.4,10.0,5.1,4.5,1.0,3.1,7.4,7.2,6.5,6.5],[8.8,8.3,12.0,9.5,7.4,7.6,11.6,6.2,6.1,4.4,1.0,5.2,6.6,6.9,8.9],[14.7,14.0,15.7,14.5,13.5,13.6,16.2,14.3,13.1,11.5,11.3,1.4,9.9,8.8,12.0],[10.9,10.9,14.0,10.6,10.2,10.1,14.1,11.6,10.9,8.6,7.1,5.6,1.4,4.5,6.6],[6.9,6.6,11.1,9.7,6.9,7.6,12.1,9.0,8.3,6.4,6.5,6.7,4.4,1.0,2.5],[6.6,6.7,11.0,9.8,6.6,6.4,13.2,7.4,8.5,5.8,7.2,9.2,5.3,2.0,1.1]],
  "token_chain_ids": ["A","A","A","A","A","A","A","A","A","A","A","A","A","A","A"],
  "token_res_ids": [1,2,3,4,5,6,7,8,9,10,11,12,13,14,15]
}