{
  "atom_chain_ids": ["A","A","A","A","A","A","A","A","A","A","A","A","A","A","A","A","A","A","A","A","A","A","A","A","A","A","A","A","A","A","A","A","A","A","A","A","A","A","A","A","A","A","A","A","A","A","A","A","A","A","A","A","A","A","A","A","A","A","A","A","A","A","A","A","A","A","A","A","A","A","A","A","A","A","A","A","A","A","A","A","A","A","A","A","A","A","A","A","A","A","A","A","A","A","A","A","A","A","A","A","A","A","A","A","A","A","A","A","A","A","A","A","A","A","A","A","A","A","A","A","A","A","A","A","A","A","A","A","A","A","A","A","A","A","A","A","A","A","A","A","A","A","A","A","A","A","A","A","A","A","A","A","A","A","A","A","A","A","A","A","A","A","A","A","A","A","A","A","A","A","A","A","A","A","A","A","A","A","A","A","A","A","A","A","A","A","A","A","A","A","A","A","A","A","A","A","A","A","A","A","A","A","A","A","A","A","A","A","A","A","A","A","A","A","A","A","A","A","A","A","A","A","A","A","A","A","A","A","A","A","A","A","A","A","A","A","A","A","A","A","A","A","A","A","A","A","A","A","A","A","A","A","A","A","A","A","A","A","A","A","A","A","A","A","A","A","A","A","A","A","A","A","A","A","A","A","A","A","A","A","A","A","A","A","A","A","A","A","A","A","A","A","A","A","A","A","A","A","A","A","A","A","A","A","A","A","A","A","A","A","A","A","A","A","A","A","A","A","A"],
  "atom_plddts": [68.42,68.9,64.18,64.49,68.96,72.96,74.4,75.03,75.06,73.9,75.67,75.58,75.97,76.28,75.6,76.43,76.93,76.41,76.01,76.16,76.23,76.4,77.6,68.5,65.52,65.19,68.6,69.63,70.64,71.67,71.26,69.84,71.18,70.7,70.88,71.18,71.32,71.97,72.77,72.27,72.04,71.63,71.39,71.1,72.44,68.18,65.01,65.62,68.61,66.07,67.92,65.68,67.23,66.15,63.48,62.12,63.45,60.64,58.36,56.94,56.57,55.51,53.66,55.7,58.51,65.53,61.1,61.66,65.48,65.46,67.42,68.14,69.31,67.85,67.73,67.57,68.34,67.29,64.62,63.87,64.44,63.79,62.09,62.97,64.88,65.86,61.69,61.79,66.78,68.5,69.52,71.28,70.77,69.37,71.14,71.59,71.03,71.32,70.73,71.5,72.26,71.78,71.42,71.14,71.18,71.36,72.39,67.08,64.43,64.51,67.3,68.67,69.43,70.71,69.82,68.35,70.07,69.84,69.62,70.06,70.01,70.57,71.47,71.32,71.03,70.53,70.35,70.05,71.07,67.84,65.56,65.74,68.07,66.59,68.2,66.24,67.43,66.33,62.9,62.87,63.64,61.14,58.93,57.86,57.2,56.16,54.61,56.38,59.3,65.77,59.26,58.45,65.77,67.65,69.04,70.44,70.76,69.38,70.45,69.62,70.32,69.76,69.29,69.68,70.14,69.01,67.74,68.76,69.55,68.99,71.27,66.61,61.99,62.01,66.87,67.79,69.26,69.84,70.61,69.57,68.19,67.97,68.69,67.29,64.72,63.88,64.31,63.22,61.53,62.71,65.18,69.04,65.14,64.46,70.09,72.58,73.46,74.22,73.39,72.19,74.13,74.57,74.29,74.75,74.38,75.16,75.82,75.47,75.37,75.14,74.99,75.26,76.07,70.06,67.91,67.01,69.53,70.6,71.32,71.94,71.11,69.6,71.04,69.86,70.55,70.7,70.93,71.31,72.22,72.0,71.77,71.17,70.85,70.29,71.74,66.41,64.29,64.16,65.82,63.91,65.06,62.6,64.04,62.82,59.72,58.69,60.04,57.28,55.44,54.29,53.71,52.8,51.04,52.67,55.46,63.71,58.33,58.52,63.43,64.61,66.24,67.57,68.23,66.91,66.55,65.72,66.77,65.83,63.95,63.19,63.84,62.98,61.08,61.98,63.91,67.27,62.98,62.32,68.4,71.17,72.17,73.53,72.74,71.94,74.01,74.52,73.68,74.16,73.93,74.78,75.32,74.93,74.71,74.69,74.66,75.02,75.77,73.42,71.87,70.63,72.93,73.8,74.18,74.47,73.58,72.33,73.78,73.21,73.87,74.23,74.6,75.04,75.96,75.85,75.83,75.41,74.9,74.44,75.48],
  "contact_probs": [[1.0,0.99,0.25,0.45,0.38,0.34,0.18,0.45,0.12,0.04,0.04,0.02,0.05,0.29,0.62],[0.99,1.0,0.6,0.78,0.64,0.29,0.09,0.19,0.06,0.03,0.03,0.04,0.08,0.27,0.34],[0.25,0.6,1.0,0.42,0.15,0.08,0.05,0.03,0.02,0.01,0.03,0.06,0.09,0.05,0.04],[0.45,0.78,0.42,1.0,0.79,0.13,0.02,0.03,0.04,0.03,0.09,0.12,0.25,0.11,0.08],[0.38,0.64,0.15,0.79,1.0,0.99,0.22,0.33,0.08,0.21,0.42,0.08,0.14,0.04,0.04],[0.34,0.29,0.08,0.13,0.99,1.0,0.66,0.85,0.28,0.51,0.33,0.03,0.04,0.03,0.06],[0.18,0.09,0.05,0.02,0.22,0.66,1.0,0.63,0.18,0.1,0.05,0.02,0.03,0.02,0.02],[0.45,0.19,0.03,0.03,0.33,0.85,0.63,1.0,0.79,0.58,0.1,0.02,0.03,0.08,0.22],[0.12,0.06,0.02,0.04,0.08,0.28,0.18,0.79,1.0,0.83,0.15,0.03,0.06,0.27,0.47],[0.04,0.03,0.01,0.03,0.21,0.51,0.1,0.58,0.83,1.0,0.99,0.2,0.56,0.52,0.24],[0.04,0.03,0.03,0.09,0.42,0.33,0.05,0.1,0.15,0.99,1.0,0.65,0.81,0.52,0.11],[0.02,0.04,0.06,0.12,0.08,0.03,0.02,0.02,0.03,0.2,0.65,1.0,0.51,0.19,0.07],[0.05,0.08,0.09,0.25,0.14,0.04,0.03,0.03,0.06,0.56,0.81,0.51,1.0,0.88,0.16],[0.29,0.27,0.05,0.11,0.04,0.03,0.02,0.08,0.27,0.52,0.52,0.19,0.88,1.0,1.0],[0.62,0.34,0.04,0.08,0.04,0.06,0.02,0.22,0.47,0.24,0.11,0.07,0.16,1.0,1.0]],
  "pae": [[1.0,2.9,6.3,5.5,5.5,4.3,8.1,5.2,7.5,5.5,6.5,11.0,8.7,6.5,5.5],[2.5,1.0,5.5,5.1,5.4,5.1,9.2,6.4,7.2,5.9,6.9,10.2,8.7,7.2,5.9],[7.4,6.7,1.5,6.6,7.6,10.6,14.1,11.7,12.9,13.1,12.4,16.5,14.2,12.1,10.9],[6.6,4.2,5.4,1.3,4.4,5.2,9.5,8.4,10.0,8.7,9.4,12.5,10.6,9.0,8.6],[6.2,5.3,6.5,4.2,0.9,2.3,6.3,5.7,7.0,5.1,5.8,10.0,8.4,6.1,7.0],[6.4,5.5,7.7,4.4,2.8,0.9,4.7,4.2,6.1,4.6,4.7,10.4,7.8,5.7,6.6],[12.3,12.0,13.9,12.9,7.9,8.2,1.7,8.2,10.3,10.6,10.5,13.9,12.0,13.7,12.0],[6.6,6.9,10.6,8.7,6.6,3.9,5.7,1.2,4.4,4.3,6.0,11.2,8.2,6.7,6.0],[8.3,8.4,11.3,10.3,7.3,5.6,7.7,4.2,1.4,4.0,5.8,11.1,9.2,7.1,6.5],[6.1,6.4,9.4,7.6,5.6,5.2,7.5,3.8,3.8,1.0,2.3,7.0,5.7,5.3,4.7],[6.9,7.2,11.0,8.3,6.0,5.1,8.5,4.9,5.1,2.4,0.9,5.3,5.2,6.3,6.7],[13.7,13.6,17.3,14.3,12.7,11.3,15.0,13.1,13.5,9.3,7.9,1.5,9.5,11.8,13.0],[10.4,10.2,13.9,11.0,10.4,8.9,10.2,8.7,8.0,6.8,5.6,6.0,1.4,6.8,7.0],[5.1,4.9,10.1,7.9,5.8,5.2,8.5,5.1,5.0,4.5,4.9,5.7,4.3,1.0,2.4],[5.1,5.0,9.5,7.8,5.2,4.8,8.7,4.8,5.1,4.1,5.4,8.1,4.5,2.2,1.0]],
  "token_chain_ids": ["A","A","A","A","A","A","A","A","A","A","A","A","A","A","A"],
  "token_res_ids": [1,2,3,4,5,6,7,8,9,10,11,12,13,14,15]
}