{
  "atom_chain_ids": ["A","A","A","A","A","A","A","A","A","A","A","A","A","A","A","A","A","A","A","A","A","A","A","A","A","A","A","A","A","A","A","A","A","A","A","A","A","A","A","A","A","A","A","A","A","A","A","A","A","A","A","A","A","A","A","A","A","A","A","A","A","A","A","A","A","A","A","A","A","A","A","A","A","A","A","A","A","A","A","A","A","A","A","A","A","A","A","A","A","A","A","A","A","A","A","A","A","A","A","A","A","A","A","A","A","A","A","A","A","A","A","A","A","A","A","A","A","A","A","A","A","A","A","A","A","A","A","A","A","A","A","A","A","A","A","A","A","A","A","A","A","A","A","A","A","A","A","A","A","A","A","A","A","A","A","A","A","A","A","A","A","A","A","A","A","A","A","A","A","A","A","A","A","A","A","A","A","A","A","A","A","A","A","A","A","A","A","A","A","A","A","A","A","A","A","A","A","A","A","A","A","A","A","A","A","A","A","A","A","A","A","A","A","A","A","A","A","A","A","A","A","A","A","A","A","A","A","A","A","A","A","A","A","A","A","A","A","A","A","A","A","A","A","A","A","A","A","A","A","A","A","A","A","A","A","A","A","A","A","A","A","A","A","A","A","A","A","A","A","A","A","A","A","A","A","A","A","A","A","A","A","A","A","A","A","A","A","A","A","A","A","A","A","A","A","A","A","A","A","A","A","A","A","A","A","A","A","A","A","A","A","A","A","A","A","A","A","A","A"],
  "atom_plddts": [68.4,69.08,64.97,65.22,69.03,72.9,73.9,74.44,74.3,73.1,74.93,74.73,75.14,75.47,74.95,75.74,76.21,75.76,75.38,75.49,75.51,75.53,76.75,67.63,64.68,64.4,67.61,68.58,69.44,70.58,70.05,68.6,70.05,69.5,69.61,69.92,70.38,71.05,71.8,71.35,71.13,70.74,70.53,70.21,71.4,68.24,65.04,65.74,68.58,66.28,68.17,65.58,67.2,65.94,63.05,61.57,62.81,59.73,57.22,55.66,55.19,53.96,52.12,54.29,57.34,63.41,58.44,59.1,63.58,63.67,65.87,66.39,67.98,66.48,66.3,66.4,66.92,65.55,62.81,62.04,62.44,61.72,60.02,61.03,63.24,64.07,60.18,60.38,64.86,66.67,67.71,69.63,69.08,67.62,69.36,70.01,69.13,69.47,68.98,69.78,70.48,70.01,69.65,69.35,69.41,69.55,70.59,65.8,63.25,63.41,66.13,67.85,68.74,70.08,69.22,67.67,69.38,69.28,68.84,69.32,69.15,69.75,70.65,70.44,70.16,69.62,69.43,69.1,70.22,66.21,64.01,64.33,66.68,65.5,67.12,65.15,66.36,65.29,61.89,62.13,62.59,60.19,57.91,56.98,56.22,55.26,53.81,55.53,58.42,64.62,57.99,57.18,64.48,66.42,67.65,69.14,69.4,68.1,69.24,68.51,68.97,68.48,68.26,68.65,69.02,67.93,66.65,67.75,68.55,67.98,70.13,65.56,60.76,61.0,65.78,66.88,68.31,69.1,69.58,68.68,67.46,67.49,68.09,67.04,64.96,64.33,64.79,63.82,62.27,63.29,65.52,68.26,64.43,63.76,69.58,72.27,72.71,73.51,72.46,71.33,73.53,74.17,73.49,73.98,73.72,74.53,75.1,74.79,74.72,74.53,74.4,74.69,75.38,69.07,66.55,65.59,68.99,70.43,71.06,71.79,70.95,69.49,71.13,70.37,70.6,70.82,70.73,71.23,72.08,71.79,71.57,70.99,70.77,70.45,71.76,68.35,65.7,65.62,67.65,65.63,66.94,65.26,66.17,64.99,62.1,61.12,62.69,60.21,58.61,57.5,57.27,56.27,54.51,55.91,58.51,65.25,60.07,60.38,64.73,65.96,67.65,69.08,69.45,68.22,68.19,67.38,68.35,67.69,66.22,65.56,66.28,65.63,63.96,64.69,66.31,68.68,64.48,63.68,69.86,72.66,73.62,74.75,74.08,73.23,75.25,75.72,75.0,75.43,75.1,75.93,76.44,76.04,75.89,75.89,75.83,76.12,76.86,74.14,72.65,71.43,73.58,74.33,74.61,74.73,73.87,72.58,74.06,73.4,74.17,74.51,74.93,75.33,76.23,76.14,76.14,75.76,75.23,74.64,75.74],
  "contact_probs": [[1.0,0.99,0.25,0.45,0.38,0.34,0.18,0.45,0.12,0.04,0.04,0.02,0.05,0.29,0.62],[0.99,1.0,0.6,0.78,0.64,0.29,0.09,0.19,0.06,0.03,0.03,0.04,0.08,0.27,0.34],[0.25,0.6,1.0,0.42,0.15,0.08,0.05,0.03,0.02,0.01,0.03,0.06,0.09,0.05,0.04],[0.45,0.78,0.42,1.0,0.79,0.13,0.02,0.03,0.04,0.03,0.09,0.12,0.25,0.11,0.08],[0.38,0.64,0.15,0.79,1.0,0.99,0.22,0.33,0.08,0.21,0.42,0.08,0.14,0.04,0.04],[0.34,0.29,0.08,0.13,0.99,1.0,0.66,0.85,0.28,0.51,0.33,0.03,0.04,0.03,0.06],[0.18,0.09,0.05,0.02,0.22,0.66,1.0,0.63,0.18,0.1,0.05,0.02,0.03,0.02,0.02],[0.45,0.19,0.03,0.03,0.33,0.85,0.63,1.0,0.79,0.58,0.1,0.02,0.03,0.08,0.22],[0.12,0.06,0.02,0.04,0.08,0.28,0.18,0.79,1.0,0.83,0.15,0.03,0.06,0.27,0.47],[0.04,0.03,0.01,0.03,0.21,0.51,0.1,0.58,0.83,1.0,0.99,0.2,0.56,0.52,0.24],[0.04,0.03,0.03,0.09,0.42,0.33,0.05,0.1,0.15,0.99,1.0,0.65,0.81,0.52,0.11],[0.02,0.04,0.06,0.12,0.08,0.03,0.02,0.02,0.03,0.2,0.65,1.0,0.51,0.19,0.07],[0.05,0.08,0.09,0.25,0.14,0.04,0.03,0.03,0.06,0.56,0.81,0.51,1.0,0.88,0.16],[0.29,0.27,0.05,0.11,0.04,0.03,0.02,0.08,0.27,0.52,0.52,0.19,0.88,1.0,1.0],[0.62,0.34,0.04,0.08,0.04,0.06,0.02,0.22,0.47,0.24,0.11,0.07,0.16,1.0,1.0]],
  "pae": [[1.0,3.4,7.3,6.1,4.9,4.6,9.9,5.3,8.5,6.4,7.1,9.7,8.1,6.3,5.6],[2.4,1.0,5.7,5.7,5.3,5.9,10.6,7.2,7.8,6.2,6.7,9.3,7.6,6.6,5.7],[7.5,7.6,1.5,6.9,8.4,12.0,15.0,14.0,14.1,13.7,13.3,13.9,13.0,11.9,11.9],[6.6,4.8,6.5,1.3,4.4,6.0,10.2,8.6,10.7,9.6,9.2,11.0,8.4,9.2,8.7],[5.6,4.7,7.3,4.5,0.9,2.5,6.7,5.7,7.8,5.6,6.1,8.7,7.1,6.3,7.8],[6.2,6.1,8.8,5.0,3.2,0.9,5.4,4.3,6.7,5.1,5.7,9.0,7.5,6.3,7.3],[12.3,14.3,16.0,13.4,9.2,7.9,1.8,7.3,9.7,11.4,12.5,12.4,13.6,13.2,13.0],[7.7,8.9,12.4,10.2,7.1,3.8,5.9,1.2,4.2,4.8,6.3,10.6,8.5,7.4,6.4],[8.5,9.0,12.2,10.2,7.7,5.7,8.2,4.0,1.4,3.9,5.4,9.4,7.5,8.0,7.2],[6.3,6.5,9.9,8.0,5.8,4.9,7.6,3.3,3.5,0.9,2.2,6.1,5.1,5.3,5.0],[6.6,6.8,9.7,7.6,5.7,5.3,9.2,4.0,4.6,2.6,0.9,4.3,4.4,5.4,6.3],[11.5,11.5,15.1,11.6,10.6,9.7,13.6,10.3,10.1,7.6,6.4,1.5,6.4,8.5,10.5],[8.2,8.4,11.8,8.2,8.1,6.4,10.3,7.1,7.0,5.9,3.4,5.1,1.2,3.4,5.5],[5.1,5.4,10.3,7.6,5.4,5.3,8.8,5.6,5.5,4.8,4.8,5.6,3.5,1.0,2.2],[5.3,5.7,9.6,8.1,5.2,4.8,9.5,5.0,6.0,4.7,5.4,7.1,4.1,2.0,1.1]],
  "token_chain_ids": ["A","A","A","A","A","A","A","A","A","A","A","A","A","A","A"],
  "token_res_ids": [1,2,3,4,5,6,7,8,9,10,11,12,13,14,15]
}