{
  "atom_chain_ids": ["A","A","A","A","A","A","A","A","A","A","A","A","A","A","A","A","A","A","A","A","A","A","A","A","A","A","A","A","A","A","A","A","A","A","A","A","A","A","A","A","A","A","A","A","A","A","A","A","A","A","A","A","A","A","A","A","A","A","A","A","A","A","A","A","A","A","A","A","A","A","A","A","A","A","A","A","A","A","A","A","A","A","A","A","A","A","A","A","A","A","A","A","A","A","A","A","A","A","A","A","A","A","A","A","A","A","A","A","A","A","A","A","A","A","A","A","A","A","A","A","A","A","A","A","A","A","A","A","A","A","A","A","A","A","A","A","A","A","A","A","A","A","A","A","A","A","A","A","A","A","A","A","A","A","A","A","A","A","A","A","A","A","A","A","A","A","A","A","A","A","A","A","A","A","A","A","A","A","A","A","A","A","A","A","A","A","A","A","A","A","A","A","A","A","A","A","A","A","A","A","A","A","A","A","A","A","A","A","A","A","A","A","A","A","A","A","A","A","A","A","A","A","A","A","A","A","A","A","A","A","A","A","A","A","A","A","A","A","A","A","A","A","A","A","A","A","A","A","A","A","A","A","A","A","A","A","A","A","A","A","A","A","A","A","A","A","A","A","A","A","A","A","A","A","A","A","A","A","A","A","A","A","A","A","A","A","A","A","A","A","A","A","A","A","A","A","A","A","A","A","A","A","A","A","A","A","A","A","A","A","A","A","A","A","A","A","A","A","A","A","A","A","A","A","A","A","A","A","A","A","A","A","A","A","A","A","A","A","A","A","A","A","A","A","A","A","A","A","A","A","A","A","A","A","A","A","A","A","A","A","A","A","A","A","A","A","A","A","A","A","A","A","A","A","A","A","A","A","A","A","A","A","A","A","A","A","A","A","A","A","A","A","A","A","A","A","A","A","A","A","A","A","A","A","A","A","A","A","A","A","A"],
  "atom_plddts": [61.41,62.25,56.96,58.48,61.79,64.39,65.73,67.48,67.41,66.47,66.92,67.15,66.93,67.03,66.8,67.25,68.21,68.16,67.01,66.55,66.64,66.94,68.9,65.59,62.99,62.4,65.65,66.67,67.77,69.4,68.91,67.9,68.46,68.56,68.22,68.71,68.24,68.83,69.67,69.4,68.83,68.24,68.17,68.13,69.53,66.69,64.46,63.96,66.12,65.7,66.15,66.55,66.64,65.6,65.5,63.93,65.07,64.77,65.03,65.3,66.03,65.58,64.62,64.41,64.67,63.45,65.48,59.09,56.44,56.44,59.64,57.21,58.12,54.57,57.14,56.31,53.58,51.89,52.81,49.32,46.02,44.5,43.24,41.97,40.39,43.12,46.68,60.01,54.02,54.63,60.57,62.09,63.34,65.49,65.67,64.84,65.51,65.72,65.44,65.63,65.35,66.03,66.69,66.34,65.56,65.49,65.78,65.8,67.23,64.2,61.09,61.28,64.29,65.38,66.58,68.13,67.66,66.79,67.14,66.8,66.7,67.25,66.87,67.26,68.51,68.41,67.79,67.19,67.07,66.47,68.11,63.9,61.52,61.76,63.22,62.98,63.71,64.81,64.31,62.89,63.28,62.6,63.27,63.33,64.06,64.53,65.45,65.17,64.53,63.91,64.0,63.19,64.71,59.42,55.95,55.36,59.83,58.57,59.44,58.67,60.4,59.05,57.55,55.67,57.45,54.91,53.45,53.56,53.13,51.54,50.12,51.05,53.02,50.51,54.64,54.99,50.99,50.73,55.58,55.42,57.35,55.85,58.4,56.98,55.71,54.28,55.25,52.85,50.25,50.49,49.47,47.47,46.28,47.17,49.5,49.82,53.93,49.43,48.84,54.29,53.93,55.89,54.28,56.99,55.28,54.65,52.15,53.98,51.57,48.67,48.52,47.79,45.72,44.32,45.29,47.36,47.91,57.0,52.32,51.85,57.5,57.05,58.01,59.53,59.79,58.86,58.15,56.66,58.57,57.17,55.77,56.11,56.18,54.93,53.5,54.07,55.46,53.88,57.17,61.83,58.15,58.91,62.35,63.52,64.36,67.13,66.19,65.12,66.17,67.06,66.3,67.05,66.84,67.73,68.7,68.53,68.0,67.39,67.38,67.5,68.49,63.39,60.6,60.98,63.63,64.61,65.7,67.75,66.79,65.74,66.25,66.62,66.59,67.24,67.18,67.81,68.65,68.44,68.01,67.51,67.47,67.38,68.44,64.2,61.39,61.27,63.81,64.22,64.75,65.67,65.94,64.89,65.0,64.19,65.01,64.86,64.82,65.25,65.89,65.47,64.43,64.44,64.92,64.11,65.98,56.45,53.49,53.7,57.22,55.78,55.93,54.19,56.11,55.67,52.94,51.63,52.63,49.95,47.86,46.89,46.1,45.3,43.71,45.64,48.38,62.57,59.17,59.83,63.3,64.11,65.19,67.74,67.27,66.43,67.25,67.51,67.01,67.43,66.81,67.58,68.33,68.14,67.46,67.04,67.09,67.26,68.45,64.26,62.18,62.03,64.38,65.78,66.79,68.56,67.83,66.85,67.71,67.75,67.33,67.98,67.36,67.77,68.64,68.63,68.02,67.54,67.44,67.33,68.52,64.39,62.72,62.04,63.39,63.92,64.02,65.54,64.81,63.8,64.04,63.4,64.03,64.35,64.74,65.02,65.98,66.02,65.23,64.62,64.49,64.05,65.46,53.53,50.7,51.22,54.04,54.16,54.12,54.36,55.4,55.11,53.01,52.66,52.82,51.45,50.16,49.43,49.2,48.65,47.1,48.3,50.41],
  "contact_probs": [[1.0,1.0,0.12,0.08,0.33,0.27,0.27,0.23,0.18,0.31,0.14,0.03,0.04,0.03,0.02,0.24,0.8,0.44,0.08],[1.0,1.0,0.98,0.19,0.69,0.42,0.41,0.18,0.06,0.1,0.04,0.04,0.05,0.03,0.02,0.07,0.28,0.71,0.28],[0.12,0.98,1.0,0.31,0.42,0.63,0.37,0.12,0.03,0.03,0.02,0.02,0.04,0.03,0.03,0.04,0.09,0.21,0.34],[0.08,0.19,0.31,1.0,0.25,0.12,0.02,0.02,0.01,0.02,0.02,0.01,0.03,0.04,0.01,0.02,0.02,0.03,0.05],[0.33,0.69,0.42,0.25,1.0,0.98,0.2,0.05,0.05,0.1,0.2,0.21,0.16,0.05,0.02,0.02,0.03,0.02,0.01],[0.27,0.42,0.63,0.12,0.98,1.0,0.98,0.35,0.09,0.17,0.43,0.59,0.31,0.06,0.01,0.05,0.07,0.04,0.01],[0.27,0.41,0.37,0.02,0.2,0.98,1.0,0.83,0.27,0.35,0.44,0.43,0.23,0.11,0.0,0.03,0.05,0.05,0.02],[0.23,0.18,0.12,0.02,0.05,0.35,0.83,1.0,0.56,0.35,0.22,0.18,0.13,0.07,0.01,0.02,0.02,0.03,0.02],[0.18,0.06,0.03,0.01,0.05,0.09,0.27,0.56,1.0,0.54,0.24,0.1,0.04,0.03,0.01,0.03,0.02,0.04,0.04],[0.31,0.1,0.03,0.02,0.1,0.17,0.35,0.35,0.54,1.0,0.69,0.25,0.03,0.02,0.01,0.15,0.13,0.1,0.06],[0.14,0.04,0.02,0.02,0.2,0.43,0.44,0.22,0.24,0.69,1.0,0.95,0.14,0.03,0.01,0.28,0.2,0.06,0.02],[0.03,0.04,0.02,0.01,0.21,0.59,0.43,0.18,0.1,0.25,0.95,1.0,0.99,0.17,0.05,0.43,0.3,0.1,0.01],[0.04,0.05,0.04,0.03,0.16,0.31,0.23,0.13,0.04,0.03,0.14,0.99,1.0,0.98,0.14,0.76,0.3,0.19,0.03],[0.03,0.03,0.03,0.04,0.05,0.06,0.11,0.07,0.03,0.02,0.03,0.17,0.98,1.0,0.2,0.45,0.76,0.34,0.17],[0.02,0.02,0.03,0.01,0.02,0.01,0.0,0.01,0.01,0.01,0.01,0.05,0.14,0.2,1.0,0.13,0.07,0.01,0.02],[0.24,0.07,0.04,0.02,0.02,0.05,0.03,0.02,0.03,0.15,0.28,0.43,0.76,0.45,0.13,1.0,1.0,0.1,0.01],[0.8,0.28,0.09,0.02,0.03,0.07,0.05,0.02,0.02,0.13,0.2,0.3,0.3,0.76,0.07,1.0,1.0,1.0,0.3],[0.44,0.71,0.21,0.03,0.02,0.04,0.05,0.03,0.04,0.1,0.06,0.1,0.19,0.34,0.01,0.1,1.0,1.0,0.88],[0.08,0.28,0.34,0.05,0.01,0.01,0.02,0.02,0.04,0.06,0.02,0.01,0.03,0.17,0.02,0.01,0.3,0.88,1.0]],
  "pae": [[1.0,2.3,4.1,10.2,4.9,5.9,7.2,8.9,10.6,9.7,8.2,6.3,6.8,6.7,10.7,5.9,5.9,5.7,8.9],[2.2,0.9,2.7,9.5,4.8,4.9,5.9,8.6,9.7,8.8,7.4,5.3,5.3,6.0,9.6,5.9,5.9,5.7,8.4],[4.3,2.4,1.0,8.6,4.7,5.6,6.2,9.0,9.8,10.2,8.6,6.9,7.3,6.9,11.2,6.8,8.2,6.5,8.8],[12.2,9.2,10.3,1.9,8.9,9.0,12.3,13.5,15.6,14.6,15.7,15.6,15.7,15.8,17.9,16.3,15.9,14.8,15.2],[6.7,5.0,4.7,6.4,0.9,1.7,4.3,6.5,7.9,8.9,8.7,7.6,7.2,8.5,11.1,7.7,6.5,6.1,8.9],[6.4,4.9,4.7,6.8,2.0,0.9,2.8,6.2,7.8,8.6,7.9,6.9,6.2,7.3,11.3,6.0,5.8,5.3,8.4],[7.6,5.4,5.9,10.3,3.8,2.9,0.9,4.0,5.4,6.2,6.5,6.7,6.1,8.3,11.9,7.9,7.7,6.9,8.9],[11.7,8.7,9.3,13.4,8.9,5.5,4.8,1.1,4.6,4.8,5.9,7.9,9.4,10.6,14.4,12.4,11.4,9.9,10.5],[12.7,10.8,10.8,13.6,10.5,8.6,5.3,4.0,1.1,5.4,5.6,8.7,11.0,12.0,15.0,13.5,12.5,11.2,11.7],[12.8,10.8,11.0,13.7,11.3,9.1,7.0,4.8,5.0,1.1,4.7,6.4,9.7,10.7,14.4,13.4,12.0,10.4,11.6],[9.6,9.2,9.3,13.7,10.3,7.3,6.5,6.9,5.7,4.6,1.0,3.4,5.9,7.0,11.5,9.1,9.1,8.7,10.5],[6.6,6.2,7.5,12.3,8.4,6.0,6.1,8.0,8.4,5.2,3.7,0.9,2.1,4.3,8.9,6.1,5.8,7.3,9.5],[6.6,6.5,7.5,12.5,8.2,6.3,7.6,8.4,9.3,6.5,4.2,2.2,0.9,2.4,8.4,6.5,5.6,6.7,9.7],[6.8,6.9,8.3,13.5,7.6,7.6,7.3,9.8,10.9,7.6,5.4,3.8,2.6,1.0,6.4,5.1,5.8,6.2,10.5],[13.8,16.0,16.5,18.7,15.6,15.2,14.7,15.1,16.9,14.3,14.0,13.3,9.7,8.7,1.8,9.9,9.5,12.7,14.1],[4.9,5.3,6.5,11.6,5.0,5.3,6.4,9.2,11.6,11.2,8.4,6.4,5.2,4.5,5.5,0.9,1.5,2.6,7.1],[4.6,4.3,5.0,10.6,4.9,4.8,5.8,8.7,11.0,9.7,7.5,5.9,5.1,5.2,6.3,1.8,0.9,1.8,6.9],[5.3,5.3,6.4,11.7,5.6,5.5,6.2,9.2,10.7,10.1,8.1,6.3,6.4,5.2,9.0,3.1,2.3,0.9,5.5],[10.0,9.2,10.3,15.6,11.0,10.0,10.6,10.8,11.8,11.3,10.0,10.0,11.1,9.8,14.3,11.1,9.1,8.1,1.8]],
  "token_chain_ids": ["A","A","A","A","A","A","A","A","A","A","A","A","A","A","A","A","A","A","A"],
  "token_res_ids": [1,2,3,4,5,6,7,8,9,10,11,12,13,14,15,16,17,18,19]
}