{
  "atom_chain_ids": ["A","A","A","A","A","A","A","A","A","A","A","A","A","A","A","A","A","A","A","A","A","A","A","A","A","A","A","A","A","A","A","A","A","A","A","A","A","A","A","A","A","A","A","A","A","A","A","A","A","A","A","A","A","A","A","A","A","A","A","A","A","A","A","A","A","A","A","A","A","A","A","A","A","A","A","A","A","A","A","A","A","A","A","A","A","A","A","A","A","A","A","A","A","A","A","A","A","A","A","A","A","A","A","A","A","A","A","A","A","A","A","A","A","A","A","A","A","A","A","A","A","A","A","A","A","A","A","A","A","A","A","A","A","A","A","A","A","A","A","A","A","A","A","A","A","A","A","A","A","A","A","A","A","A","A","A","A","A","A","A","A","A","A","A","A","A","A","A","A","A","A","A","A","A","A","A","A","A","A","A","A","A","A","A","A","A","A","A","A","A","A","A","A","A","A","A","A","A","A","A","A","A","A","A","A","A","A","A","A","A","A","A","A","A","A","A","A","A","A","A","A","A","A","A","A","A","A","A","A","A","A","A","A","A","A","A","A","A","A","A","A","A","A","A","A","A","A","A","A","A","A","A","A","A","A","A","A","A","A","A","A","A","A","A","A","A","A","A","A","A","A","A","A","A","A","A","A","A","A","A","A","A","A","A","A","A","A","A","A","A","A","A","A","A","A","A","A","A","A","A","A","A","A","A","A","A","A","A","A","A","A","A","A","A","A","A","A","A","A","A","A","A","A","A","A","A","A","A","A","A","A","A","A","A","A","A","A","A","A","A","A","A","A","A","A","A","A","A","A","A","A","A","A","A","A","A","A","A","A","A","A","A","A","A","A","A","A","A","A","A","A","A","A","A","A","A","A","A","A","A","A","A","A","A","A","A","A","A","A","A","A","A","A","A","A","A","A","A","A","A","A","A","A","A","A","A","A","A","A","A","A"],
  "atom_plddts": [62.3,63.88,58.67,60.12,63.23,65.83,67.46,68.84,69.03,67.89,68.29,68.26,68.39,68.34,68.18,68.63,69.56,69.45,68.33,67.91,67.94,68.12,70.31,67.38,64.73,63.99,67.44,68.44,69.71,70.97,70.74,69.64,70.11,70.38,70.09,70.52,70.09,70.82,71.59,71.26,70.78,70.17,69.98,69.9,71.44,67.78,65.51,64.94,67.09,66.54,66.98,67.12,67.31,66.24,65.94,64.3,65.57,65.17,65.59,65.96,66.63,66.13,65.23,64.98,65.2,63.88,66.0,60.56,57.86,57.93,61.18,58.51,59.51,55.7,58.22,57.37,54.37,52.61,53.81,50.31,47.22,45.81,44.69,43.47,41.85,44.41,47.84,61.09,54.76,55.28,61.58,63.22,64.72,66.84,67.11,66.22,67.05,67.16,66.97,67.15,66.88,67.57,68.29,67.91,67.16,67.11,67.33,67.42,68.92,66.03,62.69,62.89,66.3,67.65,69.15,70.5,70.19,69.35,69.97,69.69,69.68,70.25,69.52,69.93,71.1,70.93,70.36,69.91,69.78,69.29,70.95,65.01,62.57,62.83,64.4,64.08,64.97,66.03,65.65,64.25,64.64,63.95,64.62,64.69,65.36,65.91,66.87,66.56,65.97,65.31,65.29,64.51,66.12,59.23,55.58,55.13,59.71,58.73,59.83,59.08,60.77,59.38,58.08,56.36,58.02,55.58,54.17,54.39,53.95,52.4,51.08,51.93,53.83,51.44,55.39,56.12,52.13,52.01,56.81,56.57,58.4,56.95,59.35,58.05,56.66,54.95,55.94,53.36,50.58,50.61,49.57,47.37,46.08,47.13,49.55,49.88,53.82,49.18,48.73,54.46,54.2,56.25,54.63,57.54,55.84,55.21,52.58,54.4,51.94,48.76,48.57,47.87,45.77,44.35,45.35,47.42,47.97,55.39,50.51,49.87,55.85,55.65,57.04,58.3,59.03,58.03,57.41,56.07,57.86,56.32,54.81,55.19,55.08,53.79,52.44,53.07,54.65,53.03,56.24,62.76,58.28,59.28,63.6,64.8,66.2,68.73,68.26,67.11,68.32,69.15,68.57,69.28,69.04,70.03,71.03,70.74,70.23,69.68,69.54,69.7,70.9,64.22,61.12,61.64,64.48,65.27,66.66,68.48,67.84,66.76,67.12,67.4,67.56,68.17,68.22,68.91,69.78,69.54,69.1,68.58,68.45,68.24,69.51,65.23,62.26,62.14,64.88,65.17,65.83,66.67,67.21,66.07,66.06,65.43,66.2,66.0,65.82,66.43,67.15,66.67,65.74,65.57,65.93,65.17,67.13,58.98,55.58,56.02,59.99,58.52,59.12,56.9,59.14,58.57,55.44,54.16,54.99,51.79,49.1,47.79,46.86,45.9,44.26,46.56,49.64,63.87,60.09,60.82,64.71,65.73,67.16,69.54,69.23,68.3,69.39,69.58,69.22,69.6,68.89,69.66,70.4,70.14,69.51,69.17,69.19,69.43,70.65,66.29,64.28,64.05,66.35,67.59,68.91,70.39,69.86,68.81,69.69,69.66,69.48,70.1,69.34,69.83,70.7,70.67,70.15,69.63,69.43,69.28,70.55,65.52,63.82,62.98,64.57,65.04,65.39,66.6,66.22,65.08,65.29,64.72,65.25,65.49,65.74,66.15,67.08,67.08,66.32,65.69,65.5,65.05,66.65,60.65,58.33,59.08,60.94,60.65,60.65,60.47,61.31,60.89,58.0,57.48,57.97,56.09,54.52,53.31,53.28,52.67,50.83,52.23,54.48],
  "contact_probs": [[1.0,1.0,0.12,0.08,0.33,0.27,0.27,0.23,0.18,0.31,0.14,0.03,0.04,0.03,0.02,0.24,0.8,0.44,0.08],[1.0,1.0,0.98,0.19,0.69,0.42,0.41,0.18,0.06,0.1,0.04,0.04,0.05,0.03,0.02,0.07,0.28,0.71,0.28],[0.12,0.98,1.0,0.31,0.42,0.63,0.37,0.12,0.03,0.03,0.02,0.02,0.04,0.03,0.03,0.04,0.09,0.21,0.34],[0.08,0.19,0.31,1.0,0.25,0.12,0.02,0.02,0.01,0.02,0.02,0.01,0.03,0.04,0.01,0.02,0.02,0.03,0.05],[0.33,0.69,0.42,0.25,1.0,0.98,0.2,0.05,0.05,0.1,0.2,0.21,0.16,0.05,0.02,0.02,0.03,0.02,0.01],[0.27,0.42,0.63,0.12,0.98,1.0,0.98,0.35,0.09,0.17,0.43,0.59,0.31,0.06,0.01,0.05,0.07,0.04,0.01],[0.27,0.41,0.37,0.02,0.2,0.98,1.0,0.83,0.27,0.35,0.44,0.43,0.23,0.11,0.0,0.03,0.05,0.05,0.02],[0.23,0.18,0.12,0.02,0.05,0.35,0.83,1.0,0.56,0.35,0.22,0.18,0.13,0.07,0.01,0.02,0.02,0.03,0.02],[0.18,0.06,0.03,0.01,0.05,0.09,0.27,0.56,1.0,0.54,0.24,0.1,0.04,0.03,0.01,0.03,0.02,0.04,0.04],[0.31,0.1,0.03,0.02,0.1,0.17,0.35,0.35,0.54,1.0,0.69,0.25,0.03,0.02,0.01,0.15,0.13,0.1,0.06],[0.14,0.04,0.02,0.02,0.2,0.43,0.44,0.22,0.24,0.69,1.0,0.95,0.14,0.03,0.01,0.28,0.2,0.06,0.02],[0.03,0.04,0.02,0.01,0.21,0.59,0.43,0.18,0.1,0.25,0.95,1.0,0.99,0.17,0.05,0.43,0.3,0.1,0.01],[0.04,0.05,0.04,0.03,0.16,0.31,0.23,0.13,0.04,0.03,0.14,0.99,1.0,0.98,0.14,0.76,0.3,0.19,0.03],[0.03,0.03,0.03,0.04,0.05,0.06,0.11,0.07,0.03,0.02,0.03,0.17,0.98,1.0,0.2,0.45,0.76,0.34,0.17],[0.02,0.02,0.03,0.01,0.02,0.01,0.0,0.01,0.01,0.01,0.01,0.05,0.14,0.2,1.0,0.13,0.07,0.01,0.02],[0.24,0.07,0.04,0.02,0.02,0.05,0.03,0.02,0.03,0.15,0.28,0.43,0.76,0.45,0.13,1.0,1.0,0.1,0.01],[0.8,0.28,0.09,0.02,0.03,0.07,0.05,0.02,0.02,0.13,0.2,0.3,0.3,0.76,0.07,1.0,1.0,1.0,0.3],[0.44,0.71,0.21,0.03,0.02,0.04,0.05,0.03,0.04,0.1,0.06,0.1,0.19,0.34,0.01,0.1,1.0,1.0,0.88],[0.08,0.28,0.34,0.05,0.01,0.01,0.02,0.02,0.04,0.06,0.02,0.01,0.03,0.17,0.02,0.01,0.3,0.88,1.0]],
  "pae": [[1.0,2.5,4.3,9.5,6.6,7.0,7.5,9.3,11.4,11.0,8.5,6.5,6.7,7.3,10.7,7.0,5.6,5.4,8.0],[2.4,0.9,2.7,8.9,5.6,5.4,5.6,8.7,10.8,10.2,8.6,5.7,5.6,6.6,10.5,6.7,5.4,5.4,7.8],[4.4,2.5,1.0,7.1,4.3,5.0,5.5,8.2,10.5,10.1,8.2,6.6,6.7,7.1,11.5,6.6,7.3,5.2,7.5],[12.5,8.0,10.1,1.8,9.4,9.4,11.5,13.5,15.2,15.4,15.6,16.0,16.0,16.5,19.9,16.5,14.9,15.1,13.6],[6.7,4.6,4.4,5.8,0.9,1.5,3.5,5.9,8.3,8.8,8.5,7.5,8.3,8.4,12.2,8.4,6.3,5.7,8.3],[7.0,5.3,4.7,5.9,1.8,0.9,2.3,4.8,6.9,8.2,7.3,6.1,6.7,7.4,11.7,7.2,5.4,5.3,8.0],[8.4,6.4,5.5,8.5,3.8,2.0,0.9,3.9,5.7,6.3,6.2,6.6,6.9,8.5,11.6,8.2,7.2,6.9,9.0],[11.8,9.9,8.7,11.8,8.4,4.7,4.2,1.1,4.4,5.3,6.3,9.0,9.2,10.7,14.1,12.2,10.5,9.5,11.0],[13.0,11.5,11.2,13.2,10.3,8.1,5.7,3.9,1.2,5.0,5.9,9.3,11.0,12.7,15.7,13.9,12.1,12.4,12.0],[12.1,12.2,11.6,13.7,11.6,9.4,7.1,4.6,4.3,1.1,4.8,6.7,8.2,10.2,14.2,12.8,11.2,11.6,12.1],[9.1,9.7,10.0,13.5,10.7,7.6,6.2,6.9,5.7,4.8,1.0,3.9,4.6,6.6,10.8,8.4,8.8,9.4,10.4],[6.2,6.0,7.5,12.2,8.2,6.9,6.4,7.7,8.5,5.1,3.7,0.9,2.0,4.3,9.6,5.1,5.2,6.7,8.8],[5.8,6.1,6.9,12.3,9.3,7.0,7.1,8.6,9.4,6.3,4.3,2.5,0.9,2.1,8.3,5.4,4.7,5.5,8.2],[5.5,6.1,7.1,13.1,8.6,7.3,7.2,9.2,10.3,7.2,5.5,3.5,2.0,0.9,7.1,4.5,4.5,5.2,8.0],[12.8,15.5,13.7,18.6,15.7,14.2,13.8,14.2,15.7,12.8,12.4,11.1,7.8,8.7,1.7,7.8,8.0,11.3,12.6],[5.4,4.5,5.6,11.4,5.7,5.0,5.4,7.7,10.7,9.1,6.8,4.8,3.7,4.1,6.1,0.9,1.4,2.3,6.1],[4.5,4.0,4.5,10.3,4.8,4.7,5.4,8.0,11.2,9.3,7.3,5.0,3.9,4.0,6.3,1.5,0.8,1.5,5.4],[5.3,5.0,5.2,11.6,5.7,5.4,5.6,8.0,10.2,8.8,7.8,5.4,5.9,4.2,8.0,2.4,1.6,0.9,4.3],[10.0,8.4,9.3,15.2,11.0,9.8,9.8,10.2,13.0,12.2,11.4,10.1,9.9,8.2,14.4,11.3,7.2,6.7,2.0]],
  "token_chain_ids": ["A","A","A","A","A","A","A","A","A","A","A","A","A","A","A","A","A","A","A"],
  "token_res_ids": [1,2,3,4,5,6,7,8,9,10,11,12,13,14,15,16,17,18,19]
}