{
  "atom_chain_ids": ["A","A","A","A","A","A","A","A","A","A","A","A","A","A","A","A","A","A","A","A","A","A","A","A","A","A","A","A","A","A","A","A","A","A","A","A","A","A","A","A","A","A","A","A","A","A","A","A","A","A","A","A","A","A","A","A","A","A","A","A","A","A","A","A","A","A","A","A","A","A","A","A","A","A","A","A","A","A","A","A","A","A","A","A","A","A","A","A","A","A","A","A","A","A","A","A","A","A","A","A","A","A","A","A","A","A","A","A","A","A","A","A","A","A","A","A","A","A","A","A","A","A","A","A","A","A","A","A","A","A","A","A","A","A","A","A","A","A","A","A","A","A","A","A","A","A","A","A","A","A","A","A","A","A","A","A","A","A","A","A","A","A","A","A","A","A","A","A","A","A","A","A","A","A","A","A","A","A","A","A","A","A","A","A","A","A","A","A","A","A","A","A","A","A","A","A","A","A","A","A","A","A","A","A","A","A","A","A","A","A","A","A","A","A","A","A","A","A","A","A","A","A","A","A","A","A","A","A","A","A","A","A","A","A","A","A","A","A","A","A","A","A","A","A","A","A","A","A","A","A","A","A","A","A","A","A","A","A","A","A","A","A","A","A","A","A","A","A","A","A","A","A","A","A","A","A","A","A","A","A","A","A","A","A","A","A","A","A","A","A","A","A","A","A","A","A","A","A","A","A","A","A","A","A","A","A","A","A","A","A","A","A","A","A","A","A","A","A","A","A","A","A","A","A","A","A","A","A","A","A","A","A","A","A","A","A","A","A","A","A","A","A","A","A","A","A","A","A","A","A","A","A","A","A","A","A","A","A","A","A","A","A","A","A","A","A","A","A","A","A","A","A","A","A","A","A","A","A","A","A","A","A","A","A","A","A","A","A","A","A","A","A","A","A","A","A","A","A","A","A","A","A","A","A","A","A","A","A","A","A","A"],
  "atom_plddts": [59.97,61.7,56.25,57.85,61.2,63.48,65.02,66.55,66.8,65.8,65.7,65.98,65.85,65.69,65.75,66.19,67.25,67.21,65.97,65.38,65.4,65.66,67.97,64.4,61.85,61.14,64.39,64.8,65.82,67.53,67.45,66.35,66.46,66.83,66.33,66.79,66.61,67.47,68.33,68.07,67.53,66.72,66.4,66.26,67.91,66.71,64.43,63.84,66.04,65.42,65.83,66.05,66.16,65.11,64.7,63.03,64.34,63.91,64.32,64.64,65.42,64.9,63.93,63.61,63.81,62.42,64.73,59.46,56.65,56.85,60.12,57.62,58.7,55.58,57.86,57.09,54.43,52.8,54.11,50.99,48.2,46.97,45.95,44.8,43.22,45.6,48.82,60.4,54.27,54.87,60.99,62.58,64.02,66.1,66.46,65.57,66.25,66.31,66.1,66.21,65.86,66.55,67.31,66.98,66.16,66.03,66.28,66.26,67.9,65.3,62.1,62.22,65.52,66.78,68.16,69.53,69.24,68.39,68.82,68.51,68.42,68.96,68.29,68.68,69.91,69.75,69.13,68.61,68.49,67.9,69.67,64.06,61.79,62.03,63.42,63.15,63.93,65.06,64.57,63.18,63.53,62.83,63.51,63.6,64.21,64.67,65.65,65.41,64.78,64.11,64.15,63.33,64.86,58.97,55.27,54.8,59.35,58.33,59.32,59.04,60.35,59.06,57.89,56.25,57.99,55.9,54.66,54.95,54.64,53.23,51.89,52.62,54.42,52.24,55.82,54.64,50.61,50.48,55.26,55.19,57.07,55.95,58.17,56.87,55.63,54.33,55.34,53.12,50.64,50.96,49.97,48.0,46.82,47.67,49.93,50.32,51.3,46.62,45.99,51.79,51.93,54.22,52.47,55.65,53.87,53.34,51.03,52.45,50.13,46.94,46.79,46.03,44.01,42.78,43.68,45.73,46.42,51.0,46.82,45.71,51.77,51.8,52.68,52.65,54.74,53.7,52.51,50.52,51.56,48.79,46.31,45.91,45.31,43.62,42.29,43.36,45.21,43.01,47.57,63.31,59.23,60.04,63.84,65.05,66.4,68.8,68.24,67.1,68.25,68.83,68.46,69.11,68.96,69.81,70.79,70.56,70.05,69.54,69.39,69.42,70.64,64.52,61.5,62.06,64.7,65.44,66.8,68.56,67.78,66.63,66.92,67.13,67.48,68.07,68.3,68.95,69.91,69.72,69.3,68.7,68.49,68.2,69.52,64.92,61.8,61.76,64.66,65.21,66.09,66.99,67.42,66.21,66.25,65.53,66.35,66.1,65.76,66.26,67.1,66.62,65.65,65.42,65.73,64.92,67.18,63.02,59.22,59.95,63.96,62.4,63.68,62.38,63.45,62.93,59.96,58.7,60.17,57.43,55.18,53.82,53.41,52.46,50.61,52.72,55.52,63.17,58.71,59.63,64.23,65.54,67.07,69.58,69.41,68.47,69.66,70.14,69.57,69.96,69.31,70.25,70.98,70.66,70.08,69.71,69.68,70.08,71.31,66.88,64.58,64.33,67.1,68.34,69.74,71.21,70.85,69.79,70.67,70.85,70.52,71.1,70.33,70.97,71.85,71.8,71.36,70.78,70.5,70.45,71.73,65.15,63.43,62.68,64.17,64.64,64.91,65.94,65.56,64.4,64.54,63.95,64.52,64.68,65.17,65.68,66.62,66.62,65.93,65.17,64.85,64.33,66.0,63.07,60.81,61.52,63.12,62.61,62.78,62.55,63.06,62.54,59.51,59.05,59.84,58.03,56.71,55.54,55.69,55.11,53.3,54.5,56.63],
  "contact_probs": [[1.0,1.0,0.12,0.08,0.33,0.27,0.27,0.23,0.18,0.31,0.14,0.03,0.04,0.03,0.02,0.24,0.8,0.44,0.08],[1.0,1.0,0.98,0.19,0.69,0.42,0.41,0.18,0.06,0.1,0.04,0.04,0.05,0.03,0.02,0.07,0.28,0.71,0.28],[0.12,0.98,1.0,0.31,0.42,0.63,0.37,0.12,0.03,0.03,0.02,0.02,0.04,0.03,0.03,0.04,0.09,0.21,0.34],[0.08,0.19,0.31,1.0,0.25,0.12,0.02,0.02,0.01,0.02,0.02,0.01,0.03,0.04,0.01,0.02,0.02,0.03,0.05],[0.33,0.69,0.42,0.25,1.0,0.98,0.2,0.05,0.05,0.1,0.2,0.21,0.16,0.05,0.02,0.02,0.03,0.02,0.01],[0.27,0.42,0.63,0.12,0.98,1.0,0.98,0.35,0.09,0.17,0.43,0.59,0.31,0.06,0.01,0.05,0.07,0.04,0.01],[0.27,0.41,0.37,0.02,0.2,0.98,1.0,0.83,0.27,0.35,0.44,0.43,0.23,0.11,0.0,0.03,0.05,0.05,0.02],[0.23,0.18,0.12,0.02,0.05,0.35,0.83,1.0,0.56,0.35,0.22,0.18,0.13,0.07,0.01,0.02,0.02,0.03,0.02],[0.18,0.06,0.03,0.01,0.05,0.09,0.27,0.56,1.0,0.54,0.24,0.1,0.04,0.03,0.01,0.03,0.02,0.04,0.04],[0.31,0.1,0.03,0.02,0.1,0.17,0.35,0.35,0.54,1.0,0.69,0.25,0.03,0.02,0.01,0.15,0.13,0.1,0.06],[0.14,0.04,0.02,0.02,0.2,0.43,0.44,0.22,0.24,0.69,1.0,0.95,0.14,0.03,0.01,0.28,0.2,0.06,0.02],[0.03,0.04,0.02,0.01,0.21,0.59,0.43,0.18,0.1,0.25,0.95,1.0,0.99,0.17,0.05,0.43,0.3,0.1,0.01],[0.04,0.05,0.04,0.03,0.16,0.31,0.23,0.13,0.04,0.03,0.14,0.99,1.0,0.98,0.14,0.76,0.3,0.19,0.03],[0.03,0.03,0.03,0.04,0.05,0.06,0.11,0.07,0.03,0.02,0.03,0.17,0.98,1.0,0.2,0.45,0.76,0.34,0.17],[0.02,0.02,0.03,0.01,0.02,0.01,0.0,0.01,0.01,0.01,0.01,0.05,0.14,0.2,1.0,0.13,0.07,0.01,0.02],[0.24,0.07,0.04,0.02,0.02,0.05,0.03,0.02,0.03,0.15,0.28,0.43,0.76,0.45,0.13,1.0,1.0,0.1,0.01],[0.8,0.28,0.09,0.02,0.03,0.07,0.05,0.02,0.02,0.13,0.2,0.3,0.3,0.76,0.07,1.0,1.0,1.0,0.3],[0.44,0.71,0.21,0.03,0.02,0.04,0.05,0.03,0.04,0.1,0.06,0.1,0.19,0.34,0.01,0.1,1.0,1.0,0.88],[0.08,0.28,0.34,0.05,0.01,0.01,0.02,0.02,0.04,0.06,0.02,0.01,0.03,0.17,0.02,0.01,0.3,0.88,1.0]],
  "pae": [[1.0,2.3,4.0,8.3,6.5,6.7,7.5,8.9,11.7,10.7,11.1,6.0,5.9,6.5,9.1,6.1,5.3,4.9,7.1],[2.0,0.9,2.3,8.0,5.4,5.2,6.6,8.9,11.2,10.1,11.0,5.5,4.8,5.4,8.7,5.7,4.8,4.7,6.5],[4.1,2.3,1.0,6.1,4.7,5.6,6.6,8.3,12.1,11.0,11.8,6.9,5.8,5.6,10.2,5.9,6.2,4.7,6.6],[11.8,7.3,8.1,1.8,7.8,8.7,10.8,12.7,15.4,14.7,15.3,14.5,14.0,14.1,17.7,14.6,12.4,12.6,12.1],[7.1,5.3,4.8,5.8,0.9,1.7,3.7,5.8,9.3,9.5,10.9,7.9,8.3,8.5,10.2,7.8,6.7,6.0,7.8],[7.0,5.5,5.3,5.9,1.8,0.9,2.1,5.3,8.0,9.5,9.7,6.8,6.7,7.1,10.9,6.5,5.9,5.4,7.8],[9.0,6.0,6.6,8.5,3.7,2.1,0.9,4.2,6.9,7.7,9.0,7.3,7.0,9.4,11.7,8.2,7.9,6.9,9.1],[12.8,9.9,9.0,12.5,8.8,4.7,3.7,1.1,5.2,5.8,7.7,10.6,11.0,12.4,14.9,13.1,12.3,10.1,12.4],[14.8,13.0,12.6,13.7,11.1,8.6,5.5,4.6,1.3,6.0,7.8,12.0,12.5,13.9,16.1,15.4,14.5,13.9,13.4],[14.4,13.4,13.1,14.0,12.8,10.4,8.1,5.6,5.6,1.2,6.8,9.3,10.5,11.6,14.5,14.6,14.2,13.4,13.6],[14.2,14.3,13.4,16.0,14.2,12.6,10.3,10.2,8.1,8.0,1.1,8.8,10.3,12.1,14.4,14.1,13.6,15.0,14.7],[5.8,5.7,6.6,10.4,7.4,6.7,6.7,8.9,9.9,6.7,6.8,0.9,1.6,3.3,7.9,4.8,4.9,6.0,8.3],[5.4,5.7,5.9,10.6,8.7,6.5,7.3,9.6,10.3,7.8,7.4,2.0,0.9,2.0,6.4,5.3,4.5,4.9,7.0],[5.4,5.4,5.5,11.1,8.3,7.1,7.7,9.7,11.6,8.9,9.7,2.9,1.7,0.9,5.1,4.2,3.7,4.6,7.2],[10.5,12.1,10.8,16.4,14.1,12.5,11.8,12.9,14.4,13.7,13.8,9.7,5.8,6.1,1.6,6.3,6.1,8.5,9.7],[4.8,4.0,5.3,9.9,4.9,4.7,5.6,8.4,10.8,9.3,10.4,5.1,3.5,3.0,4.5,0.8,1.4,2.1,5.5],[4.3,3.4,3.8,8.9,4.1,4.6,5.2,8.3,10.7,9.1,10.3,4.7,3.6,3.2,5.1,1.3,0.8,1.4,4.6],[4.9,4.2,4.9,9.8,5.0,5.3,5.7,8.2,10.3,9.5,11.4,5.6,5.2,3.5,6.7,2.2,1.4,0.9,3.6],[8.7,7.5,8.2,13.4,9.3,8.7,9.0,9.7,13.3,12.6,12.8,9.4,8.7,7.1,12.2,8.5,5.4,4.6,1.8]],
  "token_chain_ids": ["A","A","A","A","A","A","A","A","A","A","A","A","A","A","A","A","A","A","A"],
  "token_res_ids": [1,2,3,4,5,6,7,8,9,10,11,12,13,14,15,16,17,18,19]
}