{
  "atom_chain_ids": ["A","A","A","A","A","A","A","A","A","A","A","A","A","A","A","A","A","A","A","A","A","A","A","A","A","A","A","A","A","A","A","A","A","A","A","A","A","A","A","A","A","A","A","A","A","A","A","A","A","A","A","A","A","A","A","A","A","A","A","A","A","A","A","A","A","A","A","A","A","A","A","A","A","A","A","A","A","A","A","A","A","A","A","A","A","A","A","A","A","A","A","A","A","A","A","A","A","A","A","A","A","A","A","A","A","A","A","A","A","A","A","A","A","A","A","A","A","A","A","A","A","A","A","A","A","A","A","A","A","A","A","A","A","A","A","A","A","A","A","A","A","A","A","A","A","A","A","A","A","A","A","A","A","A","A","A","A","A","A","A","A","A","A","A","A","A","A","A","A","A","A","A","A","A","A","A","A","A","A","A","A","A","A","A","A","A","A","A","A","A","A","A","A","A","A","A","A","A","A","A","A","A","A","A","A","A","A","A","A","A","A","A","A","A","A","A","A","A","A","A","A","A","A","A","A","A","A","A","A","A","A","A","A","A","A","A","A","A","A","A","A","A","A","A","A","A","A","A","A","A","A","A","A","A","A","A","A","A","A","A","A","A","A","A","A","A","A","A","A","A","A","A","A","A","A","A","A","A","A","A","A","A","A","A","A","A","A","A","A","A","A","A","A","A","A","A","A","A","A","A","A","A","A","A","A","A","A","A","A","A","A","A","A","A","A","A","A","A","A","A","A","A","A","A","A","A","A","A","A","A","A","A","A","A","A","A","A","A","A","A","A","A","A","A","A","A","A","A","A","A","A","A","A","A","A","A","A","A","A","A","A","A","A","A","A","A","A","A","A","A","A","A","A","A","A","A","A","A","A","A","A","A","A","A","A","A","A","A","A","A","A","A","A","A","A","A","A","A","A","A","A","A","A","A","A","A","A","A","A","A","A"],
  "atom_plddts": [59.82,61.22,56.14,57.82,60.8,63.19,64.53,66.15,66.13,65.19,65.15,65.48,65.29,65.23,65.22,65.63,66.68,66.67,65.47,64.83,64.89,65.16,67.28,64.33,61.63,61.09,64.44,65.1,66.15,67.98,67.59,66.57,66.67,66.92,66.58,67.09,66.81,67.58,68.55,68.3,67.71,66.88,66.58,66.43,68.12,65.12,63.08,62.69,64.54,64.07,64.42,64.78,64.94,63.84,63.42,61.91,63.07,62.66,63.12,63.48,64.21,63.78,62.81,62.45,62.67,61.36,63.55,59.47,57.04,57.3,60.1,57.52,58.39,54.94,57.38,56.59,53.76,52.03,53.24,49.93,47.01,45.68,44.61,43.48,41.92,44.35,47.59,58.26,51.74,52.35,58.85,60.49,61.98,64.14,64.5,63.64,64.21,64.36,64.12,64.22,63.97,64.66,65.36,65.04,64.15,64.05,64.36,64.41,66.07,63.98,60.78,61.05,64.22,65.41,66.76,68.37,68.0,67.14,67.47,67.16,67.09,67.68,67.07,67.43,68.73,68.58,67.91,67.33,67.2,66.57,68.37,62.33,59.74,60.09,61.84,61.77,62.61,63.73,63.38,61.97,62.23,61.68,62.23,62.28,62.96,63.5,64.41,64.15,63.51,62.83,62.91,62.13,63.69,58.8,55.11,54.65,59.3,58.28,59.24,58.51,60.09,58.76,57.38,55.49,57.17,54.66,53.25,53.37,52.96,51.4,50.0,50.9,52.83,50.36,54.37,52.19,48.22,47.74,52.76,52.84,54.8,53.0,56.28,54.83,53.66,52.22,52.98,50.41,47.44,47.57,46.43,44.44,43.3,44.24,46.66,47.19,50.69,46.13,45.41,51.14,51.01,53.0,51.19,54.61,52.86,52.28,49.88,51.5,49.13,46.01,45.87,45.14,43.23,41.99,42.84,44.88,45.51,54.86,50.48,49.91,55.57,55.32,56.5,57.42,58.36,57.41,56.57,54.93,56.75,54.91,53.15,53.34,53.18,51.84,50.46,51.15,52.78,50.77,54.35,61.93,57.46,58.43,62.73,64.18,65.52,68.12,67.5,66.42,67.62,68.37,67.75,68.46,68.2,69.06,70.07,69.85,69.26,68.74,68.65,68.75,69.97,64.09,61.09,61.66,64.34,65.12,66.46,68.37,67.56,66.54,66.93,67.15,67.4,68.04,68.06,68.68,69.6,69.4,68.95,68.41,68.28,68.07,69.29,64.12,61.3,61.32,63.71,64.15,64.72,65.79,65.98,64.89,64.94,64.12,64.96,64.82,64.75,65.19,65.94,65.53,64.52,64.35,64.72,63.89,65.86,59.14,56.0,56.61,60.12,58.78,59.46,57.48,59.49,58.94,55.93,54.67,55.38,52.27,49.47,48.07,47.2,46.37,44.73,47.02,50.03,62.63,58.76,59.59,63.51,64.72,66.0,68.5,68.01,67.13,68.23,68.51,67.94,68.36,67.76,68.53,69.24,69.01,68.37,68.01,68.08,68.34,69.49,66.04,63.93,63.64,66.13,67.32,68.49,70.07,69.48,68.52,69.33,69.34,69.08,69.7,68.99,69.48,70.38,70.37,69.82,69.29,69.11,69.01,70.23,65.66,64.05,63.24,64.72,65.28,65.52,66.91,66.23,65.24,65.65,65.12,65.65,65.98,66.16,66.57,67.47,67.48,66.8,66.19,66.0,65.62,66.99,60.59,58.58,59.23,60.77,60.25,60.19,59.85,60.77,60.35,57.36,56.83,57.35,55.38,53.89,52.69,52.64,52.08,50.28,51.64,53.88],
  "contact_probs": [[1.0,1.0,0.12,0.08,0.33,0.27,0.27,0.23,0.18,0.31,0.14,0.03,0.04,0.03,0.02,0.24,0.8,0.44,0.08],[1.0,1.0,0.98,0.19,0.69,0.42,0.41,0.18,0.06,0.1,0.04,0.04,0.05,0.03,0.02,0.07,0.28,0.71,0.28],[0.12,0.98,1.0,0.31,0.42,0.63,0.37,0.12,0.03,0.03,0.02,0.02,0.04,0.03,0.03,0.04,0.09,0.21,0.34],[0.08,0.19,0.31,1.0,0.25,0.12,0.02,0.02,0.01,0.02,0.02,0.01,0.03,0.04,0.01,0.02,0.02,0.03,0.05],[0.33,0.69,0.42,0.25,1.0,0.98,0.2,0.05,0.05,0.1,0.2,0.21,0.16,0.05,0.02,0.02,0.03,0.02,0.01],[0.27,0.42,0.63,0.12,0.98,1.0,0.98,0.35,0.09,0.17,0.43,0.59,0.31,0.06,0.01,0.05,0.07,0.04,0.01],[0.27,0.41,0.37,0.02,0.2,0.98,1.0,0.83,0.27,0.35,0.44,0.43,0.23,0.11,0.0,0.03,0.05,0.05,0.02],[0.23,0.18,0.12,0.02,0.05,0.35,0.83,1.0,0.56,0.35,0.22,0.18,0.13,0.07,0.01,0.02,0.02,0.03,0.02],[0.18,0.06,0.03,0.01,0.05,0.09,0.27,0.56,1.0,0.54,0.24,0.1,0.04,0.03,0.01,0.03,0.02,0.04,0.04],[0.31,0.1,0.03,0.02,0.1,0.17,0.35,0.35,0.54,1.0,0.69,0.25,0.03,0.02,0.01,0.15,0.13,0.1,0.06],[0.14,0.04,0.02,0.02,0.2,0.43,0.44,0.22,0.24,0.69,1.0,0.95,0.14,0.03,0.01,0.28,0.2,0.06,0.02],[0.03,0.04,0.02,0.01,0.21,0.59,0.43,0.18,0.1,0.25,0.95,1.0,0.99,0.17,0.05,0.43,0.3,0.1,0.01],[0.04,0.05,0.04,0.03,0.16,0.31,0.23,0.13,0.04,0.03,0.14,0.99,1.0,0.98,0.14,0.76,0.3,0.19,0.03],[0.03,0.03,0.03,0.04,0.05,0.06,0.11,0.07,0.03,0.02,0.03,0.17,0.98,1.0,0.2,0.45,0.76,0.34,0.17],[0.02,0.02,0.03,0.01,0.02,0.01,0.0,0.01,0.01,0.01,0.01,0.05,0.14,0.2,1.0,0.13,0.07,0.01,0.02],[0.24,0.07,0.04,0.02,0.02,0.05,0.03,0.02,0.03,0.15,0.28,0.43,0.76,0.45,0.13,1.0,1.0,0.1,0.01],[0.8,0.28,0.09,0.02,0.03,0.07,0.05,0.02,0.02,0.13,0.2,0.3,0.3,0.76,0.07,1.0,1.0,1.0,0.3],[0.44,0.71,0.21,0.03,0.02,0.04,0.05,0.03,0.04,0.1,0.06,0.1,0.19,0.34,0.01,0.1,1.0,1.0,0.88],[0.08,0.28,0.34,0.05,0.01,0.01,0.02,0.02,0.04,0.06,0.02,0.01,0.03,0.17,0.02,0.01,0.3,0.88,1.0]],
  "pae": [[1.0,2.3,4.4,8.9,6.1,6.8,8.1,10.1,12.3,11.3,10.2,6.4,6.4,6.6,10.6,6.7,5.4,5.3,7.7],[2.1,0.9,3.1,9.3,5.8,5.6,6.9,9.4,11.4,10.8,9.9,6.0,5.6,5.9,10.5,6.9,5.4,5.1,7.7],[4.1,2.7,1.0,6.7,4.2,5.0,6.2,8.9,11.8,11.4,10.3,7.2,7.0,6.7,11.6,6.9,7.2,5.3,7.1],[11.7,7.1,9.3,1.8,8.3,9.4,12.7,13.5,16.4,16.4,16.5,15.5,15.4,15.0,19.6,15.8,14.3,12.9,12.6],[6.8,5.5,4.9,6.0,1.0,1.8,4.2,6.4,11.2,10.7,10.5,8.6,8.3,8.6,13.1,9.1,6.6,6.2,8.5],[6.5,5.7,5.3,6.2,2.1,0.9,2.6,5.7,8.9,10.1,9.3,6.7,6.3,6.8,12.1,7.7,6.0,5.3,8.5],[8.9,7.2,7.4,10.2,4.3,2.7,0.9,3.9,6.8,7.7,7.8,8.0,7.4,9.6,12.8,9.1,8.5,7.7,10.0],[12.9,11.3,11.1,13.9,10.2,5.1,3.9,1.1,6.2,6.6,8.0,10.7,11.3,12.7,16.4,13.8,13.1,10.9,13.2],[14.6,13.8,14.4,15.9,12.8,11.1,7.1,5.3,1.3,6.2,7.3,11.3,12.8,14.1,17.1,14.9,14.3,14.5,14.8],[14.5,14.9,14.7,16.6,13.9,12.3,8.6,5.9,5.1,1.1,5.5,8.4,10.3,12.7,14.7,14.3,14.2,14.2,14.4],[11.5,10.8,12.7,15.2,12.2,9.3,8.5,8.5,6.8,6.1,1.1,5.1,5.3,7.3,11.1,9.4,10.7,11.5,12.6],[6.2,6.6,7.6,11.5,8.8,7.1,6.8,9.0,9.5,6.1,4.3,0.9,2.0,4.2,9.3,5.2,5.0,6.9,9.2],[5.5,6.0,7.0,11.6,9.2,7.2,7.9,9.7,10.4,7.5,5.0,2.5,0.9,2.1,8.1,5.3,4.7,5.4,8.3],[6.0,7.0,8.8,12.3,9.1,7.9,8.2,10.1,11.6,8.8,6.7,3.7,2.5,1.0,7.2,4.8,4.3,5.2,8.4],[13.0,15.3,15.2,18.4,16.2,14.5,14.7,14.6,16.4,14.0,12.1,10.5,7.6,8.6,1.8,8.6,8.6,13.3,13.8],[5.6,5.4,7.0,11.1,6.5,5.4,6.8,9.4,11.2,10.2,8.2,4.9,4.1,3.7,6.0,0.9,1.6,2.7,6.7],[4.5,4.1,4.9,9.6,5.2,4.9,6.0,9.2,10.9,9.9,8.0,4.7,4.1,3.5,6.8,1.4,0.8,1.6,5.8],[5.3,4.8,5.4,10.0,5.9,5.2,6.0,9.2,10.9,10.3,9.3,5.2,5.4,4.0,8.9,2.7,1.6,0.9,4.7],[9.9,8.5,9.7,14.6,10.9,9.8,9.9,10.8,13.8,13.4,12.6,9.7,9.9,8.3,14.1,10.9,6.5,6.6,1.9]],
  "token_chain_ids": ["A","A","A","A","A","A","A","A","A","A","A","A","A","A","A","A","A","A","A"],
  "token_res_ids": [1,2,3,4,5,6,7,8,9,10,11,12,13,14,15,16,17,18,19]
}