{
  "atom_chain_ids": ["A","A","A","A","A","A","A","A","A","A","A","A","A","A","A","A","A","A","A","A","A","A","A","A","A","A","A","A","A","A","A","A","A","A","A","A","A","A","A","A","A","A","A","A","A","A","A","A","A","A","A","A","A","A","A","A","A","A","A","A","A","A","A","A","A","A","A","A","A","A","A","A","A","A","A","A","A","A","A","A","A","A","A","A","A","A","A","A","A","A","A","A","A","A","A","A","A","A","A","A","A","A","A","A","A","A","A","A","A","A","A","A","A","A","A","A","A","A","A","A","A","A","A","A","A","A","A","A","A","A","A","A","A","A","A","A","A","A","A","A","A","A","A","A","A","A","A","A","A","A","A","A","A","A","A","A","A","A","A","A","A","A","A","A","A","A","A","A","A","A","A","A","A","A","A","A","A","A","A","A","A","A","A","A","A","A","A","A","A","A","A","A","A","A","A","A","A","A","A","A","A","A","A","A","A","A","A","A","A","A","A","A","A","A","A","A","A","A","A","A","A","A","A","A","A","A","A","A","A","A","A","A","A","A","A","A","A","A","A","A","A","A","A","A","A","A","A","A","A","A","A","A","A","A","A","A","A","A","A","A","A","A","A","A","A","A","A","A","A","A","A","A","A","A","A","A","A","A","A","A","A","A","A","A","A","A","A","A","A","A","A","A","A","A","A","A","A","A","A","A","A","A","A","A","A","A","A","A","A","A","A","A","A","A","A","A","A","A","A","A","A","A","A","A","A","A","A","A","A","A","A","A","A","A","A","A","A","A","A","A","A","A","A","A","A","A","A","A","A","A","A","A","A","A","A","A","A","A","A","A","A","A","A","A","A","A","A","A","A","A","A","A","A","A","A","A","A","A","A","A","A","A","A","A","A","A","A","A","A","A","A","A","A","A","A","A","A","A","A","A","A","A","A","A","A","A","A","A","A","A","A","A","A","A","A","A","A","A","A","A","A","A","A","A","A","A","A","A","A","A","A","A","A","A","A","A","A","A","A","A","A","A","A","A","A","A","A","A","A","A","A","A","A","A","A","A","A","A","A","A","A","A","A","A","A","A","A","A","A","A","A","A","A","A","A","A","A","A","A","A","A","A","A","A","A","A","A","A","A","A","A","A","A","A","A","A","A","A","A","A","A","A","A","A","A","A","A","A","A"],
  "atom_plddts": [38.72,40.03,36.22,34.58,40.99,41.13,40.84,39.88,43.46,43.63,42.28,41.81,41.63,39.8,37.75,36.71,36.42,35.55,34.72,36.03,38.14,46.67,41.48,40.58,47.67,48.09,48.75,48.64,52.32,51.31,50.54,49.25,50.46,49.0,45.85,44.95,44.66,43.69,42.07,43.61,45.87,60.38,56.34,56.48,60.76,62.48,63.04,65.27,64.79,63.4,64.3,64.06,64.01,64.44,63.45,63.78,65.17,64.98,63.96,63.5,63.65,63.57,65.13,65.68,64.17,63.65,65.7,66.02,66.59,68.02,67.1,65.85,66.7,66.63,66.54,67.12,66.62,67.05,68.08,67.92,67.3,66.74,66.78,66.54,67.63,63.51,62.63,61.53,62.23,61.64,61.24,62.15,61.77,60.49,60.42,58.78,59.8,59.93,59.85,59.89,61.4,61.41,60.39,59.68,59.49,58.24,59.97,46.38,45.09,43.7,45.6,45.27,44.1,41.29,44.84,43.85,43.49,41.79,42.33,39.8,37.18,36.25,35.37,34.82,33.84,35.42,37.72,43.17,39.8,38.19,43.46,43.89,44.14,42.26,45.87,44.91,44.48,43.38,44.02,42.31,39.55,39.01,38.43,37.64,36.59,37.98,40.09,52.51,47.75,46.98,52.15,52.06,53.01,51.82,54.46,53.04,53.03,49.6,52.05,49.77,47.04,46.45,45.88,43.91,42.34,43.42,45.49,45.64,60.54,56.31,56.76,61.23,63.2,64.05,66.46,65.64,64.56,65.51,65.78,65.25,65.83,65.17,65.61,66.69,66.5,65.49,65.27,65.44,65.28,66.7,66.9,64.85,64.72,67.14,67.7,68.36,69.85,68.9,67.84,68.88,69.11,68.89,69.48,69.13,69.55,70.37,70.16,69.59,69.32,69.39,69.22,70.16,65.53,63.85,63.17,64.76,65.0,64.99,66.41,65.64,64.22,64.93,64.26,64.74,65.03,65.19,65.37,66.31,66.22,65.41,65.11,65.17,64.57,65.78,55.83,53.36,52.28,55.66,54.01,53.21,51.18,53.49,52.71,51.09,49.46,50.72,48.19,46.42,45.56,44.67,43.96,42.42,44.17,46.62,50.13,45.86,44.91,51.18,50.58,50.54,49.31,52.46,51.53,50.67,49.68,51.04,49.08,46.34,45.66,44.95,44.07,42.5,44.27,46.86,56.69,52.27,50.95,55.73,55.65,56.28,55.97,57.36,56.06,56.48,52.89,55.46,53.71,51.58,51.27,50.85,49.04,47.04,48.09,49.93,50.46,64.66,61.32,61.19,64.65,65.6,66.41,68.22,67.52,66.36,67.45,66.84,67.24,67.7,67.34,67.58,68.55,68.32,67.38,67.32,67.49,67.0,68.38,66.53,63.78,63.28,66.66,68.5,69.35,70.71,69.82,68.78,70.19,70.2,70.02,70.65,70.23,70.67,71.54,71.39,70.84,70.55,70.56,70.56,71.53,64.11,62.26,61.71,63.02,62.87,63.03,64.34,63.7,62.39,62.34,60.93,62.15,62.26,62.66,62.67,63.74,63.57,62.5,62.23,62.32,61.11,62.88,51.26,49.49,48.39,50.71,49.39,48.37,45.81,48.94,48.19,47.16,44.7,45.48,42.54,39.8,38.45,37.21,36.19,34.72,36.91,39.72,48.98,44.94,43.77,49.54,49.43,49.64,48.83,51.53,50.83,50.2,48.47,49.72,47.87,44.84,43.95,43.22,42.18,40.59,42.47,44.98,57.73,53.8,52.69,56.96,56.92,57.42,57.04,58.44,57.47,57.46,53.75,55.98,54.02,51.44,50.7,50.35,48.43,46.36,47.66,49.54,49.75,59.05,55.42,55.87,59.29,61.13,61.91,64.49,63.59,62.42,63.32,62.69,62.35,62.99,62.73,63.18,64.34,64.17,63.27,62.72,62.69,62.64,64.03,66.38,64.62,64.11,66.61,67.38,67.59,69.36,68.24,67.48,68.62,68.95,68.46,69.14,68.76,69.41,70.27,70.19,69.76,69.25,69.2,69.26,69.92,62.93,61.66,60.82,62.15,62.24,62.14,63.88,62.93,62.08,62.07,61.21,61.9,62.34,62.22,62.46,63.65,63.61,62.83,62.19,62.05,61.51,62.68,55.11,53.95,53.08,53.67,54.9,54.79,52.89,54.32,53.24,52.45,49.41,50.52,48.55,47.19,46.39,46.01,44.66,43.15,43.86,45.03,45.61],
  "contact_probs": [[1.0,0.69,0.25,0.02,0.01,0.01,0.01,0.05,0.03,0.01,0.01,0.04,0.07,0.08,0.06,0.03,0.06,0.13,0.24,0.4,0.3,0.08,0.03,0.02],[0.69,1.0,0.88,0.14,0.01,0.01,0.02,0.07,0.11,0.02,0.01,0.04,0.06,0.13,0.07,0.04,0.05,0.08,0.16,0.44,0.55,0.36,0.08,0.03],[0.25,0.88,1.0,1.0,0.18,0.03,0.04,0.19,0.36,0.09,0.04,0.02,0.03,0.05,0.03,0.03,0.03,0.02,0.06,0.21,0.24,0.79,0.5,0.11],[0.02,0.14,1.0,1.0,0.99,0.18,0.13,0.34,0.78,0.26,0.08,0.04,0.05,0.07,0.02,0.02,0.03,0.01,0.02,0.05,0.09,0.24,0.81,0.63],[0.01,0.01,0.18,0.99,1.0,0.38,0.26,0.36,0.69,0.76,0.23,0.16,0.16,0.12,0.02,0.02,0.02,0.01,0.01,0.02,0.03,0.08,0.25,0.67],[0.01,0.01,0.03,0.18,0.38,1.0,0.47,0.31,0.1,0.03,0.02,0.02,0.02,0.02,0.0,0.0,0.02,0.02,0.03,0.03,0.01,0.01,0.04,0.14],[0.01,0.02,0.04,0.13,0.26,0.47,1.0,0.56,0.15,0.06,0.02,0.02,0.02,0.02,0.01,0.01,0.04,0.04,0.08,0.09,0.02,0.02,0.05,0.14],[0.05,0.07,0.19,0.34,0.36,0.31,0.56,1.0,0.61,0.19,0.03,0.02,0.02,0.01,0.01,0.04,0.18,0.1,0.16,0.19,0.05,0.02,0.02,0.07],[0.03,0.11,0.36,0.78,0.69,0.1,0.15,0.61,1.0,0.99,0.15,0.01,0.02,0.02,0.08,0.19,0.51,0.18,0.22,0.18,0.02,0.02,0.01,0.01],[0.01,0.02,0.09,0.26,0.76,0.03,0.06,0.19,0.99,1.0,1.0,0.28,0.14,0.11,0.25,0.39,0.65,0.06,0.06,0.04,0.03,0.02,0.04,0.02],[0.01,0.01,0.04,0.08,0.23,0.02,0.02,0.03,0.15,1.0,1.0,0.79,0.42,0.51,0.63,0.68,0.24,0.02,0.01,0.01,0.01,0.04,0.03,0.09],[0.04,0.04,0.02,0.04,0.16,0.02,0.02,0.02,0.01,0.28,0.79,1.0,0.61,0.39,0.19,0.05,0.02,0.01,0.01,0.01,0.01,0.01,0.1,0.24],[0.07,0.06,0.03,0.05,0.16,0.02,0.02,0.02,0.02,0.14,0.42,0.61,1.0,0.65,0.27,0.06,0.01,0.01,0.01,0.01,0.01,0.03,0.25,0.35],[0.08,0.13,0.05,0.07,0.12,0.02,0.02,0.01,0.02,0.11,0.51,0.39,0.65,1.0,0.83,0.21,0.03,0.01,0.01,0.01,0.05,0.32,0.58,0.5],[0.06,0.07,0.03,0.02,0.02,0.0,0.01,0.01,0.08,0.25,0.63,0.19,0.27,0.83,1.0,0.99,0.19,0.02,0.03,0.05,0.48,0.63,0.32,0.09],[0.03,0.04,0.03,0.02,0.02,0.0,0.01,0.04,0.19,0.39,0.68,0.05,0.06,0.21,0.99,1.0,0.99,0.21,0.19,0.37,0.82,0.3,0.08,0.03],[0.06,0.05,0.03,0.03,0.02,0.02,0.04,0.18,0.51,0.65,0.24,0.02,0.01,0.03,0.19,0.99,1.0,0.58,0.43,0.61,0.47,0.12,0.05,0.03],[0.13,0.08,0.02,0.01,0.01,0.02,0.04,0.1,0.18,0.06,0.02,0.01,0.01,0.01,0.02,0.21,0.58,1.0,0.46,0.32,0.13,0.01,0.01,0.02],[0.24,0.16,0.06,0.02,0.01,0.03,0.08,0.16,0.22,0.06,0.01,0.01,0.01,0.01,0.03,0.19,0.43,0.46,1.0,0.58,0.2,0.02,0.01,0.01],[0.4,0.44,0.21,0.05,0.02,0.03,0.09,0.19,0.18,0.04,0.01,0.01,0.01,0.01,0.05,0.37,0.61,0.32,0.58,1.0,0.86,0.19,0.01,0.01],[0.3,0.55,0.24,0.09,0.03,0.01,0.02,0.05,0.02,0.03,0.01,0.01,0.01,0.05,0.48,0.82,0.47,0.13,0.2,0.86,1.0,1.0,0.13,0.01],[0.08,0.36,0.79,0.24,0.08,0.01,0.02,0.02,0.02,0.02,0.04,0.01,0.03,0.32,0.63,0.3,0.12,0.01,0.02,0.19,1.0,1.0,1.0,0.3],[0.03,0.08,0.5,0.81,0.25,0.04,0.05,0.02,0.01,0.04,0.03,0.1,0.25,0.58,0.32,0.08,0.05,0.01,0.01,0.01,0.13,1.0,1.0,0.96],[0.02,0.03,0.11,0.63,0.67,0.14,0.14,0.07,0.01,0.02,0.09,0.24,0.35,0.5,0.09,0.03,0.03,0.02,0.01,0.01,0.01,0.3,0.96,1.0]],
  "pae": [[1.7,6.5,11.5,12.9,14.4,17.9,17.8,15.8,15.3,14.9,11.9,14.3,10.1,9.9,11.9,15.3,16.7,19.1,18.5,17.2,15.0,13.2,10.0,11.5],[5.1,1.4,4.9,5.7,8.0,14.1,14.5,12.5,10.5,8.9,9.0,11.4,8.8,8.0,8.4,9.3,10.6,15.8,14.2,11.9,8.9,7.4,8.0,9.9],[8.2,4.5,1.0,2.6,4.2,9.6,9.6,7.4,5.9,5.0,5.4,8.0,8.2,7.3,5.4,5.2,5.8,9.4,9.0,8.3,5.6,4.9,5.2,7.9],[9.1,4.4,2.3,0.9,2.7,8.1,8.4,5.9,5.1,4.6,5.2,7.5,7.2,6.8,5.1,4.8,5.5,9.2,8.6,7.0,5.1,4.2,5.1,7.9],[10.6,6.7,4.4,2.7,1.0,7.7,8.1,7.1,5.6,7.1,9.0,10.8,10.2,9.2,7.6,6.8,7.2,10.8,9.9,9.0,6.7,5.8,6.0,10.1],[18.4,15.5,13.1,13.4,10.4,1.4,8.3,7.9,12.0,14.8,17.3,17.0,17.3,17.2,16.6,15.5,14.6,16.9,14.5,12.8,13.4,14.1,13.7,17.4],[18.6,16.4,14.0,12.9,9.0,6.8,1.4,7.8,10.5,13.2,15.1,17.4,17.6,17.4,16.7,15.0,12.9,14.5,12.5,12.3,14.1,13.5,15.4,18.0],[14.6,11.6,9.5,9.2,6.4,6.7,5.4,1.2,7.2,6.9,9.7,12.0,12.6,12.3,11.8,11.2,9.5,11.3,10.1,9.8,10.3,10.8,10.6,13.6],[11.2,7.4,5.1,5.6,5.0,8.7,7.8,4.0,1.0,2.4,3.7,6.2,7.9,7.4,6.4,5.1,5.1,8.9,8.4,6.8,6.0,5.6,5.8,8.8],[9.8,7.0,4.5,4.4,4.8,9.4,9.1,4.5,2.3,0.9,1.9,5.0,6.3,6.4,5.1,4.2,4.8,8.1,7.8,6.2,4.8,4.3,5.1,7.6],[9.9,7.7,5.5,5.4,5.2,10.7,9.9,5.7,3.7,2.5,0.9,4.3,6.1,8.2,5.8,5.3,5.3,9.2,8.9,6.7,5.7,5.4,6.0,9.9],[12.4,11.8,10.4,10.8,11.4,15.2,15.6,11.3,8.6,8.1,6.7,1.4,7.4,9.7,8.6,9.0,9.1,13.1,14.2,11.2,11.4,11.4,11.5,15.0],[12.7,9.3,8.9,9.7,11.1,15.2,15.5,11.8,11.4,9.6,7.5,6.9,1.3,5.8,6.8,9.9,10.2,13.8,14.5,11.8,11.2,9.9,10.6,12.4],[11.3,9.2,9.6,9.7,11.4,14.2,14.4,12.4,11.5,10.4,8.0,6.9,6.4,1.2,6.5,8.6,11.5,13.4,13.5,11.9,10.6,8.5,8.1,10.6],[10.2,7.6,6.0,6.0,6.5,10.9,10.7,8.0,7.6,6.8,5.9,7.1,6.0,5.4,1.0,2.5,4.6,8.3,8.5,6.2,5.6,5.6,6.7,8.5],[10.1,7.1,4.7,4.9,5.3,10.1,9.6,7.1,5.1,5.1,5.3,6.9,6.7,5.3,2.6,0.9,2.5,6.8,7.8,5.4,5.0,4.5,5.8,8.1],[12.1,9.5,6.3,6.7,6.6,11.5,10.9,7.6,5.5,5.2,5.2,8.0,8.6,8.2,5.0,2.9,0.9,6.0,6.2,5.4,5.9,6.3,8.4,10.2],[18.0,16.5,14.8,14.8,14.2,16.1,13.9,12.4,11.9,12.6,13.7,13.8,16.6,16.0,12.5,11.2,7.9,1.5,7.0,7.7,12.2,12.3,15.6,17.8],[16.8,14.8,13.7,11.8,11.0,13.7,11.0,9.6,11.4,12.4,13.6,13.4,15.2,14.6,13.2,10.3,6.2,6.4,1.3,5.6,9.3,10.2,11.6,15.1],[14.5,11.3,9.5,8.0,7.9,11.8,10.9,8.8,9.0,8.3,9.5,10.2,10.8,10.7,8.3,5.9,6.0,7.7,4.4,1.1,5.5,5.5,9.0,10.8],[12.0,8.8,5.6,6.2,6.2,10.7,10.5,7.8,6.3,5.8,6.4,7.9,8.0,6.7,6.0,6.5,5.5,8.5,5.9,4.1,1.0,2.5,4.6,6.5],[10.4,7.3,4.9,4.3,5.7,9.8,10.0,7.3,5.5,5.1,5.6,7.7,7.3,6.4,5.4,4.9,5.7,9.4,8.2,4.9,2.4,0.9,2.3,5.4],[10.8,8.7,5.4,6.6,7.0,10.9,11.3,8.8,7.1,6.7,6.5,9.5,8.2,7.6,5.6,6.2,7.0,10.6,9.1,6.1,4.4,2.8,0.9,4.0],[14.0,10.9,8.6,10.6,11.3,16.9,16.8,14.5,14.1,12.7,12.2,14.8,12.3,9.1,11.2,13.9,14.1,15.9,15.0,12.6,10.9,6.9,4.9,1.4]],
  "token_chain_ids": ["A","A","A","A","A","A","A","A","A","A","A","A","A","A","A","A","A","A","A","A","A","A","A","A"],
  "token_res_ids": [1,2,3,4,5,6,7,8,9,10,11,12,13,14,15,16,17,18,19,20,21,22,23,24]
}