{
  "atom_chain_ids": ["A","A","A","A","A","A","A","A","A","A","A","A","A","A","A","A","A","A","A","A","A","A","A","A","A","A","A","A","A","A","A","A","A","A","A","A","A","A","A","A","A","A","A","A","A","A","A","A","A","A","A","A","A","A","A","A","A","A","A","A","A","A","A","A","A","A","A","A","A","A","A","A","A","A","A","A","A","A","A","A","A","A","A","A","A","A","A","A","A","A","A","A","A","A","A","A","A","A","A","A","A","A","A","A","A","A","A","A","A","A","A","A","A","A","A","A","A","A","A","A","A","A","A","A","A","A","A","A","A","A","A","A","A","A","A","A","A","A","A","A","A","A","A","A","A","A","A","A","A","A","A","A","A","A","A","A","A","A","A","A","A","A","A","A","A","A","A","A","A","A","A","A","A","A","A","A","A","A","A","A","A","A","A","A","A","A","A","A","A","A","A","A","A","A","A","A","A","A","A","A","A","A","A","A","A","A","A","A","A","A","A","A","A","A","A","A","A","A","A","A","A","A","A","A","A","A","A","A","A","A","A","A","A","A","A","A","A","A","A","A","A","A","A","A","A","A","A","A","A","A","A","A","A","A","A","A","A","A","A","A","A","A","A","A","A","A","A","A","A","A","A","A","A","A","A","A","A","A","A","A","A","A","A","A","A","A","A","A","A","A","A","A","A","A","A","A","A","A","A","A","A","A","A","A","A","A","A","A","A","A","A","A","A","A","A","A","A","A","A","A","A","A","A","A","A","A","A","A","A","A","A","A","A","A","A","A","A","A","A","A","A","A","A","A","A","A","A","A","A","A","A","A","A","A","A","A","A","A","A","A","A","A","A","A","A","A","A","A","A","A","A","A","A","A","A","A","A","A","A","A","A","A","A","A","A","A","A","A","A","A","A","A","A","A","A","A","A","A","A","A","A","A","A","A","A","A","A","A","A","A","A","A","A","A","A","A","A","A","A","A","A","A","A","A","A","A","A","A","A","A","A","A","A","A","A","A","A","A","A","A","A","A","A","A","A","A","A","A","A","A","A","A","A","A","A","A","A","A","A","A","A","A","A","A","A","A","A","A","A","A","A","A","A","A","A","A","A","A","A","A","A","A","A","A","A","A","A","A","A","A","A","A","A","A","A","A","A","A","A","A","A","A","A","A","A","A","A","A","A"],
  "atom_plddts": [52.41,53.32,46.58,46.2,54.55,55.01,56.32,56.38,59.26,59.51,57.58,56.83,57.74,55.27,52.54,51.21,50.95,49.67,47.81,49.93,52.88,60.08,53.99,53.74,60.97,60.58,62.35,63.44,64.07,63.02,62.3,60.11,62.7,61.48,58.18,56.71,57.58,56.46,53.93,55.65,57.58,67.78,64.36,63.69,67.99,69.02,70.38,71.61,71.43,70.22,71.45,70.98,71.67,72.05,70.76,71.04,72.28,72.1,71.16,71.03,71.17,71.08,72.53,70.74,68.96,68.86,70.91,71.27,72.08,72.5,72.02,70.86,72.19,72.2,72.54,73.02,72.52,72.83,73.59,73.41,72.97,72.75,72.77,72.57,73.43,70.99,69.6,68.82,70.19,69.87,70.22,71.02,70.5,69.32,70.26,69.26,70.52,70.88,70.37,70.29,71.47,71.41,70.6,70.35,70.35,69.63,71.0,62.02,59.98,59.31,62.05,59.34,59.33,56.13,57.6,56.96,55.22,52.72,54.38,51.2,48.24,46.4,45.1,44.14,42.24,45.08,48.15,51.82,47.71,46.25,52.28,51.79,51.6,49.22,52.81,52.17,50.74,49.3,49.72,46.65,42.68,40.98,39.74,38.63,37.13,39.99,43.23,58.15,54.12,53.12,57.74,57.13,58.07,56.54,58.33,56.91,56.97,52.64,55.16,52.44,49.43,48.21,47.55,45.15,43.19,44.78,47.07,46.86,66.41,62.41,62.4,66.92,68.44,69.72,71.24,70.83,69.83,71.25,71.26,71.39,71.95,71.22,71.6,72.49,72.28,71.48,71.55,71.69,71.66,72.7,68.9,66.57,66.53,69.09,69.67,70.78,71.86,71.21,70.22,71.51,71.67,71.71,72.36,71.86,72.23,73.03,72.79,72.29,72.16,72.17,72.06,72.92,69.32,67.32,66.63,68.72,68.93,69.62,70.85,70.31,69.07,70.26,69.46,70.22,70.65,70.26,70.29,71.27,71.11,70.31,70.27,70.26,69.79,71.05,62.47,60.03,59.15,62.15,59.33,59.22,56.92,58.34,57.59,55.42,53.17,55.03,52.14,49.82,48.07,47.11,46.08,44.0,46.63,49.45,56.82,51.01,50.3,57.91,56.9,57.83,57.46,59.86,58.96,57.9,56.65,58.28,55.98,52.63,51.35,50.79,49.45,47.42,49.93,52.92,64.09,59.39,57.57,63.22,62.98,64.36,65.26,65.68,64.32,65.26,61.39,63.79,62.23,59.31,58.67,59.07,56.84,54.37,55.68,57.43,57.91,68.65,64.93,64.48,68.58,69.28,70.69,72.06,71.61,70.53,71.9,71.15,71.95,72.43,71.92,72.1,73.11,72.87,72.08,72.15,72.19,71.87,73.1,70.52,67.84,67.27,70.82,72.14,73.39,73.96,73.61,72.73,74.19,74.33,74.42,75.01,74.25,74.68,75.42,75.18,74.81,74.74,74.71,74.75,75.52,70.99,69.02,68.37,70.03,69.66,70.75,71.72,71.18,70.08,70.54,68.98,70.71,71.01,70.68,70.53,71.71,71.52,70.58,70.47,70.5,69.51,71.29,52.25,50.12,49.26,52.3,51.31,50.44,47.79,50.69,49.8,48.49,46.05,46.9,44.18,41.08,39.7,38.45,37.42,35.86,38.21,41.09,47.08,43.65,42.45,47.5,47.42,47.01,45.1,49.04,48.25,47.3,45.14,45.79,43.03,39.18,37.59,36.48,35.25,33.76,36.2,39.13,61.26,56.52,55.07,60.57,59.88,60.66,61.22,61.92,60.93,61.04,57.01,59.73,57.88,55.16,54.3,54.44,52.3,49.74,51.25,53.1,53.35,68.74,65.65,65.13,68.76,69.99,71.27,72.5,72.08,71.09,72.62,72.25,72.57,73.11,72.63,73.05,73.88,73.67,73.13,73.0,72.96,72.95,73.87,72.02,69.77,69.41,72.3,72.91,73.86,74.39,74.03,73.26,74.67,74.78,74.93,75.52,75.08,75.51,76.22,76.06,75.82,75.68,75.52,75.43,76.07,72.01,70.25,69.53,71.28,71.14,71.96,72.88,72.45,71.4,72.47,71.77,72.75,73.25,72.95,73.08,74.0,73.92,73.34,73.23,73.07,72.57,73.67,67.9,66.25,64.62,65.82,65.5,65.61,65.41,65.38,64.27,64.37,60.75,62.84,61.43,60.24,59.28,59.96,58.46,56.22,57.08,58.23,58.09],
  "contact_probs": [[1.0,0.69,0.25,0.02,0.01,0.01,0.01,0.05,0.03,0.01,0.01,0.04,0.07,0.08,0.06,0.03,0.06,0.13,0.24,0.4,0.3,0.08,0.03,0.02],[0.69,1.0,0.88,0.14,0.01,0.01,0.02,0.07,0.11,0.02,0.01,0.04,0.06,0.13,0.07,0.04,0.05,0.08,0.16,0.44,0.55,0.36,0.08,0.03],[0.25,0.88,1.0,1.0,0.18,0.03,0.04,0.19,0.36,0.09,0.04,0.02,0.03,0.05,0.03,0.03,0.03,0.02,0.06,0.21,0.24,0.79,0.5,0.11],[0.02,0.14,1.0,1.0,0.99,0.18,0.13,0.34,0.78,0.26,0.08,0.04,0.05,0.07,0.02,0.02,0.03,0.01,0.02,0.05,0.09,0.24,0.81,0.63],[0.01,0.01,0.18,0.99,1.0,0.38,0.26,0.36,0.69,0.76,0.23,0.16,0.16,0.12,0.02,0.02,0.02,0.01,0.01,0.02,0.03,0.08,0.25,0.67],[0.01,0.01,0.03,0.18,0.38,1.0,0.47,0.31,0.1,0.03,0.02,0.02,0.02,0.02,0.0,0.0,0.02,0.02,0.03,0.03,0.01,0.01,0.04,0.14],[0.01,0.02,0.04,0.13,0.26,0.47,1.0,0.56,0.15,0.06,0.02,0.02,0.02,0.02,0.01,0.01,0.04,0.04,0.08,0.09,0.02,0.02,0.05,0.14],[0.05,0.07,0.19,0.34,0.36,0.31,0.56,1.0,0.61,0.19,0.03,0.02,0.02,0.01,0.01,0.04,0.18,0.1,0.16,0.19,0.05,0.02,0.02,0.07],[0.03,0.11,0.36,0.78,0.69,0.1,0.15,0.61,1.0,0.99,0.15,0.01,0.02,0.02,0.08,0.19,0.51,0.18,0.22,0.18,0.02,0.02,0.01,0.01],[0.01,0.02,0.09,0.26,0.76,0.03,0.06,0.19,0.99,1.0,1.0,0.28,0.14,0.11,0.25,0.39,0.65,0.06,0.06,0.04,0.03,0.02,0.04,0.02],[0.01,0.01,0.04,0.08,0.23,0.02,0.02,0.03,0.15,1.0,1.0,0.79,0.42,0.51,0.63,0.68,0.24,0.02,0.01,0.01,0.01,0.04,0.03,0.09],[0.04,0.04,0.02,0.04,0.16,0.02,0.02,0.02,0.01,0.28,0.79,1.0,0.61,0.39,0.19,0.05,0.02,0.01,0.01,0.01,0.01,0.01,0.1,0.24],[0.07,0.06,0.03,0.05,0.16,0.02,0.02,0.02,0.02,0.14,0.42,0.61,1.0,0.65,0.27,0.06,0.01,0.01,0.01,0.01,0.01,0.03,0.25,0.35],[0.08,0.13,0.05,0.07,0.12,0.02,0.02,0.01,0.02,0.11,0.51,0.39,0.65,1.0,0.83,0.21,0.03,0.01,0.01,0.01,0.05,0.32,0.58,0.5],[0.06,0.07,0.03,0.02,0.02,0.0,0.01,0.01,0.08,0.25,0.63,0.19,0.27,0.83,1.0,0.99,0.19,0.02,0.03,0.05,0.48,0.63,0.32,0.09],[0.03,0.04,0.03,0.02,0.02,0.0,0.01,0.04,0.19,0.39,0.68,0.05,0.06,0.21,0.99,1.0,0.99,0.21,0.19,0.37,0.82,0.3,0.08,0.03],[0.06,0.05,0.03,0.03,0.02,0.02,0.04,0.18,0.51,0.65,0.24,0.02,0.01,0.03,0.19,0.99,1.0,0.58,0.43,0.61,0.47,0.12,0.05,0.03],[0.13,0.08,0.02,0.01,0.01,0.02,0.04,0.1,0.18,0.06,0.02,0.01,0.01,0.01,0.02,0.21,0.58,1.0,0.46,0.32,0.13,0.01,0.01,0.02],[0.24,0.16,0.06,0.02,0.01,0.03,0.08,0.16,0.22,0.06,0.01,0.01,0.01,0.01,0.03,0.19,0.43,0.46,1.0,0.58,0.2,0.02,0.01,0.01],[0.4,0.44,0.21,0.05,0.02,0.03,0.09,0.19,0.18,0.04,0.01,0.01,0.01,0.01,0.05,0.37,0.61,0.32,0.58,1.0,0.86,0.19,0.01,0.01],[0.3,0.55,0.24,0.09,0.03,0.01,0.02,0.05,0.02,0.03,0.01,0.01,0.01,0.05,0.48,0.82,0.47,0.13,0.2,0.86,1.0,1.0,0.13,0.01],[0.08,0.36,0.79,0.24,0.08,0.01,0.02,0.02,0.02,0.02,0.04,0.01,0.03,0.32,0.63,0.3,0.12,0.01,0.02,0.19,1.0,1.0,1.0,0.3],[0.03,0.08,0.5,0.81,0.25,0.04,0.05,0.02,0.01,0.04,0.03,0.1,0.25,0.58,0.32,0.08,0.05,0.01,0.01,0.01,0.13,1.0,1.0,0.96],[0.02,0.03,0.11,0.63,0.67,0.14,0.14,0.07,0.01,0.02,0.09,0.24,0.35,0.5,0.09,0.03,0.03,0.02,0.01,0.01,0.01,0.3,0.96,1.0]],
  "pae": [[1.5,4.0,5.1,7.6,10.6,13.3,15.1,12.9,8.2,9.7,10.4,13.6,12.3,11.1,10.3,9.6,7.4,12.3,13.3,7.8,7.7,7.9,9.5,12.4],[3.6,1.4,3.8,5.1,7.3,10.2,12.2,10.0,8.7,8.4,9.4,10.1,10.7,10.1,9.1,8.0,8.1,10.9,11.5,6.9,7.0,6.5,7.5,9.1],[4.8,2.8,0.9,1.9,3.6,6.8,8.9,6.5,4.5,4.2,5.1,7.6,6.9,5.7,4.6,4.4,4.4,8.7,9.4,5.3,4.0,4.0,4.2,5.0],[5.5,3.0,1.7,0.9,2.1,5.8,7.9,5.8,4.0,4.0,4.4,7.1,6.3,5.2,4.4,4.2,4.5,9.2,9.9,5.2,4.0,3.7,3.7,5.0],[7.2,4.8,3.5,2.1,1.0,5.9,8.4,6.8,5.1,4.9,5.8,8.0,6.8,5.6,5.5,5.2,5.6,10.2,11.2,6.3,5.8,5.0,4.4,5.1],[15.5,14.9,10.6,9.8,10.7,1.4,7.3,7.6,12.5,14.2,15.7,14.9,14.9,15.2,15.7,15.3,15.7,17.9,17.4,16.1,14.8,14.1,12.7,12.3],[17.0,16.7,13.5,10.9,12.2,6.4,1.4,7.4,11.0,12.9,16.2,16.4,17.0,17.3,17.6,17.3,16.9,17.8,18.0,17.1,17.1,16.0,16.5,15.1],[11.8,11.6,9.6,8.6,8.3,6.2,5.4,1.2,8.6,8.7,11.3,12.8,13.6,12.2,12.9,13.0,11.8,14.8,15.5,12.1,12.6,11.7,11.8,11.9],[7.3,5.7,4.3,4.6,4.5,7.2,7.4,4.7,1.0,2.2,4.1,6.5,6.7,6.2,5.9,4.8,4.5,8.6,9.9,5.9,5.4,5.2,5.3,6.2],[6.8,5.3,4.3,4.2,4.7,7.7,8.9,5.2,2.3,0.9,2.4,5.1,5.6,5.5,4.9,4.2,4.1,7.9,9.4,5.3,4.8,4.4,4.8,5.7],[7.1,5.7,4.6,4.4,4.0,8.5,9.9,7.2,3.8,2.0,0.9,4.4,4.8,5.0,4.4,3.8,4.0,8.5,9.9,5.5,5.2,4.7,5.0,5.7],[13.4,14.0,15.0,13.5,11.8,15.6,17.0,16.2,11.0,9.1,8.1,1.4,6.9,9.3,9.2,10.7,10.7,13.5,14.6,12.6,13.2,13.2,12.6,11.7],[12.0,11.6,10.5,9.8,9.2,13.2,15.2,13.1,10.2,7.9,5.7,5.6,1.3,5.4,5.5,7.4,8.9,12.6,13.4,10.4,10.1,9.3,7.9,8.1],[10.6,10.0,8.7,8.0,8.5,11.4,13.3,11.5,9.2,7.8,7.0,6.3,4.5,1.1,4.8,5.9,8.3,11.0,11.9,8.6,7.6,6.7,6.2,5.9],[7.1,5.7,4.9,4.7,5.0,8.5,10.5,8.7,5.8,4.7,4.4,5.9,4.6,3.3,0.9,1.8,3.7,7.8,9.5,5.3,4.4,4.2,4.6,5.0],[6.2,4.9,4.1,4.3,4.6,8.4,10.6,7.6,4.3,3.8,3.8,6.1,5.5,3.7,2.1,0.9,1.9,7.1,8.8,4.5,3.7,3.8,4.4,5.5],[6.6,5.0,4.5,4.7,5.1,8.6,10.0,7.5,4.4,3.9,4.0,6.2,6.4,4.9,3.6,1.9,0.9,7.0,8.3,3.9,3.8,4.5,5.6,6.6],[13.1,13.4,16.1,17.2,17.1,19.7,18.7,18.3,15.3,14.4,15.1,15.9,16.6,16.3,15.0,10.7,10.2,1.5,7.1,9.1,12.7,13.2,16.7,17.4],[13.5,12.7,17.0,18.4,17.7,19.3,19.2,18.3,15.2,15.3,16.3,16.3,16.7,16.9,15.5,11.9,10.2,5.9,1.5,9.0,11.6,15.4,16.1,17.7],[8.5,7.0,8.3,8.3,9.3,11.6,13.5,11.3,8.4,7.2,8.6,9.6,9.8,9.6,8.5,6.3,6.2,7.8,6.5,1.2,5.0,6.1,9.0,9.7],[6.7,4.6,3.8,4.8,5.5,8.4,10.6,7.5,4.6,4.5,4.8,6.6,6.3,5.1,4.3,4.2,4.2,7.7,7.0,2.9,0.9,1.7,3.6,5.1],[6.9,4.7,3.8,3.8,4.7,7.9,10.1,7.4,4.3,4.1,4.5,6.6,5.9,4.8,4.0,3.9,4.3,9.0,9.5,4.1,1.8,0.9,1.9,3.7],[7.5,5.4,4.5,3.8,4.7,8.1,9.9,7.6,5.0,4.5,4.6,7.1,6.2,4.1,3.8,4.3,5.0,9.5,10.1,5.1,3.1,2.0,0.9,3.1],[11.5,10.5,9.7,7.8,7.6,11.8,13.9,12.1,10.6,8.7,7.8,10.1,8.7,6.1,7.5,8.8,10.7,13.2,14.2,9.9,8.0,5.2,4.2,1.4]],
  "token_chain_ids": ["A","A","A","A","A","A","A","A","A","A","A","A","A","A","A","A","A","A","A","A","A","A","A","A"],
  "token_res_ids": [1,2,3,4,5,6,7,8,9,10,11,12,13,14,15,16,17,18,19,20,21,22,23,24]
}