{
  "atom_chain_ids": ["A","A","A","A","A","A","A","A","A","A","A","A","A","A","A","A","A","A","A","A","A","A","A","A","A","A","A","A","A","A","A","A","A","A","A","A","A","A","A","A","A","A","A","A","A","A","A","A","A","A","A","A","A","A","A","A","A","A","A","A","A","A","A","A","A","A","A","A","A","A","A","A","A","A","A","A","A","A","A","A","A","A","A","A","A","A","A","A","A","A","A","A","A","A","A","A","A","A","A","A","A","A","A","A","A","A","A","A","A","A","A","A","A","A","A","A","A","A","A","A","A","A","A","A","A","A","A","A","A","A","A","A","A","A","A","A","A","A","A","A","A","A","A","A","A","A","A","A","A","A","A","A","A","A","A","A","A","A","A","A","A","A","A","A","A","A","A","A","A","A","A","A","A","A","A","A","A","A","A","A","A","A","A","A","A","A","A","A","A","A","A","A","A","A","A","A","A","A","A","A","A","A","A","A","A","A","A","A","A","A","A","A","A","A","A","A","A","A","A","A","A","A","A","A","A","A","A","A","A","A","A","A","A","A","A","A","A","A","A","A","A","A","A","A","A","A","A","A","A","A","A","A","A","A","A","A","A","A","A","A","A","A","A","A","A","A","A","A","A","A","A","A","A","A","A","A","A","A","A","A","A","A","A","A","A","A","A","A","A","A","A","A","A","A","A","A","A","A","A","A","A","A","A","A","A","A","A","A","A","A","A","A","A","A","A","A","A","A","A","A","A","A","A","A","A","A","A","A","A","A","A","A","A","A","A","A","A","A","A","A","A","A","A","A","A","A","A","A","A","A","A","A","A","A","A","A","A","A","A","A","A","A","A","A","A","A","A","A","A","A","A","A","A","A","A","A","A","A","A","A","A","A","A","A","A","A","A","A","A","A","A","A","A","A","A","A","A","A","A","A","A","A","A","A","A","A","A","A","A","A","A","A","A","A","A","A","A","A","A","A","A","A","A","A","A","A","A","A","A","A","A","A","A","A","A","A","A","A","A","A","A","A","A","A","A","A","A","A","A","A","A","A","A","A","A","A","A","A","A","A","A","A","A","A","A","A","A","A","A","A","A","A","A","A","A","A","A","A","A","A","A","A","A","A","A","A","A","A","A","A","A","A","A","A","A","A","A","A","A","A","A","A","A","A","A","A","A","A","A"],
  "atom_plddts": [54.61,55.71,48.5,48.28,56.88,57.43,59.25,59.46,62.42,62.37,60.45,59.7,60.76,58.08,54.99,53.6,53.51,52.09,50.18,52.35,55.39,61.89,55.17,54.77,62.93,62.82,65.02,66.23,67.59,66.21,65.74,63.77,66.27,64.63,60.38,58.81,59.78,58.48,55.91,57.74,60.05,70.86,67.34,66.46,71.11,71.74,73.76,74.54,74.64,73.5,74.53,74.12,75.12,75.44,74.03,74.35,75.47,75.18,74.37,74.43,74.54,74.41,75.87,73.19,71.41,71.56,73.4,73.62,74.79,74.67,74.57,73.43,74.71,74.83,75.38,75.84,75.26,75.59,76.24,76.01,75.72,75.62,75.57,75.33,76.15,73.29,71.69,70.96,72.52,71.98,72.66,73.24,72.88,71.74,72.72,71.93,73.31,73.7,73.21,73.22,74.34,74.24,73.6,73.43,73.35,72.68,74.03,62.54,60.35,59.73,62.55,59.87,59.79,56.44,57.88,57.34,55.49,52.74,54.14,50.59,47.28,45.17,43.61,42.51,40.57,43.74,47.09,55.38,51.34,50.18,56.12,55.03,55.03,52.51,55.7,55.07,53.37,51.68,52.62,49.22,44.96,43.04,41.72,40.43,38.74,41.89,45.29,60.79,57.26,56.1,60.36,59.29,60.27,58.6,60.22,58.89,59.03,54.49,56.89,53.93,50.6,49.16,48.4,45.76,43.72,45.44,47.83,47.6,69.25,65.06,64.88,69.79,71.07,72.97,74.01,74.0,73.03,74.32,74.33,74.76,75.28,74.32,74.73,75.57,75.25,74.59,74.78,74.89,74.9,75.91,72.63,70.19,70.23,72.8,73.24,74.8,75.0,74.89,73.89,75.13,75.21,75.54,76.06,75.47,75.8,76.5,76.19,75.85,75.85,75.81,75.67,76.51,72.98,71.17,70.6,72.24,71.9,73.1,73.81,73.56,72.41,73.46,72.73,73.79,74.22,73.78,73.83,74.76,74.5,73.89,73.96,73.84,73.28,74.56,63.44,60.52,59.82,63.31,60.68,61.0,57.99,60.24,59.42,56.69,54.52,55.81,52.07,48.36,46.14,44.76,43.44,41.51,44.7,48.2,60.28,53.84,53.06,61.36,60.21,61.64,61.36,63.71,62.65,61.61,60.41,61.96,59.35,55.8,54.38,53.98,52.52,50.49,53.1,56.24,66.75,62.45,60.23,65.39,64.62,66.05,66.92,66.9,65.56,66.22,62.26,64.91,63.41,61.01,60.33,61.03,58.82,56.33,57.55,59.11,59.39,70.35,66.7,66.18,70.3,70.78,72.41,73.53,73.28,72.26,73.6,73.04,73.86,74.32,73.71,74.0,74.94,74.62,73.97,74.1,74.11,73.85,74.99,72.04,69.2,68.59,72.37,73.68,75.11,75.35,75.22,74.36,75.78,75.98,76.14,76.71,75.92,76.39,77.07,76.79,76.52,76.49,76.43,76.48,77.21,72.89,70.65,69.93,71.96,71.44,72.95,73.68,73.35,72.29,72.7,71.18,73.1,73.37,72.76,72.65,73.87,73.57,72.68,72.63,72.6,71.63,73.61,57.93,55.56,54.76,58.09,56.1,55.44,52.53,54.7,54.07,52.2,49.57,50.81,47.72,44.63,42.95,41.47,40.24,38.33,41.19,44.42,51.2,46.91,45.9,52.03,51.54,51.54,50.14,53.1,52.44,51.28,49.14,50.38,47.78,44.11,42.57,41.5,40.11,38.29,40.93,43.97,64.29,58.93,57.21,63.56,63.1,64.53,65.81,65.98,64.86,65.48,61.86,64.53,63.3,60.76,60.11,60.99,59.0,56.34,57.69,59.16,59.69,70.98,67.57,67.01,71.14,72.31,73.62,74.48,74.19,73.3,74.92,74.84,75.19,75.77,75.44,75.96,76.67,76.42,76.14,76.1,75.99,76.04,76.68,74.19,71.85,71.76,74.75,75.28,76.32,76.47,76.39,75.67,77.28,77.65,77.75,78.35,77.83,78.37,78.95,78.7,78.67,78.61,78.41,78.41,78.85,74.55,72.55,71.99,74.05,73.88,75.02,75.69,75.57,74.53,75.71,75.42,76.39,76.93,76.46,76.75,77.54,77.3,76.96,76.97,76.75,76.37,77.35,72.79,70.98,69.56,70.99,71.29,71.95,72.45,72.2,70.71,71.51,69.38,71.21,70.86,69.8,69.38,70.68,69.61,68.21,68.38,68.95,69.0],
  "contact_probs": [[1.0,0.69,0.25,0.02,0.01,0.01,0.01,0.05,0.03,0.01,0.01,0.04,0.07,0.08,0.06,0.03,0.06,0.13,0.24,0.4,0.3,0.08,0.03,0.02],[0.69,1.0,0.88,0.14,0.01,0.01,0.02,0.07,0.11,0.02,0.01,0.04,0.06,0.13,0.07,0.04,0.05,0.08,0.16,0.44,0.55,0.36,0.08,0.03],[0.25,0.88,1.0,1.0,0.18,0.03,0.04,0.19,0.36,0.09,0.04,0.02,0.03,0.05,0.03,0.03,0.03,0.02,0.06,0.21,0.24,0.79,0.5,0.11],[0.02,0.14,1.0,1.0,0.99,0.18,0.13,0.34,0.78,0.26,0.08,0.04,0.05,0.07,0.02,0.02,0.03,0.01,0.02,0.05,0.09,0.24,0.81,0.63],[0.01,0.01,0.18,0.99,1.0,0.38,0.26,0.36,0.69,0.76,0.23,0.16,0.16,0.12,0.02,0.02,0.02,0.01,0.01,0.02,0.03,0.08,0.25,0.67],[0.01,0.01,0.03,0.18,0.38,1.0,0.47,0.31,0.1,0.03,0.02,0.02,0.02,0.02,0.0,0.0,0.02,0.02,0.03,0.03,0.01,0.01,0.04,0.14],[0.01,0.02,0.04,0.13,0.26,0.47,1.0,0.56,0.15,0.06,0.02,0.02,0.02,0.02,0.01,0.01,0.04,0.04,0.08,0.09,0.02,0.02,0.05,0.14],[0.05,0.07,0.19,0.34,0.36,0.31,0.56,1.0,0.61,0.19,0.03,0.02,0.02,0.01,0.01,0.04,0.18,0.1,0.16,0.19,0.05,0.02,0.02,0.07],[0.03,0.11,0.36,0.78,0.69,0.1,0.15,0.61,1.0,0.99,0.15,0.01,0.02,0.02,0.08,0.19,0.51,0.18,0.22,0.18,0.02,0.02,0.01,0.01],[0.01,0.02,0.09,0.26,0.76,0.03,0.06,0.19,0.99,1.0,1.0,0.28,0.14,0.11,0.25,0.39,0.65,0.06,0.06,0.04,0.03,0.02,0.04,0.02],[0.01,0.01,0.04,0.08,0.23,0.02,0.02,0.03,0.15,1.0,1.0,0.79,0.42,0.51,0.63,0.68,0.24,0.02,0.01,0.01,0.01,0.04,0.03,0.09],[0.04,0.04,0.02,0.04,0.16,0.02,0.02,0.02,0.01,0.28,0.79,1.0,0.61,0.39,0.19,0.05,0.02,0.01,0.01,0.01,0.01,0.01,0.1,0.24],[0.07,0.06,0.03,0.05,0.16,0.02,0.02,0.02,0.02,0.14,0.42,0.61,1.0,0.65,0.27,0.06,0.01,0.01,0.01,0.01,0.01,0.03,0.25,0.35],[0.08,0.13,0.05,0.07,0.12,0.02,0.02,0.01,0.02,0.11,0.51,0.39,0.65,1.0,0.83,0.21,0.03,0.01,0.01,0.01,0.05,0.32,0.58,0.5],[0.06,0.07,0.03,0.02,0.02,0.0,0.01,0.01,0.08,0.25,0.63,0.19,0.27,0.83,1.0,0.99,0.19,0.02,0.03,0.05,0.48,0.63,0.32,0.09],[0.03,0.04,0.03,0.02,0.02,0.0,0.01,0.04,0.19,0.39,0.68,0.05,0.06,0.21,0.99,1.0,0.99,0.21,0.19,0.37,0.82,0.3,0.08,0.03],[0.06,0.05,0.03,0.03,0.02,0.02,0.04,0.18,0.51,0.65,0.24,0.02,0.01,0.03,0.19,0.99,1.0,0.58,0.43,0.61,0.47,0.12,0.05,0.03],[0.13,0.08,0.02,0.01,0.01,0.02,0.04,0.1,0.18,0.06,0.02,0.01,0.01,0.01,0.02,0.21,0.58,1.0,0.46,0.32,0.13,0.01,0.01,0.02],[0.24,0.16,0.06,0.02,0.01,0.03,0.08,0.16,0.22,0.06,0.01,0.01,0.01,0.01,0.03,0.19,0.43,0.46,1.0,0.58,0.2,0.02,0.01,0.01],[0.4,0.44,0.21,0.05,0.02,0.03,0.09,0.19,0.18,0.04,0.01,0.01,0.01,0.01,0.05,0.37,0.61,0.32,0.58,1.0,0.86,0.19,0.01,0.01],[0.3,0.55,0.24,0.09,0.03,0.01,0.02,0.05,0.02,0.03,0.01,0.01,0.01,0.05,0.48,0.82,0.47,0.13,0.2,0.86,1.0,1.0,0.13,0.01],[0.08,0.36,0.79,0.24,0.08,0.01,0.02,0.02,0.02,0.02,0.04,0.01,0.03,0.32,0.63,0.3,0.12,0.01,0.02,0.19,1.0,1.0,1.0,0.3],[0.03,0.08,0.5,0.81,0.25,0.04,0.05,0.02,0.01,0.04,0.03,0.1,0.25,0.58,0.32,0.08,0.05,0.01,0.01,0.01,0.13,1.0,1.0,0.96],[0.02,0.03,0.11,0.63,0.67,0.14,0.14,0.07,0.01,0.02,0.09,0.24,0.35,0.5,0.09,0.03,0.03,0.02,0.01,0.01,0.01,0.3,0.96,1.0]],
  "pae": [[1.5,3.6,5.4,7.3,10.2,14.2,14.5,12.8,9.7,9.5,10.4,14.3,11.9,11.3,9.6,9.0,6.6,11.7,11.7,6.1,6.6,7.8,9.5,11.5],[3.6,1.3,3.9,4.6,7.1,11.3,12.0,10.1,8.5,8.1,8.5,10.8,9.8,8.9,8.6,7.4,7.0,10.5,10.1,5.2,4.7,6.0,6.8,8.4],[4.3,2.8,0.9,1.7,3.4,7.7,8.7,7.0,4.3,4.3,4.8,7.6,6.2,5.2,4.2,4.2,4.2,8.1,7.9,4.4,3.5,3.6,3.6,3.9],[5.3,3.3,1.7,0.9,1.9,6.6,7.7,6.3,3.9,3.9,4.3,8.5,6.0,5.1,4.4,4.2,4.4,8.6,8.3,4.8,3.7,3.5,3.3,3.9],[6.5,4.7,3.2,1.8,0.9,6.0,7.3,6.6,4.7,4.6,5.0,8.1,5.7,5.1,4.9,4.7,5.1,9.0,9.5,5.7,4.9,4.5,4.2,3.9],[17.3,16.2,13.0,9.8,11.5,1.5,7.1,10.1,12.5,14.4,16.3,16.8,15.7,13.9,15.8,15.8,17.0,17.0,17.0,16.3,16.0,15.4,13.7,13.0],[17.4,15.9,14.5,11.0,11.9,7.5,1.5,8.4,11.0,13.8,16.2,16.1,16.8,16.4,17.0,16.4,16.5,16.6,17.0,16.9,16.7,15.2,15.9,15.2],[12.2,11.0,11.1,7.6,8.9,6.9,6.1,1.3,8.5,8.4,11.4,12.9,12.5,12.3,12.3,11.8,12.1,12.6,12.7,11.8,12.2,12.0,12.3,11.8],[6.7,5.7,4.1,4.4,4.4,7.6,6.5,4.5,0.9,1.8,3.8,6.3,6.3,5.7,5.4,4.7,4.2,7.5,7.8,5.1,5.3,5.0,4.9,5.2],[6.2,5.3,3.9,3.8,4.2,7.8,7.8,4.7,2.1,0.9,2.0,5.2,5.3,5.2,4.3,3.8,3.8,7.2,7.9,4.7,4.4,4.2,4.4,4.5],[6.5,5.6,4.3,4.1,3.7,8.3,8.8,7.4,3.0,1.7,0.9,4.9,4.3,4.9,3.9,3.4,3.8,7.8,8.3,5.0,4.6,4.4,4.5,4.3],[13.8,13.4,14.5,14.9,13.2,17.0,17.4,16.8,12.4,9.3,8.2,1.5,8.4,9.1,9.2,11.3,12.6,13.7,14.4,14.2,14.7,14.7,14.1,13.0],[11.7,10.4,10.3,9.8,8.5,13.9,14.6,13.4,10.5,8.1,6.6,7.2,1.5,6.0,6.3,7.7,9.6,12.8,13.4,11.3,10.9,10.4,8.1,7.4],[10.6,9.3,8.4,8.3,9.3,12.0,13.0,12.0,10.4,9.2,7.8,7.6,5.1,1.1,4.6,5.6,8.9,10.7,11.6,8.7,7.4,6.8,5.6,6.1],[6.7,5.2,4.8,4.6,5.0,9.4,9.8,8.6,5.6,4.8,4.1,6.2,4.3,3.6,0.9,1.7,3.5,7.0,7.7,4.9,4.1,4.1,4.3,4.9],[5.9,4.6,3.8,4.1,4.4,9.2,10.0,7.4,4.3,4.0,3.8,6.3,4.9,3.7,1.9,0.9,1.9,6.4,7.0,4.3,3.4,3.5,4.0,4.8],[6.2,5.0,4.4,4.7,5.0,9.3,9.3,7.3,4.5,3.9,4.1,6.5,6.2,5.0,3.2,1.8,0.9,6.6,6.2,3.9,3.8,4.6,5.3,6.1],[13.1,14.4,14.9,17.0,17.1,19.6,18.2,16.8,14.4,13.6,14.1,16.2,16.0,15.8,13.8,10.9,10.5,1.6,8.9,9.7,13.2,15.1,16.0,17.6],[12.0,11.4,15.4,15.5,15.7,18.8,17.9,16.0,14.4,14.2,14.7,15.6,15.5,14.3,13.3,10.8,9.4,6.7,1.5,8.2,10.8,13.3,14.9,16.5],[7.8,6.1,7.1,7.8,8.7,11.7,12.1,10.5,8.8,8.1,8.6,9.6,9.3,9.2,7.2,6.2,5.7,7.9,5.2,1.1,4.0,5.9,8.1,9.1],[5.6,3.7,3.1,3.6,4.5,8.6,9.5,7.1,4.0,3.8,4.1,7.0,5.5,4.1,3.3,3.3,3.5,7.0,5.7,2.6,0.9,1.4,2.7,3.8],[5.7,3.9,2.9,2.9,3.7,7.6,8.8,6.8,3.6,3.4,3.7,7.3,5.0,3.9,3.0,2.9,3.6,7.3,7.3,3.0,1.4,0.9,1.5,2.6],[6.5,4.6,3.3,3.0,3.7,8.2,9.2,7.2,4.2,3.8,3.7,7.9,5.2,3.8,3.1,3.6,4.3,7.9,8.2,4.2,2.4,1.5,0.9,1.9],[8.4,7.0,4.9,4.3,4.5,9.3,10.5,8.8,5.8,5.3,4.6,8.3,5.5,4.3,4.7,5.3,6.1,9.8,9.8,6.3,4.6,3.3,2.2,1.2]],
  "token_chain_ids": ["A","A","A","A","A","A","A","A","A","A","A","A","A","A","A","A","A","A","A","A","A","A","A","A"],
  "token_res_ids": [1,2,3,4,5,6,7,8,9,10,11,12,13,14,15,16,17,18,19,20,21,22,23,24]
}