{
  "atom_chain_ids": ["A","A","A","A","A","A","A","A","A","A","A","A","A","A","A","A","A","A","A","A","A","A","A","A","A","A","A","A","A","A","A","A","A","A","A","A","A","A","A","A","A","A","A","A","A","A","A","A","A","A","A","A","A","A","A","A","A","A","A","A","A","A","A","A","A","A","A","A","A","A","A","A","A","A","A","A","A","A","A","A","A","A","A","A","A","A","A","A","A","A","A","A","A","A","A","A","A","A","A","A","A","A","A","A","A","A","A","A","A","A","A","A","A","A","A","A","A","A","A","A","A","A","A","A","A","A","A","A","A","A","A","A","A","A","A","A","A","A","A","A","A","A","A","A","A","A","A","A","A","A","A","A","A","A","A","A","A","A","A","A","A","A","A","A","A","A","A","A","A","A","A","A","A","A","A","A","A","A","A","A","A","A","A","A","A","A","A","A","A","A","A","A","A","A","A","A","A","A","A","A","A","A","A","A","A","A","A","A","A","A","A","A","A","A","A","A","A","A","A","A","A","A","A","A","A","A","A","A","A","A","A","A","A","A","A","A","A","A","A","A","A","A","A","A","A","A","A","A","A","A","A","A","A","A","A","A","A","A","A","A","A","A","A","A","A","A","A","A","A","A","A","A","A","A","A","A","A","A","A","A","A","A","A","A","A","A","A","A","A","A","A","A","A","A","A","A","A","A","A","A","A","A","A","A","A","A","A","A","A","A","A","A","A","A","A","A","A","A","A","A","A","A","A","A","A","A","A","A","A","A","A","A","A","A","A","A","A","A","A","A","A","A","A","A","A","A","A","A","A","A","A","A","A","A","A","A","A","A","A","A","A","A","A","A","A","A","A","A","A","A","A","A","A","A","A","A","A","A","A","A","A","A","A","A","A","A","A","A","A","A","A","A","A","A","A","A","A","A","A","A","A","A","A","A","A","A","A","A","A","A","A","A","A","A","A","A","A","A","A","A","A","A","A","A","A","A","A","A","A","A","A","A","A","A","A","A","A","A","A","A","A","A","A","A","A","A","A","A","A","A","A","A","A","A","A","A","A","A","A","A","A","A","A","A","A","A","A","A","A","A","A","A","A","A","A","A","A","A","A","A","A","A","A","A","A","A","A","A","A","A","A","A","A","A","A","A","A","A","A","A","A","A","A","A","A","A","A","A","A"],
  "atom_plddts": [38.31,39.31,35.88,34.21,39.93,40.19,40.29,39.41,42.4,42.18,41.41,40.18,40.2,38.57,36.32,35.08,34.93,33.98,33.25,34.54,36.45,55.68,49.26,48.78,56.59,56.57,58.03,59.32,60.6,59.63,59.09,57.45,59.54,58.4,55.28,54.11,54.49,53.39,51.09,52.85,54.95,69.37,66.38,65.67,69.16,69.3,70.74,71.76,71.68,70.33,71.24,70.37,71.54,71.84,70.75,70.94,72.24,72.04,71.07,70.92,70.97,70.5,72.26,72.22,70.06,69.89,72.35,72.62,73.9,74.0,73.85,72.65,73.84,73.68,74.3,74.75,74.1,74.41,75.19,74.98,74.52,74.38,74.37,74.12,75.15,72.79,71.68,70.96,71.75,71.22,71.67,72.11,71.71,70.48,71.35,70.33,71.76,72.11,71.6,71.51,72.65,72.58,71.81,71.63,71.59,70.72,72.19,61.04,58.78,58.07,60.94,58.63,58.55,55.03,57.02,56.37,54.63,52.34,53.44,49.83,46.36,44.41,42.83,41.78,40.05,43.06,46.49,50.85,46.57,45.16,51.38,51.09,51.19,49.02,52.45,51.81,50.7,49.62,50.37,47.98,44.56,43.28,42.36,41.41,39.83,42.29,45.24,60.47,55.05,53.77,60.22,59.42,60.82,60.89,62.31,61.06,61.65,57.44,60.11,57.94,54.73,53.78,53.72,51.42,49.12,50.65,52.76,52.72,69.4,65.76,65.68,69.61,70.2,71.83,72.89,72.77,71.75,72.85,72.6,73.23,73.75,73.01,73.34,74.25,73.98,73.24,73.35,73.43,73.18,74.35,72.09,69.45,69.4,72.36,72.82,74.38,74.69,74.57,73.56,74.78,74.87,75.14,75.66,74.97,75.35,76.07,75.74,75.35,75.34,75.33,75.26,76.14,72.73,71.02,70.29,71.87,71.29,72.27,72.99,72.63,71.34,72.33,71.36,72.62,73.0,72.71,72.76,73.73,73.48,72.81,72.8,72.72,72.09,73.43,66.18,63.47,62.61,65.56,62.36,62.99,61.02,61.86,61.16,58.72,56.37,58.76,55.93,53.91,52.01,51.33,50.1,47.81,50.58,53.44,57.81,52.41,51.77,58.94,57.67,58.55,58.06,60.37,59.48,58.25,57.07,58.85,56.59,53.25,51.99,51.49,50.17,48.16,50.6,53.52,65.84,60.51,58.18,64.6,64.14,65.64,66.8,66.72,65.42,66.26,62.57,65.06,63.81,61.59,61.05,61.92,59.78,57.27,58.5,59.97,60.54,70.53,66.93,66.42,70.41,70.83,72.48,73.64,73.4,72.35,73.64,73.04,73.91,74.35,73.71,73.99,74.95,74.62,73.95,74.09,74.1,73.81,75.02,72.95,70.33,69.91,73.21,74.2,75.64,75.74,75.65,74.78,76.16,76.34,76.62,77.18,76.51,76.94,77.61,77.33,77.12,77.12,77.02,77.01,77.7,73.42,71.41,70.69,72.37,71.54,72.98,73.7,73.32,72.21,72.61,70.96,73.03,73.28,72.85,72.77,73.98,73.68,72.84,72.75,72.71,71.72,73.63,54.45,52.81,51.84,54.03,52.48,51.46,48.9,51.35,50.59,49.36,46.98,48.04,45.29,42.8,41.49,40.2,39.27,37.64,39.93,42.76,48.11,44.52,43.23,48.51,48.31,48.09,46.62,50.07,49.33,48.56,46.72,47.76,45.43,42.14,40.97,40.07,38.99,37.45,39.53,42.24,62.28,57.57,55.88,61.54,60.69,61.48,61.98,62.77,61.81,61.89,57.7,60.48,58.45,55.64,54.77,54.92,52.72,50.12,51.65,53.54,53.85,69.04,65.54,64.9,69.0,70.14,71.76,73.01,72.75,71.75,73.18,72.7,73.14,73.66,73.07,73.51,74.41,74.15,73.58,73.48,73.41,73.42,74.49,71.52,69.45,69.05,71.64,72.11,73.03,73.71,73.28,72.46,73.82,73.83,74.02,74.65,74.24,74.68,75.43,75.29,75.0,74.82,74.67,74.54,75.23,71.64,69.91,69.2,70.82,70.49,71.22,72.29,71.83,70.76,71.85,71.21,72.16,72.72,72.48,72.66,73.63,73.56,72.98,72.82,72.66,72.2,73.25,70.1,68.59,67.0,67.96,67.84,68.06,68.53,68.02,66.75,67.25,64.44,66.37,65.66,64.9,64.26,65.37,64.18,62.39,62.85,63.65,63.52],
  "contact_probs": [[1.0,0.69,0.25,0.02,0.01,0.01,0.01,0.05,0.03,0.01,0.01,0.04,0.07,0.08,0.06,0.03,0.06,0.13,0.24,0.4,0.3,0.08,0.03,0.02],[0.69,1.0,0.88,0.14,0.01,0.01,0.02,0.07,0.11,0.02,0.01,0.04,0.06,0.13,0.07,0.04,0.05,0.08,0.16,0.44,0.55,0.36,0.08,0.03],[0.25,0.88,1.0,1.0,0.18,0.03,0.04,0.19,0.36,0.09,0.04,0.02,0.03,0.05,0.03,0.03,0.03,0.02,0.06,0.21,0.24,0.79,0.5,0.11],[0.02,0.14,1.0,1.0,0.99,0.18,0.13,0.34,0.78,0.26,0.08,0.04,0.05,0.07,0.02,0.02,0.03,0.01,0.02,0.05,0.09,0.24,0.81,0.63],[0.01,0.01,0.18,0.99,1.0,0.38,0.26,0.36,0.69,0.76,0.23,0.16,0.16,0.12,0.02,0.02,0.02,0.01,0.01,0.02,0.03,0.08,0.25,0.67],[0.01,0.01,0.03,0.18,0.38,1.0,0.47,0.31,0.1,0.03,0.02,0.02,0.02,0.02,0.0,0.0,0.02,0.02,0.03,0.03,0.01,0.01,0.04,0.14],[0.01,0.02,0.04,0.13,0.26,0.47,1.0,0.56,0.15,0.06,0.02,0.02,0.02,0.02,0.01,0.01,0.04,0.04,0.08,0.09,0.02,0.02,0.05,0.14],[0.05,0.07,0.19,0.34,0.36,0.31,0.56,1.0,0.61,0.19,0.03,0.02,0.02,0.01,0.01,0.04,0.18,0.1,0.16,0.19,0.05,0.02,0.02,0.07],[0.03,0.11,0.36,0.78,0.69,0.1,0.15,0.61,1.0,0.99,0.15,0.01,0.02,0.02,0.08,0.19,0.51,0.18,0.22,0.18,0.02,0.02,0.01,0.01],[0.01,0.02,0.09,0.26,0.76,0.03,0.06,0.19,0.99,1.0,1.0,0.28,0.14,0.11,0.25,0.39,0.65,0.06,0.06,0.04,0.03,0.02,0.04,0.02],[0.01,0.01,0.04,0.08,0.23,0.02,0.02,0.03,0.15,1.0,1.0,0.79,0.42,0.51,0.63,0.68,0.24,0.02,0.01,0.01,0.01,0.04,0.03,0.09],[0.04,0.04,0.02,0.04,0.16,0.02,0.02,0.02,0.01,0.28,0.79,1.0,0.61,0.39,0.19,0.05,0.02,0.01,0.01,0.01,0.01,0.01,0.1,0.24],[0.07,0.06,0.03,0.05,0.16,0.02,0.02,0.02,0.02,0.14,0.42,0.61,1.0,0.65,0.27,0.06,0.01,0.01,0.01,0.01,0.01,0.03,0.25,0.35],[0.08,0.13,0.05,0.07,0.12,0.02,0.02,0.01,0.02,0.11,0.51,0.39,0.65,1.0,0.83,0.21,0.03,0.01,0.01,0.01,0.05,0.32,0.58,0.5],[0.06,0.07,0.03,0.02,0.02,0.0,0.01,0.01,0.08,0.25,0.63,0.19,0.27,0.83,1.0,0.99,0.19,0.02,0.03,0.05,0.48,0.63,0.32,0.09],[0.03,0.04,0.03,0.02,0.02,0.0,0.01,0.04,0.19,0.39,0.68,0.05,0.06,0.21,0.99,1.0,0.99,0.21,0.19,0.37,0.82,0.3,0.08,0.03],[0.06,0.05,0.03,0.03,0.02,0.02,0.04,0.18,0.51,0.65,0.24,0.02,0.01,0.03,0.19,0.99,1.0,0.58,0.43,0.61,0.47,0.12,0.05,0.03],[0.13,0.08,0.02,0.01,0.01,0.02,0.04,0.1,0.18,0.06,0.02,0.01,0.01,0.01,0.02,0.21,0.58,1.0,0.46,0.32,0.13,0.01,0.01,0.02],[0.24,0.16,0.06,0.02,0.01,0.03,0.08,0.16,0.22,0.06,0.01,0.01,0.01,0.01,0.03,0.19,0.43,0.46,1.0,0.58,0.2,0.02,0.01,0.01],[0.4,0.44,0.21,0.05,0.02,0.03,0.09,0.19,0.18,0.04,0.01,0.01,0.01,0.01,0.05,0.37,0.61,0.32,0.58,1.0,0.86,0.19,0.01,0.01],[0.3,0.55,0.24,0.09,0.03,0.01,0.02,0.05,0.02,0.03,0.01,0.01,0.01,0.05,0.48,0.82,0.47,0.13,0.2,0.86,1.0,1.0,0.13,0.01],[0.08,0.36,0.79,0.24,0.08,0.01,0.02,0.02,0.02,0.02,0.04,0.01,0.03,0.32,0.63,0.3,0.12,0.01,0.02,0.19,1.0,1.0,1.0,0.3],[0.03,0.08,0.5,0.81,0.25,0.04,0.05,0.02,0.01,0.04,0.03,0.1,0.25,0.58,0.32,0.08,0.05,0.01,0.01,0.01,0.13,1.0,1.0,0.96],[0.02,0.03,0.11,0.63,0.67,0.14,0.14,0.07,0.01,0.02,0.09,0.24,0.35,0.5,0.09,0.03,0.03,0.02,0.01,0.01,0.01,0.3,0.96,1.0]],
  "pae": [[1.7,7.6,10.5,13.1,16.9,18.8,17.0,10.3,13.8,15.5,18.6,19.6,19.2,18.9,18.7,16.1,14.5,13.2,11.3,12.0,12.8,16.5,18.0,18.4],[5.5,1.3,4.1,5.0,8.4,11.4,11.7,6.8,7.3,7.9,9.7,11.0,11.9,11.0,9.8,8.8,8.3,11.3,11.0,7.9,6.0,7.9,8.8,10.0],[7.6,3.1,0.9,2.1,4.5,8.0,9.0,4.1,4.6,5.0,6.1,7.0,8.0,6.2,5.3,5.0,4.7,8.5,8.3,5.2,4.0,5.4,5.3,5.2],[8.3,3.3,1.9,0.9,2.3,6.7,7.8,3.9,3.5,3.7,4.1,5.8,6.3,4.9,4.3,4.0,4.0,8.1,8.3,4.6,3.6,3.7,4.0,4.6],[10.0,5.2,3.5,2.1,1.0,6.4,7.6,5.3,4.5,4.2,5.2,6.6,6.9,5.3,5.0,4.9,5.4,9.3,10.0,5.5,5.2,4.8,4.3,4.2],[17.2,14.4,10.9,10.0,12.4,1.6,8.9,11.9,12.8,14.5,16.1,14.5,16.3,14.9,15.3,15.5,17.2,18.3,17.4,17.3,15.3,14.8,13.2,11.9],[15.8,11.7,10.6,11.1,12.4,7.5,1.6,10.9,11.5,11.7,14.8,16.0,16.9,17.5,16.3,16.3,15.7,17.3,17.2,16.1,16.0,15.7,15.3,14.7],[11.9,7.1,4.6,7.6,7.6,7.9,6.9,1.1,7.9,6.5,9.8,10.5,11.7,10.7,12.0,11.4,10.0,12.1,12.3,10.2,10.3,10.4,10.4,10.1],[9.4,5.4,3.6,3.7,4.1,7.9,7.0,3.4,0.9,1.9,3.5,5.1,6.4,5.2,4.7,4.0,4.0,7.9,8.9,5.1,4.4,4.3,4.5,4.8],[9.2,5.0,3.5,3.5,3.5,7.6,8.3,3.6,1.8,0.9,1.7,4.3,5.3,4.7,4.0,3.4,3.6,7.5,8.5,4.5,3.9,3.7,4.1,4.4],[10.1,5.7,4.3,4.1,3.7,8.3,9.2,4.8,2.6,1.8,0.9,3.6,4.2,4.6,3.8,3.3,3.7,8.4,9.0,4.8,4.5,4.2,4.6,4.8],[15.2,12.4,11.6,10.9,9.4,14.3,14.2,11.3,8.3,7.6,5.8,1.4,5.3,6.6,7.8,9.5,10.0,13.2,14.4,12.1,12.1,11.3,10.2,9.9],[15.1,12.2,10.8,10.2,9.2,14.1,14.5,11.1,10.2,8.3,6.3,4.2,1.3,6.1,6.3,7.4,9.1,13.7,14.5,11.4,10.8,9.3,8.9,9.9],[13.4,9.5,8.3,8.0,8.2,11.7,12.1,8.9,8.6,8.0,6.9,5.5,5.5,1.2,4.3,5.3,7.9,10.9,11.7,8.3,8.2,7.2,6.3,7.8],[11.1,6.7,4.8,4.7,5.2,8.9,9.9,6.5,5.2,4.6,4.2,5.5,4.6,3.3,0.9,1.6,3.6,8.0,8.9,5.0,4.4,4.2,4.9,5.7],[9.9,5.5,3.8,3.9,4.3,8.9,9.2,5.2,4.0,3.7,3.6,5.6,5.6,3.5,1.9,0.9,1.7,7.3,8.4,4.6,3.6,3.6,4.3,5.2],[9.8,6.1,4.5,4.6,4.9,9.2,10.1,5.9,4.0,3.8,3.9,6.0,6.7,4.9,3.7,1.8,0.9,7.3,8.0,4.4,3.8,4.3,5.6,6.6],[14.3,13.6,14.5,15.4,17.4,20.6,18.3,16.5,12.9,13.8,14.4,16.5,16.4,16.1,13.6,10.7,9.4,1.6,8.6,9.2,12.2,12.6,17.0,18.4],[13.4,11.4,13.6,14.8,18.0,19.1,18.0,14.6,12.9,13.7,15.3,16.9,16.6,15.4,13.7,11.3,7.9,6.4,1.5,8.3,10.3,14.6,15.3,17.6],[10.8,8.0,7.6,7.8,9.4,12.1,12.5,9.2,7.1,7.7,9.1,9.5,10.4,9.3,7.4,5.4,6.0,8.3,6.0,1.1,4.8,5.2,8.5,9.5],[9.8,5.5,4.1,4.8,5.6,9.0,10.0,6.2,4.5,4.9,5.2,6.8,7.3,5.0,4.7,4.7,4.3,7.8,7.0,3.3,0.9,1.7,3.9,5.1],[10.2,5.7,4.3,3.8,4.4,8.5,9.6,5.9,4.4,4.1,4.6,6.3,6.7,4.5,4.0,4.0,4.3,8.7,9.1,3.9,1.7,0.9,1.9,3.4],[10.3,6.3,4.5,3.8,4.2,8.5,9.4,6.1,4.5,4.3,4.3,6.2,6.4,4.1,3.7,4.0,4.9,9.1,9.1,4.6,2.8,1.7,0.9,2.7],[12.7,9.4,6.2,6.0,5.5,9.6,10.6,8.7,6.7,7.1,7.1,7.7,8.4,5.8,6.4,7.1,8.4,11.3,11.8,7.9,6.6,4.7,3.5,1.3]],
  "token_chain_ids": ["A","A","A","A","A","A","A","A","A","A","A","A","A","A","A","A","A","A","A","A","A","A","A","A"],
  "token_res_ids": [1,2,3,4,5,6,7,8,9,10,11,12,13,14,15,16,17,18,19,20,21,22,23,24]
}