{
  "atom_chain_ids": ["A","A","A","A","A","A","A","A","A","A","A","A","A","A","A","A","A","A","A","A","A","A","A","A","A","A","A","A","A","A","A","A","A","A","A","A","A","A","A","A","A","A","A","A","A","A","A","A","A","A","A","A","A","A","A","A","A","A","A","A","A","A","A","A","A","A","A","A","A","A","A","A","A","A","A","A","A","A","A","A","A","A","A","A","A","A","A","A","A","A","A","A","A","A","A","A","A","A","A","A","A","A","A","A","A","A","A","A","A","A","A","A","A","A","A","A","A","A","A","A","A","A","A","A","A","A","A","A","A","A","A","A","A","A","A","A","A","A","A","A","A","A","A","A","A","A","A","A","A","A","A","A","A","A","A","A","A","A","A","A","A","A","A","A","A","A","A","A","A","A","A","A","A","A","A","A","A","A","A","A","A","A","A","A","A","A","A","A","A","A","A","A","A","A","A","A","A","A","A","A","A","A","A","A","A","A","A","A","A","A","A","A","A","A","A","A","A","A","A","A","A","A","A","A","A","A","A","A","A","A","A","A","A","A","A","A","A","A","A","A","A","A","A","A","A","A","A","A","A","A","A","A","A","A","A","A","A","A","A","A","A","A","A","A","A","A","A","A","A","A","A","A","A","A","A","A","A","A","A","A","A","A","A","A","A","A","A","A","A","A","A","A","A","A","A","A","A","A","A","A","A","A","A","A","A","A","A","A","A","A","A","A","A","A","A","A","A","A","A","A","A","A","A","A","A","A","A","A","A","A","A","A","A","A","A","A","A","A","A","A","A","A","A","A","A","A","A","A","A","A","A","A","A","A","A","A","A","A","A","A","A","A","A","A","A","A","A","A","A","A","A","A","A","A","A","A","A","A","A","A","A","A","A","A","A","A","A","A","A","A","A","A","A","A","A","A","A","A","A","A","A","A","A","A","A","A","A","A","A","A","A","A","A","A","A","A","A","A","A","A","A","A","A","A","A","A","A","A","A","A","A","A","A","A","A","A","A","A","A","A","A","A","A","A","A","A","A","A","A","A","A","A","A","A","A","A","A","A","A","A","A","A","A","A","A","A","A","A","A","A","A","A","A","A","A","A","A","A","A","A","A","A","A","A","A","A","A","A","A","A","A","A","A","A","A","A","A","A","A","A","A","A","A","A","A","A","A","A","A"],
  "atom_plddts": [36.28,37.69,34.4,32.66,38.39,38.57,38.48,37.58,40.93,40.66,39.71,38.77,38.59,37.06,34.91,33.75,33.67,32.78,32.21,33.4,35.16,43.92,39.31,38.37,44.8,45.19,45.9,45.73,48.89,47.91,47.53,46.04,47.41,46.39,43.54,42.92,42.74,41.9,40.5,41.6,43.53,52.63,49.18,50.35,53.09,55.05,55.37,57.88,57.06,55.81,55.85,55.65,55.58,56.17,55.42,55.74,57.02,56.84,56.11,55.42,55.43,55.29,56.66,59.93,58.74,58.44,60.14,60.19,60.46,62.43,61.24,60.03,60.21,60.23,60.0,60.66,60.39,60.82,62.02,61.88,61.35,60.57,60.5,60.23,61.24,60.12,59.44,58.53,59.06,58.6,57.98,59.04,58.35,57.18,56.92,55.61,56.58,56.75,56.89,57.02,58.38,58.35,57.5,56.81,56.66,55.61,57.05,49.95,48.78,47.46,49.17,48.22,46.99,43.88,47.12,46.26,45.7,43.86,44.65,41.9,39.43,38.44,37.41,36.85,35.72,37.45,39.9,43.96,40.54,38.99,44.42,44.74,45.12,43.45,46.59,45.68,45.3,44.33,45.24,43.75,41.18,40.87,40.37,39.64,38.57,39.74,41.75,53.22,48.64,47.89,52.83,52.62,53.5,52.58,54.8,53.48,53.55,50.05,52.63,50.51,47.96,47.39,46.89,45.01,43.37,44.45,46.45,46.42,59.06,54.87,55.48,59.83,61.74,62.43,65.08,64.08,63.12,63.73,64.26,63.55,64.18,63.6,64.08,65.14,64.94,63.95,63.68,63.9,63.74,65.07,64.96,62.97,62.89,65.3,65.8,66.22,68.07,66.89,65.84,66.69,67.08,66.81,67.44,67.18,67.62,68.44,68.22,67.62,67.32,67.44,67.26,68.22,63.24,61.6,60.95,62.54,62.75,62.47,64.1,63.24,61.84,62.33,61.8,62.21,62.51,62.73,62.96,63.84,63.77,62.98,62.63,62.74,62.16,63.27,53.39,50.93,49.69,53.22,51.98,51.01,48.72,51.28,50.44,49.08,47.27,48.09,45.49,43.34,42.26,41.33,40.59,39.07,40.98,43.49,50.02,45.66,44.64,51.01,50.43,50.44,49.46,52.53,51.71,50.93,49.97,51.25,49.38,46.63,45.93,45.26,44.42,42.82,44.58,47.17,55.02,51.27,49.88,54.07,53.98,54.38,53.35,55.41,54.18,54.45,50.45,52.98,50.83,48.45,47.86,47.3,45.47,43.56,44.58,46.51,46.97,65.32,62.37,62.09,65.19,65.95,66.63,68.32,67.63,66.49,67.55,66.82,67.25,67.63,67.3,67.5,68.44,68.24,67.3,67.26,67.44,66.89,68.22,66.19,63.74,63.2,66.44,68.2,68.54,69.91,68.8,67.83,69.23,69.32,68.99,69.59,69.36,69.77,70.57,70.45,69.92,69.62,69.66,69.66,70.49,63.59,62.25,61.62,62.38,61.95,61.98,63.12,62.38,61.08,60.79,59.38,60.79,60.84,61.41,61.46,62.41,62.24,61.22,60.97,61.12,59.83,61.51,48.27,46.84,45.59,47.29,46.47,45.17,42.48,46.26,45.4,44.78,42.3,42.55,39.54,36.35,34.8,33.64,32.71,31.46,33.62,36.39,46.73,43.0,41.61,47.02,47.17,47.38,46.38,49.35,48.54,48.13,46.38,47.49,45.67,42.73,41.9,41.25,40.28,38.86,40.52,42.92,55.48,51.26,50.43,54.87,55.05,55.66,55.36,56.88,55.95,55.83,52.37,54.64,52.91,50.47,49.93,49.61,47.87,45.94,47.05,48.88,49.11,55.3,52.03,53.0,55.76,57.14,57.71,60.34,59.21,58.13,58.36,57.8,57.66,58.38,58.26,58.74,59.9,59.78,58.98,58.31,58.24,58.08,59.37,63.39,61.69,61.25,63.58,64.18,64.22,66.46,65.1,64.35,64.99,65.37,64.86,65.54,65.34,65.96,66.94,66.91,66.41,65.75,65.74,65.75,66.43,63.85,62.7,61.77,62.87,62.78,62.54,64.29,63.27,62.43,62.61,61.72,62.48,62.93,63.02,63.23,64.31,64.31,63.53,63.0,62.91,62.32,63.38,58.86,57.55,56.64,57.15,57.77,57.55,56.52,57.26,56.16,55.78,52.64,54.51,53.03,52.27,51.76,51.77,50.6,48.98,49.58,50.69,50.73],
  "contact_probs": [[1.0,0.69,0.25,0.02,0.01,0.01,0.01,0.05,0.03,0.01,0.01,0.04,0.07,0.08,0.06,0.03,0.06,0.13,0.24,0.4,0.3,0.08,0.03,0.02],[0.69,1.0,0.88,0.14,0.01,0.01,0.02,0.07,0.11,0.02,0.01,0.04,0.06,0.13,0.07,0.04,0.05,0.08,0.16,0.44,0.55,0.36,0.08,0.03],[0.25,0.88,1.0,1.0,0.18,0.03,0.04,0.19,0.36,0.09,0.04,0.02,0.03,0.05,0.03,0.03,0.03,0.02,0.06,0.21,0.24,0.79,0.5,0.11],[0.02,0.14,1.0,1.0,0.99,0.18,0.13,0.34,0.78,0.26,0.08,0.04,0.05,0.07,0.02,0.02,0.03,0.01,0.02,0.05,0.09,0.24,0.81,0.63],[0.01,0.01,0.18,0.99,1.0,0.38,0.26,0.36,0.69,0.76,0.23,0.16,0.16,0.12,0.02,0.02,0.02,0.01,0.01,0.02,0.03,0.08,0.25,0.67],[0.01,0.01,0.03,0.18,0.38,1.0,0.47,0.31,0.1,0.03,0.02,0.02,0.02,0.02,0.0,0.0,0.02,0.02,0.03,0.03,0.01,0.01,0.04,0.14],[0.01,0.02,0.04,0.13,0.26,0.47,1.0,0.56,0.15,0.06,0.02,0.02,0.02,0.02,0.01,0.01,0.04,0.04,0.08,0.09,0.02,0.02,0.05,0.14],[0.05,0.07,0.19,0.34,0.36,0.31,0.56,1.0,0.61,0.19,0.03,0.02,0.02,0.01,0.01,0.04,0.18,0.1,0.16,0.19,0.05,0.02,0.02,0.07],[0.03,0.11,0.36,0.78,0.69,0.1,0.15,0.61,1.0,0.99,0.15,0.01,0.02,0.02,0.08,0.19,0.51,0.18,0.22,0.18,0.02,0.02,0.01,0.01],[0.01,0.02,0.09,0.26,0.76,0.03,0.06,0.19,0.99,1.0,1.0,0.28,0.14,0.11,0.25,0.39,0.65,0.06,0.06,0.04,0.03,0.02,0.04,0.02],[0.01,0.01,0.04,0.08,0.23,0.02,0.02,0.03,0.15,1.0,1.0,0.79,0.42,0.51,0.63,0.68,0.24,0.02,0.01,0.01,0.01,0.04,0.03,0.09],[0.04,0.04,0.02,0.04,0.16,0.02,0.02,0.02,0.01,0.28,0.79,1.0,0.61,0.39,0.19,0.05,0.02,0.01,0.01,0.01,0.01,0.01,0.1,0.24],[0.07,0.06,0.03,0.05,0.16,0.02,0.02,0.02,0.02,0.14,0.42,0.61,1.0,0.65,0.27,0.06,0.01,0.01,0.01,0.01,0.01,0.03,0.25,0.35],[0.08,0.13,0.05,0.07,0.12,0.02,0.02,0.01,0.02,0.11,0.51,0.39,0.65,1.0,0.83,0.21,0.03,0.01,0.01,0.01,0.05,0.32,0.58,0.5],[0.06,0.07,0.03,0.02,0.02,0.0,0.01,0.01,0.08,0.25,0.63,0.19,0.27,0.83,1.0,0.99,0.19,0.02,0.03,0.05,0.48,0.63,0.32,0.09],[0.03,0.04,0.03,0.02,0.02,0.0,0.01,0.04,0.19,0.39,0.68,0.05,0.06,0.21,0.99,1.0,0.99,0.21,0.19,0.37,0.82,0.3,0.08,0.03],[0.06,0.05,0.03,0.03,0.02,0.02,0.04,0.18,0.51,0.65,0.24,0.02,0.01,0.03,0.19,0.99,1.0,0.58,0.43,0.61,0.47,0.12,0.05,0.03],[0.13,0.08,0.02,0.01,0.01,0.02,0.04,0.1,0.18,0.06,0.02,0.01,0.01,0.01,0.02,0.21,0.58,1.0,0.46,0.32,0.13,0.01,0.01,0.02],[0.24,0.16,0.06,0.02,0.01,0.03,0.08,0.16,0.22,0.06,0.01,0.01,0.01,0.01,0.03,0.19,0.43,0.46,1.0,0.58,0.2,0.02,0.01,0.01],[0.4,0.44,0.21,0.05,0.02,0.03,0.09,0.19,0.18,0.04,0.01,0.01,0.01,0.01,0.05,0.37,0.61,0.32,0.58,1.0,0.86,0.19,0.01,0.01],[0.3,0.55,0.24,0.09,0.03,0.01,0.02,0.05,0.02,0.03,0.01,0.01,0.01,0.05,0.48,0.82,0.47,0.13,0.2,0.86,1.0,1.0,0.13,0.01],[0.08,0.36,0.79,0.24,0.08,0.01,0.02,0.02,0.02,0.02,0.04,0.01,0.03,0.32,0.63,0.3,0.12,0.01,0.02,0.19,1.0,1.0,1.0,0.3],[0.03,0.08,0.5,0.81,0.25,0.04,0.05,0.02,0.01,0.04,0.03,0.1,0.25,0.58,0.32,0.08,0.05,0.01,0.01,0.01,0.13,1.0,1.0,0.96],[0.02,0.03,0.11,0.63,0.67,0.14,0.14,0.07,0.01,0.02,0.09,0.24,0.35,0.5,0.09,0.03,0.03,0.02,0.01,0.01,0.01,0.3,0.96,1.0]],
  "pae": [[1.6,9.6,13.7,14.6,16.0,19.4,19.2,18.1,17.9,16.1,13.1,16.4,10.6,11.9,13.7,16.4,18.2,21.8,20.9,19.2,18.1,15.2,12.7,12.1],[6.3,1.4,6.2,6.6,9.5,15.2,15.5,13.5,11.3,9.6,9.2,12.7,9.0,9.0,9.5,11.0,12.2,18.0,17.2,13.6,10.6,8.9,8.1,9.0],[8.6,6.1,1.0,2.6,5.2,10.1,10.9,9.5,7.6,5.9,6.8,9.9,8.9,8.5,6.0,6.4,8.1,13.8,11.9,10.0,7.5,6.1,5.9,6.9],[10.3,5.5,2.6,0.9,3.3,8.9,9.1,8.3,6.7,5.3,6.3,9.7,8.0,7.7,5.4,5.6,6.9,12.8,10.8,7.7,6.3,4.9,5.4,7.0],[11.8,7.4,5.2,2.8,1.1,8.3,8.8,7.9,6.3,7.3,9.1,11.3,10.4,9.3,7.4,7.1,8.1,13.5,11.6,9.2,7.7,6.3,6.5,8.3],[19.9,17.5,13.4,12.7,9.8,1.5,9.2,9.5,11.6,15.6,16.7,18.2,17.3,16.9,16.6,15.3,16.4,19.2,17.3,13.5,13.4,13.4,13.4,15.2],[19.8,17.2,14.4,12.6,9.6,8.1,1.4,8.0,9.6,13.3,14.3,17.8,17.6,16.8,16.0,14.3,13.0,16.9,12.7,11.4,12.8,12.9,14.9,17.0],[14.7,12.6,10.4,10.0,8.5,7.3,5.7,1.2,6.1,6.1,8.6,12.9,12.9,12.1,10.2,10.5,9.4,13.4,10.7,9.5,10.0,10.5,10.5,12.0],[11.4,8.3,5.6,6.0,5.5,9.0,7.8,4.1,1.0,2.4,3.8,6.8,8.2,7.6,6.3,5.5,5.4,10.7,9.2,6.8,5.9,5.8,5.9,7.4],[10.3,7.9,5.3,4.8,5.3,10.0,8.9,4.3,2.4,0.9,1.8,5.6,6.4,6.8,5.2,4.4,4.9,9.7,8.3,6.2,5.0,4.8,5.2,6.5],[10.8,9.0,6.2,6.6,6.8,11.4,10.1,6.0,4.0,2.9,0.9,5.5,6.0,7.2,5.8,5.4,5.9,11.6,9.5,6.8,6.1,6.3,6.6,8.7],[13.4,13.3,10.9,11.7,12.4,16.6,16.0,12.2,9.2,8.0,6.5,1.3,7.0,9.8,9.3,9.9,9.6,15.1,16.4,11.8,14.0,13.7,13.3,14.1],[13.8,10.2,9.8,11.8,12.6,16.3,16.0,12.6,11.3,10.8,8.2,7.7,1.3,6.5,7.6,10.8,11.3,17.0,16.8,13.4,12.9,12.0,12.9,10.8],[12.3,9.2,9.7,10.9,11.9,15.0,15.1,13.6,11.7,9.9,7.5,7.4,5.9,1.2,6.6,8.7,12.1,15.2,15.6,13.1,10.6,10.0,8.9,8.0],[10.9,8.8,5.5,6.2,7.0,11.4,10.5,8.2,7.2,6.6,6.2,7.6,6.3,5.2,0.9,2.4,4.6,9.9,9.0,6.3,5.6,5.8,6.6,7.3],[10.6,8.3,5.3,5.0,5.7,10.5,9.3,7.4,5.1,5.2,5.7,8.0,7.1,5.3,2.4,0.9,2.8,8.1,7.9,5.4,5.0,5.0,5.5,6.8],[11.6,10.3,7.1,6.5,6.9,11.9,10.0,8.2,5.5,5.3,5.4,9.0,8.6,7.7,5.2,2.6,0.9,6.8,6.9,5.7,6.3,7.0,8.3,10.2],[19.9,18.1,16.4,16.7,16.3,18.6,14.7,13.5,12.7,13.1,14.4,14.2,17.5,17.4,14.6,12.1,8.6,1.4,7.4,9.3,13.0,15.7,16.4,18.2],[17.7,15.7,12.7,13.3,11.8,14.7,11.4,9.1,10.3,11.9,13.2,13.8,15.3,14.1,13.2,11.6,6.2,5.2,1.3,7.1,9.4,10.4,12.0,14.9],[14.4,12.2,8.9,8.6,8.3,12.4,10.1,8.7,8.2,7.8,9.1,11.0,10.8,9.9,7.8,6.8,6.4,8.4,5.8,1.2,6.1,6.4,8.7,9.9],[12.8,11.1,6.3,6.6,6.3,11.6,10.6,8.3,6.3,6.1,6.9,8.7,8.4,7.3,6.3,6.6,6.3,10.5,6.6,5.2,1.0,2.4,5.2,6.7],[10.8,9.0,6.5,4.8,5.7,10.1,9.6,7.4,5.5,5.3,6.0,9.4,7.9,6.4,5.7,5.4,6.0,11.1,9.3,5.4,2.8,0.9,2.5,4.9],[11.1,9.5,5.8,6.2,6.6,11.0,10.7,8.8,7.0,5.9,6.4,10.0,8.0,7.0,5.5,6.3,7.6,11.6,10.5,6.3,4.3,2.8,0.9,3.7],[13.7,10.3,7.6,8.1,8.4,15.0,14.6,12.7,9.4,8.9,9.3,14.0,9.8,7.6,8.6,9.3,11.4,15.5,14.2,10.7,8.1,5.8,4.2,1.4]],
  "token_chain_ids": ["A","A","A","A","A","A","A","A","A","A","A","A","A","A","A","A","A","A","A","A","A","A","A","A"],
  "token_res_ids": [1,2,3,4,5,6,7,8,9,10,11,12,13,14,15,16,17,18,19,20,21,22,23,24]
}