{
  "atom_chain_ids": ["A","A","A","A","A","A","A","A","A","A","A","A","A","A","A","A","A","A","A","A","A","A","A","A","A","A","A","A","A","A","A","A","A","A","A","A","A","A","A","A","A","A","A","A","A","A","A","A","A","A","A","A","A","A","A","A","A","A","A","A","A","A","A","A","A","A","A","A","A","A","A","A","A","A","A","A","A","A","A","A","A","A","A","A","A","A","A","A","A","A","A","A","A","A","A","A","A","A","A","A","A","A","A","A","A","A","A","A","A","A","A","A","A","A","A","A","A","A","A","A","A","A","A","A","A","A","A","A","A","A","A","A","A","A","A","A","A","A","A","A","A","A","A","A","A","A","A","A","A","A","A","A","A","A","A","A","A","A","A","A","A","A","A","A","A","A","A","A","A","A","A","A","A","A","A","A","A","A","A","A","A","A","A","A","A","A","A","A","A","A","A","A","A","A","A","A","A","A","A","A","A","A","A","A","A","A"],
  "atom_plddts": [66.05,72.5,65.0,65.35,72.14,78.73,83.21,84.53,85.69,83.89,85.3,85.04,86.43,85.51,83.98,85.03,84.65,82.79,82.63,83.41,84.07,84.87,86.69,80.8,77.0,74.93,81.55,81.51,83.42,84.65,84.37,82.72,83.31,85.25,85.86,86.12,84.81,85.64,85.64,84.35,84.18,84.62,81.2,78.79,77.2,81.12,80.56,82.14,83.17,82.25,80.04,80.87,82.97,83.91,84.25,83.83,84.78,84.67,83.41,83.57,83.88,77.93,74.4,73.19,76.8,77.19,78.82,78.55,79.1,76.32,77.83,78.78,78.5,76.73,76.3,78.06,76.89,74.59,75.31,76.22,76.36,75.31,77.27,75.24,71.27,71.8,76.71,76.85,79.06,79.44,79.59,78.13,78.63,81.11,79.28,78.37,76.94,77.71,76.63,75.34,75.64,76.89,78.7,75.14,73.71,77.64,79.71,80.8,80.63,81.03,77.98,80.06,80.92,80.16,78.28,75.79,77.28,77.27,75.41,76.24,75.12,75.53,78.08,78.48,75.2,73.55,77.19,77.34,79.4,80.66,80.73,78.99,80.65,81.43,81.39,81.14,81.72,83.81,83.2,81.12,82.02,81.99,81.57,82.62,83.11,74.65,72.67,72.51,75.11,73.89,74.58,74.79,75.49,72.69,73.41,76.06,74.33,74.03,74.1,75.14,75.0,74.5,75.06,73.52,75.78,80.79,76.87,75.14,80.9,82.1,83.24,84.03,83.98,82.17,84.22,85.41,85.52,85.29,85.12,86.59,86.26,84.78,85.64,85.67,85.3,86.08,86.32,79.97,77.94,76.29,78.92,78.83,79.63,79.94,79.19,76.15,77.6,80.12,80.34,80.03,79.53,80.36,79.54,78.28,78.33,79.97],
  "contact_probs": [[1.0,1.0,0.26,0.01,0.0,0.0,0.03,0.09,0.49,0.9],[1.0,1.0,1.0,0.78,0.0,0.06,0.65,0.09,0.99,0.94],[0.26,1.0,1.0,0.98,0.15,0.95,0.98,0.07,0.91,0.6],[0.01,0.78,0.98,1.0,0.82,0.95,0.76,0.02,0.1,0.11],[0.0,0.0,0.15,0.82,1.0,0.94,0.32,0.01,0.01,0.01],[0.0,0.06,0.95,0.95,0.94,1.0,0.99,0.05,0.36,0.02],[0.03,0.65,0.98,0.76,0.32,0.99,1.0,0.49,0.99,0.46],[0.09,0.09,0.07,0.02,0.01,0.05,0.49,1.0,0.42,0.07],[0.49,0.99,0.91,0.1,0.01,0.36,0.99,0.42,1.0,0.99],[0.9,0.94,0.6,0.11,0.01,0.02,0.46,0.07,0.99,1.0]],
  "pae": [[0.9,1.8,3.4,4.4,5.4,4.9,5.0,6.0,3.4,3.6],[1.7,0.9,1.7,3.0,4.1,3.7,4.2,5.9,2.2,3.4],[2.2,1.4,1.0,2.3,3.0,3.8,2.9,5.3,2.6,3.2],[3.8,2.7,2.4,0.9,2.2,2.9,3.5,5.5,4.6,5.1],[5.5,4.2,3.6,2.1,1.2,2.1,3.3,5.5,5.8,6.4],[4.8,4.2,3.4,2.5,2.0,1.0,1.9,3.7,3.6,4.7],[4.7,4.2,4.1,3.6,3.1,2.7,0.9,2.9,3.1,4.3],[5.9,5.3,5.1,5.5,5.0,3.8,2.9,1.1,3.1,4.1],[3.5,3.9,4.6,4.9,5.3,3.9,2.6,3.2,1.0,2.8],[3.3,3.6,4.2,5.3,6.4,4.3,3.4,4.4,2.0,1.1]],
  "token_chain_ids": ["A","A","A","A","A","A","A","A","A","A"],
  "token_res_ids": [1,2,3,4,5,6,7,8,9,10]
}