{
  "atom_chain_ids": ["A","A","A","A","A","A","A","A","A","A","A","A","A","A","A","A","A","A","A","A","A","A","A","A","A","A","A","A","A","A","A","A","A","A","A","A","A","A","A","A","A","A","A","A","A","A","A","A","A","A","A","A","A","A","A","A","A","A","A","A","A","A","A","A","A","A","A","A","A","A","A","A","A","A","A","A","A","A","A","A","A","A","A","A","A","A","A","A","A","A","A","A","A","A","A","A","A","A","A","A","A","A","A","A","A","A","A","A","A","A","A","A","A","A","A","A","A","A","A","A","A","A","A","A","A","A","A","A","A","A","A","A","A","A","A","A","A","A","A","A","A","A","A","A","A","A","A","A","A","A","A","A","A","A","A","A","A","A","A","A","A","A","A","A","A","A","A","A","A","A","A","A","A","A","A","A","A","A","A","A","A","A","A","A","A","A","A","A","A","A","A","A","A","A","A","A","A","A","A","A","A","A","A","A","A","A"],
  "atom_plddts": [65.35,71.89,64.36,64.73,71.52,78.22,82.78,84.1,85.3,83.45,84.88,84.59,85.98,85.02,83.47,84.53,84.13,82.25,82.03,82.84,83.53,84.32,86.23,80.44,76.54,74.53,81.28,81.3,83.19,84.45,84.15,82.49,83.17,84.98,85.66,85.93,84.7,85.52,85.57,84.32,84.16,84.55,80.87,78.43,76.94,80.79,80.22,81.76,82.79,81.86,79.68,80.49,82.51,83.54,83.91,83.55,84.49,84.44,83.22,83.36,83.63,78.73,75.13,73.98,77.73,78.26,79.93,79.74,80.19,77.52,79.01,79.9,79.76,78.09,77.52,79.19,78.16,75.91,76.61,77.43,77.55,76.65,78.61,75.92,71.78,72.38,77.52,77.85,80.17,80.63,80.76,79.27,79.75,82.09,80.44,79.48,77.96,78.74,77.65,76.33,76.68,77.9,79.4,75.95,74.61,78.26,80.2,81.24,81.08,81.41,78.46,80.49,81.19,80.66,78.85,76.22,77.6,77.71,75.92,76.68,75.5,75.85,78.29,79.13,75.88,74.26,77.83,78.02,80.08,81.25,81.34,79.55,81.14,81.81,81.93,81.69,82.22,84.22,83.67,81.66,82.54,82.49,82.07,83.04,83.57,74.73,72.75,72.62,75.23,74.04,74.78,74.95,75.66,72.8,73.49,76.03,74.41,74.08,74.09,75.08,74.97,74.47,75.0,73.47,75.71,80.77,76.98,75.29,80.8,81.94,83.01,83.75,83.69,81.85,83.9,85.03,85.21,84.99,84.88,86.35,86.04,84.58,85.43,85.43,85.05,85.81,86.04,79.17,77.15,75.53,78.17,78.27,79.12,79.48,78.7,75.65,77.08,79.54,79.71,79.38,78.93,79.73,78.87,77.65,77.67,79.33],
  "contact_probs": [[1.0,1.0,0.26,0.01,0.0,0.0,0.03,0.09,0.49,0.9],[1.0,1.0,1.0,0.78,0.0,0.06,0.65,0.09,0.99,0.94],[0.26,1.0,1.0,0.98,0.15,0.95,0.98,0.07,0.91,0.6],[0.01,0.78,0.98,1.0,0.82,0.95,0.76,0.02,0.1,0.11],[0.0,0.0,0.15,0.82,1.0,0.94,0.32,0.01,0.01,0.01],[0.0,0.06,0.95,0.95,0.94,1.0,0.99,0.05,0.36,0.02],[0.03,0.65,0.98,0.76,0.32,0.99,1.0,0.49,0.99,0.46],[0.09,0.09,0.07,0.02,0.01,0.05,0.49,1.0,0.42,0.07],[0.49,0.99,0.91,0.1,0.01,0.36,0.99,0.42,1.0,0.99],[0.9,0.94,0.6,0.11,0.01,0.02,0.46,0.07,0.99,1.0]],
  "pae": [[1.0,1.8,3.2,4.2,5.5,5.2,5.1,6.1,3.5,3.5],[1.7,0.9,1.7,3.1,4.1,3.9,4.2,5.9,2.2,3.3],[2.1,1.4,1.0,2.3,3.1,4.0,3.1,5.4,2.5,3.1],[3.8,2.7,2.6,0.9,2.2,2.9,3.8,5.6,4.4,4.9],[5.5,4.0,4.2,2.3,1.2,2.3,3.6,6.0,5.6,6.3],[4.8,4.2,3.5,2.5,2.1,1.0,2.2,4.2,3.8,4.9],[4.6,4.1,4.0,3.6,3.1,2.8,0.9,3.0,3.2,4.2],[5.9,5.4,5.1,5.2,5.1,3.9,3.2,1.2,3.3,4.2],[3.4,3.8,4.3,5.0,5.2,4.3,2.8,3.2,1.0,2.8],[3.2,3.6,4.0,5.0,6.1,4.5,3.4,4.5,2.1,1.1]],
  "token_chain_ids": ["A","A","A","A","A","A","A","A","A","A"],
  "token_res_ids": [1,2,3,4,5,6,7,8,9,10]
}