{
  "atom_chain_ids": ["A","A","A","A","A","A","A","A","A","A","A","A","A","A","A","A","A","A","A","A","A","A","A","A","A","A","A","A","A","A","A","A","A","A","A","A","A","A","A","A","A","A","A","A","A","A","A","A","A","A","A","A","A","A","A","A","A","A","A","A","A","A","A","A","A","A","A","A","A","A","A","A","A","A","A","A","A","A","A","A","A","A","A","A","A","A","A","A","A","A","A","A","A","A","A","A","A","A","A","A","A","A","A","A","A","A","A","A","A","A","A","A","A","A","A","A","A","A","A","A","A","A","A","A","A","A","A","A","A","A","A","A","A","A","A","A","A","A","A","A","A","A","A","A","A","A","A","A","A","A","A","A","A","A","A","A","A","A","A","A","A","A","A","A","A","A","A","A","A","A","A","A","A","A","A","A","A","A","A","A","A","A","A","A","A","A","A","A","A","A","A","A","A","A","A","A","A","A","A","A","A","A","A","A","A","A"],
  "atom_plddts": [65.98,72.5,65.03,65.47,72.11,78.62,83.05,84.33,85.52,83.7,85.1,84.79,86.24,85.35,83.81,84.84,84.49,82.66,82.45,83.21,83.88,84.64,86.49,80.53,76.61,74.6,81.36,81.34,83.26,84.46,84.19,82.54,83.2,84.97,85.72,85.98,84.72,85.52,85.59,84.34,84.17,84.56,81.05,78.71,77.18,80.9,80.26,81.83,82.83,81.92,79.7,80.53,82.6,83.6,83.96,83.59,84.54,84.46,83.22,83.36,83.65,78.94,75.32,74.14,77.95,78.49,80.2,80.03,80.44,77.81,79.28,80.13,80.03,78.37,77.74,79.36,78.37,76.13,76.8,77.62,77.72,76.82,78.81,75.72,71.6,72.19,77.34,77.67,79.94,80.41,80.48,79.0,79.49,81.92,80.18,79.2,77.74,78.51,77.38,76.06,76.41,77.67,79.41,75.9,74.49,78.28,80.24,81.33,81.12,81.43,78.44,80.39,81.22,80.65,78.79,76.22,77.62,77.72,75.89,76.67,75.52,75.9,78.32,79.44,76.25,74.64,78.09,78.27,80.35,81.43,81.5,79.68,81.28,81.93,82.14,81.9,82.38,84.34,83.82,81.81,82.68,82.63,82.19,83.14,83.7,74.28,72.27,72.15,74.76,73.59,74.28,74.47,75.13,72.3,72.96,75.57,73.9,73.61,73.71,74.71,74.64,74.16,74.66,73.13,75.32,79.92,76.03,74.35,80.13,81.33,82.33,83.15,83.04,81.25,83.35,84.57,84.59,84.38,84.33,85.85,85.52,84.05,84.91,84.91,84.54,85.33,85.53,79.64,77.64,76.01,78.66,78.73,79.53,79.88,79.08,76.05,77.51,80.0,80.17,79.85,79.34,80.13,79.31,78.06,78.08,79.71],
  "contact_probs": [[1.0,1.0,0.26,0.01,0.0,0.0,0.03,0.09,0.49,0.9],[1.0,1.0,1.0,0.78,0.0,0.06,0.65,0.09,0.99,0.94],[0.26,1.0,1.0,0.98,0.15,0.95,0.98,0.07,0.91,0.6],[0.01,0.78,0.98,1.0,0.82,0.95,0.76,0.02,0.1,0.11],[0.0,0.0,0.15,0.82,1.0,0.94,0.32,0.01,0.01,0.01],[0.0,0.06,0.95,0.95,0.94,1.0,0.99,0.05,0.36,0.02],[0.03,0.65,0.98,0.76,0.32,0.99,1.0,0.49,0.99,0.46],[0.09,0.09,0.07,0.02,0.01,0.05,0.49,1.0,0.42,0.07],[0.49,0.99,0.91,0.1,0.01,0.36,0.99,0.42,1.0,0.99],[0.9,0.94,0.6,0.11,0.01,0.02,0.46,0.07,0.99,1.0]],
  "pae": [[0.9,1.8,3.1,4.1,5.4,5.0,5.2,6.1,3.4,3.5],[1.6,0.9,1.7,3.0,4.2,3.9,4.2,6.1,2.2,3.4],[2.0,1.4,0.9,2.3,3.0,3.9,3.2,5.4,2.6,3.2],[3.8,2.7,2.5,0.9,2.2,2.9,3.6,5.6,4.3,4.9],[5.7,4.1,4.1,2.2,1.2,2.3,3.4,5.8,5.6,6.3],[4.9,4.2,3.5,2.5,2.1,1.0,2.1,4.0,3.7,4.6],[4.8,4.3,4.0,3.5,3.1,2.6,0.9,3.0,3.0,4.2],[5.7,5.6,5.0,5.0,4.9,3.8,3.0,1.2,3.2,4.3],[3.5,3.7,4.3,4.9,5.3,4.1,2.8,3.2,0.9,2.7],[3.1,3.7,3.9,5.0,6.1,4.2,3.5,4.3,2.1,1.1]],
  "token_chain_ids": ["A","A","A","A","A","A","A","A","A","A"],
  "token_res_ids": [1,2,3,4,5,6,7,8,9,10]
}