{
  "atom_chain_ids": ["A","A","A","A","A","A","A","A","A","A","A","A","A","A","A","A","A","A","A","A","A","A","A","A","A","A","A","A","A","A","A","A","A","A","A","A","A","A","A","A","A","A","A","A","A","A","A","A","A","A","A","A","A","A","A","A","A","A","A","A","A","A","A","A","A","A","A","A","A","A","A","A","A","A","A","A","A","A","A","A","A","A","A","A","A","A","A","A","A","A","A","A","A","A","A","A","A","A","A","A","A","A","A","A","A","A","A","A","A","A","A","A","A","A","A","A","A","A","A","A","A","A","A","A","A","A","A","A","A","A","A","A","A","A","A","A","A","A","A","A","A","A","A","A","A","A","A","A","A","A","A","A","A","A","A","A","A","A","A","A","A","A","A","A","A","A","A","A","A","A","A","A","A","A","A","A","A","A","A","A","A","A","A","A","A","A","A","A","A","A","A","A","A","A","A","A","A","A","A","A","A","A","A","A","A","A"],
  "atom_plddts": [65.48,71.92,64.63,64.84,71.42,77.76,82.19,83.49,84.8,82.9,84.42,84.14,85.5,84.52,82.94,84.07,83.65,81.72,81.51,82.34,83.02,83.85,85.78,79.5,75.82,73.76,80.36,80.26,81.74,83.19,82.7,81.12,81.73,83.83,84.16,84.45,83.35,84.22,84.18,82.9,82.72,83.17,78.57,76.35,74.68,78.51,78.04,79.03,80.57,79.36,77.29,78.02,80.44,80.8,81.23,81.25,82.34,82.11,80.88,81.02,81.35,78.76,75.23,74.12,77.84,78.46,79.95,79.81,80.07,77.52,79.06,79.99,79.82,78.28,77.74,79.33,78.41,76.25,76.91,77.68,77.73,76.91,78.8,77.0,73.0,73.36,78.42,78.62,80.81,81.14,81.14,79.62,80.16,82.6,81.01,80.11,78.63,79.39,78.35,77.0,77.38,78.6,79.06,75.69,74.31,78.03,79.89,80.8,80.65,80.9,78.03,80.01,80.86,80.33,78.62,76.12,77.5,77.68,75.92,76.6,75.46,75.8,78.17,79.0,75.71,74.18,77.85,78.08,80.01,81.14,81.12,79.39,81.01,81.73,81.83,81.62,82.09,84.02,83.5,81.52,82.35,82.31,81.9,82.85,83.39,75.32,73.27,73.14,75.81,74.6,75.36,75.46,76.07,73.26,73.93,76.38,74.96,74.63,74.58,75.51,75.52,75.04,75.56,74.0,76.12,79.22,75.47,73.8,79.48,80.73,81.63,82.49,82.35,80.52,82.74,84.01,83.93,83.77,83.73,85.29,84.95,83.48,84.32,84.32,83.95,84.77,84.95,80.09,77.91,76.43,79.47,79.75,80.66,81.02,80.29,77.47,78.98,81.11,81.61,81.36,80.51,81.14,80.61,79.45,79.42,80.79],
  "contact_probs": [[1.0,1.0,0.26,0.01,0.0,0.0,0.03,0.09,0.49,0.9],[1.0,1.0,1.0,0.78,0.0,0.06,0.65,0.09,0.99,0.94],[0.26,1.0,1.0,0.98,0.15,0.95,0.98,0.07,0.91,0.6],[0.01,0.78,0.98,1.0,0.82,0.95,0.76,0.02,0.1,0.11],[0.0,0.0,0.15,0.82,1.0,0.94,0.32,0.01,0.01,0.01],[0.0,0.06,0.95,0.95,0.94,1.0,0.99,0.05,0.36,0.02],[0.03,0.65,0.98,0.76,0.32,0.99,1.0,0.49,0.99,0.46],[0.09,0.09,0.07,0.02,0.01,0.05,0.49,1.0,0.42,0.07],[0.49,0.99,0.91,0.1,0.01,0.36,0.99,0.42,1.0,0.99],[0.9,0.94,0.6,0.11,0.01,0.02,0.46,0.07,0.99,1.0]],
  "pae": [[1.0,1.9,3.9,4.9,6.0,5.3,5.9,6.7,3.9,3.8],[1.9,0.9,1.9,3.3,4.2,4.2,4.8,6.4,2.5,3.6],[2.5,1.5,1.0,2.5,3.1,4.2,3.7,6.0,2.9,3.5],[4.0,2.7,2.7,1.0,2.3,3.1,3.9,5.7,4.5,5.3],[6.1,4.3,4.2,2.6,1.3,2.5,4.0,5.9,5.7,6.2],[4.9,4.4,3.7,2.6,2.3,1.0,2.2,4.3,3.7,4.8],[5.3,4.5,4.3,3.8,3.3,2.9,0.9,3.1,3.2,4.7],[6.7,6.0,5.2,5.3,5.2,3.9,3.3,1.2,3.0,4.4],[3.5,3.8,4.7,5.4,5.7,4.3,3.2,3.2,1.0,2.8],[3.6,4.0,4.4,5.6,6.6,4.6,4.0,4.8,2.1,1.1]],
  "token_chain_ids": ["A","A","A","A","A","A","A","A","A","A"],
  "token_res_ids": [1,2,3,4,5,6,7,8,9,10]
}