{
  "atom_chain_ids": ["A","A","A","A","A","A","A","A","A","A","A","A","A","A","A","A","A","A","A","A","A","A","A","A","A","A","A","A","A","A","A","A","A","A","A","A","A","A","A","A","A","A","A","A","A","A","A","A","A","A","A","A","A","A","A","A","A","A","A","A","A","A","A","A","A","A","A","A","A","A","A","A","A","A","A","A","A","A","A","A","A","A","A","A","A","A","A","A","A","A","A","A","A","A","A","A","A","A","A","A","A","A","A","A","A","A","A","A","A","A","A","A","A","A","A","A","A","A","A","A","A","A","A","A","A","A","A","A","A","A","A","A","A","A","A","A","A","A","A","A","A","A","A","A","A","A","A","A","A","A","A","A","A","A","A","A","A","A","A","A","A","A","A","A","A","A","A","A","A","A","A","A","A","A","A","A","A","A","A","A","A","A","A","A","A","A","A","A","A","A","A","A","A","A","A","A","A","A","A","A","A","A","A","A","A","A"],
  "atom_plddts": [66.5,73.09,65.71,65.89,72.59,79.18,83.55,84.8,85.95,84.17,85.52,85.26,86.6,85.67,84.07,85.11,84.69,82.83,82.7,83.51,84.16,84.93,86.76,80.23,76.38,74.4,81.06,81.12,82.93,84.25,83.91,82.27,82.97,84.84,85.43,85.73,84.46,85.31,85.32,84.06,83.92,84.35,81.25,78.49,76.99,81.23,80.71,82.34,83.41,82.62,80.45,81.39,83.29,84.32,84.69,84.24,85.17,85.18,83.97,84.1,84.36,79.54,76.08,74.92,78.58,79.06,80.69,80.51,80.89,78.36,79.79,80.52,80.65,79.18,78.37,79.91,79.15,76.98,77.59,78.26,78.3,77.53,79.53,78.19,74.04,74.44,79.55,79.6,81.92,82.25,82.24,80.76,81.31,83.4,82.3,81.48,79.89,80.63,79.8,78.44,78.82,79.88,82.35,78.8,77.65,81.41,82.98,84.34,84.19,84.46,82.05,83.74,84.41,84.56,83.05,80.28,81.5,81.73,80.0,80.67,79.64,80.02,82.28,79.6,76.19,74.74,78.51,78.76,80.71,81.81,81.83,80.14,81.83,82.47,82.76,82.63,82.95,84.78,84.45,82.58,83.39,83.27,82.8,83.79,84.31,75.51,73.37,73.27,76.13,74.94,75.83,76.04,76.72,73.95,74.64,77.19,75.72,75.41,75.29,76.29,76.26,75.72,76.26,74.7,76.94,80.31,76.37,74.76,80.52,81.8,82.95,83.73,83.68,81.87,83.97,85.14,85.21,85.0,84.8,86.25,85.93,84.45,85.3,85.34,84.99,85.8,86.02,80.74,78.24,76.69,80.05,80.38,81.75,82.16,81.47,78.46,80.03,82.25,82.7,82.37,81.5,82.28,81.57,80.23,80.33,81.89],
  "contact_probs": [[1.0,1.0,0.26,0.01,0.0,0.0,0.03,0.09,0.49,0.9],[1.0,1.0,1.0,0.78,0.0,0.06,0.65,0.09,0.99,0.94],[0.26,1.0,1.0,0.98,0.15,0.95,0.98,0.07,0.91,0.6],[0.01,0.78,0.98,1.0,0.82,0.95,0.76,0.02,0.1,0.11],[0.0,0.0,0.15,0.82,1.0,0.94,0.32,0.01,0.01,0.01],[0.0,0.06,0.95,0.95,0.94,1.0,0.99,0.05,0.36,0.02],[0.03,0.65,0.98,0.76,0.32,0.99,1.0,0.49,0.99,0.46],[0.09,0.09,0.07,0.02,0.01,0.05,0.49,1.0,0.42,0.07],[0.49,0.99,0.91,0.1,0.01,0.36,0.99,0.42,1.0,0.99],[0.9,0.94,0.6,0.11,0.01,0.02,0.46,0.07,0.99,1.0]],
  "pae": [[1.0,1.9,3.4,4.2,5.5,5.0,5.0,6.1,4.0,4.3],[1.6,0.9,1.8,3.0,4.3,4.0,4.5,6.0,2.6,3.9],[2.2,1.5,1.0,2.2,3.3,4.0,3.4,5.4,2.9,3.6],[3.8,2.6,2.4,0.9,2.1,2.7,3.7,5.7,4.4,5.0],[5.5,4.1,3.7,2.2,1.3,2.4,3.4,5.4,5.1,6.0],[4.3,3.8,3.4,2.5,2.1,1.0,2.0,4.5,3.4,4.9],[4.1,3.7,3.8,3.5,3.3,2.6,0.9,2.7,2.7,3.9],[5.8,5.6,6.0,6.0,4.8,3.6,2.8,1.2,2.9,4.3],[3.4,3.7,4.4,4.5,4.5,3.7,2.4,2.9,1.0,2.7],[3.5,4.0,3.9,4.6,5.5,3.5,3.0,3.9,2.0,1.2]],
  "token_chain_ids": ["A","A","A","A","A","A","A","A","A","A"],
  "token_res_ids": [1,2,3,4,5,6,7,8,9,10]
}