{
  "atom_chain_ids": ["A","A","A","A","A","A","A","A","A","A","A","A","A","A","A","A","A","A","A","A","A","A","A","A","A","A","A","A","A","A","A","A","A","A","A","A","A","A","A","A","A","A","A","A","A","A","A","A","A","A","A","A","A","A","A","A","A","A","A","A","A","A","A","A","A","A","A","A","A","A","A","A","A","A","A","A","A","A","A","A","A","A","A","A","A","A","A","A","A","A","A","A","A","A","A","A","A","A","A","A","A","A","A","A","A","A","A","A","A","A","A","A","A","A","A","A","A","A","A","A","A","A","A","A","A","A","A","A","A","A","A","A","A","A","A","A","A","A","A","A","A","A","A","A","A","A","A","A","A","A","A","A","A","A","A","A","A","A","A","A","A","A","A","A","A","A","A","A","A","A","A","A","A","A","A","A","A","A","A","A","A","A","A","A","A","A","A","A","A","A","A","A","A","A","A","A","A","A","A","A","A","A","A","A","A","A","A","A","A","A","A","A","A","A","A","A","A","A","A","A","A","A","A","A","A","A","A","A","A","A","A","A","A","A","A","A","A","A","A","A","A","A","A","A","A","A","A","A","A","A","A","A","A","A","A","A","A","A","A","A","A","A","A","A","A","A","A","A","A","A","A","A","A","A","A","A","A","A","A","A","A","A","A","A","A","A","A","A","A","A","A","A","A","A","A","A","A","A","A","A","A","A","A","A","A","A","A","A","A","A","A","A","A","A","A","A","A","A","A","A","A","A","A","A","A","A","A","A","A","A","A","A","A","A","A","A","A","A","A","A","A","A","A","A","A","A","A","A","A","A","A","A","A","A","A","A","A","A","A","A","A","A","A","A","A","A","A","A","A","A","A","A","A","A","A","A","A","A","A","A","A","A","A","A","A","A","A","A","A","A","A","A","A","A","A","A","A","A","A","A","A","A","A","A","A","A","A","A","A","A","A","A","A","A","A","A","A","A","A","A","A","A","A","A","A","A","A","A","A","A","A","A","A","A","A","A","A","A","A","A","A","A","A","A","A","A","A","A","A","A","A","A","A","A","A","A","A","A","A","A","A","A","A","A","A","A"],
  "atom_plddts": [59.73,60.75,55.63,56.07,60.42,62.88,64.47,66.48,66.35,64.59,65.31,65.44,65.71,65.85,65.38,65.82,66.39,65.82,64.71,64.67,65.09,65.36,67.42,61.15,58.1,58.24,61.08,61.99,63.16,65.16,64.53,63.11,64.11,64.45,64.19,64.61,64.32,64.96,65.64,65.25,64.47,64.17,64.36,63.94,65.41,56.93,55.51,56.53,57.3,55.91,56.43,57.91,56.5,56.16,54.8,55.17,55.21,54.82,54.29,53.71,53.88,54.0,52.62,53.46,54.45,50.88,50.29,54.77,55.29,56.39,57.18,57.75,57.04,56.26,55.34,56.03,54.34,51.75,51.94,51.04,49.29,47.8,49.15,51.52,49.38,53.2,57.38,53.74,53.56,57.18,56.78,58.67,59.29,59.97,58.7,58.28,57.16,58.29,57.12,54.94,54.86,54.86,53.3,51.72,52.35,53.76,54.3,63.0,59.48,60.09,63.61,65.27,66.77,68.89,68.3,66.7,68.22,69.01,68.42,69.07,68.34,68.86,69.43,68.96,68.27,68.36,68.67,68.79,69.75,67.02,64.91,64.79,66.87,67.7,68.76,70.36,69.72,68.2,69.15,69.1,69.77,70.33,69.73,70.12,70.78,70.28,69.59,69.62,69.85,69.58,70.8,58.96,57.74,57.53,58.25,56.77,58.13,57.71,59.12,57.71,56.13,54.28,55.88,53.84,51.77,51.68,51.16,49.72,48.3,48.84,50.31,50.7,56.63,52.42,52.96,57.64,57.95,59.71,61.39,61.86,60.96,60.27,59.98,60.73,59.77,57.97,58.46,58.01,56.78,55.44,56.08,57.63,56.67,59.32,62.56,59.19,60.08,63.04,64.49,66.21,68.48,67.41,66.17,67.01,67.78,67.5,68.23,67.68,68.33,68.98,68.68,68.1,67.89,68.12,68.14,68.97,64.21,62.11,62.36,64.41,65.64,66.92,68.75,67.64,66.62,67.01,67.64,67.62,68.32,67.69,68.25,68.89,68.66,68.15,67.85,67.96,67.88,68.78,61.71,60.53,60.67,61.37,61.01,61.99,62.94,62.0,60.98,60.37,60.91,61.36,61.35,61.7,62.3,62.72,62.38,61.78,61.37,61.65,60.76,62.09,55.85,53.76,53.99,56.36,54.95,56.83,57.11,57.1,56.51,54.06,54.41,54.83,53.42,51.9,51.2,50.61,50.08,48.78,50.26,49.37,44.63,43.57,50.09,50.89,52.4,52.65,54.18,52.91,51.87,51.12,52.2,50.57,48.59,48.93,48.15,46.57,45.3,46.26,48.29,46.89,49.86,53.01,48.78,48.53,53.75,53.91,55.38,55.66,57.23,56.06,54.71,55.24,55.45,54.34,51.69,51.12,50.9,50.21,48.83,49.98,52.15,56.13,51.75,52.29,56.39,57.93,59.92,61.76,61.44,59.57,60.11,61.08,60.44,61.04,61.09,61.76,62.22,61.78,61.11,60.96,61.32,61.12,62.44,57.78,55.4,55.53,57.35,58.28,59.65,61.3,60.63,59.09,59.15,60.07,60.03,60.7,61.01,61.87,62.31,62.05,61.65,61.14,61.24,60.98,61.86,57.13,54.45,55.03,57.64,57.05,58.22,60.0,58.49,57.9,56.43,57.51,57.71,57.08,56.25,56.12,55.9,55.74,54.73,55.54,60.28,55.82,56.91,61.33,60.16,61.99,65.54,63.98,63.26,62.75,63.73,64.27,64.65,64.12,64.4,65.03,64.83,63.95,64.05,61.87,58.09,58.43,61.88,61.7,62.66,64.16,64.09,62.6,62.51,61.86,63.17,63.02,61.9,62.16,63.08,62.28,61.11,61.05,61.63,60.94,63.26,61.62,58.51,58.87,61.35,62.16,63.58,64.99,64.69,63.23,63.78,64.02,64.58,65.03,64.63,65.29,65.91,65.47,64.82,64.63,64.9,64.64,66.01,56.6,54.76,55.75,57.19,57.6,58.02,58.9,58.47,57.52,55.95,57.33,56.97,55.94,54.82,54.68,54.36,54.04,52.95,53.84],
  "contact_probs": [[1.0,1.0,0.43,0.04,0.06,0.16,0.33,0.03,0.01,0.01,0.02,0.01,0.01,0.04,0.1,0.49,0.58,0.08,0.11,0.46,0.83,0.38],[1.0,1.0,0.87,0.24,0.51,0.58,0.43,0.01,0.0,0.0,0.01,0.01,0.03,0.16,0.27,0.37,0.13,0.12,0.04,0.03,0.29,0.12],[0.43,0.87,1.0,0.67,0.51,0.3,0.08,0.01,0.0,0.0,0.0,0.03,0.13,0.29,0.39,0.26,0.1,0.08,0.03,0.02,0.03,0.05],[0.04,0.24,0.67,1.0,0.84,0.13,0.03,0.0,0.0,0.01,0.02,0.08,0.26,0.39,0.48,0.09,0.02,0.02,0.01,0.01,0.01,0.01],[0.06,0.51,0.51,0.84,1.0,0.84,0.19,0.01,0.01,0.02,0.12,0.22,0.28,0.35,0.46,0.07,0.02,0.02,0.01,0.01,0.01,0.01],[0.16,0.58,0.3,0.13,0.84,1.0,0.99,0.06,0.05,0.54,0.55,0.16,0.07,0.07,0.1,0.02,0.01,0.01,0.02,0.03,0.03,0.01],[0.33,0.43,0.08,0.03,0.19,0.99,1.0,0.55,0.41,0.83,0.37,0.04,0.02,0.02,0.01,0.01,0.02,0.01,0.09,0.46,0.45,0.05],[0.03,0.01,0.01,0.0,0.01,0.06,0.55,1.0,0.78,0.23,0.01,0.01,0.0,0.0,0.01,0.0,0.0,0.01,0.12,0.54,0.38,0.11],[0.01,0.0,0.0,0.0,0.01,0.05,0.41,0.78,1.0,0.96,0.18,0.01,0.01,0.01,0.01,0.01,0.01,0.02,0.4,0.61,0.15,0.04],[0.01,0.0,0.0,0.01,0.02,0.54,0.83,0.23,0.96,1.0,1.0,0.14,0.03,0.05,0.02,0.02,0.06,0.11,0.69,0.3,0.05,0.01],[0.02,0.01,0.0,0.02,0.12,0.55,0.37,0.01,0.18,1.0,1.0,0.99,0.22,0.18,0.09,0.23,0.32,0.34,0.71,0.1,0.01,0.0],[0.01,0.01,0.03,0.08,0.22,0.16,0.04,0.01,0.01,0.14,0.99,1.0,0.56,0.55,0.4,0.61,0.51,0.31,0.25,0.02,0.0,0.0],[0.01,0.03,0.13,0.26,0.28,0.07,0.02,0.0,0.01,0.03,0.22,0.56,1.0,0.68,0.29,0.18,0.09,0.09,0.04,0.01,0.0,0.01],[0.04,0.16,0.29,0.39,0.35,0.07,0.02,0.0,0.01,0.05,0.18,0.55,0.68,1.0,0.77,0.43,0.13,0.05,0.03,0.02,0.01,0.01],[0.1,0.27,0.39,0.48,0.46,0.1,0.01,0.01,0.01,0.02,0.09,0.4,0.29,0.77,1.0,0.68,0.1,0.03,0.02,0.01,0.01,0.01],[0.49,0.37,0.26,0.09,0.07,0.02,0.01,0.0,0.01,0.02,0.23,0.61,0.18,0.43,0.68,1.0,0.98,0.24,0.2,0.07,0.07,0.03],[0.58,0.13,0.1,0.02,0.02,0.01,0.02,0.0,0.01,0.06,0.32,0.51,0.09,0.13,0.1,0.98,1.0,0.69,0.86,0.6,0.29,0.05],[0.08,0.12,0.08,0.02,0.02,0.01,0.01,0.01,0.02,0.11,0.34,0.31,0.09,0.05,0.03,0.24,0.69,1.0,0.62,0.17,0.03,0.02],[0.11,0.04,0.03,0.01,0.01,0.02,0.09,0.12,0.4,0.69,0.71,0.25,0.04,0.03,0.02,0.2,0.86,0.62,1.0,0.94,0.27,0.02],[0.46,0.03,0.02,0.01,0.01,0.03,0.46,0.54,0.61,0.3,0.1,0.02,0.01,0.02,0.01,0.07,0.6,0.17,0.94,1.0,0.96,0.15],[0.83,0.29,0.03,0.01,0.01,0.03,0.45,0.38,0.15,0.05,0.01,0.0,0.0,0.01,0.01,0.07,0.29,0.03,0.27,0.96,1.0,0.63],[0.38,0.12,0.05,0.01,0.01,0.01,0.05,0.11,0.04,0.01,0.0,0.0,0.01,0.01,0.01,0.03,0.05,0.02,0.02,0.15,0.63,1.0]],
  "pae": [[1.0,3.2,5.5,5.4,7.2,6.5,5.7,11.0,12.1,7.7,7.4,8.8,8.9,9.1,8.3,6.7,6.0,8.5,6.6,6.1,5.5,8.2],[2.6,1.0,5.2,4.4,6.5,5.3,5.8,9.7,10.9,6.1,5.8,6.7,8.3,8.2,8.0,5.9,5.3,8.0,6.7,6.1,5.6,8.2],[6.4,6.3,1.5,6.9,7.2,8.2,10.1,12.6,13.6,12.3,12.3,11.6,12.1,12.3,11.8,10.1,10.7,13.0,11.5,9.9,9.2,9.9],[7.6,4.9,5.7,1.2,5.1,5.8,7.5,11.9,11.8,10.2,8.6,9.0,8.5,8.6,7.9,7.7,8.7,10.3,10.2,9.0,8.9,11.1],[8.4,6.0,7.0,3.9,1.2,4.3,5.9,10.3,10.8,9.1,7.6,8.0,8.0,7.4,8.5,7.3,8.3,10.3,9.7,9.3,9.2,11.0],[4.6,4.8,6.6,4.3,3.3,0.9,2.0,6.7,8.0,5.1,4.2,5.3,7.4,6.8,7.9,5.0,5.2,7.3,6.2,5.5,4.9,8.0],[4.7,5.2,6.7,6.0,3.6,2.5,0.9,5.1,7.1,4.6,4.2,5.8,7.9,7.3,7.8,6.0,5.9,7.4,5.9,5.9,5.5,8.2],[13.4,11.6,11.8,13.3,12.3,8.8,9.3,1.4,6.9,9.0,13.1,14.7,13.8,15.8,15.6,15.0,12.2,14.3,13.3,10.7,10.9,12.3],[12.2,12.4,12.3,13.5,10.4,8.2,7.6,6.5,1.2,8.9,9.8,13.2,13.0,14.4,15.5,13.8,12.8,13.3,11.3,10.0,11.9,13.2],[6.7,6.9,8.1,7.7,7.1,5.7,5.4,5.5,6.4,0.9,2.9,4.3,6.6,7.7,8.9,5.9,5.8,6.4,5.8,5.5,6.2,8.3],[6.1,6.0,7.5,6.9,6.1,6.0,5.2,7.7,6.9,3.2,0.9,3.2,5.4,6.1,7.7,5.2,4.4,6.3,5.0,5.2,6.2,8.0],[7.2,7.1,9.2,8.2,6.7,7.3,7.5,9.6,9.9,5.0,4.4,1.0,4.5,5.0,7.8,6.1,5.9,7.8,6.5,6.8,8.3,10.4],[11.2,10.2,11.4,10.2,9.1,9.6,10.6,12.9,13.1,9.7,7.6,6.4,1.4,4.5,5.8,7.3,9.9,11.1,10.2,11.3,10.7,13.6],[11.5,10.3,12.1,9.2,8.7,9.5,10.4,14.3,13.0,11.4,10.2,5.9,4.1,1.2,5.3,5.8,9.3,10.7,11.2,12.4,11.2,13.9],[10.2,9.5,10.7,9.5,7.9,8.9,9.6,13.3,12.4,10.4,8.8,6.3,5.1,3.5,1.3,4.8,6.6,8.9,10.1,10.3,10.6,12.3],[6.6,6.6,9.2,7.7,6.9,7.1,7.5,10.8,10.7,7.1,5.3,4.5,6.0,5.3,4.1,1.0,2.6,5.2,6.0,6.9,7.5,10.0],[6.7,6.9,8.9,8.1,6.8,7.3,6.3,11.2,11.0,6.5,5.1,4.7,6.7,6.3,5.0,2.6,1.0,4.0,5.0,5.6,6.7,9.6],[8.3,8.8,9.9,9.5,9.3,8.9,8.6,10.7,10.7,7.5,7.0,5.9,8.5,8.7,8.9,4.9,4.2,1.2,5.2,5.2,6.6,9.3],[6.8,8.4,8.9,9.4,8.5,7.7,7.6,9.5,9.8,6.5,5.8,6.9,9.0,9.6,9.5,7.0,4.8,5.1,1.2,3.2,4.8,8.0],[5.3,6.6,8.2,9.0,8.5,7.3,6.7,9.2,9.6,5.7,6.0,7.2,9.1,9.6,9.7,6.9,5.2,5.9,3.4,1.0,2.7,6.4],[5.1,6.2,7.8,9.1,8.6,7.0,6.1,8.5,9.4,6.4,6.5,7.5,9.4,9.6,9.7,7.2,6.0,6.7,3.8,3.0,1.0,5.3],[8.3,10.1,9.6,12.5,12.5,11.0,9.7,10.1,12.3,10.1,10.8,12.1,13.3,14.0,14.2,12.4,10.2,11.3,8.5,6.6,6.8,2.3]],
  "token_chain_ids": ["A","A","A","A","A","A","A","A","A","A","A","A","A","A","A","A","A","A","A","A","A","A"],
  "token_res_ids": [1,2,3,4,5,6,7,8,9,10,11,12,13,14,15,16,17,18,19,20,21,22]
}