{
  "atom_chain_ids": ["A","A","A","A","A","A","A","A","A","A","A","A","A","A","A","A","A","A","A","A","A","A","A","A","A","A","A","A","A","A","A","A","A","A","A","A","A","A","A","A","A","A","A","A","A","A","A","A","A","A","A","A","A","A","A","A","A","A","A","A","A","A","A","A","A","A","A","A","A","A","A","A","A","A","A","A","A","A","A","A","A","A","A","A","A","A","A","A","A","A","A","A","A","A","A","A","A","A","A","A","A","A","A","A","A","A","A","A","A","A","A","A","A","A","A","A","A","A","A","A","A","A","A","A","A","A","A","A","A","A","A","A","A","A","A","A","A","A","A","A","A","A","A","A","A","A","A","A","A","A","A","A","A","A","A","A","A","A","A","A","A","A","A","A","A","A","A","A","A","A","A","A","A","A","A","A","A","A","A","A","A","A","A","A","A","A","A","A","A","A","A","A","A","A","A","A","A","A","A","A","A","A","A","A","A","A","A","A","A","A","A","A","A","A","A","A","A","A","A","A","A","A","A","A","A","A","A","A","A","A","A","A","A","A","A","A","A","A","A","A","A","A","A","A","A","A","A","A","A","A","A","A","A","A","A","A","A","A","A","A","A","A","A","A","A","A","A","A","A","A","A","A","A","A","A","A","A","A","A","A","A","A","A","A","A","A","A","A","A","A","A","A","A","A","A","A","A","A","A","A","A","A","A","A","A","A","A","A","A","A","A","A","A","A","A","A","A","A","A","A","A","A","A","A","A","A","A","A","A","A","A","A","A","A","A","A","A","A","A","A","A","A","A","A","A","A","A","A","A","A","A","A","A","A","A","A","A","A","A","A","A","A","A","A","A","A","A","A","A","A","A","A","A","A","A","A","A","A","A","A","A","A","A","A","A","A","A","A","A","A","A","A","A","A","A","A","A","A","A","A","A","A","A","A","A","A","A","A","A","A","A","A","A","A","A","A","A","A","A","A","A","A","A","A","A","A","A","A","A","A","A","A","A","A","A","A","A","A","A","A","A","A","A","A","A","A","A","A","A","A","A","A","A","A","A","A","A","A","A","A","A","A","A","A","A","A"],
  "atom_plddts": [62.95,63.58,58.33,58.46,63.12,66.15,67.66,69.44,69.55,67.72,68.95,69.01,69.18,69.38,68.77,69.37,69.88,69.27,68.29,68.34,68.7,69.15,70.99,64.53,61.46,61.21,64.4,64.97,66.13,67.79,67.35,65.8,67.06,67.15,67.04,67.38,67.03,67.64,68.29,67.87,67.14,66.91,67.12,66.74,68.15,54.36,52.48,53.27,54.56,53.66,54.32,55.52,55.07,54.73,53.24,53.31,53.02,52.2,50.89,50.06,49.93,49.93,48.56,49.83,53.26,49.39,48.65,53.61,54.42,55.73,56.36,57.54,56.65,55.8,54.76,55.38,53.28,50.19,50.26,49.22,47.17,45.73,47.23,49.72,47.69,51.93,55.45,51.54,51.29,55.31,54.97,57.03,57.67,58.82,57.6,57.06,56.08,57.12,55.77,53.29,53.29,53.05,51.32,49.78,50.48,52.04,52.98,64.43,61.03,61.51,65.08,66.53,68.03,70.02,69.67,68.0,69.54,70.45,69.71,70.33,69.5,70.14,70.65,70.14,69.51,69.57,69.87,70.04,70.98,70.98,68.65,68.3,70.77,71.6,72.96,73.86,73.8,72.17,73.23,73.09,73.92,74.34,73.39,73.8,74.4,73.74,73.15,73.28,73.5,73.29,74.6,69.48,67.48,66.75,68.65,67.32,69.1,69.14,69.0,67.36,66.49,64.27,66.57,65.01,62.81,62.55,63.16,61.44,59.67,60.17,61.41,61.59,65.62,61.38,62.2,66.43,66.83,68.89,70.29,70.45,69.19,69.05,68.61,69.49,69.14,67.7,68.11,68.56,67.46,66.39,66.78,67.68,67.2,69.23,66.12,62.79,63.56,66.61,67.62,69.53,71.23,70.7,69.28,70.25,70.77,70.94,71.67,70.89,71.61,72.26,71.86,71.37,71.2,71.36,71.38,72.27,67.87,65.41,65.49,68.07,68.68,70.28,71.72,71.19,70.0,70.6,71.1,71.29,71.98,71.23,71.93,72.57,72.24,71.84,71.55,71.58,71.62,72.5,65.27,63.19,63.37,65.12,64.75,65.96,66.8,66.17,64.94,64.72,65.41,65.85,66.0,66.34,67.15,67.65,67.28,66.78,66.36,66.55,65.92,67.12,55.49,53.81,53.63,55.43,53.99,55.81,55.75,56.43,55.82,53.23,53.51,53.59,51.65,49.73,48.91,48.01,47.59,46.38,48.07,50.65,45.44,44.37,51.69,52.61,54.43,54.67,56.38,54.8,53.64,53.02,53.96,52.35,50.4,50.83,50.04,48.37,47.13,48.16,50.2,48.71,51.66,56.35,52.09,51.97,57.02,57.18,58.53,58.89,60.05,58.85,57.43,57.88,58.26,57.07,54.39,53.71,53.68,52.98,51.55,52.64,54.76,63.17,58.64,58.89,63.77,65.36,67.34,69.11,68.97,67.0,68.06,68.77,68.68,69.29,68.59,69.27,70.02,69.48,68.77,68.71,69.0,69.1,70.63,67.77,65.76,65.38,67.75,68.71,70.08,71.12,70.55,68.91,70.01,70.48,70.74,71.44,70.93,71.59,72.17,71.83,71.47,71.24,71.3,71.26,72.23,62.88,60.25,60.47,63.61,62.24,63.64,64.9,63.34,62.5,60.85,61.74,62.44,61.51,60.64,60.27,60.3,60.0,58.94,59.79,63.96,59.35,60.28,65.21,64.13,66.38,69.4,68.2,67.25,66.79,67.91,68.61,68.92,68.34,68.82,69.4,68.98,68.3,68.32,66.52,62.56,62.42,66.48,66.19,67.32,68.25,68.67,66.86,66.94,66.21,67.77,67.57,66.21,66.6,67.6,66.68,65.59,65.56,66.14,65.45,67.93,65.64,62.63,62.59,65.3,65.86,67.37,68.48,68.43,66.77,67.65,67.62,68.45,68.82,68.33,69.0,69.64,69.14,68.55,68.46,68.7,68.42,69.83,58.79,57.27,58.25,59.34,59.43,59.6,60.23,60.02,58.92,56.96,58.1,57.95,56.6,55.21,54.81,54.57,54.12,53.0,54.03],
  "contact_probs": [[1.0,1.0,0.43,0.04,0.06,0.16,0.33,0.03,0.01,0.01,0.02,0.01,0.01,0.04,0.1,0.49,0.58,0.08,0.11,0.46,0.83,0.38],[1.0,1.0,0.87,0.24,0.51,0.58,0.43,0.01,0.0,0.0,0.01,0.01,0.03,0.16,0.27,0.37,0.13,0.12,0.04,0.03,0.29,0.12],[0.43,0.87,1.0,0.67,0.51,0.3,0.08,0.01,0.0,0.0,0.0,0.03,0.13,0.29,0.39,0.26,0.1,0.08,0.03,0.02,0.03,0.05],[0.04,0.24,0.67,1.0,0.84,0.13,0.03,0.0,0.0,0.01,0.02,0.08,0.26,0.39,0.48,0.09,0.02,0.02,0.01,0.01,0.01,0.01],[0.06,0.51,0.51,0.84,1.0,0.84,0.19,0.01,0.01,0.02,0.12,0.22,0.28,0.35,0.46,0.07,0.02,0.02,0.01,0.01,0.01,0.01],[0.16,0.58,0.3,0.13,0.84,1.0,0.99,0.06,0.05,0.54,0.55,0.16,0.07,0.07,0.1,0.02,0.01,0.01,0.02,0.03,0.03,0.01],[0.33,0.43,0.08,0.03,0.19,0.99,1.0,0.55,0.41,0.83,0.37,0.04,0.02,0.02,0.01,0.01,0.02,0.01,0.09,0.46,0.45,0.05],[0.03,0.01,0.01,0.0,0.01,0.06,0.55,1.0,0.78,0.23,0.01,0.01,0.0,0.0,0.01,0.0,0.0,0.01,0.12,0.54,0.38,0.11],[0.01,0.0,0.0,0.0,0.01,0.05,0.41,0.78,1.0,0.96,0.18,0.01,0.01,0.01,0.01,0.01,0.01,0.02,0.4,0.61,0.15,0.04],[0.01,0.0,0.0,0.01,0.02,0.54,0.83,0.23,0.96,1.0,1.0,0.14,0.03,0.05,0.02,0.02,0.06,0.11,0.69,0.3,0.05,0.01],[0.02,0.01,0.0,0.02,0.12,0.55,0.37,0.01,0.18,1.0,1.0,0.99,0.22,0.18,0.09,0.23,0.32,0.34,0.71,0.1,0.01,0.0],[0.01,0.01,0.03,0.08,0.22,0.16,0.04,0.01,0.01,0.14,0.99,1.0,0.56,0.55,0.4,0.61,0.51,0.31,0.25,0.02,0.0,0.0],[0.01,0.03,0.13,0.26,0.28,0.07,0.02,0.0,0.01,0.03,0.22,0.56,1.0,0.68,0.29,0.18,0.09,0.09,0.04,0.01,0.0,0.01],[0.04,0.16,0.29,0.39,0.35,0.07,0.02,0.0,0.01,0.05,0.18,0.55,0.68,1.0,0.77,0.43,0.13,0.05,0.03,0.02,0.01,0.01],[0.1,0.27,0.39,0.48,0.46,0.1,0.01,0.01,0.01,0.02,0.09,0.4,0.29,0.77,1.0,0.68,0.1,0.03,0.02,0.01,0.01,0.01],[0.49,0.37,0.26,0.09,0.07,0.02,0.01,0.0,0.01,0.02,0.23,0.61,0.18,0.43,0.68,1.0,0.98,0.24,0.2,0.07,0.07,0.03],[0.58,0.13,0.1,0.02,0.02,0.01,0.02,0.0,0.01,0.06,0.32,0.51,0.09,0.13,0.1,0.98,1.0,0.69,0.86,0.6,0.29,0.05],[0.08,0.12,0.08,0.02,0.02,0.01,0.01,0.01,0.02,0.11,0.34,0.31,0.09,0.05,0.03,0.24,0.69,1.0,0.62,0.17,0.03,0.02],[0.11,0.04,0.03,0.01,0.01,0.02,0.09,0.12,0.4,0.69,0.71,0.25,0.04,0.03,0.02,0.2,0.86,0.62,1.0,0.94,0.27,0.02],[0.46,0.03,0.02,0.01,0.01,0.03,0.46,0.54,0.61,0.3,0.1,0.02,0.01,0.02,0.01,0.07,0.6,0.17,0.94,1.0,0.96,0.15],[0.83,0.29,0.03,0.01,0.01,0.03,0.45,0.38,0.15,0.05,0.01,0.0,0.0,0.01,0.01,0.07,0.29,0.03,0.27,0.96,1.0,0.63],[0.38,0.12,0.05,0.01,0.01,0.01,0.05,0.11,0.04,0.01,0.0,0.0,0.01,0.01,0.01,0.03,0.05,0.02,0.02,0.15,0.63,1.0]],
  "pae": [[1.0,2.7,6.3,5.1,6.4,6.0,5.1,7.6,6.8,6.9,7.4,8.2,10.1,8.1,6.9,5.5,6.0,8.6,6.6,5.6,4.8,8.4],[2.5,1.0,6.0,4.5,7.1,6.1,5.4,7.6,6.7,6.1,6.6,7.5,10.0,7.9,7.2,5.8,6.3,8.6,6.8,6.2,5.5,8.6],[7.3,8.0,1.5,6.9,10.7,10.4,10.7,13.4,13.5,14.8,12.4,14.8,15.7,13.0,11.6,13.1,13.7,15.8,13.7,12.4,11.2,13.2],[8.1,5.2,6.6,1.3,6.7,5.9,8.2,10.9,11.6,10.9,10.3,8.9,10.9,7.8,6.7,7.9,9.9,11.0,11.2,11.1,10.9,12.3],[9.4,6.6,7.8,4.7,1.2,4.8,7.3,10.6,10.6,9.7,8.7,7.7,9.1,6.1,7.4,7.2,8.9,10.7,11.0,10.6,11.2,12.3],[4.9,5.2,7.5,4.6,3.4,0.9,2.2,4.7,5.2,4.8,3.9,5.3,8.4,6.2,6.7,5.2,5.6,7.3,6.2,5.9,5.7,8.5],[4.6,5.0,7.6,5.8,4.4,2.5,0.9,2.8,4.0,3.7,3.8,5.6,8.7,6.5,6.6,5.5,5.7,7.2,5.5,4.9,4.6,7.5],[6.2,6.5,8.8,7.8,7.3,4.8,3.8,1.1,3.1,3.8,5.2,7.4,9.8,8.7,8.4,7.3,7.0,8.3,6.2,4.9,5.2,8.7],[5.5,6.4,8.3,7.4,6.3,4.5,3.4,2.5,0.9,2.0,3.8,5.6,8.7,7.8,7.5,6.1,5.9,6.7,4.7,4.2,5.0,8.2],[5.2,5.8,8.3,6.8,6.6,4.5,3.8,3.2,1.9,0.9,2.2,3.7,7.8,6.6,7.2,5.0,4.9,6.1,4.2,3.7,4.8,8.1],[5.6,5.8,8.4,6.7,6.1,5.1,4.9,4.8,2.9,2.2,0.9,2.3,6.1,5.5,6.2,4.2,4.2,5.8,4.7,4.1,5.5,8.0],[7.5,7.5,10.5,7.6,7.8,5.9,6.5,7.5,4.7,4.5,2.9,1.0,6.0,5.0,7.0,5.1,6.0,7.3,5.6,6.5,8.0,10.6],[16.5,17.2,18.0,15.3,12.8,15.2,16.3,17.6,16.0,14.1,10.4,7.7,1.7,7.0,9.8,10.3,13.5,13.3,14.7,16.7,17.2,17.9],[11.2,10.5,12.8,8.3,9.3,9.8,11.3,14.6,13.9,13.0,10.3,6.9,6.1,1.4,6.1,6.3,9.4,11.4,13.4,13.6,13.9,14.5],[9.4,9.5,11.5,7.5,7.4,8.2,10.1,12.9,11.3,10.7,9.0,6.7,7.4,4.6,1.3,4.9,6.9,9.2,10.5,11.1,11.3,12.8],[5.7,5.6,8.8,6.2,6.2,5.4,5.3,7.1,6.2,5.4,4.3,3.7,6.9,4.7,3.6,1.0,2.3,5.1,5.2,5.9,5.9,9.2],[4.9,5.2,8.5,6.1,5.9,4.8,4.8,6.2,5.3,4.7,3.8,3.6,7.3,5.5,4.1,2.0,0.9,3.9,4.1,4.9,5.2,8.7],[7.4,8.9,11.1,9.4,9.4,8.1,8.2,7.6,6.5,6.1,6.9,6.7,9.8,8.5,8.1,4.8,4.5,1.2,4.0,4.2,6.5,8.8],[5.8,7.7,9.8,8.9,8.5,7.2,6.2,5.8,5.4,5.2,5.5,6.6,9.7,9.1,8.8,5.6,4.1,4.6,1.2,2.3,4.0,7.6],[5.2,6.4,9.0,8.1,8.4,7.0,6.1,5.8,5.2,4.7,5.9,6.5,9.6,8.6,8.2,5.9,4.4,5.2,2.7,0.9,2.7,6.1],[5.1,6.0,9.4,8.2,8.2,6.3,5.6,5.2,5.4,5.2,5.9,7.0,9.9,8.5,8.6,5.9,5.1,5.7,3.2,2.3,1.0,6.0],[8.8,11.1,13.8,14.2,14.4,11.7,10.4,10.0,10.7,9.8,10.5,14.2,16.7,15.1,15.2,12.8,11.0,12.7,8.8,6.5,7.4,2.4]],
  "token_chain_ids": ["A","A","A","A","A","A","A","A","A","A","A","A","A","A","A","A","A","A","A","A","A","A"],
  "token_res_ids": [1,2,3,4,5,6,7,8,9,10,11,12,13,14,15,16,17,18,19,20,21,22]
}