{
  "atom_chain_ids": ["A","A","A","A","A","A","A","A","A","A","A","A","A","A","A","A","A","A","A","A","A","A","A","A","A","A","A","A","A","A","A","A","A","A","A","A","A","A","A","A","A","A","A","A","A","A","A","A","A","A","A","A","A","A","A","A","A","A","A","A","A","A","A","A","A","A","A","A","A","A","A","A","A","A","A","A","A","A","A","A","A","A","A","A","A","A","A","A","A","A","A","A","A","A","A","A","A","A","A","A","A","A","A","A","A","A","A","A","A","A","A","A","A","A","A","A","A","A","A","A","A","A","A","A","A","A","A","A","A","A","A","A","A","A","A","A","A","A","A","A","A","A","A","A","A","A","A","A","A","A","A","A","A","A","A","A","A","A","A","A","A","A","A","A","A","A","A","A","A","A","A","A","A","A","A","A","A","A","A","A","A","A","A","A","A","A","A","A","A","A","A","A","A","A","A","A","A","A","A","A","A","A","A","A","A","A","A","A","A","A","A","A","A","A","A","A","A","A","A","A","A","A","A","A","A","A","A","A","A","A","A","A","A","A","A","A","A","A","A","A","A","A","A","A","A","A","A","A","A","A","A","A","A","A","A","A","A","A","A","A","A","A","A","A","A","A","A","A","A","A","A","A","A","A","A","A","A","A","A","A","A","A","A","A","A","A","A","A","A","A","A","A","A","A","A","A","A","A","A","A","A","A","A","A","A","A","A","A","A","A","A","A","A","A","A","A","A","A","A","A","A","A","A","A","A","A","A","A","A","A","A","A","A","A","A","A","A","A","A","A","A","A","A","A","A","A","A","A","A","A","A","A","A","A","A","A","A","A","A","A","A","A","A","A","A","A","A","A","A","A","A","A","A","A","A","A","A","A","A","A","A","A","A","A","A","A","A","A","A","A","A","A","A","A","A","A","A","A","A","A","A","A","A","A","A","A","A","A","A","A","A","A","A","A","A","A","A","A","A","A","A","A","A","A","A","A","A","A","A","A","A","A","A","A","A","A","A","A","A","A","A","A","A","A","A","A","A","A","A","A","A","A","A","A","A","A","A","A","A","A","A","A","A","A","A","A"],
  "atom_plddts": [61.42,62.21,57.34,57.66,61.73,64.44,65.82,67.72,67.51,65.82,66.75,66.83,67.06,67.34,66.89,67.31,67.84,67.31,66.23,66.32,66.72,66.95,68.82,60.39,57.84,57.88,60.15,61.16,62.25,64.01,63.44,62.07,63.04,63.19,62.88,63.22,63.04,63.59,64.08,63.7,62.94,62.75,63.05,62.51,63.84,53.14,52.12,52.75,52.93,51.75,51.98,53.04,52.54,52.49,51.25,51.03,50.88,50.2,49.06,48.35,48.16,48.24,46.91,48.01,47.54,44.23,43.11,47.46,47.99,49.29,49.2,50.98,50.35,49.55,48.2,49.07,46.98,43.99,43.93,43.02,41.31,40.0,41.13,43.45,41.61,45.34,53.98,50.5,50.26,53.59,52.96,54.59,55.06,56.31,55.36,54.87,53.67,54.78,53.52,51.32,51.16,50.85,49.36,47.83,48.51,49.98,50.59,60.07,56.68,57.38,60.47,62.41,63.93,66.32,65.57,64.01,65.42,66.45,65.44,66.09,65.68,66.22,66.59,66.18,65.48,65.6,66.0,66.09,66.93,65.43,63.77,63.44,64.96,66.04,66.67,68.44,67.5,66.03,66.94,66.86,67.19,67.69,67.52,67.86,68.33,67.91,67.27,67.33,67.62,67.34,68.29,61.12,60.03,59.42,60.12,58.37,59.59,59.08,60.14,58.72,57.13,55.07,56.9,54.85,53.07,52.94,52.46,51.01,49.47,50.1,51.62,51.88,61.05,56.85,57.7,61.87,62.04,63.6,65.63,65.39,64.36,64.0,63.63,64.45,64.09,62.76,63.16,63.41,62.49,61.27,61.65,62.66,62.03,64.03,62.81,59.82,60.75,63.12,64.22,65.8,68.0,66.82,65.68,66.46,67.06,67.02,67.77,67.29,67.86,68.5,68.23,67.63,67.46,67.69,67.64,68.45,64.8,62.65,62.91,64.9,65.97,67.28,69.19,68.22,67.21,67.82,68.2,68.31,69.03,68.33,68.83,69.45,69.22,68.67,68.48,68.63,68.56,69.46,59.56,57.6,57.92,59.39,59.29,60.29,61.5,60.69,59.79,59.22,59.73,60.11,60.17,60.41,61.02,61.46,61.15,60.41,60.07,60.42,59.62,61.0,50.35,49.53,49.33,49.73,48.34,50.0,49.8,51.07,50.52,48.49,48.54,48.8,47.12,45.2,44.63,43.89,43.5,42.41,43.67,46.32,41.71,40.57,46.84,47.64,49.24,49.07,51.03,49.73,48.86,47.92,49.34,47.69,45.55,45.95,45.27,43.75,42.6,43.33,45.28,44.03,46.82,51.02,46.71,46.23,51.43,51.61,52.78,53.1,54.9,53.86,52.89,53.11,53.33,52.1,49.34,48.69,48.28,47.54,46.06,47.41,49.67,57.76,53.62,54.01,57.98,59.59,61.64,63.58,63.3,61.5,62.22,62.9,62.42,63.0,62.73,63.24,63.75,63.32,62.51,62.51,62.94,62.73,64.23,61.59,59.71,59.55,61.12,62.23,63.28,64.9,63.73,62.35,62.65,63.21,63.23,63.89,64.21,64.7,65.15,64.94,64.47,64.18,64.37,64.06,64.89,56.02,53.46,54.11,56.48,56.01,56.99,58.66,57.13,56.54,55.13,55.74,56.17,55.59,54.5,54.15,54.04,53.85,52.65,53.56,58.45,54.1,55.35,59.47,58.31,59.75,63.33,61.63,60.99,60.39,61.56,62.06,62.44,62.09,62.51,63.01,62.86,62.0,62.07,59.58,55.62,56.04,59.56,59.66,60.47,62.03,61.94,60.52,60.34,59.9,60.96,60.82,60.07,60.43,61.04,60.31,59.15,59.23,59.93,59.28,61.28,60.98,57.92,58.17,60.47,61.22,62.23,63.75,63.21,61.83,62.23,62.43,62.95,63.37,63.26,63.88,64.44,64.07,63.38,63.21,63.51,63.21,64.43,56.09,54.53,55.47,56.65,56.82,57.04,58.05,57.86,57.08,55.38,56.51,56.32,55.17,53.77,53.54,53.2,52.86,51.74,52.71],
  "contact_probs": [[1.0,1.0,0.43,0.04,0.06,0.16,0.33,0.03,0.01,0.01,0.02,0.01,0.01,0.04,0.1,0.49,0.58,0.08,0.11,0.46,0.83,0.38],[1.0,1.0,0.87,0.24,0.51,0.58,0.43,0.01,0.0,0.0,0.01,0.01,0.03,0.16,0.27,0.37,0.13,0.12,0.04,0.03,0.29,0.12],[0.43,0.87,1.0,0.67,0.51,0.3,0.08,0.01,0.0,0.0,0.0,0.03,0.13,0.29,0.39,0.26,0.1,0.08,0.03,0.02,0.03,0.05],[0.04,0.24,0.67,1.0,0.84,0.13,0.03,0.0,0.0,0.01,0.02,0.08,0.26,0.39,0.48,0.09,0.02,0.02,0.01,0.01,0.01,0.01],[0.06,0.51,0.51,0.84,1.0,0.84,0.19,0.01,0.01,0.02,0.12,0.22,0.28,0.35,0.46,0.07,0.02,0.02,0.01,0.01,0.01,0.01],[0.16,0.58,0.3,0.13,0.84,1.0,0.99,0.06,0.05,0.54,0.55,0.16,0.07,0.07,0.1,0.02,0.01,0.01,0.02,0.03,0.03,0.01],[0.33,0.43,0.08,0.03,0.19,0.99,1.0,0.55,0.41,0.83,0.37,0.04,0.02,0.02,0.01,0.01,0.02,0.01,0.09,0.46,0.45,0.05],[0.03,0.01,0.01,0.0,0.01,0.06,0.55,1.0,0.78,0.23,0.01,0.01,0.0,0.0,0.01,0.0,0.0,0.01,0.12,0.54,0.38,0.11],[0.01,0.0,0.0,0.0,0.01,0.05,0.41,0.78,1.0,0.96,0.18,0.01,0.01,0.01,0.01,0.01,0.01,0.02,0.4,0.61,0.15,0.04],[0.01,0.0,0.0,0.01,0.02,0.54,0.83,0.23,0.96,1.0,1.0,0.14,0.03,0.05,0.02,0.02,0.06,0.11,0.69,0.3,0.05,0.01],[0.02,0.01,0.0,0.02,0.12,0.55,0.37,0.01,0.18,1.0,1.0,0.99,0.22,0.18,0.09,0.23,0.32,0.34,0.71,0.1,0.01,0.0],[0.01,0.01,0.03,0.08,0.22,0.16,0.04,0.01,0.01,0.14,0.99,1.0,0.56,0.55,0.4,0.61,0.51,0.31,0.25,0.02,0.0,0.0],[0.01,0.03,0.13,0.26,0.28,0.07,0.02,0.0,0.01,0.03,0.22,0.56,1.0,0.68,0.29,0.18,0.09,0.09,0.04,0.01,0.0,0.01],[0.04,0.16,0.29,0.39,0.35,0.07,0.02,0.0,0.01,0.05,0.18,0.55,0.68,1.0,0.77,0.43,0.13,0.05,0.03,0.02,0.01,0.01],[0.1,0.27,0.39,0.48,0.46,0.1,0.01,0.01,0.01,0.02,0.09,0.4,0.29,0.77,1.0,0.68,0.1,0.03,0.02,0.01,0.01,0.01],[0.49,0.37,0.26,0.09,0.07,0.02,0.01,0.0,0.01,0.02,0.23,0.61,0.18,0.43,0.68,1.0,0.98,0.24,0.2,0.07,0.07,0.03],[0.58,0.13,0.1,0.02,0.02,0.01,0.02,0.0,0.01,0.06,0.32,0.51,0.09,0.13,0.1,0.98,1.0,0.69,0.86,0.6,0.29,0.05],[0.08,0.12,0.08,0.02,0.02,0.01,0.01,0.01,0.02,0.11,0.34,0.31,0.09,0.05,0.03,0.24,0.69,1.0,0.62,0.17,0.03,0.02],[0.11,0.04,0.03,0.01,0.01,0.02,0.09,0.12,0.4,0.69,0.71,0.25,0.04,0.03,0.02,0.2,0.86,0.62,1.0,0.94,0.27,0.02],[0.46,0.03,0.02,0.01,0.01,0.03,0.46,0.54,0.61,0.3,0.1,0.02,0.01,0.02,0.01,0.07,0.6,0.17,0.94,1.0,0.96,0.15],[0.83,0.29,0.03,0.01,0.01,0.03,0.45,0.38,0.15,0.05,0.01,0.0,0.0,0.01,0.01,0.07,0.29,0.03,0.27,0.96,1.0,0.63],[0.38,0.12,0.05,0.01,0.01,0.01,0.05,0.11,0.04,0.01,0.0,0.0,0.01,0.01,0.01,0.03,0.05,0.02,0.02,0.15,0.63,1.0]],
  "pae": [[1.0,3.0,6.5,7.4,7.4,7.1,5.6,10.1,8.7,8.1,7.2,8.4,10.7,8.7,8.2,6.4,5.6,9.4,7.7,6.5,5.7,9.1],[2.7,1.0,5.4,5.8,7.4,7.0,6.3,9.7,8.6,7.1,6.5,7.8,10.7,8.5,8.5,6.7,6.3,9.6,7.9,7.5,6.3,9.6],[7.2,7.9,1.4,6.9,9.6,9.7,9.5,13.0,14.6,15.2,12.4,13.6,16.1,12.2,11.9,11.7,13.1,14.8,15.1,13.7,10.8,12.4],[10.0,5.3,4.7,1.2,7.3,6.5,8.5,12.8,13.1,13.2,12.5,11.2,14.7,10.8,11.0,10.5,11.3,13.0,12.2,11.4,9.7,11.5],[8.8,7.3,7.1,5.6,1.2,4.6,6.3,11.3,12.3,10.8,9.2,8.1,10.8,7.6,8.6,8.3,9.1,11.8,11.4,10.8,11.3,11.7],[4.6,5.8,6.9,4.7,3.5,0.9,2.0,6.8,6.0,5.4,4.2,5.2,9.4,7.2,8.0,5.8,5.9,8.2,6.6,5.9,6.3,8.7],[4.4,4.6,7.2,6.1,3.7,2.2,0.9,5.6,4.7,4.4,3.7,5.1,9.1,7.1,7.4,5.4,5.6,7.8,5.7,6.1,5.5,8.5],[10.3,9.6,11.2,10.9,11.3,7.6,7.9,1.2,8.1,8.6,11.1,14.1,14.5,14.2,14.2,15.3,14.4,13.6,12.9,9.4,9.3,8.8],[6.6,7.7,9.4,9.6,7.3,5.3,4.9,6.0,1.0,2.8,4.4,6.4,10.4,9.4,10.0,7.8,6.9,7.9,5.8,5.7,6.0,9.7],[5.4,5.8,8.2,8.0,6.3,5.0,4.4,5.0,2.4,0.9,2.4,4.1,8.7,7.3,8.5,5.2,5.1,6.8,4.9,4.6,5.3,8.8],[4.9,5.3,7.7,7.4,5.8,5.6,4.9,6.5,3.4,2.5,0.9,2.7,7.3,5.8,6.9,4.5,4.1,6.7,5.1,4.6,5.6,8.2],[8.0,8.3,10.6,10.1,8.9,7.9,8.3,10.3,6.4,5.9,4.9,1.0,6.8,5.2,8.2,6.0,7.3,9.2,7.8,8.2,9.1,11.7],[17.6,17.6,18.3,19.1,14.8,15.9,17.1,20.1,16.9,14.4,10.1,8.0,1.6,8.3,11.1,9.4,13.9,13.4,14.8,16.6,16.8,19.4],[12.1,11.5,13.0,13.5,10.4,10.9,12.4,16.6,14.9,14.8,11.5,6.1,6.5,1.3,6.5,6.1,9.1,12.8,14.2,14.3,13.9,15.9],[10.9,11.1,12.4,13.8,8.8,11.0,11.8,15.0,14.2,13.3,11.0,6.6,8.1,3.9,1.3,5.2,7.4,10.5,13.1,12.9,12.3,14.8],[5.8,6.2,9.3,9.0,6.4,6.6,6.2,10.4,7.4,6.5,4.8,4.3,8.0,5.1,4.2,1.0,3.1,5.7,6.2,7.0,7.2,10.8],[5.5,5.8,8.7,8.5,5.8,6.1,5.6,9.3,5.7,5.1,4.2,4.2,8.3,6.1,4.6,2.5,1.0,5.0,5.0,5.8,6.4,10.0],[8.3,10.1,12.6,11.5,9.7,10.1,9.8,12.0,8.6,8.4,8.6,7.7,10.9,9.5,9.4,5.7,5.0,1.3,4.9,5.2,7.6,11.1],[6.9,8.6,10.7,10.6,9.0,8.8,7.9,9.3,6.5,6.5,5.8,7.4,10.4,10.0,10.4,7.1,4.7,5.1,1.2,2.9,4.6,8.8],[5.9,6.9,9.6,9.6,8.4,8.3,7.1,9.2,6.1,6.0,6.7,7.6,9.9,9.3,9.5,6.9,5.2,5.9,3.1,1.0,2.6,6.6],[5.3,6.5,9.8,9.3,8.3,6.8,6.5,8.1,6.6,6.4,6.4,7.6,10.1,9.4,9.6,6.7,5.4,6.5,3.5,2.6,1.0,5.5],[8.5,9.9,11.6,11.7,12.2,10.6,9.5,7.7,11.4,10.8,11.1,11.9,15.3,13.2,13.9,13.0,10.8,11.8,9.0,7.6,7.6,2.0]],
  "token_chain_ids": ["A","A","A","A","A","A","A","A","A","A","A","A","A","A","A","A","A","A","A","A","A","A"],
  "token_res_ids": [1,2,3,4,5,6,7,8,9,10,11,12,13,14,15,16,17,18,19,20,21,22]
}