{
  "atom_chain_ids": ["A","A","A","A","A","A","A","A","A","A","A","A","A","A","A","A","A","A","A","A","A","A","A","A","A","A","A","A","A","A","A","A","A","A","A","A","A","A","A","A","A","A","A","A","A","A","A","A","A","A","A","A","A","A","A","A","A","A","A","A","A","A","A","A","A","A","A","A","A","A","A","A","A","A","A","A","A","A","A","A","A","A","A","A","A","A","A","A","A","A","A","A","A","A","A","A","A","A","A","A","A","A","A","A","A","A","A","A","A","A","A","A","A","A","A","A","A","A","A","A","A","A","A","A","A","A","A","A","A","A","A","A","A","A","A","A","A","A","A","A","A","A","A","A","A","A","A","A","A","A","A","A","A","A","A","A","A","A","A","A","A","A","A","A","A","A","A","A","A","A","A","A","A","A","A","A","A","A","A","A","A","A","A","A","A","A","A","A","A","A","A","A","A","A","A","A","A","A","A","A","A","A","A","A","A","A","A","A","A","A","A","A","A","A","A","A","A","A","A","A","A","A","A","A","A","A","A","A","A","A","A","A","A","A","A","A","A","A","A","A","A","A","A","A","A","A","A","A","A","A","A","A","A","A","A","A","A","A","A","A","A","A","A","A","A","A","A","A","A","A","A","A","A","A","A","A","A","A","A","A","A","A","A","A","A","A","A","A","A","A","A","A","A","A","A","A","A","A","A","A","A","A","A","A","A","A","A","A","A","A","A","A","A","A","A","A","A","A","A","A","A","A","A","A","A","A","A","A","A","A","A","A","A","A","A","A","A","A","A","A","A","A","A","A","A","A","A","A","A","A","A","A","A","A","A","A","A","A","A","A","A","A","A","A","A","A","A","A","A","A","A","A","A","A","A","A","A","A","A","A","A","A","A","A","A","A","A","A","A","A","A","A","A","A","A","A","A","A","A","A","A","A","A","A","A","A","A","A","A","A","A","A","A","A","A","A","A","A","A","A","A","A","A","A","A","A","A","A","A","A","A","A","A","A","A","A","A","A","A","A","A","A","A","A","A","A","A","A","A","A","A","A","A","A","A","A","A","A","A","A","A","A","A","A","A","A"],
  "atom_plddts": [65.22,66.42,61.07,61.18,66.05,69.39,71.42,72.79,73.29,71.28,72.57,72.46,73.13,73.29,72.33,73.01,73.5,72.69,71.82,71.94,72.33,72.74,74.7,67.42,64.29,63.87,67.48,67.99,69.54,70.9,70.74,69.03,70.5,70.57,70.77,71.1,70.35,71.0,71.67,71.12,70.44,70.33,70.53,70.3,71.85,60.02,58.1,58.96,60.62,58.84,59.67,60.86,59.42,58.82,57.21,57.55,57.94,57.25,56.69,55.9,56.16,56.11,54.61,55.65,58.87,54.57,54.25,59.66,59.96,61.18,62.24,62.68,61.56,60.71,59.86,60.8,59.05,56.43,56.66,56.1,54.04,52.46,53.92,56.2,54.16,58.37,58.42,54.22,53.93,58.43,58.19,60.44,61.22,62.1,60.68,60.44,59.39,60.45,59.15,56.52,56.51,56.59,54.76,53.17,53.85,55.33,56.31,66.13,62.4,62.89,66.96,68.47,70.24,71.92,71.8,70.05,71.75,72.58,72.12,72.76,71.75,72.48,73.01,72.39,71.85,71.93,72.2,72.47,73.43,72.05,69.29,69.04,72.05,73.12,74.55,75.31,75.37,73.77,74.91,74.91,75.8,76.25,75.21,75.69,76.29,75.59,75.09,75.21,75.38,75.31,76.55,70.03,68.12,67.45,69.21,67.98,69.78,69.85,69.7,68.04,67.19,64.92,67.34,65.77,63.43,63.11,63.78,61.98,60.21,60.68,61.95,62.16,69.14,65.08,65.74,69.77,70.06,72.26,73.24,73.57,72.26,72.24,71.62,72.76,72.45,70.94,71.32,71.87,70.72,69.76,70.1,70.87,70.48,72.49,69.35,65.82,66.48,70.01,71.29,73.39,74.41,74.39,72.82,74.03,74.38,74.81,75.44,74.42,75.13,75.7,75.21,74.86,74.79,74.92,75.07,75.88,71.24,68.57,68.8,71.61,72.55,74.24,74.9,74.76,73.34,74.29,74.59,75.13,75.73,74.87,75.49,76.07,75.63,75.4,75.21,75.23,75.31,76.11,70.08,68.12,68.17,69.99,69.75,70.91,71.51,71.0,69.65,69.91,69.93,70.93,71.15,70.98,71.51,72.14,71.7,71.28,70.99,71.13,70.63,71.85,59.08,56.98,56.84,59.28,57.53,59.25,59.23,59.38,58.73,56.08,56.27,56.61,54.51,52.78,51.8,50.87,50.24,48.9,50.82,56.61,50.64,50.03,57.94,58.61,60.61,61.2,62.3,60.59,59.96,59.57,60.63,59.27,57.7,58.29,57.77,56.05,54.84,55.93,57.79,56.45,59.33,58.57,54.05,54.08,59.53,59.46,61.28,61.39,62.73,61.41,59.75,60.43,61.03,59.72,56.93,56.3,56.4,55.61,54.27,55.24,57.53,65.41,60.56,60.71,66.09,67.88,70.04,71.41,71.46,69.43,70.66,71.19,71.36,71.94,71.22,71.94,72.7,72.1,71.5,71.47,71.71,71.85,73.33,69.76,67.29,67.12,69.89,71.05,72.65,73.38,73.02,71.27,72.57,72.91,73.51,74.23,73.67,74.32,74.92,74.51,74.24,74.07,74.08,74.05,75.02,65.56,63.6,63.93,66.1,63.91,65.35,66.26,64.41,63.53,61.86,62.8,64.17,63.37,63.09,62.9,63.05,62.64,61.73,62.33,66.11,61.09,61.96,67.31,66.58,69.2,71.98,71.06,69.86,69.76,70.77,71.69,72.1,71.28,71.73,72.49,71.96,71.34,71.29,68.48,64.09,64.12,68.7,68.8,70.49,71.32,71.82,69.98,70.42,69.72,71.51,71.48,69.86,70.31,71.42,70.43,69.48,69.48,69.97,69.55,71.99,68.07,64.75,64.73,68.04,68.85,70.7,71.62,71.65,69.87,71.03,70.9,71.93,72.32,71.54,72.21,72.89,72.29,71.81,71.76,71.95,71.83,73.23,60.42,58.79,59.75,61.03,61.3,61.9,62.12,62.1,60.79,58.96,60.4,60.17,58.58,56.96,56.49,56.05,55.44,54.34,55.67],
  "contact_probs": [[1.0,1.0,0.43,0.04,0.06,0.16,0.33,0.03,0.01,0.01,0.02,0.01,0.01,0.04,0.1,0.49,0.58,0.08,0.11,0.46,0.83,0.38],[1.0,1.0,0.87,0.24,0.51,0.58,0.43,0.01,0.0,0.0,0.01,0.01,0.03,0.16,0.27,0.37,0.13,0.12,0.04,0.03,0.29,0.12],[0.43,0.87,1.0,0.67,0.51,0.3,0.08,0.01,0.0,0.0,0.0,0.03,0.13,0.29,0.39,0.26,0.1,0.08,0.03,0.02,0.03,0.05],[0.04,0.24,0.67,1.0,0.84,0.13,0.03,0.0,0.0,0.01,0.02,0.08,0.26,0.39,0.48,0.09,0.02,0.02,0.01,0.01,0.01,0.01],[0.06,0.51,0.51,0.84,1.0,0.84,0.19,0.01,0.01,0.02,0.12,0.22,0.28,0.35,0.46,0.07,0.02,0.02,0.01,0.01,0.01,0.01],[0.16,0.58,0.3,0.13,0.84,1.0,0.99,0.06,0.05,0.54,0.55,0.16,0.07,0.07,0.1,0.02,0.01,0.01,0.02,0.03,0.03,0.01],[0.33,0.43,0.08,0.03,0.19,0.99,1.0,0.55,0.41,0.83,0.37,0.04,0.02,0.02,0.01,0.01,0.02,0.01,0.09,0.46,0.45,0.05],[0.03,0.01,0.01,0.0,0.01,0.06,0.55,1.0,0.78,0.23,0.01,0.01,0.0,0.0,0.01,0.0,0.0,0.01,0.12,0.54,0.38,0.11],[0.01,0.0,0.0,0.0,0.01,0.05,0.41,0.78,1.0,0.96,0.18,0.01,0.01,0.01,0.01,0.01,0.01,0.02,0.4,0.61,0.15,0.04],[0.01,0.0,0.0,0.01,0.02,0.54,0.83,0.23,0.96,1.0,1.0,0.14,0.03,0.05,0.02,0.02,0.06,0.11,0.69,0.3,0.05,0.01],[0.02,0.01,0.0,0.02,0.12,0.55,0.37,0.01,0.18,1.0,1.0,0.99,0.22,0.18,0.09,0.23,0.32,0.34,0.71,0.1,0.01,0.0],[0.01,0.01,0.03,0.08,0.22,0.16,0.04,0.01,0.01,0.14,0.99,1.0,0.56,0.55,0.4,0.61,0.51,0.31,0.25,0.02,0.0,0.0],[0.01,0.03,0.13,0.26,0.28,0.07,0.02,0.0,0.01,0.03,0.22,0.56,1.0,0.68,0.29,0.18,0.09,0.09,0.04,0.01,0.0,0.01],[0.04,0.16,0.29,0.39,0.35,0.07,0.02,0.0,0.01,0.05,0.18,0.55,0.68,1.0,0.77,0.43,0.13,0.05,0.03,0.02,0.01,0.01],[0.1,0.27,0.39,0.48,0.46,0.1,0.01,0.01,0.01,0.02,0.09,0.4,0.29,0.77,1.0,0.68,0.1,0.03,0.02,0.01,0.01,0.01],[0.49,0.37,0.26,0.09,0.07,0.02,0.01,0.0,0.01,0.02,0.23,0.61,0.18,0.43,0.68,1.0,0.98,0.24,0.2,0.07,0.07,0.03],[0.58,0.13,0.1,0.02,0.02,0.01,0.02,0.0,0.01,0.06,0.32,0.51,0.09,0.13,0.1,0.98,1.0,0.69,0.86,0.6,0.29,0.05],[0.08,0.12,0.08,0.02,0.02,0.01,0.01,0.01,0.02,0.11,0.34,0.31,0.09,0.05,0.03,0.24,0.69,1.0,0.62,0.17,0.03,0.02],[0.11,0.04,0.03,0.01,0.01,0.02,0.09,0.12,0.4,0.69,0.71,0.25,0.04,0.03,0.02,0.2,0.86,0.62,1.0,0.94,0.27,0.02],[0.46,0.03,0.02,0.01,0.01,0.03,0.46,0.54,0.61,0.3,0.1,0.02,0.01,0.02,0.01,0.07,0.6,0.17,0.94,1.0,0.96,0.15],[0.83,0.29,0.03,0.01,0.01,0.03,0.45,0.38,0.15,0.05,0.01,0.0,0.0,0.01,0.01,0.07,0.29,0.03,0.27,0.96,1.0,0.63],[0.38,0.12,0.05,0.01,0.01,0.01,0.05,0.11,0.04,0.01,0.0,0.0,0.01,0.01,0.01,0.03,0.05,0.02,0.02,0.15,0.63,1.0]],
  "pae": [[1.0,2.6,4.3,4.5,5.7,4.8,4.1,5.9,6.0,5.6,5.8,6.5,8.9,6.4,5.3,4.8,4.5,7.4,5.2,4.3,3.6,7.2],[2.0,1.0,3.8,3.4,5.0,4.4,3.9,5.3,5.5,4.8,4.5,5.3,8.0,5.2,4.6,4.3,4.1,7.1,5.1,4.2,3.9,6.9],[5.1,4.8,1.4,5.4,6.4,6.5,7.2,8.7,10.5,9.4,9.0,8.0,11.1,7.5,7.5,7.3,7.9,10.1,9.3,7.9,6.8,9.3],[6.1,4.0,4.7,1.2,4.7,4.4,6.0,7.9,9.0,7.7,7.5,6.0,9.2,5.2,4.8,6.2,6.9,8.3,8.0,7.6,7.3,9.7],[7.1,5.6,5.5,4.2,1.2,4.0,5.5,7.7,9.1,7.7,6.4,5.6,7.4,4.8,5.9,6.1,7.0,8.6,8.3,8.5,8.8,10.3],[3.7,4.3,5.1,3.4,2.6,0.9,1.9,4.0,4.7,3.7,3.3,4.4,7.5,4.5,4.8,4.2,4.4,6.2,4.6,4.6,4.5,7.7],[3.8,4.1,5.2,4.7,3.3,2.1,0.9,2.8,3.7,3.0,3.2,4.5,7.9,5.4,5.3,4.7,4.6,6.0,4.4,4.1,3.9,6.9],[5.7,6.4,6.5,7.3,7.1,4.8,3.8,1.1,4.3,4.0,5.4,7.3,9.9,8.2,8.2,7.0,6.8,7.7,5.9,4.3,4.7,7.9],[4.8,5.9,6.5,6.5,5.3,4.0,3.2,3.2,0.9,1.9,3.0,4.3,8.3,6.9,6.6,5.2,4.7,5.8,3.7,3.2,3.9,7.4],[3.7,4.2,5.7,4.9,4.2,3.1,2.8,2.8,1.6,0.9,1.6,2.4,6.7,4.5,4.9,3.7,3.6,4.7,3.1,2.9,3.7,7.0],[3.8,4.1,5.3,5.1,4.1,3.7,3.4,3.8,2.2,1.8,0.9,2.0,5.8,3.8,4.5,3.2,3.2,4.8,3.2,3.1,3.9,6.7],[4.9,4.9,6.4,5.7,5.0,4.5,4.8,5.4,3.6,3.0,2.0,0.9,5.4,3.5,4.4,3.7,4.1,5.9,4.0,4.6,5.3,8.6],[14.0,13.5,13.2,12.5,10.1,14.3,14.0,14.8,13.1,12.5,9.1,7.2,1.6,6.6,8.8,9.3,12.5,11.2,12.3,13.5,14.5,16.7],[7.8,7.0,7.7,5.7,7.0,7.2,7.8,9.6,10.5,9.0,7.4,4.9,4.8,1.2,4.6,5.1,6.5,8.6,9.4,9.7,9.0,11.2],[6.1,5.7,6.0,4.4,4.6,5.5,6.2,8.6,7.1,6.7,5.9,4.2,5.6,2.5,1.1,3.2,4.5,6.4,6.8,7.2,7.3,9.8],[4.3,4.2,5.6,4.3,4.3,4.7,4.3,5.5,5.3,4.7,3.6,3.3,6.1,3.4,2.5,0.9,2.0,4.7,4.2,4.7,4.7,7.9],[4.1,4.5,6.0,5.1,4.8,4.6,4.2,5.2,5.0,4.3,3.3,3.4,7.5,4.4,3.2,1.8,1.0,3.6,3.7,4.2,4.5,8.0],[8.2,10.0,10.2,9.8,9.3,9.3,9.2,9.0,8.6,7.5,7.6,7.0,10.4,8.6,7.8,4.8,4.9,1.4,4.5,5.6,7.3,10.1],[5.1,6.7,7.5,7.9,7.7,6.6,5.9,5.2,4.7,4.1,5.1,6.1,9.8,8.0,7.3,5.1,4.5,4.5,1.1,2.7,3.8,7.4],[4.2,5.4,6.9,6.9,7.0,5.7,5.0,4.4,3.9,3.9,5.0,5.8,9.1,7.0,6.8,5.0,4.1,4.7,2.3,0.9,2.4,5.7],[4.2,5.3,6.5,7.1,7.0,5.5,4.7,3.9,4.7,4.7,5.0,6.2,9.2,7.2,7.1,5.1,4.6,5.4,2.9,2.5,1.0,5.0],[8.2,11.0,11.5,13.4,14.2,12.6,10.8,9.3,11.4,11.0,11.8,12.9,17.8,14.4,14.4,11.9,10.5,12.2,9.7,6.4,7.3,2.2]],
  "token_chain_ids": ["A","A","A","A","A","A","A","A","A","A","A","A","A","A","A","A","A","A","A","A","A","A"],
  "token_res_ids": [1,2,3,4,5,6,7,8,9,10,11,12,13,14,15,16,17,18,19,20,21,22]
}