{
  "atom_chain_ids": ["A","A","A","A","A","A","A","A","A","A","A","A","A","A","A","A","A","A","A","A","A","A","A","A","A","A","A","A","A","A","A","A","A","A","A","A","A","A","A","A","A","A","A","A","A","A","A","A","A","A","A","A","A","A","A","A","A","A","A","A","A","A","A","A","A","A","A","A","A","A","A","A","A","A","A","A","A","A","A","A","A","A","A","A","A","A","A","A","A","A","A","A","A","A","A","A","A","A","A","A","A","A","A","A","A","A","A","A","A","A","A","A","A","A","A","A","A","A","A","A","A","A","A","A","A","A","A","A","A","A","A","A","A","A","A","A","A","A","A","A","A","A","A","A","A","A","A","A","A","A","A","A","A","A","A","A","A","A","A","A","A","A","A","A","A","A","A","A","A","A","A","A","A","A","A","A","A","A","A","A","A","A","A","A","A","A","A","A","A","A","A","A","A","A","A","A","A","A","A","A","A","A","A","A","A","A","A","A","A","A","A","A","A","A","A","A","A","A","A","A","A","A","A","A","A","A","A","A","A","A","A","A","A","A","A","A","A","A","A","A","A","A","A","A","A","A","A","A","A","A","A","A","A","A","A","A","A","A","A","A","A","A","A","A","A","A","A","A","A","A","A","A","A","A","A","A","A","A","A","A","A","A","A","A","A","A","A","A","A","A","A","A","A","A","A","A","A","A","A","A","A","A","A","A","A","A","A","A","A","A","A","A","A","A","A","A","A","A","A","A","A","A","A","A","A","A","A","A","A","A","A","A","A","A","A","A","A","A","A","A","A","A","A","A","A","A","A","A","A","A","A","A","A","A","A","A","A","A","A","A","A","A","A","A","A","A","A","A","A","A","A","A","A","A","A","A","A","A","A","A","A","A","A","A","A","A","A","A","A","A","A","A","A","A","A","A","A","A","A","A","A","A","A","A","A"],
  "atom_plddts": [68.84,69.13,64.27,65.66,69.24,73.12,75.42,76.27,76.23,75.32,76.47,76.75,77.25,77.7,77.34,78.01,78.38,77.96,77.58,77.82,77.81,77.83,78.8,71.98,68.63,69.33,72.71,74.01,75.88,76.1,75.84,74.7,76.13,76.45,77.05,77.54,77.22,77.78,78.36,77.99,77.97,77.77,77.6,77.6,78.29,73.39,70.91,70.67,72.62,72.54,73.94,74.67,74.31,73.1,74.09,73.06,74.55,74.7,74.69,74.87,75.68,75.39,75.01,74.86,74.63,73.88,75.35,71.56,67.68,67.74,71.38,70.62,72.69,71.32,72.94,71.71,69.09,67.43,69.31,66.47,63.14,61.34,61.47,59.99,57.88,59.66,63.05,65.62,59.27,60.44,66.59,67.07,70.19,70.1,71.59,70.23,69.44,68.0,70.0,68.43,65.39,64.14,64.82,63.63,61.58,62.89,65.47,68.58,63.55,64.3,69.21,70.12,72.06,73.54,73.6,72.33,73.84,73.97,74.76,75.23,74.76,75.37,76.24,75.88,75.46,75.5,75.42,75.32,76.32,69.97,67.13,67.59,70.68,72.2,73.61,74.61,74.04,72.99,74.42,74.71,74.79,75.35,75.02,75.59,76.27,76.12,76.06,75.75,75.45,75.31,76.07,73.78,71.88,72.16,73.63,73.57,75.19,75.55,75.29,74.04,75.02,74.66,75.56,75.68,75.56,75.88,76.4,76.01,75.89,75.77,75.56,74.94,76.07,72.15,69.24,69.44,71.55,69.43,71.46,70.95,70.81,69.96,67.94,66.58,69.42,68.2,66.91,65.76,66.49,65.67,63.95,65.01,66.6,69.03,64.56,65.09,69.36,68.07,70.54,70.05,69.93,69.04,67.17,65.59,68.53,67.16,65.17,63.96,64.95,63.9,61.95,63.07,64.86,65.76,59.56,59.93,66.19,67.14,69.09,70.3,70.77,69.33,69.06,68.19,70.06,69.08,66.78,65.69,66.83,66.06,64.14,65.3,67.21,63.32,57.89,58.61,64.24,64.53,67.39,67.9,68.58,67.8,66.36,64.9,67.14,65.83,62.92,61.77,62.56,61.44,59.35,60.76,62.95,69.49,64.93,64.6,70.09,71.54,73.31,74.34,73.72,72.65,74.18,74.28,74.99,75.49,75.09,75.54,76.49,76.27,75.92,75.9,75.82,75.77,76.64,71.69,69.22,69.25,71.75,72.96,74.53,74.99,74.57,73.4,74.63,74.53,75.29,75.76,75.58,75.97,76.65,76.47,76.39,76.1,75.87,75.52,76.44,71.54,69.28,69.01,71.0,70.71,71.91,72.72,72.38,71.03,71.97,70.76,72.35,72.48,72.31,72.3,73.26,72.92,72.16,72.24,72.27,71.24,72.94,66.7,63.64,63.65,66.44,65.45,66.84,65.14,66.38,65.4,62.31,59.86,61.96,59.2,56.54,54.67,54.37,52.87,50.43,52.85,56.04,68.32,63.11,63.22,68.95,70.42,72.46,74.2,73.95,72.93,74.28,74.27,74.83,75.25,74.54,75.07,75.89,75.45,74.97,75.04,75.04,75.24,76.25,71.72,68.56,68.83,72.28,73.84,75.44,76.03,75.53,74.6,75.63,75.9,76.25,76.75,76.39,76.84,77.39,77.18,77.09,76.97,76.72,76.61,77.37,73.12,71.93,71.26,72.07,72.31,72.8,73.53,72.47,71.43,72.32,71.24,72.62,72.86,73.09,73.02,74.01,73.87,73.32,73.19,72.9,72.01,73.5],
  "contact_probs": [[1.0,1.0,0.2,0.03,0.02,0.12,0.36,0.65,0.39,0.28,0.73,0.14,0.34,0.69,0.13,0.01,0.02,0.04,0.05],[1.0,1.0,0.98,0.24,0.23,0.35,0.54,0.52,0.07,0.04,0.37,0.03,0.1,0.21,0.43,0.04,0.05,0.05,0.04],[0.2,0.98,1.0,0.65,0.59,0.69,0.61,0.2,0.02,0.01,0.02,0.01,0.03,0.09,0.17,0.11,0.06,0.05,0.04],[0.03,0.24,0.65,1.0,0.59,0.3,0.08,0.02,0.01,0.0,0.01,0.01,0.01,0.05,0.29,0.25,0.14,0.01,0.01],[0.02,0.23,0.59,0.59,1.0,0.76,0.15,0.03,0.01,0.01,0.01,0.01,0.01,0.06,0.34,0.38,0.31,0.07,0.02],[0.12,0.35,0.69,0.3,0.76,1.0,0.99,0.22,0.01,0.01,0.03,0.02,0.03,0.06,0.1,0.19,0.29,0.6,0.19],[0.36,0.54,0.61,0.08,0.15,0.99,1.0,0.99,0.45,0.08,0.15,0.05,0.05,0.07,0.04,0.03,0.11,0.25,0.62],[0.65,0.52,0.2,0.02,0.03,0.22,0.99,1.0,0.9,0.55,0.59,0.16,0.06,0.04,0.03,0.01,0.03,0.1,0.21],[0.39,0.07,0.02,0.01,0.01,0.01,0.45,0.9,1.0,0.81,0.6,0.34,0.06,0.01,0.01,0.01,0.01,0.05,0.37],[0.28,0.04,0.01,0.0,0.01,0.01,0.08,0.55,0.81,1.0,0.72,0.52,0.12,0.02,0.01,0.01,0.01,0.05,0.42],[0.73,0.37,0.02,0.01,0.01,0.03,0.15,0.59,0.6,0.72,1.0,0.52,0.62,0.24,0.03,0.01,0.03,0.14,0.3],[0.14,0.03,0.01,0.01,0.01,0.02,0.05,0.16,0.34,0.52,0.52,1.0,0.77,0.08,0.02,0.01,0.05,0.41,0.73],[0.34,0.1,0.03,0.01,0.01,0.03,0.05,0.06,0.06,0.12,0.62,0.77,1.0,1.0,0.18,0.04,0.6,0.73,0.37],[0.69,0.21,0.09,0.05,0.06,0.06,0.07,0.04,0.01,0.02,0.24,0.08,1.0,1.0,0.98,0.27,0.78,0.3,0.11],[0.13,0.43,0.17,0.29,0.34,0.1,0.04,0.03,0.01,0.01,0.03,0.02,0.18,0.98,1.0,0.63,0.69,0.15,0.09],[0.01,0.04,0.11,0.25,0.38,0.19,0.03,0.01,0.01,0.01,0.01,0.01,0.04,0.27,0.63,1.0,0.68,0.13,0.01],[0.02,0.05,0.06,0.14,0.31,0.29,0.11,0.03,0.01,0.01,0.03,0.05,0.6,0.78,0.69,0.68,1.0,0.99,0.06],[0.04,0.05,0.05,0.01,0.07,0.6,0.25,0.1,0.05,0.05,0.14,0.41,0.73,0.3,0.15,0.13,0.99,1.0,1.0],[0.05,0.04,0.04,0.01,0.02,0.19,0.62,0.21,0.37,0.42,0.3,0.73,0.37,0.11,0.09,0.01,0.06,1.0,1.0]],
  "pae": [[0.9,1.9,3.3,6.0,6.7,5.5,4.4,4.3,4.9,5.4,4.2,5.2,4.9,4.7,5.0,8.8,5.5,5.8,5.3],[1.7,0.9,2.0,5.0,5.5,4.7,3.8,4.3,5.2,5.5,4.7,5.8,5.1,4.2,4.9,7.7,4.4,4.2,4.6],[3.1,2.0,1.0,4.1,4.8,3.9,4.0,5.1,6.0,6.6,5.3,7.0,5.5,5.7,5.3,8.1,5.0,5.2,5.8],[6.8,4.9,3.9,1.3,4.7,4.8,6.6,8.1,9.5,9.9,8.2,10.3,8.6,8.1,7.2,9.0,8.1,8.4,9.2],[7.5,6.2,5.5,4.2,1.3,3.7,5.4,7.7,8.9,9.6,8.6,9.9,8.9,8.7,7.2,7.7,6.8,7.8,8.7],[5.1,4.5,3.9,4.5,3.3,0.9,2.2,4.1,5.4,6.4,6.0,6.7,5.8,5.7,5.1,7.6,4.8,4.8,4.9],[4.0,3.8,3.8,5.5,4.0,1.9,0.9,2.3,3.7,4.8,4.7,5.8,5.1,5.3,4.8,8.2,4.5,4.4,4.4],[4.0,4.2,4.4,6.3,5.5,3.4,2.1,0.9,2.7,4.1,4.1,5.6,5.4,5.9,6.1,8.7,5.3,4.8,4.7],[6.1,6.1,7.1,9.2,8.7,6.5,4.8,3.5,1.0,3.6,3.9,4.9,6.6,7.3,8.4,11.9,8.8,7.1,6.2],[6.6,7.1,8.6,10.6,10.5,8.3,5.7,4.8,3.3,1.1,4.7,4.5,7.0,7.8,9.0,12.2,9.5,8.1,6.5],[6.0,6.7,8.4,9.6,9.1,7.8,6.1,4.9,3.8,3.6,1.1,4.7,5.8,7.2,9.5,11.0,8.8,7.3,6.2],[6.3,7.4,8.4,9.9,9.6,8.5,7.0,6.6,4.4,4.6,4.3,1.2,4.7,5.5,7.5,10.2,8.9,7.2,6.1],[5.0,5.3,5.3,7.3,7.3,5.8,5.0,5.5,6.0,5.5,4.2,3.2,1.0,1.9,3.7,6.8,4.4,4.8,4.6],[4.5,4.6,4.8,6.7,6.6,5.6,4.7,5.5,5.9,5.7,4.4,3.4,1.9,0.9,2.1,5.7,4.3,4.5,4.9],[5.7,5.8,5.2,6.9,6.5,6.6,6.5,8.0,7.9,7.7,6.1,6.2,4.3,2.4,1.0,5.4,3.7,6.3,6.6],[12.9,11.4,10.1,9.1,8.6,11.5,12.0,12.8,12.7,14.0,13.5,12.7,12.0,8.7,6.8,1.6,7.8,8.8,13.2],[5.1,5.1,4.8,6.2,5.7,4.3,5.4,6.3,6.5,6.7,5.6,5.0,5.3,4.0,3.7,4.8,0.9,1.7,3.6],[4.5,4.3,4.8,6.3,5.9,4.3,4.0,4.5,5.7,6.1,5.0,4.1,4.6,3.9,4.6,5.4,1.8,0.9,1.8],[5.7,5.5,6.6,8.1,7.4,5.3,5.2,4.8,5.5,5.7,5.6,4.6,4.6,5.1,5.7,7.8,2.8,1.9,1.0]],
  "token_chain_ids": ["A","A","A","A","A","A","A","A","A","A","A","A","A","A","A","A","A","A","A"],
  "token_res_ids": [1,2,3,4,5,6,7,8,9,10,11,12,13,14,15,16,17,18,19]
}