{
  "atom_chain_ids": ["A","A","A","A","A","A","A","A","A","A","A","A","A","A","A","A","A","A","A","A","A","A","A","A","A","A","A","A","A","A","A","A","A","A","A","A","A","A","A","A","A","A","A","A","A","A","A","A","A","A","A","A","A","A","A","A","A","A","A","A","A","A","A","A","A","A","A","A","A","A","A","A","A","A","A","A","A","A","A","A","A","A","A","A","A","A","A","A","A","A","A","A","A","A","A","A","A","A","A","A","A","A","A","A","A","A","A","A","A","A","A","A","A","A","A","A","A","A","A","A","A","A","A","A","A","A","A","A","A","A","A","A","A","A","A","A","A","A","A","A","A","A","A","A","A","A","A","A","A","A","A","A","A","A","A","A","A","A","A","A","A","A","A","A","A","A","A","A","A","A","A","A","A","A","A","A","A","A","A","A","A","A","A","A","A","A","A","A","A","A","A","A","A","A","A","A","A","A","A","A","A","A","A","A","A","A","A","A","A","A","A","A","A","A","A","A","A","A","A","A","A","A","A","A","A","A","A","A","A","A","A","A","A","A","A","A","A","A","A","A","A","A","A","A","A","A","A","A","A","A","A","A","A","A","A","A","A","A","A","A","A","A","A","A","A","A","A","A","A","A","A","A","A","A","A","A","A","A","A","A","A","A","A","A","A","A","A","A","A","A","A","A","A","A","A","A","A","A","A","A","A","A","A","A","A","A","A","A","A","A","A","A","A","A","A","A","A","A","A","A","A","A","A","A","A","A","A","A","A","A","A","A","A","A","A","A","A","A","A","A","A","A","A","A","A","A","A","A","A","A","A","A","A","A","A","A","A","A","A","A","A","A","A","A","A","A","A","A","A","A","A","A","A","A","A","A","A","A","A","A","A","A","A","A","A","A","A","A","A","A","A","A","A","A","A","A","A","A","A","A","A","A","A","A","A"],
  "atom_plddts": [70.37,70.07,65.22,66.48,70.33,74.36,76.2,76.9,76.83,75.92,77.37,77.77,78.16,78.64,78.55,79.37,79.65,79.18,79.03,79.26,79.22,79.21,79.96,72.43,69.11,69.75,73.22,74.46,75.82,76.03,75.64,74.59,76.33,76.81,77.16,77.69,77.62,78.28,78.79,78.43,78.58,78.33,78.1,78.17,78.62,74.21,71.71,71.53,73.48,73.7,75.09,75.71,75.36,74.09,75.12,74.37,75.79,75.92,75.88,76.22,76.92,76.54,76.39,76.17,75.86,75.22,76.58,71.66,67.96,67.78,71.23,70.19,72.16,70.46,72.12,70.95,68.02,66.19,68.1,65.05,61.89,60.03,60.04,58.51,56.35,58.24,61.75,66.75,60.8,61.81,67.64,67.73,70.6,70.08,71.83,70.44,69.21,67.49,69.69,67.58,63.97,62.37,62.91,61.58,59.4,61.0,63.98,67.86,62.73,63.37,68.64,70.02,71.96,73.53,73.55,72.19,73.95,74.36,74.88,75.3,74.86,75.71,76.48,76.04,75.79,75.77,75.65,75.75,76.57,69.35,66.44,66.91,70.27,72.02,72.98,74.13,73.33,72.3,74.1,74.64,74.38,75.01,74.94,75.7,76.29,76.13,76.25,75.88,75.52,75.52,76.01,73.61,71.52,71.85,73.52,73.61,75.04,75.51,75.2,73.93,75.18,75.1,75.76,75.93,75.94,76.49,76.93,76.51,76.58,76.38,76.1,75.61,76.52,73.19,69.97,70.25,72.65,70.83,72.93,72.45,72.32,71.26,69.45,68.47,71.11,69.89,68.56,67.61,68.35,67.53,66.1,66.83,68.46,70.5,65.9,66.43,70.75,69.71,72.27,71.83,71.91,70.83,69.23,67.94,70.6,69.27,67.24,66.29,67.2,66.13,64.54,65.33,67.13,66.42,60.34,60.55,66.89,68.4,70.44,71.35,72.16,70.37,70.11,69.35,71.2,69.93,67.38,66.42,67.42,66.54,64.86,65.81,68.11,62.24,56.83,57.48,63.39,64.16,67.14,67.15,68.5,67.52,65.94,64.46,66.53,64.63,61.14,59.82,60.3,59.0,56.9,58.59,61.38,69.9,65.64,65.17,70.54,72.21,73.89,75.04,74.43,73.23,74.94,75.2,75.8,76.18,75.63,76.3,77.13,76.78,76.53,76.51,76.4,76.3,77.3,71.73,69.46,69.47,71.72,73.06,74.39,74.98,74.46,73.24,74.69,74.75,75.33,75.85,75.85,76.41,77.01,76.82,76.9,76.54,76.22,75.89,76.68,72.4,70.16,69.86,71.86,71.53,72.75,73.59,73.28,71.87,73.06,72.09,73.57,73.71,73.51,73.73,74.58,74.17,73.62,73.66,73.61,72.73,74.24,69.41,66.17,66.34,69.04,68.18,70.28,69.54,70.42,69.37,67.13,65.11,67.41,65.28,62.64,61.0,61.25,59.87,57.68,59.55,62.28,68.72,63.53,63.53,69.31,70.64,72.51,74.25,74.01,73.02,74.37,74.46,74.97,75.4,74.82,75.47,76.21,75.73,75.36,75.39,75.34,75.55,76.47,72.76,69.78,70.12,73.22,74.43,75.73,76.23,75.7,74.75,75.98,76.34,76.78,77.37,77.25,77.83,78.33,78.08,78.17,77.98,77.65,77.53,78.12,72.0,70.44,69.65,71.11,71.48,71.68,72.64,71.38,70.36,71.65,71.01,72.01,72.37,72.84,73.08,73.97,73.79,73.45,73.26,72.89,72.26,73.4],
  "contact_probs": [[1.0,1.0,0.2,0.03,0.02,0.12,0.36,0.65,0.39,0.28,0.73,0.14,0.34,0.69,0.13,0.01,0.02,0.04,0.05],[1.0,1.0,0.98,0.24,0.23,0.35,0.54,0.52,0.07,0.04,0.37,0.03,0.1,0.21,0.43,0.04,0.05,0.05,0.04],[0.2,0.98,1.0,0.65,0.59,0.69,0.61,0.2,0.02,0.01,0.02,0.01,0.03,0.09,0.17,0.11,0.06,0.05,0.04],[0.03,0.24,0.65,1.0,0.59,0.3,0.08,0.02,0.01,0.0,0.01,0.01,0.01,0.05,0.29,0.25,0.14,0.01,0.01],[0.02,0.23,0.59,0.59,1.0,0.76,0.15,0.03,0.01,0.01,0.01,0.01,0.01,0.06,0.34,0.38,0.31,0.07,0.02],[0.12,0.35,0.69,0.3,0.76,1.0,0.99,0.22,0.01,0.01,0.03,0.02,0.03,0.06,0.1,0.19,0.29,0.6,0.19],[0.36,0.54,0.61,0.08,0.15,0.99,1.0,0.99,0.45,0.08,0.15,0.05,0.05,0.07,0.04,0.03,0.11,0.25,0.62],[0.65,0.52,0.2,0.02,0.03,0.22,0.99,1.0,0.9,0.55,0.59,0.16,0.06,0.04,0.03,0.01,0.03,0.1,0.21],[0.39,0.07,0.02,0.01,0.01,0.01,0.45,0.9,1.0,0.81,0.6,0.34,0.06,0.01,0.01,0.01,0.01,0.05,0.37],[0.28,0.04,0.01,0.0,0.01,0.01,0.08,0.55,0.81,1.0,0.72,0.52,0.12,0.02,0.01,0.01,0.01,0.05,0.42],[0.73,0.37,0.02,0.01,0.01,0.03,0.15,0.59,0.6,0.72,1.0,0.52,0.62,0.24,0.03,0.01,0.03,0.14,0.3],[0.14,0.03,0.01,0.01,0.01,0.02,0.05,0.16,0.34,0.52,0.52,1.0,0.77,0.08,0.02,0.01,0.05,0.41,0.73],[0.34,0.1,0.03,0.01,0.01,0.03,0.05,0.06,0.06,0.12,0.62,0.77,1.0,1.0,0.18,0.04,0.6,0.73,0.37],[0.69,0.21,0.09,0.05,0.06,0.06,0.07,0.04,0.01,0.02,0.24,0.08,1.0,1.0,0.98,0.27,0.78,0.3,0.11],[0.13,0.43,0.17,0.29,0.34,0.1,0.04,0.03,0.01,0.01,0.03,0.02,0.18,0.98,1.0,0.63,0.69,0.15,0.09],[0.01,0.04,0.11,0.25,0.38,0.19,0.03,0.01,0.01,0.01,0.01,0.01,0.04,0.27,0.63,1.0,0.68,0.13,0.01],[0.02,0.05,0.06,0.14,0.31,0.29,0.11,0.03,0.01,0.01,0.03,0.05,0.6,0.78,0.69,0.68,1.0,0.99,0.06],[0.04,0.05,0.05,0.01,0.07,0.6,0.25,0.1,0.05,0.05,0.14,0.41,0.73,0.3,0.15,0.13,0.99,1.0,1.0],[0.05,0.04,0.04,0.01,0.02,0.19,0.62,0.21,0.37,0.42,0.3,0.73,0.37,0.11,0.09,0.01,0.06,1.0,1.0]],
  "pae": [[0.9,1.8,3.0,6.2,6.4,5.3,4.3,4.0,4.4,4.6,3.6,5.5,3.9,4.1,4.6,7.2,5.3,5.0,4.9],[1.7,0.9,1.8,4.9,5.3,4.6,4.0,4.1,4.8,5.2,4.6,6.3,4.8,3.6,4.7,6.3,4.2,4.2,4.4],[3.1,2.0,0.9,4.3,4.8,3.9,4.1,4.9,5.9,6.7,5.6,7.9,5.5,5.5,4.7,6.9,4.7,5.1,5.8],[8.0,5.9,4.9,1.4,5.0,5.8,7.3,8.3,10.2,11.1,9.7,12.0,9.6,9.3,7.6,8.1,9.0,9.4,10.7],[7.5,6.5,5.3,4.2,1.3,4.0,5.5,7.5,9.4,10.4,9.3,11.6,9.6,8.2,6.1,6.3,6.4,7.2,8.8],[5.4,4.7,4.0,4.3,3.3,0.9,2.2,3.8,5.5,6.1,5.9,7.8,6.2,6.1,5.0,5.8,5.3,5.1,5.6],[3.7,3.7,3.4,5.3,3.8,2.0,0.9,2.0,3.4,4.4,4.7,6.2,5.3,5.3,4.5,5.7,4.3,4.6,4.3],[3.8,3.9,3.8,6.2,5.3,3.2,2.0,0.9,2.3,3.2,3.9,6.1,5.2,5.6,5.3,6.3,5.0,4.8,4.3],[5.8,6.2,6.5,8.9,8.2,5.9,4.4,3.3,1.1,3.5,3.8,6.1,6.1,6.9,7.5,9.5,8.2,7.0,6.3],[6.0,7.1,8.1,10.2,9.6,8.3,5.6,4.5,3.0,1.1,4.4,5.6,5.9,7.2,8.7,10.4,8.9,8.1,6.6],[5.4,7.1,8.5,10.0,9.2,7.1,5.8,4.7,3.6,3.5,1.1,4.4,4.4,6.7,9.2,10.4,9.4,6.8,6.4],[6.3,8.9,10.5,12.3,11.9,10.5,8.6,7.4,5.2,4.8,4.2,1.3,5.1,5.6,10.0,11.6,10.5,7.4,7.9],[4.7,5.9,6.6,7.6,6.8,6.2,5.9,5.5,5.7,4.8,3.8,3.7,1.0,2.1,4.4,6.3,5.1,5.3,5.1],[4.2,4.8,5.3,6.4,6.0,5.5,5.4,5.7,5.5,5.1,4.7,4.0,1.8,0.9,2.5,5.1,4.6,4.7,5.1],[4.8,5.2,5.0,6.2,5.4,5.4,5.9,6.1,6.6,6.9,6.0,6.6,3.7,2.3,0.9,4.9,3.5,4.7,6.3],[8.7,8.4,7.6,7.2,6.1,7.3,8.7,8.5,9.8,10.7,9.6,9.9,8.0,5.4,4.3,1.5,4.3,5.2,9.4],[4.8,5.0,4.8,6.1,5.2,4.5,5.2,5.4,5.9,6.3,5.8,6.6,4.5,3.9,3.5,3.6,0.9,1.5,3.1],[4.3,4.5,4.9,6.4,5.6,4.7,4.1,4.3,5.2,5.4,5.3,6.1,4.3,3.9,4.2,4.3,1.8,0.9,1.7],[5.6,6.2,7.2,8.1,7.5,5.3,5.1,4.8,5.2,5.4,5.3,6.6,4.8,5.6,5.8,6.8,3.0,1.7,1.0]],
  "token_chain_ids": ["A","A","A","A","A","A","A","A","A","A","A","A","A","A","A","A","A","A","A"],
  "token_res_ids": [1,2,3,4,5,6,7,8,9,10,11,12,13,14,15,16,17,18,19]
}