{
  "atom_chain_ids": ["A","A","A","A","A","A","A","A","A","A","A","A","A","A","A","A","A","A","A","A","A","A","A","A","A","A","A","A","A","A","A","A","A","A","A","A","A","A","A","A","A","A","A","A","A","A","A","A","A","A","A","A","A","A","A","A","A","A","A","A","A","A","A","A","A","A","A","A","A","A","A","A","A","A","A","A","A","A","A","A","A","A","A","A","A","A","A","A","A","A","A","A","A","A","A","A","A","A","A","A","A","A","A","A","A","A","A","A","A","A","A","A","A","A","A","A","A","A","A","A","A","A","A","A","A","A","A","A","A","A","A","A","A","A","A","A","A","A","A","A","A","A","A","A","A","A","A","A","A","A","A","A","A","A","A","A","A","A","A","A","A","A","A","A","A","A","A","A","A","A","A","A","A","A","A","A","A","A","A","A","A","A","A","A","A","A","A","A","A","A","A","A","A","A","A","A","A","A","A","A","A","A","A","A","A","A","A","A","A","A","A","A","A","A","A","A","A","A","A","A","A","A","A","A","A","A","A","A","A","A","A","A","A","A","A","A","A","A","A","A","A","A","A","A","A","A","A","A","A","A","A","A","A","A","A","A","A","A","A","A","A","A","A","A","A","A","A","A","A","A","A","A","A","A","A","A","A","A","A","A","A","A","A","A","A","A","A","A","A","A","A","A","A","A","A","A","A","A","A","A","A","A","A","A","A","A","A","A","A","A","A","A","A","A","A","A","A","A","A","A","A","A","A","A","A","A","A","A","A","A","A","A","A","A","A","A","A","A","A","A","A","A","A","A","A","A","A","A","A","A","A","A","A","A","A","A","A","A","A","A","A","A","A","A","A","A","A","A","A","A","A","A","A","A","A","A","A","A","A","A","A","A","A","A","A","A","A","A","A","A","A","A","A","A","A","A","A","A","A","A","A","A","A","A","A"],
  "atom_plddts": [67.82,67.32,62.41,63.63,67.3,70.95,72.64,73.77,73.37,72.57,73.88,74.21,74.38,74.91,75.15,75.93,76.32,76.01,75.66,75.82,75.7,75.78,76.59,66.35,63.54,63.94,66.89,68.23,69.18,70.74,69.47,68.5,70.1,70.47,70.22,70.87,71.18,71.76,72.29,72.09,71.88,71.67,71.59,71.54,72.11,70.0,67.84,67.59,69.19,69.44,70.47,71.46,71.01,69.72,70.81,69.49,70.63,70.76,70.99,71.13,71.88,71.66,71.18,70.97,70.82,70.0,71.36,68.54,65.36,65.28,68.23,67.23,69.33,67.27,69.13,68.14,64.99,63.27,64.74,61.6,58.47,56.61,56.17,54.65,52.59,54.83,58.46,63.66,58.47,59.17,64.46,64.31,66.84,65.6,67.44,66.28,64.56,62.71,64.73,62.42,59.24,57.64,57.76,56.46,54.28,56.15,59.18,63.93,58.94,59.46,64.69,66.71,68.18,70.08,69.68,68.4,70.17,70.57,70.48,70.98,70.65,71.33,72.15,71.85,71.37,71.32,71.33,71.47,72.28,64.06,61.61,61.82,64.68,66.96,67.57,69.35,68.05,67.05,68.64,68.96,68.1,68.79,68.98,69.56,70.2,70.16,69.93,69.53,69.36,69.22,69.84,70.0,68.43,68.49,69.65,69.97,71.06,71.74,71.26,69.97,71.04,70.5,70.96,71.07,71.33,71.69,72.1,71.83,71.57,71.38,71.27,70.54,71.59,68.98,66.14,66.26,68.35,66.17,67.54,67.01,66.74,66.1,63.78,62.83,65.35,64.16,63.44,62.64,62.91,62.19,60.59,61.62,63.32,65.22,60.45,60.93,66.01,65.01,67.38,66.56,66.68,65.94,63.9,62.91,65.3,63.74,61.95,61.04,61.32,60.17,58.34,59.73,61.92,63.33,57.54,57.76,63.52,64.38,66.0,67.01,67.51,66.19,65.62,64.82,66.58,65.58,63.78,62.79,63.56,62.81,60.9,62.16,64.13,63.51,58.06,58.75,64.12,64.54,67.6,68.29,68.79,68.06,66.94,65.93,67.89,67.1,64.83,64.06,64.83,63.83,62.07,63.18,65.02,67.75,63.67,63.27,68.32,70.14,71.46,72.79,71.92,70.78,72.47,72.65,72.96,73.43,72.97,73.44,74.33,74.13,73.7,73.66,73.64,73.52,74.5,69.1,66.92,66.82,69.16,70.53,71.73,72.66,71.9,70.79,72.19,72.11,72.44,73.0,72.97,73.39,74.02,73.88,73.74,73.43,73.25,72.94,73.74,69.17,67.09,66.82,68.61,68.46,69.32,70.37,69.8,68.49,69.58,68.37,69.66,69.8,69.87,69.99,70.84,70.52,69.82,69.79,69.83,68.9,70.33,64.02,60.89,61.44,64.28,64.07,65.96,64.52,66.15,65.05,62.64,60.56,62.05,59.44,56.14,54.38,53.95,52.58,50.45,52.83,55.99,65.84,60.95,61.11,66.48,68.37,69.9,71.89,71.43,70.36,71.93,72.12,72.17,72.66,72.11,72.74,73.43,72.99,72.51,72.57,72.6,72.86,73.77,70.15,67.36,67.56,70.61,72.08,73.14,74.11,73.2,72.33,73.61,73.9,73.89,74.49,74.42,74.92,75.41,75.25,75.19,75.02,74.77,74.65,75.28,70.71,69.6,68.79,69.58,70.12,70.37,71.31,70.13,69.05,70.15,69.18,70.15,70.37,70.67,70.76,71.62,71.49,70.92,70.76,70.56,69.78,71.09],
  "contact_probs": [[1.0,1.0,0.2,0.03,0.02,0.12,0.36,0.65,0.39,0.28,0.73,0.14,0.34,0.69,0.13,0.01,0.02,0.04,0.05],[1.0,1.0,0.98,0.24,0.23,0.35,0.54,0.52,0.07,0.04,0.37,0.03,0.1,0.21,0.43,0.04,0.05,0.05,0.04],[0.2,0.98,1.0,0.65,0.59,0.69,0.61,0.2,0.02,0.01,0.02,0.01,0.03,0.09,0.17,0.11,0.06,0.05,0.04],[0.03,0.24,0.65,1.0,0.59,0.3,0.08,0.02,0.01,0.0,0.01,0.01,0.01,0.05,0.29,0.25,0.14,0.01,0.01],[0.02,0.23,0.59,0.59,1.0,0.76,0.15,0.03,0.01,0.01,0.01,0.01,0.01,0.06,0.34,0.38,0.31,0.07,0.02],[0.12,0.35,0.69,0.3,0.76,1.0,0.99,0.22,0.01,0.01,0.03,0.02,0.03,0.06,0.1,0.19,0.29,0.6,0.19],[0.36,0.54,0.61,0.08,0.15,0.99,1.0,0.99,0.45,0.08,0.15,0.05,0.05,0.07,0.04,0.03,0.11,0.25,0.62],[0.65,0.52,0.2,0.02,0.03,0.22,0.99,1.0,0.9,0.55,0.59,0.16,0.06,0.04,0.03,0.01,0.03,0.1,0.21],[0.39,0.07,0.02,0.01,0.01,0.01,0.45,0.9,1.0,0.81,0.6,0.34,0.06,0.01,0.01,0.01,0.01,0.05,0.37],[0.28,0.04,0.01,0.0,0.01,0.01,0.08,0.55,0.81,1.0,0.72,0.52,0.12,0.02,0.01,0.01,0.01,0.05,0.42],[0.73,0.37,0.02,0.01,0.01,0.03,0.15,0.59,0.6,0.72,1.0,0.52,0.62,0.24,0.03,0.01,0.03,0.14,0.3],[0.14,0.03,0.01,0.01,0.01,0.02,0.05,0.16,0.34,0.52,0.52,1.0,0.77,0.08,0.02,0.01,0.05,0.41,0.73],[0.34,0.1,0.03,0.01,0.01,0.03,0.05,0.06,0.06,0.12,0.62,0.77,1.0,1.0,0.18,0.04,0.6,0.73,0.37],[0.69,0.21,0.09,0.05,0.06,0.06,0.07,0.04,0.01,0.02,0.24,0.08,1.0,1.0,0.98,0.27,0.78,0.3,0.11],[0.13,0.43,0.17,0.29,0.34,0.1,0.04,0.03,0.01,0.01,0.03,0.02,0.18,0.98,1.0,0.63,0.69,0.15,0.09],[0.01,0.04,0.11,0.25,0.38,0.19,0.03,0.01,0.01,0.01,0.01,0.01,0.04,0.27,0.63,1.0,0.68,0.13,0.01],[0.02,0.05,0.06,0.14,0.31,0.29,0.11,0.03,0.01,0.01,0.03,0.05,0.6,0.78,0.69,0.68,1.0,0.99,0.06],[0.04,0.05,0.05,0.01,0.07,0.6,0.25,0.1,0.05,0.05,0.14,0.41,0.73,0.3,0.15,0.13,0.99,1.0,1.0],[0.05,0.04,0.04,0.01,0.02,0.19,0.62,0.21,0.37,0.42,0.3,0.73,0.37,0.11,0.09,0.01,0.06,1.0,1.0]],
  "pae": [[0.9,1.9,3.7,7.2,8.3,6.5,5.3,4.9,5.6,6.1,4.5,5.6,5.5,5.5,6.2,8.5,6.4,6.0,5.7],[2.1,0.9,2.2,5.4,7.1,6.0,4.9,5.4,6.4,7.0,5.7,6.9,6.4,4.9,5.6,7.6,5.5,5.2,5.3],[3.6,2.6,1.0,5.1,6.0,5.1,5.1,6.2,7.5,8.0,6.8,8.2,6.7,6.5,5.6,7.9,6.0,6.2,6.7],[9.0,7.4,5.2,1.3,5.7,6.4,8.6,9.9,11.0,12.0,10.2,12.8,12.3,11.1,9.0,7.0,12.2,11.2,12.1],[9.3,7.5,6.1,4.8,1.3,6.3,7.2,10.2,10.7,12.5,11.2,12.7,11.3,11.2,8.0,6.7,8.9,10.4,11.5],[6.5,5.6,4.8,5.5,4.4,1.0,2.5,4.7,6.4,7.6,7.3,8.6,7.8,7.7,6.1,7.6,6.7,6.5,6.3],[5.3,5.4,5.5,6.7,5.0,2.6,0.9,2.8,4.7,5.8,5.9,7.7,6.9,6.9,6.0,8.0,5.8,6.0,5.5],[4.9,5.2,5.0,7.7,6.2,3.9,2.4,0.9,3.4,4.6,4.5,7.1,6.7,6.9,6.8,7.9,6.2,6.3,5.3],[8.3,9.0,9.6,11.5,10.5,7.9,5.9,5.8,1.1,4.1,4.9,8.2,10.0,10.8,11.3,11.8,10.6,8.9,6.8],[7.6,9.4,11.4,12.8,12.7,10.3,7.6,6.3,4.3,1.2,5.4,7.2,8.6,9.9,11.9,12.3,11.0,9.2,7.5],[6.3,8.7,9.9,11.2,10.6,9.0,7.2,5.8,4.2,4.4,1.2,5.9,6.2,8.8,11.2,10.7,9.7,7.0,6.1],[6.7,8.5,9.0,10.1,10.2,9.1,8.0,8.1,5.6,5.2,4.3,1.2,4.3,5.2,7.5,9.1,7.9,6.7,5.9],[5.3,6.2,6.5,7.9,7.9,6.7,6.1,6.2,7.1,6.5,4.2,3.1,1.0,2.2,4.1,6.4,5.1,4.9,4.3],[4.7,5.4,5.8,7.0,7.1,6.3,5.7,6.7,7.2,6.6,4.7,3.4,2.0,0.9,2.4,5.3,5.0,4.6,5.2],[5.9,6.0,5.6,7.0,7.0,6.4,6.9,7.5,8.0,8.0,6.4,5.8,4.1,2.7,0.9,4.9,3.8,4.9,6.2],[9.8,9.6,7.7,5.4,6.0,9.4,11.0,9.3,11.3,11.9,9.7,9.6,8.7,6.5,4.7,1.2,5.4,6.0,9.4],[5.4,5.4,5.1,6.7,6.6,5.3,5.5,6.5,7.0,6.9,5.7,4.7,5.0,4.2,3.7,3.6,0.9,1.6,3.3],[4.9,5.2,5.8,7.0,7.0,5.4,4.7,5.3,6.8,7.1,5.7,4.2,4.6,4.8,5.1,5.2,1.8,0.9,1.8],[6.2,6.5,7.5,9.2,8.7,6.0,5.5,5.7,6.6,7.0,5.5,4.6,4.4,5.8,6.1,7.5,2.9,1.9,1.0]],
  "token_chain_ids": ["A","A","A","A","A","A","A","A","A","A","A","A","A","A","A","A","A","A","A"],
  "token_res_ids": [1,2,3,4,5,6,7,8,9,10,11,12,13,14,15,16,17,18,19]
}