{
  "atom_chain_ids": ["A","A","A","A","A","A","A","A","A","A","A","A","A","A","A","A","A","A","A","A","A","A","A","A","A","A","A","A","A","A","A","A","A","A","A","A","A","A","A","A","A","A","A","A","A","A","A","A","A","A","A","A","A","A","A","A","A","A","A","A","A","A","A","A","A","A","A","A","A","A","A","A","A","A","A","A","A","A","A","A","A","A","A","A","A","A","A","A","A","A","A","A","A","A","A","A","A","A","A","A","A","A","A","A","A","A","A","A","A","A","A","A","A","A","A","A","A","A","A","A","A","A","A","A","A","A","A","A","A","A","A","A","A","A","A","A","A","A","A","A","A","A","A","A","A","A","A","A","A","A","A","A","A","A","A","A","A","A","A","A","A","A","A","A","A","A","A","A","A","A","A","A","A","A","A","A","A","A","A","A","A","A","A","A","A","A","A","A","A","A","A","A","A","A","A","A","A","A","A","A","A","A","A","A","A","A","A","A","A","A","A","A","A","A","A","A","A","A","A","A","A","A","A","A","A","A","A","A","A","A","A","A","A","A","A","A","A","A","A","A","A","A","A","A","A","A","A","A","A","A","A","A","A","A","A","A","A","A","A","A","A","A","A","A","A","A","A","A","A","A","A","A","A","A","A","A","A","A","A","A","A","A","A","A","A","A","A","A","A","A","A","A","A","A","A","A","A","A","A","A","A","A","A","A","A","A","A","A","A","A","A","A","A","A","A","A","A","A","A","A","A","A","A","A","A","A","A","A","A","A","A","A","A","A","A","A","A","A","A","A","A","A","A","A","A","A","A","A","A","A","A","A","A","A","A","A","A","A","A","A","A","A","A","A","A","A","A","A","A","A","A","A","A","A","A","A","A","A","A","A","A","A","A","A","A","A","A","A","A","A","A","A","A","A","A","A","A","A","A","A","A","A","A","A","A"],
  "atom_plddts": [68.93,68.7,63.89,65.12,68.82,72.75,74.47,75.38,75.15,74.35,75.79,76.21,76.47,76.97,77.15,78.06,78.33,77.9,77.72,77.88,77.78,77.79,78.57,69.36,66.23,66.64,70.24,71.58,72.61,73.58,72.7,71.79,73.66,74.38,74.12,74.73,74.83,75.66,76.12,75.76,75.86,75.57,75.37,75.55,75.93,72.99,70.58,70.32,72.33,72.56,73.64,74.48,73.99,72.73,74.06,73.44,74.54,74.73,74.89,75.38,75.98,75.61,75.59,75.31,74.96,74.46,75.52,70.87,67.22,67.18,70.46,69.61,72.01,70.37,72.12,70.98,68.08,66.57,68.32,65.31,62.11,60.37,60.18,58.63,56.72,58.61,62.18,66.1,60.25,61.07,66.98,67.09,69.94,69.27,71.15,69.87,68.6,66.98,68.96,66.67,63.16,61.59,61.91,60.6,58.48,60.21,63.32,67.56,62.79,63.24,68.37,69.87,71.46,73.06,72.91,71.65,73.42,73.94,74.16,74.57,74.11,75.01,75.72,75.31,75.09,75.02,74.89,75.0,75.74,68.56,65.8,66.11,69.55,71.4,71.99,73.33,72.3,71.39,73.36,74.11,73.4,74.04,74.12,74.98,75.51,75.35,75.53,75.14,74.77,74.88,75.2,73.38,71.55,71.84,73.27,73.37,74.57,75.11,74.72,73.44,74.8,74.82,75.32,75.48,75.54,76.16,76.51,76.1,76.24,76.0,75.7,75.23,76.03,69.39,66.21,66.51,68.99,66.99,68.64,67.86,67.87,67.13,64.7,64.24,66.35,64.95,64.0,63.29,63.41,62.64,61.18,62.14,64.08,66.61,61.62,62.31,67.56,66.98,69.59,68.89,69.16,68.16,66.39,65.68,67.72,66.16,64.19,63.35,63.73,62.62,61.0,62.1,64.31,64.77,58.76,59.07,65.06,66.28,68.26,69.33,69.72,68.38,68.19,67.65,69.28,68.38,66.56,65.81,66.7,65.97,64.35,65.32,67.21,62.71,57.34,57.9,63.42,64.16,67.33,67.36,68.17,67.31,65.82,64.54,66.64,65.26,62.6,61.57,62.18,61.01,59.13,60.44,62.78,67.37,62.84,62.4,68.08,70.11,71.51,72.97,72.12,70.97,72.97,73.5,73.57,74.08,73.74,74.53,75.35,75.05,74.8,74.77,74.69,74.76,75.57,70.57,68.31,68.18,70.72,72.09,73.19,74.01,73.33,72.18,73.79,74.03,74.21,74.77,74.8,75.46,76.01,75.8,75.93,75.52,75.22,75.07,75.67,71.06,68.9,68.55,70.64,70.61,71.54,72.39,71.95,70.53,71.78,70.91,72.15,72.27,72.18,72.43,73.17,72.74,72.22,72.26,72.25,71.41,72.81,67.15,63.94,64.15,67.21,66.8,68.93,66.97,68.9,67.49,64.58,62.69,64.33,61.12,57.4,55.49,54.98,53.39,51.25,53.66,57.25,68.1,63.36,63.44,68.92,70.72,72.19,73.8,73.39,72.4,74.09,74.57,74.64,75.15,74.63,75.41,75.99,75.5,75.3,75.34,75.27,75.6,76.24,71.64,68.84,69.14,72.23,73.7,74.77,75.49,74.76,73.84,75.22,75.72,75.81,76.41,76.28,76.92,77.36,77.11,77.21,77.01,76.69,76.63,77.18,71.65,70.26,69.51,70.94,71.58,71.65,72.54,71.26,70.2,71.63,71.23,72.03,72.36,72.77,73.11,73.88,73.66,73.4,73.21,72.85,72.27,73.33],
  "contact_probs": [[1.0,1.0,0.2,0.03,0.02,0.12,0.36,0.65,0.39,0.28,0.73,0.14,0.34,0.69,0.13,0.01,0.02,0.04,0.05],[1.0,1.0,0.98,0.24,0.23,0.35,0.54,0.52,0.07,0.04,0.37,0.03,0.1,0.21,0.43,0.04,0.05,0.05,0.04],[0.2,0.98,1.0,0.65,0.59,0.69,0.61,0.2,0.02,0.01,0.02,0.01,0.03,0.09,0.17,0.11,0.06,0.05,0.04],[0.03,0.24,0.65,1.0,0.59,0.3,0.08,0.02,0.01,0.0,0.01,0.01,0.01,0.05,0.29,0.25,0.14,0.01,0.01],[0.02,0.23,0.59,0.59,1.0,0.76,0.15,0.03,0.01,0.01,0.01,0.01,0.01,0.06,0.34,0.38,0.31,0.07,0.02],[0.12,0.35,0.69,0.3,0.76,1.0,0.99,0.22,0.01,0.01,0.03,0.02,0.03,0.06,0.1,0.19,0.29,0.6,0.19],[0.36,0.54,0.61,0.08,0.15,0.99,1.0,0.99,0.45,0.08,0.15,0.05,0.05,0.07,0.04,0.03,0.11,0.25,0.62],[0.65,0.52,0.2,0.02,0.03,0.22,0.99,1.0,0.9,0.55,0.59,0.16,0.06,0.04,0.03,0.01,0.03,0.1,0.21],[0.39,0.07,0.02,0.01,0.01,0.01,0.45,0.9,1.0,0.81,0.6,0.34,0.06,0.01,0.01,0.01,0.01,0.05,0.37],[0.28,0.04,0.01,0.0,0.01,0.01,0.08,0.55,0.81,1.0,0.72,0.52,0.12,0.02,0.01,0.01,0.01,0.05,0.42],[0.73,0.37,0.02,0.01,0.01,0.03,0.15,0.59,0.6,0.72,1.0,0.52,0.62,0.24,0.03,0.01,0.03,0.14,0.3],[0.14,0.03,0.01,0.01,0.01,0.02,0.05,0.16,0.34,0.52,0.52,1.0,0.77,0.08,0.02,0.01,0.05,0.41,0.73],[0.34,0.1,0.03,0.01,0.01,0.03,0.05,0.06,0.06,0.12,0.62,0.77,1.0,1.0,0.18,0.04,0.6,0.73,0.37],[0.69,0.21,0.09,0.05,0.06,0.06,0.07,0.04,0.01,0.02,0.24,0.08,1.0,1.0,0.98,0.27,0.78,0.3,0.11],[0.13,0.43,0.17,0.29,0.34,0.1,0.04,0.03,0.01,0.01,0.03,0.02,0.18,0.98,1.0,0.63,0.69,0.15,0.09],[0.01,0.04,0.11,0.25,0.38,0.19,0.03,0.01,0.01,0.01,0.01,0.01,0.04,0.27,0.63,1.0,0.68,0.13,0.01],[0.02,0.05,0.06,0.14,0.31,0.29,0.11,0.03,0.01,0.01,0.03,0.05,0.6,0.78,0.69,0.68,1.0,0.99,0.06],[0.04,0.05,0.05,0.01,0.07,0.6,0.25,0.1,0.05,0.05,0.14,0.41,0.73,0.3,0.15,0.13,0.99,1.0,1.0],[0.05,0.04,0.04,0.01,0.02,0.19,0.62,0.21,0.37,0.42,0.3,0.73,0.37,0.11,0.09,0.01,0.06,1.0,1.0]],
  "pae": [[0.9,1.7,3.3,6.7,7.6,6.2,5.1,4.8,5.6,5.8,4.2,5.4,4.9,4.9,5.4,7.8,5.9,5.4,5.4],[2.0,0.9,2.1,5.2,6.5,5.2,4.6,5.0,6.1,6.5,5.8,6.6,5.4,4.5,5.1,7.1,4.7,4.3,4.7],[3.3,2.1,1.0,5.2,5.6,4.4,4.2,5.3,6.7,7.3,6.6,7.8,5.8,6.1,5.2,7.3,5.0,5.3,6.2],[7.9,6.4,4.9,1.3,5.9,5.9,7.9,8.9,9.9,11.2,9.5,12.5,10.2,9.6,8.2,5.9,9.1,10.3,11.1],[8.1,7.6,5.5,5.1,1.3,5.1,6.6,8.8,9.6,11.3,10.3,11.7,9.6,8.7,7.3,6.3,6.3,8.2,9.7],[5.7,5.0,4.1,5.0,3.8,0.9,2.3,4.1,6.1,7.2,6.8,8.0,6.7,6.8,5.4,6.5,5.2,4.8,5.5],[4.4,4.5,4.3,6.2,4.5,2.1,0.9,2.4,4.6,5.2,5.6,7.1,6.0,6.0,5.4,7.1,4.5,4.8,4.4],[4.2,4.6,4.2,7.1,5.4,3.3,2.0,0.9,3.0,4.2,4.1,6.5,5.8,6.3,6.3,7.2,5.0,5.1,4.7],[7.4,8.1,8.6,10.7,10.2,7.5,5.5,5.4,1.0,4.1,4.2,5.5,8.3,9.4,10.3,11.3,10.0,8.8,7.6],[6.8,8.5,9.7,11.1,11.3,9.5,6.5,6.4,3.4,1.1,4.8,5.9,7.1,8.8,9.9,11.8,10.6,9.7,7.4],[5.8,7.7,8.9,10.2,10.0,8.1,7.0,5.7,3.7,4.1,1.1,4.6,5.4,7.3,10.3,10.2,9.5,7.2,6.5],[7.2,9.1,10.4,11.4,12.0,11.0,9.6,9.1,5.5,5.8,4.6,1.3,5.3,6.8,10.3,11.2,11.3,8.1,8.1],[5.2,6.1,6.6,7.6,7.3,6.5,6.4,6.2,6.9,6.4,4.1,3.6,1.0,2.2,4.5,6.5,5.4,5.4,5.2],[4.5,5.3,5.6,6.9,6.5,5.9,5.9,6.6,6.9,6.5,4.6,3.6,1.8,0.9,2.4,5.7,4.8,4.8,5.5],[4.9,5.3,4.9,6.9,6.4,5.8,6.2,6.7,7.6,7.6,6.0,6.0,3.7,2.3,0.9,4.8,3.3,4.9,6.3],[9.4,8.9,7.5,5.0,5.9,8.8,11.2,9.4,11.3,12.1,10.0,10.4,8.9,7.0,4.2,1.2,5.2,6.8,10.6],[4.7,4.6,4.2,5.7,5.4,4.2,5.4,5.5,6.8,6.8,5.8,5.9,4.7,3.8,3.4,3.5,0.9,1.5,3.0],[4.5,4.4,4.8,6.6,6.3,4.8,4.3,4.5,6.4,6.7,5.7,6.2,4.7,4.3,4.5,5.0,1.7,0.9,1.7],[5.7,5.8,6.7,8.1,7.6,5.6,5.0,4.7,5.6,6.5,5.0,5.7,4.7,5.4,5.8,7.2,2.9,1.7,1.0]],
  "token_chain_ids": ["A","A","A","A","A","A","A","A","A","A","A","A","A","A","A","A","A","A","A"],
  "token_res_ids": [1,2,3,4,5,6,7,8,9,10,11,12,13,14,15,16,17,18,19]
}