{
  "atom_chain_ids": ["A","B","C","C","C","C","C","C","C","C","C","C","C","C","C","C","C","C","C","C","C","C","C","C","C","C","C","C","C","C","C","C","C","C","C","C","C","C","C","C","C","C","C","C","C","C","C","C","C","C","C","C","C","C","C","C","C","C","C","C","C","C","C","C","C","C","C","C","C","C","C","C","C","C","C","C","C","C","C","C","C","C","C","C","C","C","C","C","C","C","C","C","C","C","C","C","C","C","C","C","C","C","C","C","C","C","C","C","C","C","C","C","C","C","C","C","C","C","C","C","C","C","C","C","C","C","C","C","C","C","C","C","C","C","C","C","C","C","C","C","C","C","C","C","C","C","C","C","C","C","C","C","C","C","C","C","C","C","C","C","C","C","C","C","C","C","C","C","C","C","C","C","C","C","C","C","C","C","C","C","C","C","C","C","C","C","C","C","C","C","C","C","C","C","C","C","C","C","C","C","C","C","C","C","C","C","C","C","C","C","C","C","C","C","C","C","C","C","C","C","C","C","C","C","C","C","C","C","C","C","C","C","C","C","C","C","C","C","C","C","C","C","C","C","C","C","C","C","C","C","C","C","C","C","C","C","C","C","C","C","C","C","C","C","C","C","C","C","C","C","C","C","C","C","C","C","C","C","C","C","C","C","C","C","C","C","C","C","C","C","C","C","C","C","C","C","C","C","C","C","C","C","C","C","C","C","C","C","C","C","C","C","C","C","C","C","C","C","C","C","C","C","C","C","C","C","C","C","C","C","C","C","C","C","C","C","C","C","C","C","C","C","C","C","C","C","C","C","C","C","C","C","C","C","C","C","C","C","C","C","C","C","C","C","C","C","C","C","C","C","C","C","C","C","C","C","C","C","C","C","C","C","C","C","C","C","C","C","C","C","C","C","C","C","C","C","C","C","C","C","C","C","C","C","C","C","C","C","C","C","C","C","C","C","C","C","C","C","C","C","C","C","C","C","C","C","C","C","C","C","C","C","C","C","C","C","C","C","C","C","C","C","C","C","C","C","C","C","C","C","C","C","C","C","C","C","C","C","C","C","C","C","C","C","C","C","C","C","C","C","C","C","C"],
  "atom_plddts": [86.81,86.25,55.81,57.22,50.43,50.23,58.1,58.41,59.8,59.32,62.4,61.76,58.81,58.42,59.8,56.62,53.46,52.04,51.24,49.26,47.59,49.84,53.88,63.28,56.53,53.9,63.02,63.13,64.66,64.21,67.69,66.4,64.84,61.82,64.59,60.45,56.38,55.57,54.65,50.73,48.36,51.08,54.5,53.55,60.11,69.1,64.44,62.34,68.96,67.78,69.66,70.65,72.71,71.35,71.26,68.31,69.94,66.71,61.45,60.32,59.97,56.14,53.5,55.45,58.41,60.68,79.9,77.09,76.17,80.9,80.74,82.66,82.4,82.78,82.56,82.91,83.31,83.59,83.72,82.95,83.23,83.62,83.08,82.92,83.3,83.34,83.4,83.91,81.4,79.57,79.02,81.78,81.56,83.01,82.19,82.62,81.99,82.64,83.05,83.58,83.81,83.54,83.82,84.2,83.81,83.78,83.95,83.8,83.63,84.12,80.83,78.97,78.45,80.95,80.37,81.83,81.66,81.95,81.24,82.0,82.4,83.01,83.33,82.9,83.19,83.68,83.32,83.28,83.43,83.22,83.05,83.6,78.07,76.68,76.25,76.89,73.76,76.14,75.27,75.85,74.85,72.29,71.07,73.15,70.99,70.05,68.34,67.9,66.59,64.53,66.62,69.05,78.11,75.32,74.93,78.52,78.59,80.63,80.83,81.21,80.61,81.24,81.58,82.02,82.3,81.6,81.92,82.43,81.96,81.83,82.08,82.05,82.02,82.56,80.49,78.16,77.86,81.17,81.22,82.73,82.03,82.36,81.75,82.61,83.06,83.42,83.71,83.33,83.64,84.06,83.74,83.79,83.91,83.73,83.66,84.02,79.83,77.47,76.38,80.08,79.44,80.64,80.55,80.6,79.97,80.92,81.28,81.84,82.24,81.99,82.31,82.9,82.63,82.65,82.76,82.48,82.28,82.8,67.13,66.34,66.95,66.76,62.51,64.09,60.85,63.25,61.31,58.06,56.0,56.67,52.7,48.91,46.52,44.66,43.52,41.62,44.59,48.42,60.78,57.23,56.55,60.95,59.12,59.89,58.1,61.27,59.95,59.28,54.96,56.53,52.78,48.6,47.26,45.96,43.38,41.5,43.13,46.27,47.06,76.17,71.52,70.42,76.9,78.01,80.66,80.93,81.24,80.75,81.32,81.65,82.1,82.35,81.57,82.0,82.5,81.95,81.83,82.12,82.15,82.31,82.8,80.03,77.52,76.8,80.43,80.58,82.29,81.65,81.9,81.33,82.01,82.41,82.93,83.24,82.94,83.26,83.69,83.33,83.36,83.47,83.28,83.18,83.63,79.81,77.53,76.64,80.14,79.73,81.21,81.06,81.04,80.52,81.29,81.7,82.36,82.72,82.35,82.64,83.22,82.94,82.95,83.1,82.83,82.67,83.17,76.64,74.83,74.61,75.52,72.48,75.19,74.99,75.33,74.42,73.11,71.42,73.84,72.49,71.47,70.26,70.62,69.42,67.7,69.06,70.67,78.88,75.53,74.91,79.8,79.99,82.23,82.09,82.43,82.11,82.46,82.85,83.33,83.5,82.74,82.99,83.43,82.97,82.82,83.21,83.23,83.18,83.68,81.61,79.82,79.43,82.15,81.89,83.53,82.77,83.1,82.62,83.19,83.62,84.08,84.28,83.85,84.08,84.46,84.15,84.2,84.36,84.17,83.91,84.39,82.04,80.3,79.56,82.09,81.22,82.66,82.41,82.58,82.04,82.46,82.69,83.48,83.66,83.22,83.38,83.85,83.47,83.39,83.65,83.47,83.06,83.8,67.06,65.94,65.66,66.53,62.99,63.96,60.46,62.92,61.75,57.45,55.23,57.04,53.11,49.85,47.76,45.8,44.27,42.16,45.14,49.22,61.44,60.43,58.42,59.22,57.16,57.1,52.99,56.8,54.75,52.56,48.73,51.38,47.48,44.77,43.53,42.19,39.72,37.88,39.52,42.25,43.29,54.55,49.68,48.6,54.0,55.67,56.66,56.01,59.19,57.01,57.4,55.51,55.89,53.89,51.5,50.9,50.66,48.54,46.76,47.7,49.91,52.72],
  "contact_probs": [[1.0,1.0,0.07,0.07,0.06,0.93,1.0,1.0,0.01,0.97,1.0,1.0,0.0,0.05,0.96,1.0,1.0,0.0,0.91,1.0,0.99,0.41,0.54,0.73],[1.0,1.0,0.45,0.47,0.6,0.99,0.99,0.66,0.0,1.0,1.0,0.55,0.0,0.05,1.0,1.0,0.55,0.0,1.0,1.0,0.71,0.03,0.03,0.1],[0.07,0.45,1.0,0.72,0.38,0.26,0.07,0.01,0.0,0.45,0.14,0.0,0.0,0.06,0.48,0.09,0.0,0.0,0.25,0.03,0.0,0.0,0.0,0.0],[0.07,0.47,0.72,1.0,0.71,0.35,0.02,0.0,0.0,0.19,0.02,0.0,0.0,0.03,0.35,0.14,0.0,0.01,0.6,0.23,0.01,0.0,0.0,0.0],[0.06,0.6,0.38,0.71,1.0,0.79,0.18,0.0,0.0,0.11,0.0,0.0,0.0,0.01,0.01,0.0,0.0,0.0,0.71,0.56,0.02,0.01,0.0,0.0],[0.93,0.99,0.26,0.35,0.79,1.0,1.0,0.01,0.0,0.2,0.0,0.0,0.0,0.0,0.0,0.0,0.0,0.0,0.24,0.99,0.84,0.01,0.0,0.0],[1.0,0.99,0.07,0.02,0.18,1.0,1.0,1.0,0.01,0.99,0.15,0.0,0.0,0.0,0.0,0.0,0.0,0.0,0.0,0.31,0.99,0.24,0.12,0.36],[1.0,0.66,0.01,0.0,0.0,0.01,1.0,1.0,0.02,0.93,0.99,0.15,0.0,0.01,0.0,0.0,0.0,0.0,0.0,0.0,0.16,0.41,0.35,0.7],[0.01,0.0,0.0,0.0,0.0,0.0,0.01,0.02,1.0,0.0,0.01,0.0,0.0,0.0,0.0,0.0,0.0,0.0,0.0,0.0,0.0,0.0,0.0,0.01],[0.97,1.0,0.45,0.19,0.11,0.2,0.99,0.93,0.0,1.0,1.0,0.0,0.0,0.18,0.18,0.0,0.0,0.0,0.0,0.0,0.0,0.0,0.0,0.0],[1.0,1.0,0.14,0.02,0.0,0.0,0.15,0.99,0.01,1.0,1.0,1.0,0.01,0.41,0.99,0.47,0.0,0.0,0.0,0.0,0.0,0.0,0.01,0.48],[1.0,0.55,0.0,0.0,0.0,0.0,0.0,0.15,0.0,0.0,1.0,1.0,0.03,0.51,0.88,0.99,0.2,0.0,0.0,0.0,0.0,0.02,0.21,0.68],[0.0,0.0,0.0,0.0,0.0,0.0,0.0,0.0,0.0,0.0,0.01,0.03,1.0,0.26,0.01,0.01,0.0,0.0,0.0,0.0,0.0,0.0,0.01,0.03],[0.05,0.05,0.06,0.03,0.01,0.0,0.0,0.01,0.0,0.18,0.41,0.51,0.26,1.0,0.25,0.14,0.01,0.0,0.01,0.0,0.0,0.02,0.02,0.05],[0.96,1.0,0.48,0.35,0.01,0.0,0.0,0.0,0.0,0.18,0.99,0.88,0.01,0.25,1.0,1.0,0.0,0.0,0.09,0.0,0.0,0.0,0.0,0.0],[1.0,1.0,0.09,0.14,0.0,0.0,0.0,0.0,0.0,0.0,0.47,0.99,0.01,0.14,1.0,1.0,1.0,0.0,0.99,0.14,0.0,0.0,0.04,0.1],[1.0,0.55,0.0,0.0,0.0,0.0,0.0,0.0,0.0,0.0,0.0,0.2,0.0,0.01,0.0,1.0,1.0,0.01,0.78,0.99,0.18,0.2,0.58,0.41],[0.0,0.0,0.0,0.01,0.0,0.0,0.0,0.0,0.0,0.0,0.0,0.0,0.0,0.0,0.0,0.0,0.01,1.0,0.0,0.0,0.0,0.0,0.0,0.0],[0.91,1.0,0.25,0.6,0.71,0.24,0.0,0.0,0.0,0.0,0.0,0.0,0.0,0.01,0.09,0.99,0.78,0.0,1.0,1.0,0.02,0.0,0.0,0.0],[1.0,1.0,0.03,0.23,0.56,0.99,0.31,0.0,0.0,0.0,0.0,0.0,0.0,0.0,0.0,0.14,0.99,0.0,1.0,1.0,1.0,0.3,0.28,0.04],[0.99,0.71,0.0,0.01,0.02,0.84,0.99,0.16,0.0,0.0,0.0,0.0,0.0,0.0,0.0,0.0,0.18,0.0,0.02,1.0,1.0,0.82,0.68,0.5],[0.41,0.03,0.0,0.0,0.01,0.01,0.24,0.41,0.0,0.0,0.0,0.02,0.0,0.02,0.0,0.0,0.2,0.0,0.0,0.3,0.82,1.0,0.65,0.53],[0.54,0.03,0.0,0.0,0.0,0.0,0.12,0.35,0.0,0.0,0.01,0.21,0.01,0.02,0.0,0.04,0.58,0.0,0.0,0.28,0.68,0.65,1.0,0.83],[0.73,0.1,0.0,0.0,0.0,0.0,0.36,0.7,0.01,0.0,0.48,0.68,0.03,0.05,0.0,0.1,0.41,0.0,0.0,0.04,0.5,0.53,0.83,1.0]],
  "pae": [[0.8,1.2,6.6,6.4,4.1,1.5,1.2,1.3,3.4,1.5,1.2,1.3,6.5,7.1,1.6,1.3,1.3,3.7,1.6,1.2,1.3,6.2,6.0,6.3],[1.2,0.8,6.2,6.2,4.2,1.3,1.4,1.8,3.6,1.3,1.3,1.8,7.1,7.2,1.4,1.4,1.9,4.1,1.4,1.4,1.8,7.1,7.0,6.6],[9.9,9.2,1.4,4.4,4.2,7.6,8.9,9.6,11.5,8.3,8.9,9.4,13.2,11.6,8.7,8.2,9.0,10.9,7.4,8.0,10.0,11.1,11.3,10.6],[9.5,8.8,3.2,1.2,3.3,4.6,7.0,8.9,10.0,8.4,8.4,9.5,11.6,10.6,7.8,8.2,8.6,10.8,6.0,7.5,8.1,10.8,11.5,10.5],[7.0,4.9,4.7,3.0,1.1,3.8,5.5,8.7,9.5,7.0,7.6,8.9,12.2,10.5,8.4,7.3,8.6,10.0,5.9,5.5,6.2,9.8,10.0,10.2],[1.5,1.3,5.5,4.9,2.5,0.8,1.0,1.5,3.1,1.3,1.6,2.0,6.7,7.0,1.8,1.7,1.8,3.4,1.3,1.3,1.5,6.9,6.0,6.3],[1.1,1.3,6.1,5.7,3.1,0.9,0.8,1.0,2.6,1.2,1.1,1.5,6.1,6.3,1.6,1.5,1.5,3.3,1.5,1.1,1.2,6.2,5.4,6.1],[1.3,1.7,6.2,5.8,3.7,1.3,1.0,0.8,2.3,1.4,1.3,1.9,6.4,6.5,1.9,2.0,2.1,4.1,2.1,1.8,1.5,7.0,5.9,6.7],[4.4,4.1,8.9,8.7,7.1,3.1,3.0,3.4,1.5,3.4,3.5,4.7,9.1,9.6,6.4,7.1,7.2,8.3,7.5,5.9,5.5,9.0,9.3,8.4],[1.3,1.1,6.8,6.5,4.0,1.3,1.2,1.2,2.4,0.8,1.0,1.4,6.1,6.5,1.4,1.6,2.0,3.9,1.8,1.9,1.8,6.9,6.2,6.4],[1.1,1.2,6.8,6.4,3.6,1.4,1.1,1.1,2.4,0.9,0.8,1.1,5.4,5.9,1.3,1.2,1.4,3.5,1.5,1.6,1.6,6.6,6.0,6.2],[1.2,1.6,6.5,6.7,4.2,1.9,1.7,1.4,3.2,1.6,1.0,0.8,4.7,5.6,1.6,1.5,1.5,3.8,2.1,2.0,2.0,6.9,6.7,6.6],[11.4,11.2,11.7,13.5,12.2,12.9,11.8,11.4,11.9,11.9,7.4,8.5,1.7,6.8,8.5,9.0,10.6,13.1,10.7,11.7,12.2,12.9,12.6,9.8],[12.2,11.6,12.0,13.8,12.6,12.8,12.7,12.6,14.3,11.2,10.6,8.1,6.6,1.3,10.3,8.2,12.3,10.8,11.6,12.0,13.4,14.4,13.8,11.6],[1.4,1.2,6.8,6.6,4.0,1.7,1.8,2.0,3.4,1.3,1.2,1.4,5.5,4.9,0.8,1.0,1.4,3.8,1.4,1.7,2.0,7.3,6.9,6.5],[1.1,1.2,6.4,6.0,3.7,1.5,1.5,1.7,3.3,1.5,1.2,1.2,5.7,5.1,0.9,0.8,1.0,3.1,1.2,1.2,1.5,7.2,6.2,6.6],[1.2,1.6,5.9,5.7,3.6,1.7,1.8,2.0,3.7,2.0,1.8,1.5,6.6,5.9,1.4,1.0,0.8,2.8,1.4,1.4,1.6,6.8,6.3,6.7],[4.6,4.5,9.0,8.9,6.9,5.4,6.8,7.6,8.4,7.4,6.7,6.8,10.3,10.1,5.0,3.9,3.4,1.7,4.2,4.2,5.5,9.1,9.1,10.2],[1.4,1.3,6.1,6.0,3.4,1.3,1.6,2.0,3.7,2.0,2.0,1.9,6.5,6.3,1.5,1.3,1.4,2.8,0.8,1.1,1.5,6.4,6.1,6.5],[1.2,1.2,5.9,5.7,3.3,1.2,1.2,1.5,3.1,1.6,1.5,1.7,6.3,6.2,1.5,1.1,1.2,2.8,0.9,0.8,1.0,6.1,5.7,6.5],[1.3,1.7,5.9,5.5,3.9,1.5,1.3,1.5,3.4,2.0,1.8,1.9,6.6,6.8,2.0,1.7,1.3,3.5,1.4,1.0,0.8,5.0,5.4,5.8],[10.7,11.1,12.0,11.8,11.1,9.4,9.2,9.1,13.3,11.0,10.9,10.6,14.2,12.8,11.9,10.8,10.2,14.1,10.1,9.0,8.9,1.2,5.2,5.7],[10.1,11.9,12.0,12.6,13.0,10.5,9.3,8.0,12.4,11.3,10.3,9.6,14.0,12.8,11.9,10.6,9.7,13.9,11.6,10.6,7.6,4.1,1.1,4.8],[9.6,10.3,11.2,11.6,11.1,9.1,8.5,8.7,11.3,10.3,9.4,9.3,11.7,12.0,10.0,8.9,8.7,13.2,9.4,9.6,9.3,5.4,3.7,1.3]],
  "token_chain_ids": ["A","B","C","C","C","C","C","C","C","C","C","C","C","C","C","C","C","C","C","C","C","C","C","C"],
  "token_res_ids": [1,1,1,2,3,4,5,6,7,8,9,10,11,12,13,14,15,16,17,18,19,20,21,22]
}