{
  "atom_chain_ids": ["A","B","C","C","C","C","C","C","C","C","C","C","C","C","C","C","C","C","C","C","C","C","C","C","C","C","C","C","C","C","C","C","C","C","C","C","C","C","C","C","C","C","C","C","C","C","C","C","C","C","C","C","C","C","C","C","C","C","C","C","C","C","C","C","C","C","C","C","C","C","C","C","C","C","C","C","C","C","C","C","C","C","C","C","C","C","C","C","C","C","C","C","C","C","C","C","C","C","C","C","C","C","C","C","C","C","C","C","C","C","C","C","C","C","C","C","C","C","C","C","C","C","C","C","C","C","C","C","C","C","C","C","C","C","C","C","C","C","C","C","C","C","C","C","C","C","C","C","C","C","C","C","C","C","C","C","C","C","C","C","C","C","C","C","C","C","C","C","C","C","C","C","C","C","C","C","C","C","C","C","C","C","C","C","C","C","C","C","C","C","C","C","C","C","C","C","C","C","C","C","C","C","C","C","C","C","C","C","C","C","C","C","C","C","C","C","C","C","C","C","C","C","C","C","C","C","C","C","C","C","C","C","C","C","C","C","C","C","C","C","C","C","C","C","C","C","C","C","C","C","C","C","C","C","C","C","C","C","C","C","C","C","C","C","C","C","C","C","C","C","C","C","C","C","C","C","C","C","C","C","C","C","C","C","C","C","C","C","C","C","C","C","C","C","C","C","C","C","C","C","C","C","C","C","C","C","C","C","C","C","C","C","C","C","C","C","C","C","C","C","C","C","C","C","C","C","C","C","C","C","C","C","C","C","C","C","C","C","C","C","C","C","C","C","C","C","C","C","C","C","C","C","C","C","C","C","C","C","C","C","C","C","C","C","C","C","C","C","C","C","C","C","C","C","C","C","C","C","C","C","C","C","C","C","C","C","C","C","C","C","C","C","C","C","C","C","C","C","C","C","C","C","C","C","C","C","C","C","C","C","C","C","C","C","C","C","C","C","C","C","C","C","C","C","C","C","C","C","C","C","C","C","C","C","C","C","C","C","C","C","C","C","C","C","C","C","C","C","C","C","C","C","C","C","C","C","C","C","C","C","C","C","C","C","C","C","C","C","C","C","C","C","C"],
  "atom_plddts": [87.9,88.41,54.74,56.03,49.37,49.24,56.9,57.41,58.85,58.39,61.38,60.79,58.0,57.68,59.03,56.0,53.21,51.91,51.05,49.13,47.5,49.75,53.76,63.85,57.34,54.56,63.17,63.52,65.18,64.24,67.59,66.21,64.59,61.61,64.18,60.27,56.87,56.26,55.31,51.58,49.33,51.9,55.22,53.96,60.04,70.72,65.77,63.54,70.87,70.16,72.74,73.68,75.64,74.32,74.48,72.23,73.63,70.91,65.57,64.93,64.78,61.01,58.66,60.32,63.1,65.74,82.9,79.97,78.89,83.68,83.88,85.57,85.39,85.72,85.58,85.72,86.1,86.44,86.49,85.85,86.14,86.36,85.83,85.74,86.12,86.16,86.29,86.69,84.09,82.35,81.84,84.28,84.16,85.51,84.87,85.26,84.67,85.17,85.5,86.13,86.29,86.04,86.31,86.57,86.21,86.23,86.38,86.23,86.1,86.52,82.65,80.82,80.31,82.69,82.14,83.48,83.3,83.51,82.86,83.6,84.0,84.67,84.93,84.66,84.97,85.39,85.06,85.13,85.22,84.95,84.82,85.26,80.34,78.87,78.44,79.1,76.14,78.51,78.09,78.75,77.71,75.69,74.5,76.46,74.6,73.57,72.08,71.92,70.44,68.67,70.36,72.55,80.14,77.04,76.55,80.6,80.86,82.83,82.97,83.3,82.87,83.29,83.54,84.09,84.26,83.64,83.97,84.37,83.89,83.84,84.09,84.05,84.08,84.56,82.58,80.3,79.86,83.15,83.34,84.74,84.11,84.43,83.84,84.6,85.02,85.48,85.71,85.34,85.68,86.0,85.68,85.8,85.86,85.69,85.65,85.95,81.49,79.2,78.28,81.63,81.08,82.37,82.22,82.29,81.66,82.5,82.87,83.6,83.92,83.6,83.92,84.42,84.11,84.18,84.29,84.0,83.83,84.34,73.08,72.33,72.37,71.88,66.75,69.08,66.03,68.18,66.18,62.5,60.4,61.95,57.55,54.62,52.04,50.07,48.8,46.7,49.8,53.76,66.11,61.85,60.91,65.93,64.2,65.82,64.93,67.63,66.16,65.86,62.31,63.9,60.28,55.98,55.12,54.09,51.22,49.21,50.83,53.91,55.04,79.45,75.3,74.31,80.08,81.06,83.36,83.43,83.65,83.33,83.78,84.07,84.6,84.75,84.08,84.45,84.81,84.29,84.26,84.55,84.55,84.64,85.07,81.88,79.48,78.68,82.21,82.35,83.93,83.32,83.5,82.95,83.57,83.95,84.56,84.8,84.57,84.87,85.22,84.87,84.95,85.06,84.85,84.73,85.16,81.41,79.07,78.18,81.68,81.43,82.89,82.79,82.71,82.2,82.91,83.36,84.1,84.4,84.06,84.38,84.87,84.58,84.67,84.81,84.53,84.39,84.83,79.84,77.98,77.68,78.5,75.54,78.15,78.05,78.51,77.46,76.62,74.99,77.38,76.2,75.17,74.19,74.62,73.26,71.92,72.86,74.37,80.51,76.84,76.08,81.56,82.28,84.22,84.07,84.34,84.11,84.45,84.89,85.34,85.44,84.7,85.01,85.31,84.86,84.78,85.19,85.23,85.27,85.64,83.77,82.14,81.86,84.14,83.89,85.38,84.77,85.01,84.54,85.06,85.45,85.98,86.12,85.75,85.98,86.27,85.98,86.07,86.22,86.02,85.79,86.19,83.36,81.87,81.19,83.14,82.09,83.55,83.26,83.41,82.82,83.16,83.37,84.27,84.41,84.12,84.25,84.68,84.31,84.27,84.51,84.29,83.82,84.58,74.39,73.56,72.94,72.42,68.14,69.81,65.77,68.5,66.99,62.1,60.01,62.66,58.16,55.45,53.51,51.41,49.75,47.68,50.42,54.73,63.27,61.1,58.86,60.85,59.2,59.59,56.33,59.93,57.79,55.73,52.58,54.98,51.47,48.84,48.14,46.91,44.32,42.4,43.94,46.68,47.95,58.88,53.82,52.5,57.75,60.03,61.31,60.96,64.0,61.49,62.39,61.05,61.21,59.11,56.69,56.46,56.18,53.63,51.93,52.9,55.21,58.49],
  "contact_probs": [[1.0,1.0,0.07,0.07,0.06,0.93,1.0,1.0,0.01,0.97,1.0,1.0,0.0,0.05,0.96,1.0,1.0,0.0,0.91,1.0,0.99,0.41,0.54,0.73],[1.0,1.0,0.45,0.47,0.6,0.99,0.99,0.66,0.0,1.0,1.0,0.55,0.0,0.05,1.0,1.0,0.55,0.0,1.0,1.0,0.71,0.03,0.03,0.1],[0.07,0.45,1.0,0.72,0.38,0.26,0.07,0.01,0.0,0.45,0.14,0.0,0.0,0.06,0.48,0.09,0.0,0.0,0.25,0.03,0.0,0.0,0.0,0.0],[0.07,0.47,0.72,1.0,0.71,0.35,0.02,0.0,0.0,0.19,0.02,0.0,0.0,0.03,0.35,0.14,0.0,0.01,0.6,0.23,0.01,0.0,0.0,0.0],[0.06,0.6,0.38,0.71,1.0,0.79,0.18,0.0,0.0,0.11,0.0,0.0,0.0,0.01,0.01,0.0,0.0,0.0,0.71,0.56,0.02,0.01,0.0,0.0],[0.93,0.99,0.26,0.35,0.79,1.0,1.0,0.01,0.0,0.2,0.0,0.0,0.0,0.0,0.0,0.0,0.0,0.0,0.24,0.99,0.84,0.01,0.0,0.0],[1.0,0.99,0.07,0.02,0.18,1.0,1.0,1.0,0.01,0.99,0.15,0.0,0.0,0.0,0.0,0.0,0.0,0.0,0.0,0.31,0.99,0.24,0.12,0.36],[1.0,0.66,0.01,0.0,0.0,0.01,1.0,1.0,0.02,0.93,0.99,0.15,0.0,0.01,0.0,0.0,0.0,0.0,0.0,0.0,0.16,0.41,0.35,0.7],[0.01,0.0,0.0,0.0,0.0,0.0,0.01,0.02,1.0,0.0,0.01,0.0,0.0,0.0,0.0,0.0,0.0,0.0,0.0,0.0,0.0,0.0,0.0,0.01],[0.97,1.0,0.45,0.19,0.11,0.2,0.99,0.93,0.0,1.0,1.0,0.0,0.0,0.18,0.18,0.0,0.0,0.0,0.0,0.0,0.0,0.0,0.0,0.0],[1.0,1.0,0.14,0.02,0.0,0.0,0.15,0.99,0.01,1.0,1.0,1.0,0.01,0.41,0.99,0.47,0.0,0.0,0.0,0.0,0.0,0.0,0.01,0.48],[1.0,0.55,0.0,0.0,0.0,0.0,0.0,0.15,0.0,0.0,1.0,1.0,0.03,0.51,0.88,0.99,0.2,0.0,0.0,0.0,0.0,0.02,0.21,0.68],[0.0,0.0,0.0,0.0,0.0,0.0,0.0,0.0,0.0,0.0,0.01,0.03,1.0,0.26,0.01,0.01,0.0,0.0,0.0,0.0,0.0,0.0,0.01,0.03],[0.05,0.05,0.06,0.03,0.01,0.0,0.0,0.01,0.0,0.18,0.41,0.51,0.26,1.0,0.25,0.14,0.01,0.0,0.01,0.0,0.0,0.02,0.02,0.05],[0.96,1.0,0.48,0.35,0.01,0.0,0.0,0.0,0.0,0.18,0.99,0.88,0.01,0.25,1.0,1.0,0.0,0.0,0.09,0.0,0.0,0.0,0.0,0.0],[1.0,1.0,0.09,0.14,0.0,0.0,0.0,0.0,0.0,0.0,0.47,0.99,0.01,0.14,1.0,1.0,1.0,0.0,0.99,0.14,0.0,0.0,0.04,0.1],[1.0,0.55,0.0,0.0,0.0,0.0,0.0,0.0,0.0,0.0,0.0,0.2,0.0,0.01,0.0,1.0,1.0,0.01,0.78,0.99,0.18,0.2,0.58,0.41],[0.0,0.0,0.0,0.01,0.0,0.0,0.0,0.0,0.0,0.0,0.0,0.0,0.0,0.0,0.0,0.0,0.01,1.0,0.0,0.0,0.0,0.0,0.0,0.0],[0.91,1.0,0.25,0.6,0.71,0.24,0.0,0.0,0.0,0.0,0.0,0.0,0.0,0.01,0.09,0.99,0.78,0.0,1.0,1.0,0.02,0.0,0.0,0.0],[1.0,1.0,0.03,0.23,0.56,0.99,0.31,0.0,0.0,0.0,0.0,0.0,0.0,0.0,0.0,0.14,0.99,0.0,1.0,1.0,1.0,0.3,0.28,0.04],[0.99,0.71,0.0,0.01,0.02,0.84,0.99,0.16,0.0,0.0,0.0,0.0,0.0,0.0,0.0,0.0,0.18,0.0,0.02,1.0,1.0,0.82,0.68,0.5],[0.41,0.03,0.0,0.0,0.01,0.01,0.24,0.41,0.0,0.0,0.0,0.02,0.0,0.02,0.0,0.0,0.2,0.0,0.0,0.3,0.82,1.0,0.65,0.53],[0.54,0.03,0.0,0.0,0.0,0.0,0.12,0.35,0.0,0.0,0.01,0.21,0.01,0.02,0.0,0.04,0.58,0.0,0.0,0.28,0.68,0.65,1.0,0.83],[0.73,0.1,0.0,0.0,0.0,0.0,0.36,0.7,0.01,0.0,0.48,0.68,0.03,0.05,0.0,0.1,0.41,0.0,0.0,0.04,0.5,0.53,0.83,1.0]],
  "pae": [[0.8,1.2,5.9,5.6,3.9,1.5,1.2,1.2,3.4,1.5,1.2,1.3,5.3,5.3,1.5,1.2,1.2,3.4,1.5,1.2,1.3,5.8,5.6,5.7],[1.2,0.8,5.4,5.1,3.9,1.3,1.3,1.7,3.5,1.3,1.3,1.8,5.7,5.6,1.3,1.3,1.6,3.6,1.3,1.3,1.7,6.5,6.5,6.0],[11.8,10.6,1.6,6.6,5.2,8.5,9.4,10.2,12.4,8.3,9.7,10.9,15.4,13.0,8.4,9.4,10.9,11.6,7.5,8.9,10.4,12.2,11.3,11.0],[9.4,7.7,4.9,1.5,3.9,5.0,7.6,10.0,9.9,7.9,10.0,10.2,12.5,11.1,7.8,8.5,8.4,8.3,5.5,7.0,8.0,11.0,11.2,10.5],[5.2,4.0,5.1,3.7,1.1,3.5,5.1,6.4,8.9,7.2,7.2,8.0,11.9,10.1,7.0,6.8,6.8,7.7,4.7,4.4,4.6,8.8,9.2,9.7],[1.5,1.3,4.9,4.3,2.4,0.8,1.0,1.4,2.8,1.3,1.5,2.0,5.7,5.4,1.7,1.6,1.7,3.0,1.3,1.2,1.4,6.1,5.6,5.7],[1.1,1.3,5.3,4.7,2.9,0.9,0.8,1.0,2.5,1.2,1.1,1.5,4.8,4.6,1.5,1.4,1.4,2.9,1.4,1.1,1.1,5.8,5.1,5.0],[1.2,1.6,5.7,5.4,3.7,1.2,1.0,0.8,2.2,1.3,1.2,1.6,5.0,4.8,1.8,1.8,1.8,3.6,1.9,1.6,1.4,6.2,5.5,5.8],[4.2,3.7,7.6,8.2,6.7,2.6,2.7,2.7,1.4,3.2,3.1,4.3,7.8,7.5,5.2,5.5,5.5,7.4,6.4,4.7,4.6,8.4,8.2,7.4],[1.4,1.2,6.6,5.5,3.8,1.3,1.2,1.2,2.1,0.8,1.0,1.4,5.1,4.7,1.3,1.6,1.8,3.7,1.8,1.8,1.8,6.2,5.6,6.0],[1.1,1.2,6.1,5.2,3.5,1.4,1.1,1.1,2.3,0.9,0.8,1.1,4.5,4.1,1.2,1.2,1.4,3.1,1.5,1.5,1.6,5.9,5.6,5.7],[1.3,1.7,6.0,5.9,4.2,2.1,2.0,1.8,3.2,1.7,1.1,0.8,4.1,3.8,1.9,2.0,1.7,3.8,2.4,2.3,2.2,6.6,6.2,5.6],[8.7,8.2,10.1,12.1,11.6,9.7,8.1,7.9,9.7,8.1,4.7,5.2,1.6,6.2,6.9,7.6,9.0,11.9,9.5,9.8,9.4,11.5,10.7,9.1],[8.8,8.7,10.7,11.2,10.7,10.1,8.9,8.3,10.8,6.9,6.3,4.9,6.2,1.1,7.8,5.6,10.1,10.7,9.1,9.7,9.4,12.0,11.5,9.8],[1.4,1.2,5.8,5.2,3.7,1.7,1.7,1.9,3.0,1.3,1.1,1.4,4.5,3.8,0.8,1.0,1.3,3.0,1.3,1.6,1.9,6.3,5.9,5.9],[1.1,1.2,5.4,4.8,3.4,1.5,1.5,1.5,2.9,1.4,1.1,1.2,4.6,3.7,0.9,0.8,0.9,2.6,1.2,1.2,1.4,6.1,5.3,5.5],[1.2,1.6,5.5,4.8,3.4,1.7,1.9,2.0,3.5,1.8,1.7,1.6,5.4,4.7,1.4,0.9,0.8,2.4,1.4,1.4,1.5,6.3,5.6,5.8],[4.1,3.9,8.5,7.5,6.0,4.6,5.5,6.3,7.9,5.6,5.8,5.7,8.5,8.0,3.9,3.0,2.7,1.5,3.4,3.6,4.4,8.6,8.4,9.3],[1.4,1.3,5.5,4.7,3.4,1.4,1.6,2.0,3.4,1.9,1.9,2.0,5.6,4.9,1.4,1.2,1.2,2.4,0.8,1.0,1.4,5.9,5.6,5.6],[1.1,1.2,5.3,4.7,3.2,1.1,1.1,1.4,2.9,1.5,1.4,1.7,5.3,4.7,1.4,1.1,1.1,2.5,0.9,0.8,1.0,5.2,5.2,5.5],[1.3,1.6,5.6,5.1,3.5,1.4,1.3,1.4,3.2,1.9,1.7,1.8,5.5,5.4,1.9,1.6,1.3,2.9,1.4,1.0,0.8,4.7,4.9,5.0],[10.3,10.0,11.6,11.9,11.2,9.1,8.7,8.5,13.5,10.5,10.1,10.0,13.7,12.4,11.4,10.2,9.9,13.9,8.7,7.3,7.8,1.3,5.1,6.1],[9.6,10.5,12.1,12.1,11.2,9.4,8.4,7.7,13.3,10.1,9.7,8.5,13.7,11.5,10.7,10.0,8.8,12.9,10.0,9.1,6.7,4.4,1.1,4.5],[9.0,9.8,10.4,11.3,10.7,8.7,7.4,7.8,11.8,9.1,9.2,8.4,11.8,10.7,9.2,8.9,8.5,13.3,8.2,8.5,7.9,5.3,3.3,1.4]],
  "token_chain_ids": ["A","B","C","C","C","C","C","C","C","C","C","C","C","C","C","C","C","C","C","C","C","C","C","C"],
  "token_res_ids": [1,1,1,2,3,4,5,6,7,8,9,10,11,12,13,14,15,16,17,18,19,20,21,22]
}