{
  "atom_chain_ids": ["A","B","C","C","C","C","C","C","C","C","C","C","C","C","C","C","C","C","C","C","C","C","C","C","C","C","C","C","C","C","C","C","C","C","C","C","C","C","C","C","C","C","C","C","C","C","C","C","C","C","C","C","C","C","C","C","C","C","C","C","C","C","C","C","C","C","C","C","C","C","C","C","C","C","C","C","C","C","C","C","C","C","C","C","C","C","C","C","C","C","C","C","C","C","C","C","C","C","C","C","C","C","C","C","C","C","C","C","C","C","C","C","C","C","C","C","C","C","C","C","C","C","C","C","C","C","C","C","C","C","C","C","C","C","C","C","C","C","C","C","C","C","C","C","C","C","C","C","C","C","C","C","C","C","C","C","C","C","C","C","C","C","C","C","C","C","C","C","C","C","C","C","C","C","C","C","C","C","C","C","C","C","C","C","C","C","C","C","C","C","C","C","C","C","C","C","C","C","C","C","C","C","C","C","C","C","C","C","C","C","C","C","C","C","C","C","C","C","C","C","C","C","C","C","C","C","C","C","C","C","C","C","C","C","C","C","C","C","C","C","C","C","C","C","C","C","C","C","C","C","C","C","C","C","C","C","C","C","C","C","C","C","C","C","C","C","C","C","C","C","C","C","C","C","C","C","C","C","C","C","C","C","C","C","C","C","C","C","C","C","C","C","C","C","C","C","C","C","C","C","C","C","C","C","C","C","C","C","C","C","C","C","C","C","C","C","C","C","C","C","C","C","C","C","C","C","C","C","C","C","C","C","C","C","C","C","C","C","C","C","C","C","C","C","C","C","C","C","C","C","C","C","C","C","C","C","C","C","C","C","C","C","C","C","C","C","C","C","C","C","C","C","C","C","C","C","C","C","C","C","C","C","C","C","C","C","C","C","C","C","C","C","C","C","C","C","C","C","C","C","C","C","C","C","C","C","C","C","C","C","C","C","C","C","C","C","C","C","C","C","C","C","C","C","C","C","C","C","C","C","C","C","C","C","C","C","C","C","C","C","C","C","C","C","C","C","C","C","C","C","C","C","C","C","C","C","C","C","C","C","C","C","C","C","C","C","C","C","C","C","C","C","C"],
  "atom_plddts": [86.82,86.11,52.97,54.04,47.52,47.28,55.24,55.76,56.76,56.36,59.29,58.81,55.94,55.58,56.65,53.77,50.93,49.59,48.8,47.1,45.49,47.63,51.4,60.11,53.47,51.11,59.87,60.36,61.72,61.15,64.7,63.37,61.78,58.83,61.33,57.39,53.76,53.02,51.98,48.43,46.2,48.7,52.03,51.13,57.12,66.45,61.8,60.07,66.6,65.69,67.38,68.41,70.8,69.48,69.5,66.68,68.04,64.84,59.66,58.6,58.08,54.5,52.02,53.9,56.85,59.15,79.9,76.86,75.77,80.98,81.05,83.03,82.75,83.16,82.94,83.27,83.69,83.95,84.08,83.25,83.55,83.92,83.36,83.2,83.6,83.65,83.76,84.26,81.43,79.53,79.03,81.85,81.68,83.16,82.38,82.82,82.2,82.82,83.24,83.77,84.0,83.67,83.95,84.31,83.91,83.88,84.07,83.94,83.78,84.27,80.94,79.12,78.64,81.06,80.44,81.86,81.66,81.93,81.23,82.0,82.42,83.03,83.36,82.95,83.25,83.73,83.38,83.36,83.5,83.27,83.09,83.63,78.9,77.38,76.82,77.67,74.52,76.93,76.44,76.88,75.92,73.8,72.5,74.55,72.64,71.8,70.22,70.02,68.64,66.65,68.57,70.79,79.27,76.3,75.99,79.79,80.03,82.11,82.21,82.61,82.1,82.59,82.85,83.37,83.57,82.81,83.11,83.53,83.03,82.91,83.21,83.21,83.22,83.75,80.7,78.44,78.13,81.38,81.37,82.85,82.13,82.44,81.83,82.69,83.14,83.53,83.81,83.44,83.74,84.15,83.82,83.89,83.99,83.81,83.72,84.1,79.5,77.27,76.21,79.72,79.03,80.25,80.16,80.23,79.58,80.52,80.89,81.46,81.84,81.46,81.74,82.35,82.03,81.99,82.13,81.89,81.66,82.28,70.19,69.69,69.84,69.14,64.08,65.81,62.51,64.79,62.84,59.22,56.98,58.16,53.92,50.92,48.46,46.5,45.42,43.39,46.39,50.23,61.13,57.2,56.38,61.32,59.58,60.67,59.33,62.75,61.37,61.02,57.0,58.54,54.91,50.84,49.85,48.71,46.3,44.42,45.9,48.97,49.84,76.77,73.01,72.28,77.33,78.05,80.44,80.62,80.92,80.42,81.04,81.4,81.85,82.13,81.39,81.76,82.26,81.75,81.64,81.91,81.9,81.95,82.46,79.73,77.36,76.71,80.17,80.38,82.01,81.38,81.61,81.07,81.83,82.27,82.72,83.06,82.7,83.03,83.46,83.08,83.11,83.22,83.04,82.95,83.41,78.97,76.73,75.93,79.38,79.05,80.44,80.28,80.28,79.75,80.61,81.12,81.69,82.08,81.65,81.98,82.58,82.29,82.31,82.45,82.19,82.04,82.52,76.41,74.68,74.57,75.25,72.17,74.86,74.67,75.0,74.1,72.9,71.21,73.61,72.33,71.36,70.21,70.57,69.44,67.8,69.08,70.6,78.72,75.38,74.85,79.74,80.09,82.19,82.03,82.35,82.05,82.52,82.95,83.37,83.58,82.8,83.08,83.52,83.08,82.96,83.32,83.32,83.3,83.74,81.16,79.35,79.01,81.7,81.43,83.1,82.35,82.72,82.22,82.83,83.27,83.68,83.91,83.45,83.68,84.09,83.77,83.8,83.97,83.78,83.55,84.02,81.68,80.0,79.24,81.63,80.6,82.2,81.97,82.17,81.57,81.97,82.18,82.99,83.17,82.72,82.86,83.36,82.97,82.85,83.11,82.94,82.51,83.3,65.25,64.21,63.85,64.77,61.36,62.01,58.66,61.11,59.98,55.9,53.87,55.55,51.95,49.17,47.36,45.52,44.15,42.12,44.81,48.65,55.3,54.55,52.62,53.21,51.53,51.2,47.62,51.79,49.8,47.92,44.74,47.31,43.87,41.78,40.92,39.92,38.06,36.62,37.73,40.0,41.07,51.98,47.19,46.25,51.58,53.32,54.33,53.51,56.86,54.69,54.85,53.07,53.61,51.75,49.63,49.21,48.94,47.02,45.37,46.18,48.31,51.06],
  "contact_probs": [[1.0,1.0,0.07,0.07,0.06,0.93,1.0,1.0,0.01,0.97,1.0,1.0,0.0,0.05,0.96,1.0,1.0,0.0,0.91,1.0,0.99,0.41,0.54,0.73],[1.0,1.0,0.45,0.47,0.6,0.99,0.99,0.66,0.0,1.0,1.0,0.55,0.0,0.05,1.0,1.0,0.55,0.0,1.0,1.0,0.71,0.03,0.03,0.1],[0.07,0.45,1.0,0.72,0.38,0.26,0.07,0.01,0.0,0.45,0.14,0.0,0.0,0.06,0.48,0.09,0.0,0.0,0.25,0.03,0.0,0.0,0.0,0.0],[0.07,0.47,0.72,1.0,0.71,0.35,0.02,0.0,0.0,0.19,0.02,0.0,0.0,0.03,0.35,0.14,0.0,0.01,0.6,0.23,0.01,0.0,0.0,0.0],[0.06,0.6,0.38,0.71,1.0,0.79,0.18,0.0,0.0,0.11,0.0,0.0,0.0,0.01,0.01,0.0,0.0,0.0,0.71,0.56,0.02,0.01,0.0,0.0],[0.93,0.99,0.26,0.35,0.79,1.0,1.0,0.01,0.0,0.2,0.0,0.0,0.0,0.0,0.0,0.0,0.0,0.0,0.24,0.99,0.84,0.01,0.0,0.0],[1.0,0.99,0.07,0.02,0.18,1.0,1.0,1.0,0.01,0.99,0.15,0.0,0.0,0.0,0.0,0.0,0.0,0.0,0.0,0.31,0.99,0.24,0.12,0.36],[1.0,0.66,0.01,0.0,0.0,0.01,1.0,1.0,0.02,0.93,0.99,0.15,0.0,0.01,0.0,0.0,0.0,0.0,0.0,0.0,0.16,0.41,0.35,0.7],[0.01,0.0,0.0,0.0,0.0,0.0,0.01,0.02,1.0,0.0,0.01,0.0,0.0,0.0,0.0,0.0,0.0,0.0,0.0,0.0,0.0,0.0,0.0,0.01],[0.97,1.0,0.45,0.19,0.11,0.2,0.99,0.93,0.0,1.0,1.0,0.0,0.0,0.18,0.18,0.0,0.0,0.0,0.0,0.0,0.0,0.0,0.0,0.0],[1.0,1.0,0.14,0.02,0.0,0.0,0.15,0.99,0.01,1.0,1.0,1.0,0.01,0.41,0.99,0.47,0.0,0.0,0.0,0.0,0.0,0.0,0.01,0.48],[1.0,0.55,0.0,0.0,0.0,0.0,0.0,0.15,0.0,0.0,1.0,1.0,0.03,0.51,0.88,0.99,0.2,0.0,0.0,0.0,0.0,0.02,0.21,0.68],[0.0,0.0,0.0,0.0,0.0,0.0,0.0,0.0,0.0,0.0,0.01,0.03,1.0,0.26,0.01,0.01,0.0,0.0,0.0,0.0,0.0,0.0,0.01,0.03],[0.05,0.05,0.06,0.03,0.01,0.0,0.0,0.01,0.0,0.18,0.41,0.51,0.26,1.0,0.25,0.14,0.01,0.0,0.01,0.0,0.0,0.02,0.02,0.05],[0.96,1.0,0.48,0.35,0.01,0.0,0.0,0.0,0.0,0.18,0.99,0.88,0.01,0.25,1.0,1.0,0.0,0.0,0.09,0.0,0.0,0.0,0.0,0.0],[1.0,1.0,0.09,0.14,0.0,0.0,0.0,0.0,0.0,0.0,0.47,0.99,0.01,0.14,1.0,1.0,1.0,0.0,0.99,0.14,0.0,0.0,0.04,0.1],[1.0,0.55,0.0,0.0,0.0,0.0,0.0,0.0,0.0,0.0,0.0,0.2,0.0,0.01,0.0,1.0,1.0,0.01,0.78,0.99,0.18,0.2,0.58,0.41],[0.0,0.0,0.0,0.01,0.0,0.0,0.0,0.0,0.0,0.0,0.0,0.0,0.0,0.0,0.0,0.0,0.01,1.0,0.0,0.0,0.0,0.0,0.0,0.0],[0.91,1.0,0.25,0.6,0.71,0.24,0.0,0.0,0.0,0.0,0.0,0.0,0.0,0.01,0.09,0.99,0.78,0.0,1.0,1.0,0.02,0.0,0.0,0.0],[1.0,1.0,0.03,0.23,0.56,0.99,0.31,0.0,0.0,0.0,0.0,0.0,0.0,0.0,0.0,0.14,0.99,0.0,1.0,1.0,1.0,0.3,0.28,0.04],[0.99,0.71,0.0,0.01,0.02,0.84,0.99,0.16,0.0,0.0,0.0,0.0,0.0,0.0,0.0,0.0,0.18,0.0,0.02,1.0,1.0,0.82,0.68,0.5],[0.41,0.03,0.0,0.0,0.01,0.01,0.24,0.41,0.0,0.0,0.0,0.02,0.0,0.02,0.0,0.0,0.2,0.0,0.0,0.3,0.82,1.0,0.65,0.53],[0.54,0.03,0.0,0.0,0.0,0.0,0.12,0.35,0.0,0.0,0.01,0.21,0.01,0.02,0.0,0.04,0.58,0.0,0.0,0.28,0.68,0.65,1.0,0.83],[0.73,0.1,0.0,0.0,0.0,0.0,0.36,0.7,0.01,0.0,0.48,0.68,0.03,0.05,0.0,0.1,0.41,0.0,0.0,0.04,0.5,0.53,0.83,1.0]],
  "pae": [[0.8,1.2,7.3,6.6,4.1,1.5,1.2,1.3,3.2,1.5,1.2,1.3,5.8,5.3,1.6,1.2,1.3,3.6,1.5,1.2,1.3,6.5,6.8,6.5],[1.2,0.8,7.0,6.7,4.2,1.3,1.3,1.7,3.3,1.3,1.3,1.8,6.2,5.5,1.4,1.3,1.8,3.9,1.4,1.3,1.8,7.2,7.7,6.8],[11.3,10.3,1.6,4.9,4.6,8.4,9.9,10.4,12.2,9.3,10.0,10.7,15.0,12.0,9.4,9.1,9.3,11.4,7.9,8.2,10.4,12.5,12.1,11.9],[9.2,8.0,3.9,1.3,3.5,4.2,6.9,8.6,10.1,8.2,9.4,10.1,12.9,11.0,7.8,8.3,8.6,10.6,6.1,6.9,7.8,11.3,11.7,11.1],[6.6,5.2,5.1,3.3,1.1,3.8,6.0,7.6,9.6,7.2,7.8,9.4,12.3,9.8,8.2,7.6,7.6,9.5,5.1,5.0,6.1,9.8,10.5,10.5],[1.6,1.3,6.3,5.0,2.4,0.8,1.0,1.5,3.0,1.3,1.7,2.2,6.4,5.5,1.9,1.8,1.9,3.4,1.5,1.4,1.5,6.9,6.7,6.3],[1.2,1.2,6.6,5.9,3.0,0.9,0.8,1.0,2.5,1.2,1.1,1.6,5.3,4.9,1.6,1.5,1.5,3.2,1.6,1.1,1.2,6.5,6.5,6.0],[1.2,1.6,6.8,6.1,3.7,1.3,0.9,0.8,2.2,1.3,1.3,1.5,5.4,4.9,1.9,1.8,1.9,3.8,2.0,1.6,1.4,6.7,6.5,6.5],[4.1,3.3,9.1,8.4,6.5,2.8,2.6,2.6,1.4,2.9,3.1,3.9,8.2,7.2,5.5,5.9,5.7,7.8,6.1,4.9,4.6,8.6,9.0,8.0],[1.3,1.1,7.6,6.7,4.1,1.3,1.1,1.2,2.2,0.8,1.0,1.4,5.6,5.0,1.4,1.6,1.9,3.8,1.8,1.8,1.8,7.0,6.7,6.5],[1.1,1.2,7.5,6.5,3.7,1.4,1.1,1.2,2.3,0.9,0.8,1.1,4.9,4.5,1.3,1.2,1.5,3.4,1.6,1.6,1.7,6.8,7.0,6.3],[1.3,1.7,7.3,7.0,4.5,2.2,2.0,1.8,3.1,1.9,1.1,0.8,4.6,4.2,2.0,1.8,1.7,3.9,2.4,2.5,2.5,7.2,7.7,6.6],[9.7,8.8,11.9,11.9,11.6,10.2,9.0,9.1,10.4,8.7,5.6,6.3,1.6,7.8,7.6,8.4,10.5,12.3,10.6,11.1,10.4,12.4,11.1,9.5],[10.7,10.4,10.9,12.3,11.0,11.0,10.0,9.7,11.9,8.9,8.0,5.8,9.1,1.2,8.2,6.5,10.7,11.5,11.0,10.7,10.6,12.9,12.8,10.2],[1.5,1.2,7.5,6.8,3.9,1.8,1.9,2.0,3.2,1.4,1.2,1.5,4.9,3.9,0.8,1.0,1.5,3.4,1.5,1.8,2.1,7.5,7.6,6.7],[1.1,1.2,7.0,6.2,3.6,1.6,1.6,1.7,3.1,1.5,1.2,1.3,5.2,3.9,0.9,0.8,1.0,3.0,1.4,1.3,1.5,7.0,7.0,6.5],[1.2,1.7,6.8,6.0,3.7,1.8,2.0,2.1,3.7,2.0,1.9,1.7,5.9,4.8,1.5,1.0,0.8,2.7,1.5,1.5,1.7,7.0,7.1,6.8],[4.4,4.1,8.8,8.3,6.0,5.3,6.3,6.7,7.8,6.5,6.0,5.8,9.6,8.1,4.4,3.5,2.9,1.5,3.9,3.8,5.0,8.6,9.1,9.8],[1.4,1.2,6.9,6.2,3.5,1.3,1.6,2.0,3.6,2.1,2.2,2.1,6.1,5.0,1.5,1.3,1.3,2.6,0.8,1.0,1.5,6.5,6.8,6.3],[1.2,1.2,6.5,6.0,3.3,1.2,1.2,1.5,2.9,1.5,1.5,1.8,5.8,5.0,1.5,1.1,1.2,2.7,1.0,0.8,1.0,6.1,6.7,6.6],[1.3,1.7,6.5,5.7,3.7,1.5,1.3,1.4,3.2,2.0,1.8,1.9,6.0,5.5,2.0,1.7,1.3,3.3,1.5,1.0,0.8,5.2,6.0,5.9],[10.8,11.5,12.7,12.6,11.9,9.7,9.0,9.3,12.7,10.8,10.5,10.8,15.0,13.8,13.1,11.6,10.4,15.2,10.6,8.3,9.0,1.3,5.6,6.1],[10.3,12.5,13.6,13.9,13.6,10.6,9.0,8.6,12.5,11.8,11.2,10.0,15.8,12.9,13.2,11.4,9.6,13.8,11.8,9.9,7.3,4.4,1.2,5.3],[9.3,10.5,11.8,12.4,11.2,9.3,8.2,8.0,11.2,9.7,9.5,8.9,12.0,11.2,10.2,9.2,8.5,12.9,9.6,9.3,8.8,5.6,4.0,1.4]],
  "token_chain_ids": ["A","B","C","C","C","C","C","C","C","C","C","C","C","C","C","C","C","C","C","C","C","C","C","C"],
  "token_res_ids": [1,1,1,2,3,4,5,6,7,8,9,10,11,12,13,14,15,16,17,18,19,20,21,22]
}