{
  "atom_chain_ids": ["A","B","C","D","E","F","G","H","H","H","H","H","H","H","H","H","H","H","H","H","H","H","H","H","H","H","H","H","H","H","H","H","H","H","H","H","H","H","H","H","H","H","H","H","H","H","H","H","H","H","H","H","H","H","H","H","H","H","H","H","H","H","H","H","H","H","H","H","H","H","H","H","H","H","H","H","H","H","H","H","H","H","H","H","H","H","H","H","H","H","H","H","H","H","H","H","H","H","H","H","H","H","H","H","H","H","H","H","H","H","H","H","H","H","H","H","H","H","H","H","H","H","H","H","H","H","H","H","H","H","H","H","H","H","H","H","H","H","H","H","H","H","H","H","H","H","H","H","H","H","H","H","H","H","H","H","H","H","H","H","H","H","H","H","H","H","H","H","H","H","H","H"],
  "atom_plddts": [89.17,82.35,69.94,65.65,57.46,54.38,47.49,88.14,91.73,88.97,87.04,91.31,92.42,94.9,95.38,95.25,94.85,95.09,95.28,96.01,95.86,95.48,95.65,95.55,94.9,95.06,95.37,94.24,92.79,92.48,93.38,93.39,94.28,94.56,94.29,93.52,93.82,93.85,94.39,93.94,92.57,92.46,92.57,91.45,91.95,90.8,92.59,93.8,91.05,90.82,93.26,93.59,94.67,95.24,95.1,94.43,94.83,94.86,95.32,95.17,94.15,94.11,94.27,93.48,93.62,92.85,94.25,93.46,91.67,91.49,93.16,93.71,95.26,95.51,95.22,94.8,95.19,95.43,96.03,95.84,95.91,96.27,96.35,95.96,96.28,96.36,96.03,96.32,96.44,93.09,91.69,92.0,92.92,93.1,94.55,94.8,94.53,93.96,94.21,94.66,95.41,95.4,95.07,95.31,95.4,94.99,95.12,95.3,93.25,91.86,91.83,92.41,92.47,93.6,93.89,93.44,92.74,93.02,93.15,94.02,93.58,93.58,93.93,93.88,93.2,93.83,93.93,93.27,93.58,94.11,92.86,90.43,90.19,92.27,92.77,93.78,94.32,94.15,93.44,93.85,93.89,94.39,94.09,92.79,92.63,92.82,92.01,92.11,91.31,92.98,94.15,91.95,89.93,93.46,93.92,95.52,95.91,95.74,95.21,95.59,95.9,96.55,96.34,96.13,96.65,96.59,95.97,96.44,96.49,96.28,96.7,96.87],
  "contact_probs": [[1.0,0.01,0.11,0.12,0.06,0.17,0.12,0.08,0.54,0.64,0.63,0.05,0.08,0.01,0.01],[0.01,1.0,0.05,0.11,0.18,0.1,0.17,0.04,0.05,0.01,0.02,0.07,0.34,0.79,0.54],[0.11,0.05,1.0,0.14,0.35,0.12,0.18,0.08,0.22,0.07,0.34,0.35,0.6,0.05,0.05],[0.12,0.11,0.14,1.0,0.2,0.38,0.16,0.64,0.29,0.63,0.49,0.47,0.22,0.37,0.58],[0.06,0.18,0.35,0.2,1.0,0.25,0.21,0.1,0.19,0.06,0.19,0.3,0.49,0.23,0.13],[0.17,0.1,0.12,0.38,0.25,1.0,0.27,0.43,0.36,0.45,0.47,0.42,0.29,0.28,0.34],[0.12,0.17,0.18,0.16,0.21,0.27,1.0,0.18,0.25,0.16,0.23,0.25,0.33,0.25,0.22],[0.08,0.04,0.08,0.64,0.1,0.43,0.18,1.0,1.0,1.0,1.0,1.0,0.82,0.26,1.0],[0.54,0.05,0.22,0.29,0.19,0.36,0.25,1.0,1.0,0.3,0.91,0.87,0.92,0.0,0.85],[0.64,0.01,0.07,0.63,0.06,0.45,0.16,1.0,0.3,1.0,1.0,0.68,0.0,0.0,0.18],[0.63,0.02,0.34,0.49,0.19,0.47,0.23,1.0,0.91,1.0,1.0,1.0,0.96,0.11,0.39],[0.05,0.07,0.35,0.47,0.3,0.42,0.25,1.0,0.87,0.68,1.0,1.0,0.99,0.98,1.0],[0.08,0.34,0.6,0.22,0.49,0.29,0.33,0.82,0.92,0.0,0.96,0.99,1.0,0.57,0.85],[0.01,0.79,0.05,0.37,0.23,0.28,0.25,0.26,0.0,0.0,0.11,0.98,0.57,1.0,1.0],[0.01,0.54,0.05,0.58,0.13,0.34,0.22,1.0,0.85,0.18,0.39,1.0,0.85,1.0,1.0]],
  "pae": [[1.0,12.2,9.9,10.4,12.1,11.1,14.9,8.5,8.1,7.7,7.1,8.6,9.8,10.8,10.6],[12.5,1.1,10.0,10.9,10.9,12.1,14.0,7.7,8.0,8.9,8.5,7.5,7.5,7.0,7.3],[10.7,13.5,1.7,12.8,11.3,13.8,17.4,10.9,9.4,11.1,8.7,8.9,8.9,12.5,11.7],[11.8,13.7,14.4,1.7,14.2,14.9,19.2,9.6,9.3,10.4,10.2,11.3,10.3,11.3,9.7],[13.8,14.2,7.7,15.1,2.0,12.7,16.4,11.8,11.0,12.8,10.1,10.5,9.8,12.7,12.2],[11.0,15.8,9.9,14.4,13.2,1.8,14.4,10.7,9.5,10.0,8.3,9.6,10.3,12.9,11.8],[19.1,15.9,11.6,18.0,10.3,14.3,1.4,14.1,13.0,15.1,12.5,12.4,11.7,14.0,13.6],[4.0,3.3,4.9,5.1,6.0,5.6,8.7,0.9,2.0,1.8,1.7,1.9,1.9,1.9,1.6],[3.6,3.5,4.6,4.8,5.9,5.4,8.8,1.2,1.0,1.5,1.6,1.8,1.7,2.1,1.7],[3.4,3.9,4.6,4.9,5.8,5.1,8.6,1.2,1.5,0.9,1.1,1.7,1.7,2.0,1.9],[3.2,3.2,4.4,4.7,5.5,5.1,8.3,1.3,1.4,1.1,0.8,1.1,1.4,1.9,1.7],[3.3,3.1,4.6,4.8,5.6,5.2,8.1,1.5,1.9,1.5,1.0,0.8,1.4,1.6,1.5],[3.8,3.0,4.6,4.8,5.5,5.2,8.6,2.0,1.9,2.1,1.6,1.3,0.9,1.7,1.8],[4.6,3.1,5.1,5.5,6.1,5.9,8.4,1.9,2.4,2.5,2.5,1.4,1.9,0.9,1.4],[4.0,2.9,4.7,4.8,5.8,5.7,8.6,1.4,1.9,1.8,1.8,1.4,1.6,1.2,0.8]],
  "token_chain_ids": ["A","B","C","D","E","F","G","H","H","H","H","H","H","H","H"],
  "token_res_ids": [1,1,1,1,1,1,1,1,2,3,4,5,6,7,8]
}