{
  "atom_chain_ids": ["A","B","C","D","E","F","G","H","H","H","H","H","H","H","H","H","H","H","H","H","H","H","H","H","H","H","H","H","H","H","H","H","H","H","H","H","H","H","H","H","H","H","H","H","H","H","H","H","H","H","H","H","H","H","H","H","H","H","H","H","H","H","H","H","H","H","H","H","H","H","H","H","H","H","H","H","H","H","H","H","H","H","H","H","H","H","H","H","H","H","H","H","H","H","H","H","H","H","H","H","H","H","H","H","H","H","H","H","H","H","H","H","H","H","H","H","H","H","H","H","H","H","H","H","H","H","H","H","H","H","H","H","H","H","H","H","H","H","H","H","H","H","H","H","H","H","H","H","H","H","H","H","H","H","H","H","H","H","H","H","H","H","H","H","H","H","H","H","H","H","H","H"],
  "atom_plddts": [85.73,80.75,71.11,63.87,57.49,55.43,50.91,87.94,91.47,88.63,86.68,91.04,92.22,94.72,95.22,95.09,94.7,94.93,95.14,95.87,95.72,95.34,95.52,95.41,94.77,94.94,95.25,94.14,92.68,92.36,93.25,93.24,94.14,94.43,94.14,93.34,93.64,93.65,94.23,93.77,92.4,92.3,92.41,91.3,91.82,90.63,92.42,93.68,90.87,90.59,93.14,93.5,94.61,95.17,95.03,94.35,94.75,94.79,95.24,95.08,94.07,94.05,94.21,93.42,93.57,92.78,94.19,93.18,91.32,91.1,92.89,93.46,95.04,95.31,95.01,94.6,94.98,95.23,95.84,95.64,95.74,96.12,96.2,95.8,96.14,96.21,95.87,96.18,96.29,93.02,91.54,91.81,92.9,93.11,94.55,94.8,94.56,94.0,94.25,94.71,95.41,95.42,95.07,95.32,95.4,94.99,95.12,95.3,93.35,91.96,91.9,92.57,92.62,93.68,93.98,93.55,92.89,93.16,93.28,94.1,93.67,93.66,94.01,93.95,93.27,93.88,94.0,93.37,93.69,94.2,92.96,90.58,90.41,92.41,92.91,93.91,94.44,94.28,93.58,93.98,94.03,94.52,94.21,92.91,92.76,92.92,92.1,92.22,91.43,93.1,94.24,92.14,90.19,93.56,93.99,95.55,95.93,95.76,95.22,95.61,95.91,96.56,96.35,96.14,96.66,96.6,95.98,96.45,96.5,96.3,96.7,96.87],
  "contact_probs": [[1.0,0.01,0.11,0.12,0.06,0.17,0.12,0.08,0.54,0.64,0.63,0.05,0.08,0.01,0.01],[0.01,1.0,0.05,0.11,0.18,0.1,0.17,0.04,0.05,0.01,0.02,0.07,0.34,0.79,0.54],[0.11,0.05,1.0,0.14,0.35,0.12,0.18,0.08,0.22,0.07,0.34,0.35,0.6,0.05,0.05],[0.12,0.11,0.14,1.0,0.2,0.38,0.16,0.64,0.29,0.63,0.49,0.47,0.22,0.37,0.58],[0.06,0.18,0.35,0.2,1.0,0.25,0.21,0.1,0.19,0.06,0.19,0.3,0.49,0.23,0.13],[0.17,0.1,0.12,0.38,0.25,1.0,0.27,0.43,0.36,0.45,0.47,0.42,0.29,0.28,0.34],[0.12,0.17,0.18,0.16,0.21,0.27,1.0,0.18,0.25,0.16,0.23,0.25,0.33,0.25,0.22],[0.08,0.04,0.08,0.64,0.1,0.43,0.18,1.0,1.0,1.0,1.0,1.0,0.82,0.26,1.0],[0.54,0.05,0.22,0.29,0.19,0.36,0.25,1.0,1.0,0.3,0.91,0.87,0.92,0.0,0.85],[0.64,0.01,0.07,0.63,0.06,0.45,0.16,1.0,0.3,1.0,1.0,0.68,0.0,0.0,0.18],[0.63,0.02,0.34,0.49,0.19,0.47,0.23,1.0,0.91,1.0,1.0,1.0,0.96,0.11,0.39],[0.05,0.07,0.35,0.47,0.3,0.42,0.25,1.0,0.87,0.68,1.0,1.0,0.99,0.98,1.0],[0.08,0.34,0.6,0.22,0.49,0.29,0.33,0.82,0.92,0.0,0.96,0.99,1.0,0.57,0.85],[0.01,0.79,0.05,0.37,0.23,0.28,0.25,0.26,0.0,0.0,0.11,0.98,0.57,1.0,1.0],[0.01,0.54,0.05,0.58,0.13,0.34,0.22,1.0,0.85,0.18,0.39,1.0,0.85,1.0,1.0]],
  "pae": [[0.9,12.3,10.1,10.9,13.1,11.5,15.6,9.3,8.1,8.1,7.3,8.4,9.3,10.6,10.7],[11.5,1.1,9.7,10.8,10.5,11.9,12.6,7.8,8.1,9.2,8.6,7.1,7.4,6.9,7.0],[10.4,12.8,1.5,13.5,11.2,13.7,15.6,11.5,10.2,11.4,8.8,8.6,9.0,11.1,12.2],[11.1,13.7,12.4,1.6,13.9,13.5,17.5,9.1,8.8,10.2,9.8,11.0,10.3,11.5,9.5],[16.5,13.2,10.1,16.7,1.8,12.5,15.6,11.7,10.7,12.4,9.4,8.5,9.3,10.2,11.3],[11.9,16.4,11.7,14.3,15.0,1.5,15.1,10.4,9.4,9.7,8.1,9.2,9.7,12.6,10.9],[20.2,13.8,18.0,18.2,14.2,16.4,1.3,12.8,11.9,14.9,12.9,11.9,11.2,12.2,11.9],[4.1,3.4,4.8,4.9,5.5,5.4,8.1,0.9,2.2,1.9,1.7,1.9,1.9,1.9,1.7],[3.7,3.5,4.4,4.6,5.3,5.2,8.0,1.2,1.0,1.6,1.7,1.8,1.8,2.0,1.8],[3.6,3.8,4.4,4.7,5.3,5.0,8.2,1.2,1.5,0.9,1.1,1.6,1.7,2.0,2.0],[3.4,3.2,4.0,4.5,4.8,5.0,7.8,1.3,1.4,1.1,0.8,1.1,1.4,1.8,1.7],[3.4,2.8,4.2,4.6,4.8,5.0,7.4,1.4,1.8,1.4,1.0,0.8,1.3,1.5,1.5],[3.8,2.9,4.4,4.8,5.0,5.1,7.8,2.0,2.0,2.1,1.6,1.2,0.9,1.6,1.8],[4.6,3.0,4.7,5.3,5.2,5.8,7.7,1.9,2.4,2.4,2.4,1.4,1.8,0.9,1.5],[4.0,2.8,4.8,4.6,5.3,5.4,7.8,1.3,1.9,1.8,1.7,1.3,1.6,1.2,0.9]],
  "token_chain_ids": ["A","B","C","D","E","F","G","H","H","H","H","H","H","H","H"],
  "token_res_ids": [1,1,1,1,1,1,1,1,2,3,4,5,6,7,8]
}