{
  "atom_chain_ids": ["A","B","C","D","E","F","G","H","H","H","H","H","H","H","H","H","H","H","H","H","H","H","H","H","H","H","H","H","H","H","H","H","H","H","H","H","H","H","H","H","H","H","H","H","H","H","H","H","H","H","H","H","H","H","H","H","H","H","H","H","H","H","H","H","H","H","H","H","H","H","H","H","H","H","H","H","H","H","H","H","H","H","H","H","H","H","H","H","H","H","H","H","H","H","H","H","H","H","H","H","H","H","H","H","H","H","H","H","H","H","H","H","H","H","H","H","H","H","H","H","H","H","H","H","H","H","H","H","H","H","H","H","H","H","H","H","H","H","H","H","H","H","H","H","H","H","H","H","H","H","H","H","H","H","H","H","H","H","H","H","H","H","H","H","H","H","H","H","H","H","H","H"],
  "atom_plddts": [80.21,79.96,68.13,62.8,56.14,55.41,48.64,86.92,90.54,87.28,84.94,90.03,91.36,94.07,94.59,94.44,94.03,94.23,94.45,95.26,95.09,94.71,94.89,94.77,94.11,94.25,94.61,93.54,92.09,91.63,92.5,92.47,93.36,93.66,93.39,92.5,92.79,92.66,93.33,92.76,91.12,90.93,91.09,89.92,90.38,89.12,91.02,92.83,89.84,89.41,92.22,92.61,93.77,94.4,94.26,93.51,93.96,93.96,94.43,94.23,93.11,93.05,93.25,92.44,92.54,91.79,93.23,92.76,90.86,90.56,92.44,93.06,94.68,94.95,94.66,94.23,94.62,94.87,95.49,95.28,95.32,95.71,95.77,95.33,95.69,95.79,95.44,95.76,95.89,92.53,91.13,91.36,92.31,92.46,93.93,94.18,93.9,93.28,93.52,93.99,94.78,94.78,94.42,94.65,94.73,94.3,94.43,94.65,92.34,90.91,90.8,91.38,91.4,92.57,92.89,92.43,91.65,91.93,92.05,92.98,92.51,92.43,92.81,92.74,92.0,92.67,92.76,92.08,92.34,92.96,92.71,90.36,90.1,92.05,92.47,93.43,93.98,93.85,93.1,93.52,93.5,94.03,93.69,92.24,92.06,92.25,91.42,91.52,90.72,92.41,93.66,91.38,89.19,92.92,93.41,95.06,95.44,95.26,94.69,95.08,95.39,96.11,95.86,95.6,96.12,96.06,95.36,95.84,95.95,95.76,96.16,96.38],
  "contact_probs": [[1.0,0.01,0.11,0.12,0.06,0.17,0.12,0.08,0.54,0.64,0.63,0.05,0.08,0.01,0.01],[0.01,1.0,0.05,0.11,0.18,0.1,0.17,0.04,0.05,0.01,0.02,0.07,0.34,0.79,0.54],[0.11,0.05,1.0,0.14,0.35,0.12,0.18,0.08,0.22,0.07,0.34,0.35,0.6,0.05,0.05],[0.12,0.11,0.14,1.0,0.2,0.38,0.16,0.64,0.29,0.63,0.49,0.47,0.22,0.37,0.58],[0.06,0.18,0.35,0.2,1.0,0.25,0.21,0.1,0.19,0.06,0.19,0.3,0.49,0.23,0.13],[0.17,0.1,0.12,0.38,0.25,1.0,0.27,0.43,0.36,0.45,0.47,0.42,0.29,0.28,0.34],[0.12,0.17,0.18,0.16,0.21,0.27,1.0,0.18,0.25,0.16,0.23,0.25,0.33,0.25,0.22],[0.08,0.04,0.08,0.64,0.1,0.43,0.18,1.0,1.0,1.0,1.0,1.0,0.82,0.26,1.0],[0.54,0.05,0.22,0.29,0.19,0.36,0.25,1.0,1.0,0.3,0.91,0.87,0.92,0.0,0.85],[0.64,0.01,0.07,0.63,0.06,0.45,0.16,1.0,0.3,1.0,1.0,0.68,0.0,0.0,0.18],[0.63,0.02,0.34,0.49,0.19,0.47,0.23,1.0,0.91,1.0,1.0,1.0,0.96,0.11,0.39],[0.05,0.07,0.35,0.47,0.3,0.42,0.25,1.0,0.87,0.68,1.0,1.0,0.99,0.98,1.0],[0.08,0.34,0.6,0.22,0.49,0.29,0.33,0.82,0.92,0.0,0.96,0.99,1.0,0.57,0.85],[0.01,0.79,0.05,0.37,0.23,0.28,0.25,0.26,0.0,0.0,0.11,0.98,0.57,1.0,1.0],[0.01,0.54,0.05,0.58,0.13,0.34,0.22,1.0,0.85,0.18,0.39,1.0,0.85,1.0,1.0]],
  "pae": [[1.0,11.8,9.9,10.6,12.1,12.2,12.9,9.1,8.3,8.0,7.5,8.6,9.8,11.4,11.2],[12.2,1.2,10.2,10.6,12.4,13.4,16.5,8.7,9.1,9.6,8.9,8.3,8.0,8.0,7.8],[10.9,11.5,1.6,12.0,11.1,15.5,15.0,11.6,9.9,11.8,9.2,9.0,8.7,12.0,11.9],[15.1,11.5,13.2,1.9,12.1,14.2,16.4,8.9,9.1,9.7,9.4,9.2,9.9,9.9,8.7],[12.1,13.3,10.5,13.0,1.9,14.1,16.5,10.5,9.9,11.7,9.8,10.4,8.9,12.0,10.9],[14.9,13.7,13.2,13.1,14.6,1.5,15.5,9.8,9.3,11.1,9.9,10.5,10.1,13.2,10.0],[13.9,20.6,14.8,16.5,14.3,16.8,1.3,14.0,12.6,13.9,11.8,13.0,12.3,15.5,13.7],[4.3,4.1,5.1,6.1,7.2,6.6,8.9,0.9,2.1,1.9,1.9,2.1,2.1,2.1,1.9],[4.0,4.4,4.8,6.2,7.1,6.6,8.8,1.4,1.0,1.7,1.8,2.0,2.0,2.5,2.3],[3.7,4.6,4.8,6.1,6.9,6.2,8.3,1.3,1.7,0.9,1.2,1.8,1.9,2.4,2.2],[3.5,3.9,4.4,5.8,6.8,6.1,8.4,1.4,1.6,1.2,0.8,1.3,1.6,2.3,1.9],[3.6,3.8,4.7,5.6,6.5,6.0,8.3,1.6,2.1,1.7,1.1,0.9,1.6,1.8,1.7],[4.1,3.9,4.7,5.9,7.0,6.4,8.7,2.5,2.2,2.4,1.9,1.5,0.9,1.9,2.2],[4.9,3.9,5.1,6.1,7.0,6.6,9.2,2.1,2.7,2.8,2.7,1.6,2.2,0.9,1.5],[4.3,3.5,5.0,5.9,6.9,6.2,9.0,1.5,2.2,2.0,2.1,1.5,1.8,1.4,0.9]],
  "token_chain_ids": ["A","B","C","D","E","F","G","H","H","H","H","H","H","H","H"],
  "token_res_ids": [1,1,1,1,1,1,1,1,2,3,4,5,6,7,8]
}