{
  "atom_chain_ids": ["A","B","C","D","E","F","G","H","H","H","H","H","H","H","H","H","H","H","H","H","H","H","H","H","H","H","H","H","H","H","H","H","H","H","H","H","H","H","H","H","H","H","H","H","H","H","H","H","H","H","H","H","H","H","H","H","H","H","H","H","H","H","H","H","H","H","H","H","H","H","H","H","H","H","H","H","H","H","H","H","H","H","H","H","H","H","H","H","H","H","H","H","H","H","H","H","H","H","H","H","H","H","H","H","H","H","H","H","H","H","H","H","H","H","H","H","H","H","H","H","H","H","H","H","H","H","H","H","H","H","H","H","H","H","H","H","H","H","H","H","H","H","H","H","H","H","H","H","H","H","H","H","H","H","H","H","H","H","H","H","H","H","H","H","H","H","H","H","H","H","H","H"],
  "atom_plddts": [86.82,76.33,69.59,64.45,57.52,54.35,51.34,87.82,91.54,88.7,86.74,91.03,92.2,94.77,95.29,95.17,94.74,94.99,95.2,95.95,95.8,95.39,95.58,95.46,94.79,94.96,95.28,94.08,92.6,92.23,93.18,93.18,94.06,94.33,94.04,93.24,93.53,93.56,94.13,93.64,92.23,92.1,92.21,91.07,91.57,90.4,92.22,93.75,91.06,90.78,93.15,93.43,94.5,95.06,94.93,94.22,94.63,94.65,95.12,94.94,93.87,93.81,93.97,93.15,93.27,92.5,93.95,93.32,91.51,91.28,93.01,93.54,95.09,95.35,95.07,94.65,95.03,95.26,95.87,95.67,95.72,96.1,96.15,95.74,96.08,96.17,95.84,96.14,96.26,93.12,91.69,91.96,92.92,93.09,94.53,94.77,94.52,93.92,94.18,94.63,95.38,95.37,95.03,95.27,95.35,94.91,95.04,95.24,93.15,91.82,91.78,92.29,92.4,93.5,93.8,93.35,92.62,92.94,93.04,93.93,93.49,93.46,93.83,93.78,93.07,93.71,93.8,93.15,93.45,94.0,93.06,90.56,90.37,92.51,93.03,94.02,94.55,94.4,93.7,94.12,94.17,94.65,94.35,93.07,92.91,93.08,92.24,92.35,91.59,93.28,94.32,92.28,90.37,93.66,94.09,95.61,95.98,95.83,95.31,95.69,95.96,96.6,96.39,96.13,96.63,96.57,95.93,96.39,96.46,96.27,96.67,96.85],
  "contact_probs": [[1.0,0.01,0.11,0.12,0.06,0.17,0.12,0.08,0.54,0.64,0.63,0.05,0.08,0.01,0.01],[0.01,1.0,0.05,0.11,0.18,0.1,0.17,0.04,0.05,0.01,0.02,0.07,0.34,0.79,0.54],[0.11,0.05,1.0,0.14,0.35,0.12,0.18,0.08,0.22,0.07,0.34,0.35,0.6,0.05,0.05],[0.12,0.11,0.14,1.0,0.2,0.38,0.16,0.64,0.29,0.63,0.49,0.47,0.22,0.37,0.58],[0.06,0.18,0.35,0.2,1.0,0.25,0.21,0.1,0.19,0.06,0.19,0.3,0.49,0.23,0.13],[0.17,0.1,0.12,0.38,0.25,1.0,0.27,0.43,0.36,0.45,0.47,0.42,0.29,0.28,0.34],[0.12,0.17,0.18,0.16,0.21,0.27,1.0,0.18,0.25,0.16,0.23,0.25,0.33,0.25,0.22],[0.08,0.04,0.08,0.64,0.1,0.43,0.18,1.0,1.0,1.0,1.0,1.0,0.82,0.26,1.0],[0.54,0.05,0.22,0.29,0.19,0.36,0.25,1.0,1.0,0.3,0.91,0.87,0.92,0.0,0.85],[0.64,0.01,0.07,0.63,0.06,0.45,0.16,1.0,0.3,1.0,1.0,0.68,0.0,0.0,0.18],[0.63,0.02,0.34,0.49,0.19,0.47,0.23,1.0,0.91,1.0,1.0,1.0,0.96,0.11,0.39],[0.05,0.07,0.35,0.47,0.3,0.42,0.25,1.0,0.87,0.68,1.0,1.0,0.99,0.98,1.0],[0.08,0.34,0.6,0.22,0.49,0.29,0.33,0.82,0.92,0.0,0.96,0.99,1.0,0.57,0.85],[0.01,0.79,0.05,0.37,0.23,0.28,0.25,0.26,0.0,0.0,0.11,0.98,0.57,1.0,1.0],[0.01,0.54,0.05,0.58,0.13,0.34,0.22,1.0,0.85,0.18,0.39,1.0,0.85,1.0,1.0]],
  "pae": [[1.0,12.1,9.8,10.4,12.7,12.2,16.1,8.8,8.1,8.1,7.3,8.6,9.6,11.2,10.3],[13.6,1.2,11.3,12.1,12.3,14.4,12.4,8.4,8.6,10.0,8.8,7.3,7.2,7.4,7.4],[10.4,11.7,1.4,11.8,11.5,16.7,16.2,12.0,10.7,11.4,8.9,9.3,9.2,12.2,12.3],[11.3,15.1,12.0,1.5,13.0,16.2,18.6,9.6,9.7,8.1,7.9,8.8,9.8,10.5,9.5],[15.4,12.1,8.3,13.1,1.7,15.3,16.8,11.7,10.9,12.7,10.2,10.1,9.2,11.7,11.3],[14.8,13.9,14.5,13.5,14.8,1.4,16.5,9.6,9.3,10.8,10.0,10.8,10.3,12.8,9.8],[20.8,9.7,18.0,17.9,15.2,17.2,1.3,13.4,12.3,15.4,12.6,12.2,10.8,11.9,12.1],[4.3,3.9,5.0,4.6,6.1,6.1,8.3,0.9,1.9,1.8,1.6,1.9,1.8,1.9,1.6],[4.0,3.9,4.7,4.5,6.2,6.0,8.5,1.3,1.0,1.6,1.8,1.8,1.8,2.2,1.7],[3.6,4.3,4.6,4.2,6.0,5.9,8.3,1.2,1.5,0.9,1.1,1.6,1.6,2.1,1.9],[3.5,3.7,4.3,4.2,5.6,5.9,7.9,1.3,1.4,1.1,0.8,1.1,1.4,1.9,1.7],[3.6,3.5,4.5,4.2,5.5,5.6,7.5,1.5,1.7,1.4,1.0,0.8,1.3,1.5,1.5],[4.0,3.8,4.7,4.7,5.7,5.7,7.9,2.0,1.8,2.0,1.6,1.2,0.9,1.6,1.8],[4.7,3.9,5.2,4.8,6.0,6.2,7.7,1.9,2.2,2.4,2.3,1.3,1.8,0.9,1.4],[4.1,3.5,5.1,4.3,5.9,5.7,7.7,1.2,1.7,1.7,1.6,1.3,1.5,1.2,0.8]],
  "token_chain_ids": ["A","B","C","D","E","F","G","H","H","H","H","H","H","H","H"],
  "token_res_ids": [1,1,1,1,1,1,1,1,2,3,4,5,6,7,8]
}