{
  "atom_chain_ids": ["A","A","A","A","A","A","A","A","A","A","A","A","A","A","A","A","A","A","A","A","A","A","A","A","A","A","A","A","A","A","A","A","A","A","A","A","A","A","A","A","A","A","A","A","A","A","A","A","A","A","A","A","A","A","A","A","A","A","A","A","A","A","A","A","A","A","A","A","A","A","A","A","A","A","A","A","A","A","A","A","A","A","A","A","A","A","A","A","A","A","A","A","A","A","A","A","A","A","A","A","A","A","A","A","A","A","A","A","A","A","A","A","A","A","A","A","A","A","A","A","A","A","A","A","A","A","A","A","A","A","A","A","A","A","A","A","A","A","A","A","A","A","A","A","A","A","A","A","A","A","A","A","A","A","A","A","A","A","A","A","A","A","A","A","A","A","A","A","A","A","A","A","A","A","A","A","A","A","A","A","A","A","A","A","A","A","A","A","A","A","A","A","A","A","A","A","A","A","A","A","A","A","A","A","A","A","A","A","A","A","A","A","A","A","A","A","A","A","A","A","A","A","A","A","A","A","A","A","A","A","A","A","A","A","A","A","A","A","A","A","A","A","A","A","A","A","A","A","A","A","A","A","A","A","A","A","A","A","A","A","A","A","A","A","A","A","A","A","A","A","A","A","A","A","A","A","A","A","A","A","A","A","A","A","A","A","A","A","A","A","A","A","A","A","A","A","A","A","A","A","A","A","A","A","A","A","A","A","A","A","A","A","A","A","A","A","A","A","A","A","A","A","A","A","A","A","A","A","A","A","A","A","A","A","A","A","A","A","A","A","A","A","A","A","A","A","A","A","A","A","A","A","A","A","A","A","A","A","A","A","A","A","A","A","A","A","A","A","A","A","A","A","A","A","A","A","A","A","A","A","A","A","A","A","A","A","A","A","A","A","A","A","A","A","A","A","A","A","A","A","A","A","A","A","A","A","A","A","A","A","A","A","A","A","A","A","A","A","A","A","A","A","A","A","A","A","A","A","A","A","A","A","A","A","A","A","A","A","A","A","A","A","A","A","A","A","A","A","A","A","A","A","A","A","A","A","A","A","A","A","A","A","A","A","A","A","A","A","A","A","A","A","A","A","A","A","A","A","A","A","A","A","A","A","A","A","A","A","A","A","A","A","A","A","A","A","A","A","A","A","A","A","A","A","A","A","A","A","A","A","A","A","A","A","A","A","A","A","A","A","A","A","A","A","A","A","A","A","A","A","A","A","A","A","A"],
  "atom_plddts": [42.16,42.29,37.89,37.43,43.77,43.9,46.58,48.01,47.77,47.37,46.11,46.58,46.06,45.88,44.19,43.47,43.86,43.61,42.78,43.32,48.02,44.06,45.08,48.79,50.28,51.78,54.14,53.22,52.2,51.87,52.6,52.74,53.32,51.99,52.72,53.1,52.64,52.07,51.67,52.05,51.66,52.84,51.08,49.1,50.48,51.43,52.39,53.51,56.08,54.86,53.5,53.18,54.26,53.97,54.92,54.55,55.18,55.98,55.67,55.47,54.76,54.57,54.32,55.14,50.91,49.06,50.01,51.05,51.84,52.25,53.56,52.41,51.24,50.87,51.47,51.84,52.44,52.27,53.17,53.91,53.76,53.42,52.46,52.12,51.77,52.7,46.95,45.03,45.19,47.08,46.53,47.26,47.55,48.37,47.82,46.94,47.25,47.29,46.79,44.38,44.17,44.12,44.29,43.39,43.93,45.67,41.6,40.64,46.62,46.32,48.07,47.66,49.98,49.21,48.69,48.42,49.33,47.99,45.4,46.19,45.74,44.77,43.98,44.14,45.46,44.51,46.69,49.1,45.39,45.92,49.75,49.58,50.91,51.57,51.77,50.87,49.74,50.37,50.38,49.93,48.23,47.95,48.09,48.0,46.93,47.44,50.56,47.16,48.56,51.4,52.49,53.45,55.24,54.6,53.72,53.43,53.75,53.82,54.17,53.12,53.72,54.53,54.19,53.52,52.82,52.95,52.54,53.97,50.61,49.23,50.74,50.77,51.22,52.51,54.0,53.31,52.27,51.99,52.16,52.54,53.22,52.89,53.42,54.2,53.98,53.62,52.91,52.68,52.28,53.23,49.8,49.21,49.81,49.41,48.84,49.54,49.69,49.21,48.37,48.02,47.55,48.65,48.19,48.19,48.79,49.01,48.67,48.29,47.66,47.69,47.06,48.39,42.2,40.39,39.93,41.46,41.25,42.25,40.77,44.12,42.63,42.02,40.76,41.71,39.68,37.12,36.66,36.22,35.05,34.52,34.83,35.89,36.55,39.49,36.44,35.28,39.55,39.29,40.84,40.66,43.07,42.44,42.11,41.09,41.95,40.66,37.81,37.69,37.73,36.69,36.13,36.26,37.25,36.48,39.07,36.67,33.66,32.21,36.34,36.38,37.85,37.71,40.75,39.88,39.65,38.05,38.94,37.75,34.96,34.58,34.73,33.62,33.08,33.3,34.15,33.37,36.11,37.46,34.22,33.56,37.14,37.01,38.38,38.02,42.32,41.02,40.39,38.58,39.5,38.23,35.02,34.33,34.24,32.98,32.54,32.86,33.95,34.74,43.25,39.38,38.7,42.89,42.35,43.79,43.4,46.8,45.31,44.76,43.29,44.53,43.33,40.28,39.88,39.63,38.3,37.55,37.93,39.29,40.06,47.69,43.86,43.53,48.27,48.57,50.05,51.31,51.74,50.98,50.46,49.77,51.0,50.48,48.08,48.66,48.53,47.61,46.68,46.85,47.9,47.09,49.33,49.73,46.6,48.14,50.18,51.01,52.47,54.86,53.64,52.64,52.5,53.54,53.64,54.36,53.85,54.85,55.17,54.8,54.49,53.93,54.0,53.89,54.67,53.25,50.75,52.15,53.87,54.79,56.18,58.81,57.33,56.31,56.08,57.21,56.81,57.71,57.19,57.9,58.78,58.58,58.04,57.33,57.26,56.95,57.95,52.67,50.82,51.89,52.89,52.98,53.98,55.86,54.55,53.27,52.92,53.76,54.0,54.73,54.6,55.32,56.01,55.81,55.58,54.82,54.63,54.3,55.16,50.35,49.1,49.42,49.83,49.15,49.9,49.98,49.82,48.71,48.43,48.57,49.36,49.08,49.16,50.21,50.35,50.07,49.83,48.98,48.86,48.15,49.49,48.55,45.91,46.23,48.67,48.05,49.06,49.59,50.16,49.7,48.64,49.31,49.02,48.6,46.65,46.61,46.65,46.84,45.98,46.33,53.03,50.4,51.64,53.63,54.52,55.06,57.19,56.1,55.48,55.25,55.86,55.75,56.32,55.82,56.53,57.16,56.89,56.26,55.7,55.85,55.55,56.59,53.9,52.57,53.42,54.01,54.55,55.32,56.78,55.55,54.52,54.33,54.93,54.72,55.43,55.47,55.92,56.72,56.48,56.15,55.56,55.42,54.97,55.96,48.61,48.36,49.44,48.34,48.41,49.09,49.86,49.14,48.21,47.93,47.76,48.56,48.9,49.0,49.68,50.05,49.88,49.68,48.92,48.64,48.2,49.16,41.58,39.67,39.85,41.09,41.86,42.95,42.47,44.16,42.86,42.42,41.28,41.64,40.82,38.8,38.34,38.2,37.39,36.88,36.88,37.55,38.87],
  "contact_probs": [[1.0,0.95,0.24,0.0,0.01,0.01,0.02,0.05,0.04,0.04,0.04,0.08,0.15,0.16,0.27,0.55,0.38,0.11,0.02,0.01,0.03,0.5,0.37,0.07,0.04],[0.95,1.0,0.99,0.21,0.02,0.03,0.04,0.16,0.14,0.18,0.1,0.19,0.27,0.23,0.25,0.33,0.28,0.08,0.03,0.01,0.02,0.45,0.61,0.27,0.06],[0.24,0.99,1.0,0.99,0.22,0.11,0.1,0.36,0.25,0.43,0.22,0.16,0.17,0.11,0.08,0.05,0.06,0.04,0.05,0.01,0.02,0.22,0.52,0.6,0.28],[0.0,0.21,0.99,1.0,0.65,0.46,0.48,0.55,0.5,0.33,0.19,0.04,0.04,0.03,0.02,0.01,0.02,0.03,0.06,0.05,0.06,0.11,0.27,0.41,0.38],[0.01,0.02,0.22,0.65,1.0,0.53,0.23,0.14,0.07,0.03,0.03,0.01,0.01,0.01,0.01,0.0,0.01,0.02,0.04,0.09,0.17,0.21,0.21,0.17,0.13],[0.01,0.03,0.11,0.46,0.53,1.0,0.81,0.27,0.1,0.04,0.02,0.01,0.01,0.01,0.0,0.01,0.02,0.06,0.12,0.23,0.45,0.14,0.09,0.1,0.07],[0.02,0.04,0.1,0.48,0.23,0.81,1.0,0.8,0.24,0.03,0.01,0.01,0.01,0.01,0.01,0.02,0.04,0.18,0.39,0.41,0.4,0.08,0.04,0.04,0.03],[0.05,0.16,0.36,0.55,0.14,0.27,0.8,1.0,0.98,0.18,0.02,0.02,0.01,0.01,0.01,0.07,0.33,0.49,0.34,0.15,0.07,0.02,0.02,0.02,0.01],[0.04,0.14,0.25,0.5,0.07,0.1,0.24,0.98,1.0,0.96,0.29,0.07,0.04,0.03,0.04,0.17,0.46,0.48,0.29,0.17,0.02,0.02,0.05,0.06,0.05],[0.04,0.18,0.43,0.33,0.03,0.04,0.03,0.18,0.96,1.0,0.72,0.29,0.18,0.12,0.15,0.2,0.18,0.11,0.18,0.14,0.01,0.01,0.03,0.09,0.19],[0.04,0.1,0.22,0.19,0.03,0.02,0.01,0.02,0.29,0.72,1.0,0.65,0.25,0.14,0.13,0.08,0.04,0.02,0.04,0.05,0.01,0.01,0.01,0.08,0.22],[0.08,0.19,0.16,0.04,0.01,0.01,0.01,0.02,0.07,0.29,0.65,1.0,0.81,0.34,0.21,0.15,0.06,0.02,0.01,0.02,0.0,0.01,0.01,0.05,0.13],[0.15,0.27,0.17,0.04,0.01,0.01,0.01,0.01,0.04,0.18,0.25,0.81,1.0,0.76,0.31,0.15,0.05,0.02,0.02,0.02,0.01,0.01,0.03,0.08,0.12],[0.16,0.23,0.11,0.03,0.01,0.01,0.01,0.01,0.03,0.12,0.14,0.34,0.76,1.0,0.63,0.27,0.05,0.01,0.01,0.01,0.0,0.01,0.02,0.06,0.1],[0.27,0.25,0.08,0.02,0.01,0.0,0.01,0.01,0.04,0.15,0.13,0.21,0.31,0.63,1.0,0.72,0.18,0.01,0.01,0.0,0.0,0.02,0.02,0.06,0.08],[0.55,0.33,0.05,0.01,0.0,0.01,0.02,0.07,0.17,0.2,0.08,0.15,0.15,0.27,0.72,1.0,0.94,0.18,0.02,0.01,0.01,0.07,0.05,0.05,0.03],[0.38,0.28,0.06,0.02,0.01,0.02,0.04,0.33,0.46,0.18,0.04,0.06,0.05,0.05,0.18,0.94,1.0,0.99,0.25,0.02,0.02,0.24,0.17,0.07,0.02],[0.11,0.08,0.04,0.03,0.02,0.06,0.18,0.49,0.48,0.11,0.02,0.02,0.02,0.01,0.01,0.18,0.99,1.0,0.99,0.23,0.09,0.31,0.26,0.09,0.02],[0.02,0.03,0.05,0.06,0.04,0.12,0.39,0.34,0.29,0.18,0.04,0.01,0.02,0.01,0.01,0.02,0.25,0.99,1.0,0.97,0.41,0.69,0.31,0.14,0.04],[0.01,0.01,0.01,0.05,0.09,0.23,0.41,0.15,0.17,0.14,0.05,0.02,0.02,0.01,0.0,0.01,0.02,0.23,0.97,1.0,0.62,0.41,0.57,0.35,0.13],[0.03,0.02,0.02,0.06,0.17,0.45,0.4,0.07,0.02,0.01,0.01,0.0,0.01,0.0,0.0,0.01,0.02,0.09,0.41,0.62,1.0,0.46,0.13,0.02,0.01],[0.5,0.45,0.22,0.11,0.21,0.14,0.08,0.02,0.02,0.01,0.01,0.01,0.01,0.01,0.02,0.07,0.24,0.31,0.69,0.41,0.46,1.0,0.99,0.21,0.01],[0.37,0.61,0.52,0.27,0.21,0.09,0.04,0.02,0.05,0.03,0.01,0.01,0.03,0.02,0.02,0.05,0.17,0.26,0.31,0.57,0.13,0.99,1.0,0.99,0.44],[0.07,0.27,0.6,0.41,0.17,0.1,0.04,0.02,0.06,0.09,0.08,0.05,0.08,0.06,0.06,0.05,0.07,0.09,0.14,0.35,0.02,0.21,0.99,1.0,0.9],[0.04,0.06,0.28,0.38,0.13,0.07,0.03,0.01,0.05,0.19,0.22,0.13,0.12,0.1,0.08,0.03,0.02,0.02,0.04,0.13,0.01,0.01,0.44,0.9,1.0]],
  "pae": [[1.5,7.1,8.0,12.5,14.0,13.7,12.3,13.9,10.7,9.6,11.9,13.5,15.3,14.9,12.3,10.5,11.3,12.6,14.2,15.3,15.1,13.1,10.5,9.4,13.4],[5.2,1.1,3.2,5.7,9.8,8.8,9.3,7.8,7.4,9.3,13.3,15.1,16.2,14.5,12.0,8.8,8.2,7.7,7.8,9.8,10.9,9.0,7.6,7.0,12.1],[6.1,3.6,0.9,2.9,8.6,7.0,8.0,7.5,6.5,9.4,13.1,14.9,15.9,13.7,11.0,7.5,7.2,6.9,5.9,7.7,9.3,7.6,6.9,7.4,12.6],[7.8,4.2,2.5,1.0,6.0,5.2,7.5,7.0,7.3,11.4,14.6,16.3,16.7,15.1,12.3,8.4,7.2,6.7,5.6,8.9,9.8,8.5,6.9,8.7,13.0],[15.4,12.6,8.9,8.1,1.4,7.4,7.1,10.8,13.2,16.7,19.6,20.1,20.9,21.0,20.1,17.8,16.9,15.8,15.3,14.3,14.7,14.6,15.0,15.3,18.6],[13.3,10.3,8.3,7.2,4.8,1.1,4.8,5.9,8.1,13.0,16.5,17.6,18.6,18.4,17.5,14.3,12.1,11.2,10.4,10.6,11.2,12.8,11.8,13.3,16.2],[13.0,9.1,8.1,6.7,7.2,5.4,1.3,4.7,6.2,9.6,14.5,16.5,17.0,17.4,16.0,12.3,11.2,9.9,9.7,10.1,10.9,11.2,11.5,12.3,16.0],[12.9,7.8,7.4,7.0,8.5,5.1,4.0,1.0,2.9,6.2,10.0,13.4,14.8,15.3,14.2,11.1,9.8,8.3,8.1,8.2,9.0,7.2,7.4,9.0,13.5],[12.3,7.7,8.4,7.6,9.5,6.6,4.8,3.0,1.0,4.6,9.5,12.7,14.1,14.5,13.1,10.7,9.3,7.9,8.6,10.5,10.7,7.8,7.5,9.0,13.9],[12.8,9.1,8.9,9.6,11.9,9.8,7.3,5.9,3.7,1.1,7.1,12.1,12.7,15.4,14.0,12.6,9.9,9.6,11.1,13.1,12.0,10.0,9.5,10.0,15.9],[15.3,14.1,13.8,14.1,15.9,16.2,13.5,11.9,10.6,7.8,1.3,9.5,9.5,13.0,13.2,12.5,13.3,15.5,15.6,17.6,16.7,16.3,15.9,15.8,18.3],[14.7,14.9,14.4,15.1,17.4,17.9,15.0,14.8,13.1,9.2,6.0,1.2,6.8,8.6,10.9,13.5,14.4,16.3,17.0,19.1,18.3,18.2,16.9,15.8,18.4],[15.9,17.1,17.1,18.9,20.7,20.7,18.5,17.7,16.8,12.9,7.9,6.7,1.3,9.4,11.8,14.0,15.1,18.7,19.7,21.8,20.1,20.4,19.1,17.4,17.9],[14.8,16.0,17.6,18.8,20.7,20.7,19.2,18.5,17.4,14.6,12.4,9.0,8.1,1.5,11.1,11.6,13.8,16.0,17.9,20.1,19.4,19.5,17.4,16.5,18.0],[13.5,12.3,13.1,14.5,17.2,16.1,14.6,14.1,13.8,13.8,13.4,11.5,9.2,9.1,1.3,5.3,7.7,10.0,12.3,14.6,15.6,14.2,14.2,14.3,17.8],[13.0,8.9,10.0,10.8,13.2,11.6,10.8,9.8,9.3,11.9,13.1,14.7,14.2,9.3,5.5,1.1,3.8,5.8,7.6,9.4,11.6,10.9,10.2,11.1,16.1],[12.8,7.6,7.8,7.9,12.0,9.8,8.8,6.8,7.1,9.3,14.0,16.1,15.3,12.3,6.5,3.8,0.9,2.6,4.7,6.4,10.1,7.8,8.0,10.4,15.8],[11.6,6.7,5.9,6.6,10.7,8.2,7.7,6.5,5.8,9.4,12.9,15.2,15.2,12.8,8.0,4.4,2.9,0.9,2.1,5.1,7.9,7.1,6.9,9.8,14.2],[11.1,7.4,6.4,6.9,10.6,8.3,8.3,7.0,7.1,11.3,14.2,15.5,15.3,13.1,10.8,5.4,4.4,3.0,0.9,3.1,7.0,8.8,8.6,11.3,14.6],[13.3,11.4,9.7,8.2,11.2,8.0,8.0,8.1,10.9,14.8,17.6,17.9,18.0,17.8,14.6,9.8,8.1,5.8,4.4,1.1,5.2,8.3,9.3,13.9,16.5],[15.8,12.8,11.0,10.6,11.6,8.8,9.6,10.0,12.3,14.5,17.5,19.2,18.9,19.6,18.1,14.2,10.2,8.5,7.6,5.9,1.4,8.1,7.9,12.9,16.1],[12.1,7.4,7.6,8.1,10.6,9.1,8.8,7.1,7.6,10.3,13.3,15.7,16.6,16.1,13.6,10.5,7.7,6.4,6.9,6.6,5.6,1.0,2.7,4.8,8.3],[11.8,7.3,7.6,8.1,10.6,9.8,9.3,7.4,6.7,10.2,13.6,15.6,15.8,15.9,13.9,10.5,8.8,7.5,7.7,10.0,7.1,2.9,0.9,3.0,8.9],[11.2,8.5,7.8,9.4,13.1,12.6,11.6,10.2,8.6,10.7,14.8,17.0,16.6,16.3,14.9,11.8,10.2,9.9,10.2,13.0,10.2,6.4,4.2,1.0,6.0],[12.0,10.7,12.6,13.6,16.7,16.9,15.0,15.7,14.9,12.4,16.0,17.6,17.7,17.4,16.2,14.0,13.4,14.4,15.3,17.2,16.1,13.7,11.5,6.4,1.6]],
  "token_chain_ids": ["A","A","A","A","A","A","A","A","A","A","A","A","A","A","A","A","A","A","A","A","A","A","A","A","A"],
  "token_res_ids": [1,2,3,4,5,6,7,8,9,10,11,12,13,14,15,16,17,18,19,20,21,22,23,24,25]
}