{
  "atom_chain_ids": ["A","A","A","A","A","A","A","A","A","A","A","A","A","A","A","A","A","A","A","A","A","A","A","A","A","A","A","A","A","A","A","A","A","A","A","A","A","A","A","A","A","A","A","A","A","A","A","A","A","A","A","A","A","A","A","A","A","A","A","A","A","A","A","A","A","A","A","A","A","A","A","A","A","A","A","A","A","A","A","A","A","A","A","A","A","A","A","A","A","A","A","A","A","A","A","A","A","A","A","A","A","A","A","A","A","A","A","A","A","A","A","A","A","A","A","A","A","A","A","A","A","A","A","A","A","A","A","A","A","A","A","A","A","A","A","A","A","A","A","A","A","A","A","A","A","A","A","A","A","A","A","A","A","A","A","A","A","A","A","A","A","A","A","A","A","A","A","A","A","A","A","A","A","A","A","A","A","A","A","A","A","A","A","A","A","A","A","A","A","A","A","A","A","A","A","A","A","A","A","A","A","A","A","A","A","A","A","A","A","A","A","A","A","A","A","A","A","A","A","A","A","A","A","A","A","A","A","A","A","A","A","A","A","A","A","A","A","A","A","A","A","A","A","A","A","A","A","A","A","A","A","A","A","A","A","A","A","A","A","A","A","A","A","A","A","A","A","A","A","A","A","A","A","A","A","A","A","A","A","A","A","A","A","A","A","A","A","A","A","A","A","A","A","A","A","A","A","A","A","A","A","A","A","A","A","A","A","A","A","A","A","A","A","A","A","A","A","A","A","A","A","A","A","A","A","A","A","A","A","A","A","A","A","A","A","A","A","A","A","A","A","A","A","A","A","A","A","A","A","A","A","A","A","A","A","A","A","A","A","A","A","A","A","A","A","A","A","A","A","A","A","A","A","A","A","A","A","A","A","A","A","A","A","A","A","A","A","A","A","A","A","A","A","A","A","A","A","A","A","A","A","A","A","A","A","A","A","A","A","A","A","A","A","A","A","A","A","A","A","A","A","A","A","A","A","A","A","A","A","A","A","A","A","A","A","A","A","A","A","A","A","A","A","A","A","A","A","A","A","A","A","A","A","A","A","A","A","A","A","A","A","A","A","A","A","A","A","A","A","A","A","A","A","A","A","A","A","A","A","A","A","A","A","A","A","A","A","A","A","A","A","A","A","A","A","A","A","A","A","A","A","A","A","A","A","A","A","A","A","A","A","A","A","A","A","A","A","A","A","A","A","A","A","A","A","A","A","A","A","A","A","A","A","A","A"],
  "atom_plddts": [40.34,40.46,36.38,35.75,41.94,41.88,44.57,45.57,45.63,45.13,44.13,44.24,43.97,43.83,41.98,41.31,41.73,41.44,40.73,41.22,45.96,42.15,43.03,46.68,48.0,49.8,51.86,51.23,50.27,49.99,50.28,50.68,51.19,49.7,50.39,50.73,50.27,49.74,49.32,49.69,49.29,50.5,48.32,46.17,47.89,48.72,49.85,51.29,53.66,52.73,51.42,51.11,51.88,51.68,52.74,52.17,52.77,53.5,53.16,53.03,52.37,52.11,51.89,52.71,50.64,48.97,50.07,50.64,51.67,52.3,53.65,52.49,51.28,50.94,51.5,51.91,52.5,52.23,52.98,53.66,53.44,53.17,52.31,52.06,51.67,52.56,45.36,43.11,43.2,45.31,45.02,45.99,46.27,47.44,46.84,46.22,46.33,46.41,45.99,43.43,43.17,43.13,43.24,42.35,42.94,43.42,39.62,38.6,44.33,44.04,45.8,45.32,47.7,46.83,46.63,46.33,47.17,45.99,43.4,44.14,43.82,42.94,42.19,42.24,43.47,42.66,44.67,45.46,42.07,42.23,45.96,45.78,47.11,47.01,47.68,46.71,46.12,46.66,46.78,46.36,44.72,44.72,44.83,44.77,43.86,44.09,49.68,46.15,47.59,50.39,51.63,52.73,54.47,53.8,52.91,52.66,52.94,53.1,53.43,52.39,52.94,53.67,53.3,52.64,52.02,52.19,51.83,53.2,51.04,49.66,51.2,51.03,52.03,53.44,55.04,54.21,53.14,52.87,53.19,53.34,54.11,53.75,54.18,54.89,54.58,54.28,53.67,53.57,53.19,54.07,48.33,47.87,48.56,48.07,47.58,48.3,48.41,47.93,47.08,46.91,46.37,47.52,47.19,47.11,47.65,47.85,47.54,47.21,46.63,46.65,46.09,47.31,39.28,37.58,36.94,38.63,38.47,39.38,38.08,41.35,39.96,39.56,38.27,38.91,37.05,34.74,34.11,33.81,32.73,32.28,32.62,33.5,34.2,36.49,33.66,32.34,36.58,36.47,38.01,37.65,40.48,39.78,39.59,38.5,39.23,38.0,35.18,34.87,35.06,34.03,33.55,33.66,34.51,33.86,36.4,35.23,32.53,31.13,34.95,34.94,36.31,36.11,39.15,38.31,38.22,36.61,37.37,36.23,33.61,33.13,33.37,32.31,31.82,32.0,32.74,32.1,34.68,38.33,35.09,34.34,37.96,37.71,39.11,38.76,42.68,41.41,40.87,39.2,40.15,38.94,35.83,35.22,35.17,33.93,33.47,33.71,34.81,35.64,40.93,37.24,36.56,40.69,40.14,41.67,41.27,44.86,43.37,42.77,41.26,42.6,41.54,38.49,38.05,37.96,36.71,36.09,36.35,37.55,38.34,45.27,41.57,40.99,45.66,46.05,47.8,48.74,49.18,48.35,47.99,47.23,48.57,48.13,45.65,46.27,46.13,45.27,44.56,44.51,45.51,44.96,46.92,48.89,45.51,46.92,49.32,49.97,51.75,54.2,53.13,52.19,52.03,52.89,53.18,53.83,53.1,54.06,54.39,53.99,53.59,53.06,53.14,53.03,53.98,52.27,49.81,51.42,52.92,53.82,55.21,57.85,56.45,55.44,55.16,56.27,55.95,56.87,56.31,56.98,57.84,57.63,57.12,56.42,56.36,56.08,57.05,53.95,52.48,53.18,54.04,54.1,55.09,56.89,55.85,54.57,54.21,54.83,55.06,55.77,55.58,56.19,56.87,56.66,56.28,55.65,55.54,55.07,56.05,47.83,46.61,46.98,47.48,47.0,47.68,47.62,47.44,46.33,46.32,46.31,47.13,47.08,47.14,48.13,48.24,48.05,47.9,47.1,46.92,46.51,47.6,47.09,45.27,45.21,46.47,45.5,46.46,46.43,47.16,46.57,45.97,46.24,46.19,45.61,43.95,43.9,43.85,43.91,43.23,43.51,48.68,46.2,47.75,49.4,50.5,51.37,52.94,52.09,51.58,51.44,51.6,51.74,52.27,51.57,52.23,52.74,52.46,51.95,51.36,51.45,51.19,52.12,51.72,50.58,51.67,51.88,52.74,53.49,54.71,53.69,52.64,52.53,52.94,52.74,53.54,53.44,53.78,54.55,54.28,54.03,53.49,53.32,52.89,53.79,47.58,47.82,48.83,47.23,47.12,47.65,48.16,47.46,46.6,46.51,46.18,47.07,47.42,47.65,48.24,48.54,48.39,48.27,47.57,47.27,46.9,47.77,39.99,38.64,38.91,39.64,39.96,40.78,40.36,42.16,40.96,40.53,39.47,39.74,38.95,37.2,36.66,36.55,35.78,35.37,35.39,35.96,37.14],
  "contact_probs": [[1.0,0.95,0.24,0.0,0.01,0.01,0.02,0.05,0.04,0.04,0.04,0.08,0.15,0.16,0.27,0.55,0.38,0.11,0.02,0.01,0.03,0.5,0.37,0.07,0.04],[0.95,1.0,0.99,0.21,0.02,0.03,0.04,0.16,0.14,0.18,0.1,0.19,0.27,0.23,0.25,0.33,0.28,0.08,0.03,0.01,0.02,0.45,0.61,0.27,0.06],[0.24,0.99,1.0,0.99,0.22,0.11,0.1,0.36,0.25,0.43,0.22,0.16,0.17,0.11,0.08,0.05,0.06,0.04,0.05,0.01,0.02,0.22,0.52,0.6,0.28],[0.0,0.21,0.99,1.0,0.65,0.46,0.48,0.55,0.5,0.33,0.19,0.04,0.04,0.03,0.02,0.01,0.02,0.03,0.06,0.05,0.06,0.11,0.27,0.41,0.38],[0.01,0.02,0.22,0.65,1.0,0.53,0.23,0.14,0.07,0.03,0.03,0.01,0.01,0.01,0.01,0.0,0.01,0.02,0.04,0.09,0.17,0.21,0.21,0.17,0.13],[0.01,0.03,0.11,0.46,0.53,1.0,0.81,0.27,0.1,0.04,0.02,0.01,0.01,0.01,0.0,0.01,0.02,0.06,0.12,0.23,0.45,0.14,0.09,0.1,0.07],[0.02,0.04,0.1,0.48,0.23,0.81,1.0,0.8,0.24,0.03,0.01,0.01,0.01,0.01,0.01,0.02,0.04,0.18,0.39,0.41,0.4,0.08,0.04,0.04,0.03],[0.05,0.16,0.36,0.55,0.14,0.27,0.8,1.0,0.98,0.18,0.02,0.02,0.01,0.01,0.01,0.07,0.33,0.49,0.34,0.15,0.07,0.02,0.02,0.02,0.01],[0.04,0.14,0.25,0.5,0.07,0.1,0.24,0.98,1.0,0.96,0.29,0.07,0.04,0.03,0.04,0.17,0.46,0.48,0.29,0.17,0.02,0.02,0.05,0.06,0.05],[0.04,0.18,0.43,0.33,0.03,0.04,0.03,0.18,0.96,1.0,0.72,0.29,0.18,0.12,0.15,0.2,0.18,0.11,0.18,0.14,0.01,0.01,0.03,0.09,0.19],[0.04,0.1,0.22,0.19,0.03,0.02,0.01,0.02,0.29,0.72,1.0,0.65,0.25,0.14,0.13,0.08,0.04,0.02,0.04,0.05,0.01,0.01,0.01,0.08,0.22],[0.08,0.19,0.16,0.04,0.01,0.01,0.01,0.02,0.07,0.29,0.65,1.0,0.81,0.34,0.21,0.15,0.06,0.02,0.01,0.02,0.0,0.01,0.01,0.05,0.13],[0.15,0.27,0.17,0.04,0.01,0.01,0.01,0.01,0.04,0.18,0.25,0.81,1.0,0.76,0.31,0.15,0.05,0.02,0.02,0.02,0.01,0.01,0.03,0.08,0.12],[0.16,0.23,0.11,0.03,0.01,0.01,0.01,0.01,0.03,0.12,0.14,0.34,0.76,1.0,0.63,0.27,0.05,0.01,0.01,0.01,0.0,0.01,0.02,0.06,0.1],[0.27,0.25,0.08,0.02,0.01,0.0,0.01,0.01,0.04,0.15,0.13,0.21,0.31,0.63,1.0,0.72,0.18,0.01,0.01,0.0,0.0,0.02,0.02,0.06,0.08],[0.55,0.33,0.05,0.01,0.0,0.01,0.02,0.07,0.17,0.2,0.08,0.15,0.15,0.27,0.72,1.0,0.94,0.18,0.02,0.01,0.01,0.07,0.05,0.05,0.03],[0.38,0.28,0.06,0.02,0.01,0.02,0.04,0.33,0.46,0.18,0.04,0.06,0.05,0.05,0.18,0.94,1.0,0.99,0.25,0.02,0.02,0.24,0.17,0.07,0.02],[0.11,0.08,0.04,0.03,0.02,0.06,0.18,0.49,0.48,0.11,0.02,0.02,0.02,0.01,0.01,0.18,0.99,1.0,0.99,0.23,0.09,0.31,0.26,0.09,0.02],[0.02,0.03,0.05,0.06,0.04,0.12,0.39,0.34,0.29,0.18,0.04,0.01,0.02,0.01,0.01,0.02,0.25,0.99,1.0,0.97,0.41,0.69,0.31,0.14,0.04],[0.01,0.01,0.01,0.05,0.09,0.23,0.41,0.15,0.17,0.14,0.05,0.02,0.02,0.01,0.0,0.01,0.02,0.23,0.97,1.0,0.62,0.41,0.57,0.35,0.13],[0.03,0.02,0.02,0.06,0.17,0.45,0.4,0.07,0.02,0.01,0.01,0.0,0.01,0.0,0.0,0.01,0.02,0.09,0.41,0.62,1.0,0.46,0.13,0.02,0.01],[0.5,0.45,0.22,0.11,0.21,0.14,0.08,0.02,0.02,0.01,0.01,0.01,0.01,0.01,0.02,0.07,0.24,0.31,0.69,0.41,0.46,1.0,0.99,0.21,0.01],[0.37,0.61,0.52,0.27,0.21,0.09,0.04,0.02,0.05,0.03,0.01,0.01,0.03,0.02,0.02,0.05,0.17,0.26,0.31,0.57,0.13,0.99,1.0,0.99,0.44],[0.07,0.27,0.6,0.41,0.17,0.1,0.04,0.02,0.06,0.09,0.08,0.05,0.08,0.06,0.06,0.05,0.07,0.09,0.14,0.35,0.02,0.21,0.99,1.0,0.9],[0.04,0.06,0.28,0.38,0.13,0.07,0.03,0.01,0.05,0.19,0.22,0.13,0.12,0.1,0.08,0.03,0.02,0.02,0.04,0.13,0.01,0.01,0.44,0.9,1.0]],
  "pae": [[1.5,6.9,8.7,13.2,14.3,15.4,14.6,14.0,12.8,11.6,12.6,16.4,15.8,13.8,14.1,12.1,13.2,13.8,14.8,15.6,16.5,13.5,11.5,9.9,12.7],[6.1,1.1,3.4,5.7,9.3,9.9,11.6,9.5,8.0,8.9,13.5,16.3,16.0,14.2,14.7,12.2,10.1,8.8,9.2,10.6,12.3,10.2,8.5,9.3,12.8],[7.4,4.0,1.0,3.1,7.0,7.6,9.3,7.6,7.4,8.2,12.9,15.4,15.4,14.3,13.5,9.7,9.5,7.9,7.0,8.2,9.8,9.0,8.1,9.9,12.6],[8.5,4.2,2.9,1.0,5.0,5.7,8.2,6.7,7.3,8.9,13.3,15.9,16.2,15.4,14.6,10.0,8.8,7.1,6.3,8.3,10.0,8.0,7.1,10.5,14.2],[14.9,11.7,8.9,7.6,1.4,6.5,6.7,9.6,11.3,13.1,17.3,19.5,19.8,18.6,19.7,17.5,15.3,16.3,14.7,14.6,14.7,15.1,14.9,16.5,18.6],[14.3,11.1,9.6,7.6,5.0,1.1,4.9,6.1,8.6,11.8,17.1,18.9,19.4,18.4,18.8,15.9,14.3,13.3,12.1,11.5,11.3,12.6,13.2,14.8,17.3],[16.9,12.8,11.2,7.6,6.9,4.6,1.3,5.5,7.9,12.0,17.2,18.8,19.4,19.3,19.4,16.1,14.3,12.7,11.7,9.9,12.1,12.4,14.3,15.6,18.5],[14.1,10.5,8.9,7.2,8.2,5.7,5.2,1.0,3.6,6.7,11.8,15.7,16.0,15.5,15.5,12.5,9.8,8.5,8.4,8.7,9.9,8.6,8.5,10.5,14.0],[13.1,9.6,8.6,7.6,9.1,7.5,5.9,3.4,1.0,4.1,9.3,13.8,14.2,13.4,13.9,11.5,9.7,7.8,8.8,10.7,11.2,8.2,7.6,9.7,13.9],[14.6,11.1,9.3,9.2,10.5,9.3,8.3,6.3,4.7,1.1,9.3,11.8,13.7,15.0,15.4,13.5,11.7,10.8,12.1,13.1,13.2,10.0,10.6,12.4,16.2],[16.8,14.8,14.1,15.2,17.3,17.9,17.1,14.1,13.1,10.9,1.3,11.1,11.8,12.0,13.4,14.4,16.8,17.6,18.0,19.3,19.7,17.6,17.6,17.7,18.8],[16.5,14.5,15.1,16.8,18.9,20.3,19.5,17.9,16.9,10.8,6.5,1.3,7.7,9.1,12.1,14.5,16.8,18.6,19.0,20.8,20.6,20.8,18.6,17.8,17.8],[16.5,15.2,16.9,19.0,19.8,21.4,20.2,18.1,17.2,13.0,8.7,7.1,1.3,9.7,10.4,12.8,16.1,18.5,19.7,20.8,21.0,20.7,19.1,17.0,17.5],[15.7,14.2,15.5,17.2,18.5,19.0,17.8,17.5,15.9,13.8,10.5,9.9,7.0,1.2,6.9,7.6,10.2,13.2,14.9,18.1,17.2,18.3,17.3,15.2,18.0],[15.2,13.5,14.9,16.5,17.7,18.2,16.7,16.1,15.5,14.6,13.3,12.5,9.0,6.4,1.2,5.5,8.3,12.0,13.4,16.1,15.3,16.0,15.5,14.7,17.6],[15.6,10.9,11.9,12.2,14.2,14.0,12.9,12.2,12.2,13.6,14.4,16.3,13.4,6.8,5.5,1.1,4.1,6.7,8.7,10.2,12.1,12.7,12.4,12.6,17.3],[14.2,8.7,8.7,8.8,11.4,10.0,9.9,7.5,7.7,10.3,15.0,17.5,16.2,13.1,8.1,5.1,1.0,3.1,5.6,6.9,9.8,9.2,7.5,10.6,16.4],[13.2,7.4,6.4,7.6,10.4,8.6,8.2,7.0,6.2,9.3,12.9,15.7,14.9,12.5,9.5,5.5,3.4,0.9,2.7,5.0,7.8,6.7,6.3,8.4,14.2],[12.5,7.8,6.2,7.1,10.4,9.3,8.7,7.1,7.3,10.1,14.3,15.9,15.6,14.0,12.0,6.2,4.4,2.7,0.9,3.1,7.1,7.6,7.3,11.2,14.2],[14.9,11.1,10.0,8.5,10.4,8.9,9.1,8.4,10.5,14.0,17.8,18.5,18.5,17.6,17.1,11.7,8.6,6.4,5.2,1.1,6.3,7.1,9.0,12.6,15.9],[17.6,14.4,13.1,10.8,13.2,11.8,10.6,11.0,13.6,15.4,18.5,20.2,20.2,18.4,18.1,15.4,12.3,10.1,7.5,6.3,1.5,9.9,11.0,15.4,18.8],[13.1,8.0,7.7,7.9,11.3,11.1,9.2,7.1,8.0,10.4,14.5,16.7,17.7,17.3,16.0,14.7,9.9,7.9,7.9,7.0,7.4,1.1,3.6,4.9,9.0],[12.1,8.4,7.5,9.1,11.7,11.0,10.3,8.0,7.2,9.7,14.1,16.3,16.2,15.9,15.2,11.7,9.3,8.0,8.3,8.3,9.0,4.1,0.9,3.7,9.0],[11.8,9.8,9.5,11.6,13.9,14.0,12.8,11.4,10.3,11.6,16.4,18.7,18.7,16.7,16.6,13.4,11.4,9.9,11.1,11.1,12.0,7.2,4.9,1.0,5.7],[12.3,11.9,15.8,15.6,17.4,19.7,18.7,16.5,15.8,14.2,16.1,18.8,18.0,17.0,17.1,13.4,15.2,15.2,16.4,15.3,17.6,15.0,11.4,6.6,1.6]],
  "token_chain_ids": ["A","A","A","A","A","A","A","A","A","A","A","A","A","A","A","A","A","A","A","A","A","A","A","A","A"],
  "token_res_ids": [1,2,3,4,5,6,7,8,9,10,11,12,13,14,15,16,17,18,19,20,21,22,23,24,25]
}