{
  "atom_chain_ids": ["A","A","A","A","A","A","A","A","A","A","A","A","A","A","A","A","A","A","A","A","A","A","A","A","A","A","A","A","A","A","A","A","A","A","A","A","A","A","A","A","A","A","A","A","A","A","A","A","A","A","A","A","A","A","A","A","A","A","A","A","A","A","A","A","A","A","A","A","A","A","A","A","A","A","A","A","A","A","A","A","A","A","A","A","A","A","A","A","A","A","A","A","A","A","A","A","A","A","A","A","A","A","A","A","A","A","A","A","A","A","A","A","A","A","A","A","A","A","A","A","A","A","A","A","A","A","A","A","A","A","A","A","A","A","A","A","A","A","A","A","A","A","A","A","A","A","A","A","A","A","A","A","A","A","A","A","A","A","A","A","A","A","A","A","A","A","A","A","A","A","A","A","A","A","A","A","A","A","A","A","A","A","A","A","A","A","A","A","A","A","A","A","A","A","A","A","A","A","A","A","A","A","A","A","A","A","A","A","A","A","A","A","A","A","A","A","A","A","A","A","A","A","A","A","A","A","A","A","A","A","A","A","A","A","A","A","A","A","A","A","A","A","A","A","A","A","A","A","A","A","A","A","A","A","A","A","A","A","A","A","A","A","A","A","A","A","A","A","A","A","A","A","A","A","A","A","A","A","A","A","A","A","A","A","A","A","A","A","A","A","A","A","A","A","A","A","A","A","A","A","A","A","A","A","A","A","A","A","A","A","A","A","A","A","A","A","A","A","A","A","A","A","A","A","A","A","A","A","A","A","A","A","A","A","A","A","A","A","A","A","A","A","A","A","A","A","A","A","A","A","A","A","A","A","A","A","A","A","A","A","A","A","A","A","A","A","A","A","A","A","A","A","A","A","A","A","A","A","A","A","A","A","A","A","A","A","A","A","A","A","A","A","A","A","A","A","A","A","A","A","A","A","A","A","A","A","A","A","A","A","A","A","A","A","A","A","A","A","A","A","A","A","A","A","A","A","A","A","A","A","A","A","A","A","A","A","A","A","A","A","A","A","A","A","A","A","A","A","A","A","A","A","A","A","A","A","A","A","A","A","A","A","A","A","A","A","A","A","A","A","A","A","A","A","A","A","A","A","A","A","A","A","A","A","A","A","A","A","A","A","A","A","A","A","A","A","A","A","A","A","A","A","A","A","A","A","A","A","A","A","A","A","A","A","A","A","A","A","A","A","A","A","A","A","A","A","A","A","A","A","A","A","A","A","A"],
  "atom_plddts": [54.24,54.93,48.91,50.1,56.1,58.1,60.68,62.86,62.44,61.49,60.14,61.57,61.08,60.3,59.28,58.45,58.96,58.62,57.18,57.99,57.92,53.54,54.2,58.58,59.23,60.28,63.07,62.38,60.97,61.17,62.04,62.2,62.6,61.59,62.18,62.96,62.42,61.39,61.24,61.56,61.04,62.87,58.33,56.03,56.58,58.61,58.97,59.89,62.6,61.18,59.64,59.77,61.24,60.79,61.65,61.61,62.42,63.32,63.03,62.6,61.86,61.67,61.46,62.53,61.76,59.21,58.96,61.66,61.78,62.22,63.96,63.08,61.94,61.89,62.69,62.85,63.49,63.59,64.56,65.57,65.25,64.61,63.81,63.56,63.25,64.6,54.57,52.5,52.97,55.28,54.21,54.81,55.54,55.4,54.79,53.09,53.9,54.0,53.19,50.95,50.51,50.37,50.46,49.34,50.26,55.56,50.61,50.34,56.97,56.5,58.16,58.15,59.76,58.88,57.53,57.25,58.41,56.9,54.88,55.67,55.07,53.61,52.67,53.22,54.77,53.74,56.25,58.36,53.71,54.75,59.81,59.14,60.59,62.01,61.54,60.65,59.2,60.31,60.55,59.95,58.74,58.38,58.8,58.48,57.32,57.91,60.47,56.21,56.94,60.88,61.75,62.5,64.63,64.26,63.04,63.71,64.29,64.0,64.43,64.04,64.95,65.75,65.32,64.63,64.1,64.27,64.12,65.51,59.25,57.18,57.96,59.25,60.0,61.2,63.18,62.28,61.16,61.31,62.28,61.65,62.44,62.74,63.67,64.28,64.03,63.66,62.89,62.77,62.52,63.45,58.04,56.41,56.93,57.57,57.01,57.67,58.36,57.82,56.81,56.41,56.43,57.12,56.87,57.46,58.38,58.67,58.17,57.6,57.0,57.19,56.28,57.75,52.77,50.51,50.21,52.17,51.31,52.68,51.0,54.06,52.62,51.52,50.5,51.57,49.1,46.12,46.08,45.17,43.42,42.51,43.09,44.84,45.31,48.38,44.65,44.24,48.81,48.28,49.84,50.15,51.8,50.98,50.15,49.78,50.77,49.4,46.95,47.33,46.76,45.48,44.57,45.18,46.79,45.28,48.11,44.63,40.56,39.1,44.48,44.46,46.04,46.2,48.75,47.83,47.05,46.16,46.95,45.52,42.89,42.97,42.46,41.05,40.14,40.88,42.4,40.93,44.05,45.95,41.83,41.28,45.57,45.35,47.38,46.87,50.61,48.89,48.27,47.15,47.65,46.09,42.9,42.57,41.91,40.21,39.35,40.05,41.84,42.59,50.74,46.04,45.56,50.71,50.08,52.09,51.97,54.73,52.92,52.49,51.29,52.27,50.73,47.82,47.64,47.09,45.22,43.99,44.87,46.78,47.52,53.67,48.76,48.63,54.77,54.95,56.54,58.14,58.63,57.72,56.98,56.24,57.62,56.85,54.71,55.2,55.17,53.8,52.43,53.12,54.41,53.36,56.29,57.99,53.83,54.96,58.65,58.65,60.49,63.25,62.16,61.04,61.18,62.06,62.5,63.02,62.8,63.83,64.55,63.96,63.22,62.81,62.86,62.71,64.2,61.81,58.58,59.41,62.38,63.2,64.73,67.04,65.98,64.65,65.14,66.37,66.0,66.8,66.53,67.43,68.42,68.1,67.45,66.84,66.74,66.64,67.9,64.42,61.89,62.1,64.52,64.55,66.15,67.58,66.92,65.29,65.36,66.28,66.52,67.16,66.9,67.76,68.68,68.23,67.79,67.14,66.99,66.76,68.04,65.14,63.19,62.9,64.9,63.74,64.99,65.51,65.56,64.25,63.78,63.75,64.76,64.6,64.8,65.84,66.42,65.76,65.35,64.67,64.58,63.95,65.7,62.16,59.56,59.85,62.44,60.4,61.38,61.62,61.83,60.89,58.58,59.07,59.68,58.11,56.22,55.35,55.28,55.05,53.9,55.17,61.05,57.46,58.07,61.24,61.65,62.14,64.23,63.77,62.67,62.84,63.67,63.34,63.82,64.07,64.98,65.61,65.27,64.49,64.07,64.16,63.95,65.22,61.47,59.53,59.64,61.59,61.87,62.47,64.27,62.98,61.72,62.11,63.18,62.32,62.97,63.41,64.19,64.95,64.77,64.29,63.69,63.62,63.44,64.37,63.59,62.45,62.28,62.85,61.72,62.16,63.33,62.31,60.96,61.01,61.42,61.98,62.31,63.41,64.27,64.85,64.58,63.97,63.42,63.2,62.55,63.75,61.64,60.09,59.77,60.55,60.49,60.85,60.81,61.12,59.6,58.98,58.49,59.16,57.87,56.66,56.82,56.81,55.62,54.36,54.52,55.52,56.24],
  "contact_probs": [[1.0,0.95,0.24,0.0,0.01,0.01,0.02,0.05,0.04,0.04,0.04,0.08,0.15,0.16,0.27,0.55,0.38,0.11,0.02,0.01,0.03,0.5,0.37,0.07,0.04],[0.95,1.0,0.99,0.21,0.02,0.03,0.04,0.16,0.14,0.18,0.1,0.19,0.27,0.23,0.25,0.33,0.28,0.08,0.03,0.01,0.02,0.45,0.61,0.27,0.06],[0.24,0.99,1.0,0.99,0.22,0.11,0.1,0.36,0.25,0.43,0.22,0.16,0.17,0.11,0.08,0.05,0.06,0.04,0.05,0.01,0.02,0.22,0.52,0.6,0.28],[0.0,0.21,0.99,1.0,0.65,0.46,0.48,0.55,0.5,0.33,0.19,0.04,0.04,0.03,0.02,0.01,0.02,0.03,0.06,0.05,0.06,0.11,0.27,0.41,0.38],[0.01,0.02,0.22,0.65,1.0,0.53,0.23,0.14,0.07,0.03,0.03,0.01,0.01,0.01,0.01,0.0,0.01,0.02,0.04,0.09,0.17,0.21,0.21,0.17,0.13],[0.01,0.03,0.11,0.46,0.53,1.0,0.81,0.27,0.1,0.04,0.02,0.01,0.01,0.01,0.0,0.01,0.02,0.06,0.12,0.23,0.45,0.14,0.09,0.1,0.07],[0.02,0.04,0.1,0.48,0.23,0.81,1.0,0.8,0.24,0.03,0.01,0.01,0.01,0.01,0.01,0.02,0.04,0.18,0.39,0.41,0.4,0.08,0.04,0.04,0.03],[0.05,0.16,0.36,0.55,0.14,0.27,0.8,1.0,0.98,0.18,0.02,0.02,0.01,0.01,0.01,0.07,0.33,0.49,0.34,0.15,0.07,0.02,0.02,0.02,0.01],[0.04,0.14,0.25,0.5,0.07,0.1,0.24,0.98,1.0,0.96,0.29,0.07,0.04,0.03,0.04,0.17,0.46,0.48,0.29,0.17,0.02,0.02,0.05,0.06,0.05],[0.04,0.18,0.43,0.33,0.03,0.04,0.03,0.18,0.96,1.0,0.72,0.29,0.18,0.12,0.15,0.2,0.18,0.11,0.18,0.14,0.01,0.01,0.03,0.09,0.19],[0.04,0.1,0.22,0.19,0.03,0.02,0.01,0.02,0.29,0.72,1.0,0.65,0.25,0.14,0.13,0.08,0.04,0.02,0.04,0.05,0.01,0.01,0.01,0.08,0.22],[0.08,0.19,0.16,0.04,0.01,0.01,0.01,0.02,0.07,0.29,0.65,1.0,0.81,0.34,0.21,0.15,0.06,0.02,0.01,0.02,0.0,0.01,0.01,0.05,0.13],[0.15,0.27,0.17,0.04,0.01,0.01,0.01,0.01,0.04,0.18,0.25,0.81,1.0,0.76,0.31,0.15,0.05,0.02,0.02,0.02,0.01,0.01,0.03,0.08,0.12],[0.16,0.23,0.11,0.03,0.01,0.01,0.01,0.01,0.03,0.12,0.14,0.34,0.76,1.0,0.63,0.27,0.05,0.01,0.01,0.01,0.0,0.01,0.02,0.06,0.1],[0.27,0.25,0.08,0.02,0.01,0.0,0.01,0.01,0.04,0.15,0.13,0.21,0.31,0.63,1.0,0.72,0.18,0.01,0.01,0.0,0.0,0.02,0.02,0.06,0.08],[0.55,0.33,0.05,0.01,0.0,0.01,0.02,0.07,0.17,0.2,0.08,0.15,0.15,0.27,0.72,1.0,0.94,0.18,0.02,0.01,0.01,0.07,0.05,0.05,0.03],[0.38,0.28,0.06,0.02,0.01,0.02,0.04,0.33,0.46,0.18,0.04,0.06,0.05,0.05,0.18,0.94,1.0,0.99,0.25,0.02,0.02,0.24,0.17,0.07,0.02],[0.11,0.08,0.04,0.03,0.02,0.06,0.18,0.49,0.48,0.11,0.02,0.02,0.02,0.01,0.01,0.18,0.99,1.0,0.99,0.23,0.09,0.31,0.26,0.09,0.02],[0.02,0.03,0.05,0.06,0.04,0.12,0.39,0.34,0.29,0.18,0.04,0.01,0.02,0.01,0.01,0.02,0.25,0.99,1.0,0.97,0.41,0.69,0.31,0.14,0.04],[0.01,0.01,0.01,0.05,0.09,0.23,0.41,0.15,0.17,0.14,0.05,0.02,0.02,0.01,0.0,0.01,0.02,0.23,0.97,1.0,0.62,0.41,0.57,0.35,0.13],[0.03,0.02,0.02,0.06,0.17,0.45,0.4,0.07,0.02,0.01,0.01,0.0,0.01,0.0,0.0,0.01,0.02,0.09,0.41,0.62,1.0,0.46,0.13,0.02,0.01],[0.5,0.45,0.22,0.11,0.21,0.14,0.08,0.02,0.02,0.01,0.01,0.01,0.01,0.01,0.02,0.07,0.24,0.31,0.69,0.41,0.46,1.0,0.99,0.21,0.01],[0.37,0.61,0.52,0.27,0.21,0.09,0.04,0.02,0.05,0.03,0.01,0.01,0.03,0.02,0.02,0.05,0.17,0.26,0.31,0.57,0.13,0.99,1.0,0.99,0.44],[0.07,0.27,0.6,0.41,0.17,0.1,0.04,0.02,0.06,0.09,0.08,0.05,0.08,0.06,0.06,0.05,0.07,0.09,0.14,0.35,0.02,0.21,0.99,1.0,0.9],[0.04,0.06,0.28,0.38,0.13,0.07,0.03,0.01,0.05,0.19,0.22,0.13,0.12,0.1,0.08,0.03,0.02,0.02,0.04,0.13,0.01,0.01,0.44,0.9,1.0]],
  "pae": [[1.3,3.0,4.2,6.8,8.9,9.8,8.7,8.5,7.5,8.1,8.7,9.1,9.4,8.4,6.8,4.5,4.4,5.6,6.7,8.3,9.7,5.8,5.6,6.9,9.5],[2.4,1.0,2.1,3.4,6.5,6.2,7.1,6.0,4.8,6.5,8.0,9.3,9.3,9.0,7.0,5.1,4.8,4.1,5.1,6.3,8.2,5.0,4.1,4.9,6.1],[3.0,2.0,0.9,2.3,5.2,5.4,6.2,5.4,5.0,5.5,7.5,9.0,9.4,8.8,7.2,5.4,4.9,4.3,4.3,5.6,8.2,5.0,4.9,4.8,5.6],[4.9,3.1,1.8,1.0,4.1,4.3,5.6,5.0,4.7,6.1,7.6,8.8,9.5,9.3,8.2,5.8,5.4,4.6,4.1,5.0,8.0,5.1,4.4,4.9,5.5],[11.6,10.3,7.0,6.7,1.6,7.1,7.5,7.9,8.5,8.6,11.2,13.2,14.3,14.7,14.9,13.3,12.5,12.2,11.1,11.1,13.7,12.0,10.4,9.2,10.1],[11.7,10.1,7.7,6.3,6.5,1.2,5.5,6.3,7.7,9.8,11.6,13.3,13.3,14.7,13.1,12.5,11.8,10.3,9.3,9.1,11.1,10.0,9.2,8.8,7.8],[10.7,9.3,7.2,5.9,6.5,4.7,1.4,4.4,5.9,7.4,9.9,11.7,12.2,13.6,13.1,11.0,9.4,8.2,7.5,6.9,9.2,8.2,7.9,7.7,7.6],[8.5,7.2,5.6,5.5,5.9,3.9,3.4,1.0,2.4,4.7,6.2,9.3,10.4,10.9,10.0,8.2,6.6,6.2,5.9,5.6,9.3,5.9,5.0,5.9,7.0],[7.8,6.7,5.7,5.0,6.0,5.6,3.7,2.4,0.9,3.1,4.8,7.8,8.9,9.7,8.8,7.5,6.4,6.0,6.5,7.1,9.1,5.8,5.5,6.4,6.7],[9.1,8.5,7.1,6.4,7.6,7.1,5.7,4.2,2.8,1.0,3.8,6.2,7.6,10.0,9.7,8.7,7.4,7.6,8.3,8.5,11.8,7.5,6.3,7.0,9.5],[10.7,8.9,7.6,8.0,9.1,10.3,9.3,7.4,5.5,4.3,1.2,4.7,6.6,8.7,9.3,9.8,9.8,10.9,11.3,12.0,13.9,10.4,9.9,10.3,11.9],[10.4,9.4,8.5,9.8,9.3,11.5,11.2,9.9,7.6,5.3,4.5,1.1,4.5,5.7,6.2,8.9,10.1,11.5,12.5,14.0,15.7,12.8,12.6,11.8,13.3],[11.0,10.2,9.8,12.4,10.9,13.5,13.0,12.6,10.7,7.1,5.6,4.6,1.2,6.1,5.7,8.1,10.1,12.5,13.9,15.1,18.1,14.2,14.5,14.5,15.3],[8.9,10.2,12.2,13.0,13.2,15.0,14.4,13.2,12.6,10.6,8.8,6.3,5.4,1.3,5.1,6.4,8.1,10.7,13.0,14.0,15.4,12.9,13.8,13.9,17.2],[7.0,8.0,9.0,10.7,11.8,13.3,12.1,10.6,10.1,9.8,9.0,6.6,5.9,4.2,1.1,4.1,5.4,7.5,9.1,11.9,12.9,9.6,11.1,11.1,13.9],[6.3,5.8,7.3,8.7,10.3,11.1,9.4,8.6,7.8,8.6,8.3,7.3,7.8,4.4,3.5,1.0,2.8,4.8,6.1,8.3,10.7,7.6,8.9,9.3,11.1],[4.5,4.2,5.4,5.7,8.4,7.9,7.0,5.7,5.6,6.9,8.3,8.2,8.7,6.7,4.3,2.6,0.9,1.9,3.8,5.2,8.3,5.3,5.6,6.2,8.6],[4.2,4.3,4.4,4.4,7.4,6.7,5.3,4.8,4.7,6.7,7.5,8.3,8.3,7.5,5.0,3.1,1.9,0.9,1.7,3.3,6.7,4.5,4.2,5.3,6.8],[4.9,4.5,4.2,3.8,7.4,6.6,4.9,4.7,4.9,7.4,8.3,9.5,9.5,8.4,6.6,3.7,2.6,1.7,0.9,2.3,5.9,4.3,4.2,5.0,6.5],[6.9,6.5,6.2,5.6,7.8,6.7,5.5,5.6,6.6,9.2,9.9,10.8,11.3,10.7,9.9,6.6,5.0,4.2,2.7,1.0,5.4,4.2,4.5,5.4,6.9],[12.3,13.6,14.5,13.4,15.4,13.9,10.7,13.1,14.2,15.8,16.4,16.8,18.2,16.8,15.8,12.7,11.4,8.2,8.6,7.9,1.6,6.4,6.4,10.0,12.6],[5.5,6.1,5.5,5.4,8.2,7.3,5.6,4.9,5.9,6.9,8.6,10.1,10.8,10.4,9.3,6.8,5.5,4.6,4.3,3.6,5.5,0.9,1.8,3.1,4.3],[5.3,5.1,4.5,4.0,7.2,5.6,5.1,4.3,4.5,6.3,7.8,10.0,10.4,10.1,8.8,6.6,5.7,4.1,3.7,3.8,4.9,1.9,0.8,1.7,3.1],[6.3,5.8,4.7,4.9,7.5,6.0,5.9,5.5,5.8,6.6,8.8,10.4,11.3,11.9,10.3,7.7,6.7,5.4,4.4,4.9,6.4,3.2,1.9,0.9,2.6],[8.4,8.3,6.6,5.6,9.5,6.8,7.2,6.8,7.2,8.4,10.1,11.8,12.4,13.3,11.5,9.8,8.6,7.3,6.7,7.2,7.9,6.5,3.6,2.3,1.2]],
  "token_chain_ids": ["A","A","A","A","A","A","A","A","A","A","A","A","A","A","A","A","A","A","A","A","A","A","A","A","A"],
  "token_res_ids": [1,2,3,4,5,6,7,8,9,10,11,12,13,14,15,16,17,18,19,20,21,22,23,24,25]
}