{
  "atom_chain_ids": ["A","A","A","A","A","A","A","A","A","A","A","A","A","A","A","A","A","A","A","A","A","A","A","A","A","A","A","A","A","A","A","A","A","A","A","A","A","A","A","A","A","A","A","A","A","A","A","A","A","A","A","A","A","A","A","A","A","A","A","A","A","A","A","A","A","A","A","A","A","A","A","A","A","A","A","A","A","A","A","A","A","A","A","A","A","A","A","A","A","A","A","A","A","A","A","A","A","A","A","A","A","A","A","A","A","A","A","A","A","A","A","A","A","A","A","A","A","A","A","A","A","A","A","A","A","A","A","A","A","A","A","A","A","A","A","A","A","A","A","A","A","A","A","A","A","A","A","A","A","A","A","A","A","A","A","A","A","A","A","A","A","A","A","A","A","A","A","A","A","A","A","A","A","A","A","A","A","A","A","A","A","A","A","A","A","A","A","A","A","A","A","A","A","A","A","A","A","A","A","A","A","A","A","A","A","A","A","A","A","A","A","A","A","A","A","A","A","A","A","A","A","A","A","A","A","A","A","A","A","A","A","A","A","A","A","A","A","A","A","A","A","A","A","A","A","A","A","A","A","A","A","A","A","A","A","A","A","A","A","A","A","A","A","A","A","A","A","A","A","A","A","A","A","A","A","A","A","A","A","A","A","A","A","A","A","A","A","A","A","A","A","A","A","A","A","A","A","A","A","A","A","A","A","A","A","A","A","A","A","A","A","A","A","A","A","A","A","A","A","A","A","A","A","A","A","A","A","A","A","A","A","A","A","A","A","A","A","A","A","A","A","A","A","A","A","A","A","A","A","A","A","A","A","A","A","A","A","A","A","A","A","A","A","A","A","A","A","A","A","A","A","A","A","A","A","A","A","A","A","A","A","A","A","A","A","A","A","A","A","A","A","A","A","A","A","A","A","A","A","A","A","A","A","A","A","A","A","A","A","A","A","A","A","A","A","A","A","A","A","A","A","A","A","A","A","A","A","A","A","A","A","A","A","A","A","A","A","A","A","A","A","A","A","A","A","A","A","A","A","A","A","A","A","A","A","A","A","A","A","A","A","A","A","A","A","A","A","A","A","A","A","A","A","A","A","A","A","A","A","A","A","A","A","A","A","A","A","A","A","A","A","A","A","A","A","A","A","A","A","A","A","A","A","A","A","A","A","A","A","A","A","A","A","A","A","A","A","A","A","A","A","A","A","A","A","A","A","A","A","A","A","A","A","A","A"],
  "atom_plddts": [51.77,52.1,46.17,47.14,53.46,54.97,57.47,59.79,58.98,58.42,56.98,58.44,57.63,57.06,56.28,55.43,55.9,55.7,54.28,55.04,54.41,50.37,51.18,55.16,55.92,56.7,59.42,58.49,57.37,57.16,57.9,58.03,58.43,57.42,57.92,58.63,58.16,57.23,57.02,57.34,56.74,58.36,54.75,53.17,53.86,55.08,55.49,56.13,58.82,57.3,56.01,55.76,56.87,56.49,57.3,57.06,57.64,58.54,58.25,57.94,57.22,57.08,56.79,57.72,55.75,54.08,54.22,55.52,55.93,55.9,57.54,56.1,55.04,54.62,55.19,55.45,56.01,56.19,56.93,57.8,57.6,57.17,56.31,56.05,55.58,56.62,49.37,48.64,49.05,49.24,48.35,48.97,49.08,49.59,49.09,47.85,48.17,48.1,47.26,44.88,44.38,44.12,44.22,43.32,44.18,45.91,41.86,40.89,46.71,46.67,48.4,48.05,50.32,49.41,48.86,48.63,49.36,47.99,45.56,46.33,45.75,44.7,43.93,44.16,45.5,44.62,46.86,45.7,42.18,42.52,46.24,46.21,47.83,47.96,48.68,47.67,46.8,47.45,47.3,46.85,44.98,44.8,44.82,44.69,43.77,44.26,49.73,45.11,46.43,50.6,51.74,53.0,54.69,54.03,53.06,52.93,53.48,53.49,53.8,52.95,53.67,54.38,54.01,53.34,52.69,52.91,52.68,53.98,50.47,48.17,49.88,50.69,51.83,53.28,54.97,54.3,53.12,52.93,53.65,53.5,54.25,53.97,54.69,55.3,55.06,54.76,54.02,53.89,53.65,54.41,52.08,50.6,51.13,51.75,51.41,52.14,52.68,52.07,51.16,50.72,50.48,51.24,50.92,51.12,51.86,52.13,51.76,51.22,50.59,50.69,49.92,51.35,44.8,43.17,42.75,43.96,43.5,44.38,42.49,46.36,44.99,44.05,42.73,43.56,41.02,38.02,37.47,36.73,35.35,34.7,35.22,36.56,37.12,39.97,36.89,35.76,40.1,39.79,41.27,41.06,44.17,43.58,42.88,42.03,42.66,41.11,37.95,37.71,37.51,36.31,35.65,36.09,37.34,36.15,39.18,37.97,34.87,33.31,37.58,37.34,38.65,38.54,42.07,41.33,40.6,39.28,39.84,38.37,35.51,35.05,34.94,33.7,33.07,33.55,34.64,33.56,36.63,39.85,36.26,35.6,39.65,39.42,40.96,40.62,44.94,43.65,42.87,41.54,42.07,40.7,37.43,36.89,36.6,35.23,34.65,35.05,36.41,37.24,41.57,37.71,37.11,41.56,40.93,42.43,42.11,46.04,44.65,43.86,42.54,43.48,42.21,38.99,38.55,38.27,36.89,36.18,36.61,38.02,38.84,47.86,43.25,42.7,48.73,48.88,50.41,51.79,52.6,51.95,51.35,50.48,51.74,51.02,48.48,48.97,48.83,47.77,46.57,46.99,48.27,47.28,49.91,50.65,46.74,47.93,51.06,51.51,53.38,56.05,55.05,54.1,54.1,55.06,55.25,55.86,55.27,56.32,56.72,56.36,55.79,55.29,55.36,55.21,56.33,52.71,49.7,51.45,53.44,54.45,55.67,58.43,56.8,55.8,55.68,57.2,56.65,57.61,57.29,58.18,58.99,58.84,58.4,57.6,57.54,57.42,58.21,53.77,51.3,52.46,54.12,54.07,54.92,57.11,55.81,54.6,54.31,55.42,55.52,56.28,56.23,57.16,57.89,57.72,57.43,56.6,56.36,56.13,56.96,55.57,53.52,53.95,55.46,54.93,55.58,56.64,56.36,55.39,54.96,55.31,55.8,55.83,55.92,57.03,57.37,57.0,56.6,55.83,55.79,55.16,56.54,53.55,51.04,51.6,53.61,52.51,53.55,53.85,54.51,53.84,52.2,52.89,52.82,51.79,49.61,49.12,48.95,48.91,47.9,48.88,52.43,48.67,50.18,53.26,54.55,55.05,57.37,56.16,55.6,55.56,56.69,56.1,56.78,56.53,57.46,58.0,57.73,57.09,56.56,56.72,56.66,57.57,57.01,55.13,55.71,57.38,57.8,58.15,60.16,58.59,57.67,57.72,58.82,58.21,58.91,58.96,59.6,60.41,60.19,59.78,59.21,59.15,58.93,59.82,58.56,57.91,57.76,58.02,57.3,57.26,58.81,57.45,56.51,56.34,56.8,57.09,57.47,58.17,59.05,59.56,59.44,58.95,58.32,58.22,57.69,58.58,58.03,56.81,56.61,56.82,56.76,56.78,56.71,56.97,55.72,54.85,54.38,55.06,53.87,52.84,53.01,52.82,51.86,50.72,50.82,51.75,52.39],
  "contact_probs": [[1.0,0.95,0.24,0.0,0.01,0.01,0.02,0.05,0.04,0.04,0.04,0.08,0.15,0.16,0.27,0.55,0.38,0.11,0.02,0.01,0.03,0.5,0.37,0.07,0.04],[0.95,1.0,0.99,0.21,0.02,0.03,0.04,0.16,0.14,0.18,0.1,0.19,0.27,0.23,0.25,0.33,0.28,0.08,0.03,0.01,0.02,0.45,0.61,0.27,0.06],[0.24,0.99,1.0,0.99,0.22,0.11,0.1,0.36,0.25,0.43,0.22,0.16,0.17,0.11,0.08,0.05,0.06,0.04,0.05,0.01,0.02,0.22,0.52,0.6,0.28],[0.0,0.21,0.99,1.0,0.65,0.46,0.48,0.55,0.5,0.33,0.19,0.04,0.04,0.03,0.02,0.01,0.02,0.03,0.06,0.05,0.06,0.11,0.27,0.41,0.38],[0.01,0.02,0.22,0.65,1.0,0.53,0.23,0.14,0.07,0.03,0.03,0.01,0.01,0.01,0.01,0.0,0.01,0.02,0.04,0.09,0.17,0.21,0.21,0.17,0.13],[0.01,0.03,0.11,0.46,0.53,1.0,0.81,0.27,0.1,0.04,0.02,0.01,0.01,0.01,0.0,0.01,0.02,0.06,0.12,0.23,0.45,0.14,0.09,0.1,0.07],[0.02,0.04,0.1,0.48,0.23,0.81,1.0,0.8,0.24,0.03,0.01,0.01,0.01,0.01,0.01,0.02,0.04,0.18,0.39,0.41,0.4,0.08,0.04,0.04,0.03],[0.05,0.16,0.36,0.55,0.14,0.27,0.8,1.0,0.98,0.18,0.02,0.02,0.01,0.01,0.01,0.07,0.33,0.49,0.34,0.15,0.07,0.02,0.02,0.02,0.01],[0.04,0.14,0.25,0.5,0.07,0.1,0.24,0.98,1.0,0.96,0.29,0.07,0.04,0.03,0.04,0.17,0.46,0.48,0.29,0.17,0.02,0.02,0.05,0.06,0.05],[0.04,0.18,0.43,0.33,0.03,0.04,0.03,0.18,0.96,1.0,0.72,0.29,0.18,0.12,0.15,0.2,0.18,0.11,0.18,0.14,0.01,0.01,0.03,0.09,0.19],[0.04,0.1,0.22,0.19,0.03,0.02,0.01,0.02,0.29,0.72,1.0,0.65,0.25,0.14,0.13,0.08,0.04,0.02,0.04,0.05,0.01,0.01,0.01,0.08,0.22],[0.08,0.19,0.16,0.04,0.01,0.01,0.01,0.02,0.07,0.29,0.65,1.0,0.81,0.34,0.21,0.15,0.06,0.02,0.01,0.02,0.0,0.01,0.01,0.05,0.13],[0.15,0.27,0.17,0.04,0.01,0.01,0.01,0.01,0.04,0.18,0.25,0.81,1.0,0.76,0.31,0.15,0.05,0.02,0.02,0.02,0.01,0.01,0.03,0.08,0.12],[0.16,0.23,0.11,0.03,0.01,0.01,0.01,0.01,0.03,0.12,0.14,0.34,0.76,1.0,0.63,0.27,0.05,0.01,0.01,0.01,0.0,0.01,0.02,0.06,0.1],[0.27,0.25,0.08,0.02,0.01,0.0,0.01,0.01,0.04,0.15,0.13,0.21,0.31,0.63,1.0,0.72,0.18,0.01,0.01,0.0,0.0,0.02,0.02,0.06,0.08],[0.55,0.33,0.05,0.01,0.0,0.01,0.02,0.07,0.17,0.2,0.08,0.15,0.15,0.27,0.72,1.0,0.94,0.18,0.02,0.01,0.01,0.07,0.05,0.05,0.03],[0.38,0.28,0.06,0.02,0.01,0.02,0.04,0.33,0.46,0.18,0.04,0.06,0.05,0.05,0.18,0.94,1.0,0.99,0.25,0.02,0.02,0.24,0.17,0.07,0.02],[0.11,0.08,0.04,0.03,0.02,0.06,0.18,0.49,0.48,0.11,0.02,0.02,0.02,0.01,0.01,0.18,0.99,1.0,0.99,0.23,0.09,0.31,0.26,0.09,0.02],[0.02,0.03,0.05,0.06,0.04,0.12,0.39,0.34,0.29,0.18,0.04,0.01,0.02,0.01,0.01,0.02,0.25,0.99,1.0,0.97,0.41,0.69,0.31,0.14,0.04],[0.01,0.01,0.01,0.05,0.09,0.23,0.41,0.15,0.17,0.14,0.05,0.02,0.02,0.01,0.0,0.01,0.02,0.23,0.97,1.0,0.62,0.41,0.57,0.35,0.13],[0.03,0.02,0.02,0.06,0.17,0.45,0.4,0.07,0.02,0.01,0.01,0.0,0.01,0.0,0.0,0.01,0.02,0.09,0.41,0.62,1.0,0.46,0.13,0.02,0.01],[0.5,0.45,0.22,0.11,0.21,0.14,0.08,0.02,0.02,0.01,0.01,0.01,0.01,0.01,0.02,0.07,0.24,0.31,0.69,0.41,0.46,1.0,0.99,0.21,0.01],[0.37,0.61,0.52,0.27,0.21,0.09,0.04,0.02,0.05,0.03,0.01,0.01,0.03,0.02,0.02,0.05,0.17,0.26,0.31,0.57,0.13,0.99,1.0,0.99,0.44],[0.07,0.27,0.6,0.41,0.17,0.1,0.04,0.02,0.06,0.09,0.08,0.05,0.08,0.06,0.06,0.05,0.07,0.09,0.14,0.35,0.02,0.21,0.99,1.0,0.9],[0.04,0.06,0.28,0.38,0.13,0.07,0.03,0.01,0.05,0.19,0.22,0.13,0.12,0.1,0.08,0.03,0.02,0.02,0.04,0.13,0.01,0.01,0.44,0.9,1.0]],
  "pae": [[1.5,5.5,5.7,8.7,10.9,12.2,10.7,9.9,10.0,11.2,13.8,16.0,16.6,14.2,11.5,5.7,6.6,8.2,8.9,9.8,12.1,9.0,7.7,9.3,11.1],[3.0,1.1,2.5,3.9,8.4,9.1,8.6,6.7,6.7,9.0,12.4,14.6,15.7,13.8,10.1,6.1,5.8,5.3,5.8,6.6,9.8,6.2,4.8,5.7,7.2],[3.6,2.4,0.9,2.5,7.3,7.6,8.2,6.3,6.7,8.6,11.4,13.5,14.6,12.9,9.6,5.8,5.8,5.1,4.9,6.1,9.2,6.5,5.9,6.2,7.4],[5.4,3.8,2.3,1.0,6.2,6.5,8.3,7.2,7.8,8.8,12.0,13.5,14.5,13.3,10.5,6.9,6.2,6.0,5.3,6.6,9.3,7.1,6.0,6.9,7.6],[12.9,11.4,7.4,8.0,1.4,5.0,8.1,11.9,14.0,14.7,17.1,17.6,18.8,18.0,16.0,14.7,16.2,16.6,16.5,16.2,17.4,16.4,15.4,12.8,13.6],[12.8,11.3,8.2,6.6,5.1,1.2,7.5,9.2,10.9,12.7,15.3,16.2,17.6,16.7,15.0,13.2,14.9,15.6,15.4,14.3,18.3,15.2,13.5,13.9,12.7],[11.8,11.3,10.0,8.5,6.8,5.6,1.5,7.3,7.3,9.7,13.2,16.0,16.9,15.9,13.4,11.9,12.1,13.6,13.8,14.1,17.6,14.4,12.8,12.4,13.3],[9.0,8.5,7.7,6.8,9.2,7.1,5.0,1.1,3.1,5.8,9.7,12.1,13.6,13.7,12.2,9.2,7.7,8.5,10.1,11.1,14.1,9.1,8.6,8.5,9.9],[9.5,8.8,8.5,7.0,9.7,8.4,5.3,4.1,1.0,3.8,7.9,10.9,12.8,12.5,10.5,8.2,8.0,8.4,9.1,9.9,13.2,9.0,8.4,8.6,9.5],[10.4,10.5,9.1,7.9,11.1,10.5,6.8,4.9,3.2,1.1,6.9,9.4,11.3,12.1,11.0,9.9,8.4,8.6,10.3,10.3,14.5,10.1,8.6,8.9,10.8],[15.3,16.5,15.5,13.1,15.3,15.8,11.9,11.7,8.5,8.0,1.4,8.1,8.1,10.8,10.8,13.9,13.9,14.7,16.1,16.3,20.3,17.6,15.4,15.8,16.7],[16.9,18.0,16.9,15.1,17.0,17.6,12.6,13.9,11.2,10.0,7.2,1.3,5.8,7.2,10.0,14.9,14.8,16.7,18.0,17.0,22.0,19.6,18.8,18.1,18.8],[17.6,17.9,17.5,16.6,17.7,17.8,13.6,14.8,13.6,12.1,8.1,6.0,1.2,6.3,9.3,13.6,15.5,17.6,17.8,18.5,22.1,19.7,20.2,19.0,18.9],[15.5,17.1,17.9,16.5,17.3,18.8,13.9,14.3,13.9,13.0,9.9,7.5,5.9,1.3,8.1,11.1,12.5,15.5,16.3,17.1,20.5,18.3,19.0,19.4,19.1],[13.9,15.3,16.8,15.6,17.5,17.1,13.5,13.1,13.5,13.3,11.1,10.5,7.4,6.2,1.3,8.3,9.8,12.3,15.2,15.8,17.8,17.4,17.2,18.2,19.4],[9.3,7.9,10.6,10.4,12.4,13.2,11.1,9.2,10.2,11.3,12.5,13.0,13.5,9.8,7.4,1.1,3.3,5.4,7.7,10.0,12.2,10.9,11.6,12.1,13.4],[7.0,6.2,7.5,8.0,12.0,12.9,11.1,7.2,8.7,9.9,12.7,13.2,14.7,10.5,7.3,3.6,1.0,2.3,4.6,6.2,9.5,7.5,7.7,9.4,10.7],[6.2,5.9,6.5,6.3,11.9,12.5,11.1,7.5,7.8,9.1,12.6,14.2,15.2,12.5,8.1,4.2,2.6,0.9,2.3,4.3,8.4,5.4,6.0,7.5,8.6],[5.9,5.8,6.2,6.3,11.5,12.1,10.8,8.6,7.4,9.0,12.6,14.1,15.1,13.0,9.6,4.8,4.0,2.5,0.9,2.7,7.4,5.7,5.8,7.1,8.7],[7.9,7.4,7.8,7.7,12.4,12.9,13.0,10.1,9.4,10.4,14.2,15.4,16.5,15.0,12.1,8.0,7.0,5.6,3.5,1.1,7.2,5.7,5.6,7.1,9.2],[13.4,15.9,16.9,16.2,18.4,19.4,18.1,16.9,16.8,17.3,20.3,21.9,22.3,21.5,18.7,14.8,13.0,11.3,11.0,8.7,1.6,8.5,9.0,13.3,15.0],[7.1,6.8,6.5,7.0,12.0,12.7,11.0,7.5,7.8,9.6,12.8,14.7,16.1,14.9,12.7,9.4,8.0,6.6,5.5,4.9,6.8,1.0,2.2,4.1,5.3],[6.9,7.0,5.7,5.7,11.0,11.2,9.4,6.3,6.3,7.9,12.1,13.6,14.9,14.4,12.1,8.7,7.4,6.1,5.4,5.5,6.1,2.3,0.9,2.0,4.0],[7.1,6.0,5.4,5.7,10.5,10.6,9.3,7.2,6.8,7.8,12.9,14.0,15.4,15.1,12.8,8.9,8.3,7.0,6.1,6.2,8.6,3.7,2.3,0.9,3.2],[8.8,7.8,7.0,7.1,11.2,11.3,10.1,8.9,8.4,9.3,13.6,15.5,16.7,15.7,13.4,10.3,9.5,9.1,8.2,8.5,9.9,6.7,4.1,2.7,1.4]],
  "token_chain_ids": ["A","A","A","A","A","A","A","A","A","A","A","A","A","A","A","A","A","A","A","A","A","A","A","A","A"],
  "token_res_ids": [1,2,3,4,5,6,7,8,9,10,11,12,13,14,15,16,17,18,19,20,21,22,23,24,25]
}