{
  "atom_chain_ids": ["A","A","A","A","A","A","A","A","A","A","A","A","A","A","A","A","A","A","A","A","A","A","A","A","A","A","A","A","A","A","A","A","A","A","A","A","A","A","A","A","A","A","A","A","A","A","A","A","A","A","A","A","A","A","A","A","A","A","A","A","A","A","A","A","A","A","A","A","A","A","A","A","A","A","A","A","A","A","A","A","A","A","A","A","A","A","A","A","A","A","A","A","A","A","A","A","A","A","A","A","A","A","A","A","A","A","A","A","A","A","A","A","A","A","A","A","A","A","A","A","A","A","A","A","A","A","A","A","A","A","A","A","A","A","A","A","A","A","A","A","A","A","A","A","A","A","A","A","A","A","A","A","A","A","A","A","A","A","A","A","A","A","A","A","A","A","A","A","A","A","A","A","A","A","A","A","A","A","A","A","A","A","A","A","A","A","A","A","A","A","A","A","A","A","A","A","A","A","A","A","A","A","A","A","A","A","A","A","A","A","A","A","A","A","A","A","A","A","A","A","A","A","A","A","A","A","A","A","A","A","A","A","A","A","A","A","A","A","A","A","A","A","A","A","A","A","A","A","A","A","A","A","A","A","A","A","A","A","A","A","A","A","A","A","A","A","A","A","A","A","A","A","A","A","A","A","A","A","A","A","A","A","A","A","A","A","A","A","A","A","A","A","A","A","A","A","A","A","A","A","A","A","A","A","A","A","A","A","A","A","A","A","A","A","A","A","A","A","A","A","A","A","A","A","A","A","A","A","A","A","A","A","A","A","A","A","A","A","A","A","A","A","A","A","A","A","A","A","A","A","A","A","A","A","A","A","A","A","A","A","A","A","A","A","A","A","A","A","A","A","A","A","A","A","A","A","A","A","A","A","A","A","A","A","A","A","A","A","A","A","A","A","A","A","A","A","A","A","A","A","A","A","A","A","A","A","A","A","A","A","A","A","A","A","A","A","A","A","A","A","A","A","A","A","A","A","A","A","A","A","A","A","A","A","A","A","A","A","A","A","A","A","A","A","A","A","A","A","A","A","A","A","A","A","A","A","A","A","A","A","A","A","A","A","A","A","A","A","A","A","A","A","A","A","A","A","A","A","A","A","A","A","A","A","A","A","A","A","A","A","A","A","A","A","A","A","A","A","A","A","A","A","A","A","A","A","A","A","A","A","A","A","A","A","A","A","A","A","A","A","A","A","A","A","A","A","A","A","A","A","A","A","A","A","A"],
  "atom_plddts": [53.29,53.52,47.52,48.52,54.61,56.16,58.61,61.03,60.29,59.61,58.33,59.64,59.1,58.44,57.48,56.55,57.06,56.74,55.27,56.14,54.69,50.46,51.25,55.28,56.38,57.43,60.27,59.34,58.12,58.08,59.0,59.04,59.47,58.38,58.92,59.59,59.08,58.16,57.96,58.31,57.8,59.45,55.54,53.3,54.15,55.78,56.7,57.59,60.49,58.98,57.62,57.51,58.96,58.42,59.31,59.07,59.77,60.65,60.35,59.98,59.26,59.09,58.91,59.88,57.73,55.35,55.58,57.74,58.4,58.76,60.69,59.61,58.62,58.35,59.37,59.25,59.93,59.89,60.82,61.72,61.47,60.89,60.07,59.88,59.58,60.7,50.65,48.67,48.97,50.91,50.3,50.92,51.43,51.77,51.15,49.89,50.37,50.43,49.77,47.33,46.96,46.79,46.9,45.89,46.71,51.61,47.12,46.56,52.73,52.38,53.9,53.85,55.63,54.84,53.84,53.57,54.57,53.16,50.93,51.72,51.09,49.86,48.94,49.4,50.89,49.83,52.2,54.37,50.4,51.26,55.47,54.87,56.0,57.24,56.87,56.18,54.73,55.79,55.83,55.32,53.91,53.58,53.79,53.59,52.42,53.04,56.11,52.1,53.16,56.61,57.79,58.43,60.72,60.05,59.05,59.29,59.99,59.55,60.01,59.42,60.15,60.91,60.53,59.78,59.24,59.49,59.25,60.53,54.57,52.89,53.94,54.47,55.22,56.41,58.22,57.36,56.27,56.05,56.78,56.54,57.22,57.29,58.06,58.67,58.43,58.1,57.31,57.21,56.87,57.7,53.39,52.01,52.55,52.97,52.64,53.37,53.97,53.4,52.47,51.98,51.82,52.6,52.26,52.46,53.2,53.42,52.98,52.43,51.86,52.06,51.26,52.68,44.91,42.98,42.56,44.14,43.86,44.91,43.14,46.76,45.32,44.41,43.29,44.12,41.8,38.92,38.53,37.83,36.47,35.85,36.28,37.59,38.24,38.35,35.19,34.01,38.47,38.35,39.87,39.55,42.58,41.97,41.44,40.6,41.25,39.82,36.85,36.66,36.56,35.42,34.87,35.16,36.24,35.29,38.07,37.53,34.15,32.74,37.35,37.4,38.85,38.67,41.9,41.07,40.57,39.23,40.03,38.73,35.9,35.61,35.58,34.37,33.78,34.14,35.17,34.23,37.04,41.18,37.22,36.51,40.99,40.79,42.56,42.22,46.42,45.04,44.28,43.09,43.77,42.43,39.14,38.77,38.42,37.0,36.33,36.74,38.24,39.16,43.32,39.31,38.74,43.09,42.58,44.18,43.72,47.8,46.21,45.46,44.12,45.14,43.71,40.46,40.09,39.67,38.16,37.36,37.88,39.47,40.31,50.54,45.89,45.55,51.39,51.55,53.0,54.55,55.09,54.36,53.68,52.92,54.26,53.51,51.17,51.71,51.54,50.36,49.12,49.63,50.91,49.94,52.66,54.19,50.16,51.37,54.72,54.95,56.76,59.66,58.58,57.63,57.6,58.67,58.83,59.4,58.92,59.96,60.54,60.06,59.38,58.93,59.0,58.86,60.2,57.34,54.32,55.4,58.11,58.92,60.12,62.91,61.53,60.53,60.58,61.96,61.28,62.12,61.66,62.51,63.52,63.33,62.66,61.94,61.89,61.77,62.84,61.74,59.5,59.61,61.76,61.48,62.7,64.51,63.57,62.23,61.98,62.69,62.91,63.52,63.23,63.95,64.88,64.54,64.0,63.35,63.21,62.83,64.11,61.74,60.23,59.99,61.42,60.36,61.19,61.79,61.63,60.49,59.96,59.96,60.68,60.49,60.81,61.79,62.21,61.7,61.22,60.56,60.53,59.73,61.44,58.41,55.8,56.06,58.63,56.75,57.41,57.48,58.03,57.41,55.33,55.85,56.12,54.71,52.67,51.96,51.76,51.69,50.49,51.72,55.12,51.36,52.46,55.78,56.57,56.95,59.22,58.5,57.8,57.73,58.63,58.08,58.63,58.55,59.49,60.07,59.8,59.01,58.5,58.64,58.46,59.55,56.85,55.06,55.65,57.04,57.64,58.3,60.11,58.83,57.74,57.82,58.8,57.98,58.7,58.97,59.62,60.39,60.22,59.77,59.15,59.05,58.78,59.71,59.17,58.61,58.53,58.48,57.57,57.79,59.04,57.93,56.84,56.48,56.79,57.34,57.61,58.52,59.4,59.89,59.69,59.13,58.49,58.27,57.55,58.71,57.54,55.81,55.72,56.5,56.67,56.85,56.74,57.39,56.02,55.28,54.73,55.29,53.97,52.55,52.68,52.48,51.42,50.24,50.36,51.34,52.22],
  "contact_probs": [[1.0,0.95,0.24,0.0,0.01,0.01,0.02,0.05,0.04,0.04,0.04,0.08,0.15,0.16,0.27,0.55,0.38,0.11,0.02,0.01,0.03,0.5,0.37,0.07,0.04],[0.95,1.0,0.99,0.21,0.02,0.03,0.04,0.16,0.14,0.18,0.1,0.19,0.27,0.23,0.25,0.33,0.28,0.08,0.03,0.01,0.02,0.45,0.61,0.27,0.06],[0.24,0.99,1.0,0.99,0.22,0.11,0.1,0.36,0.25,0.43,0.22,0.16,0.17,0.11,0.08,0.05,0.06,0.04,0.05,0.01,0.02,0.22,0.52,0.6,0.28],[0.0,0.21,0.99,1.0,0.65,0.46,0.48,0.55,0.5,0.33,0.19,0.04,0.04,0.03,0.02,0.01,0.02,0.03,0.06,0.05,0.06,0.11,0.27,0.41,0.38],[0.01,0.02,0.22,0.65,1.0,0.53,0.23,0.14,0.07,0.03,0.03,0.01,0.01,0.01,0.01,0.0,0.01,0.02,0.04,0.09,0.17,0.21,0.21,0.17,0.13],[0.01,0.03,0.11,0.46,0.53,1.0,0.81,0.27,0.1,0.04,0.02,0.01,0.01,0.01,0.0,0.01,0.02,0.06,0.12,0.23,0.45,0.14,0.09,0.1,0.07],[0.02,0.04,0.1,0.48,0.23,0.81,1.0,0.8,0.24,0.03,0.01,0.01,0.01,0.01,0.01,0.02,0.04,0.18,0.39,0.41,0.4,0.08,0.04,0.04,0.03],[0.05,0.16,0.36,0.55,0.14,0.27,0.8,1.0,0.98,0.18,0.02,0.02,0.01,0.01,0.01,0.07,0.33,0.49,0.34,0.15,0.07,0.02,0.02,0.02,0.01],[0.04,0.14,0.25,0.5,0.07,0.1,0.24,0.98,1.0,0.96,0.29,0.07,0.04,0.03,0.04,0.17,0.46,0.48,0.29,0.17,0.02,0.02,0.05,0.06,0.05],[0.04,0.18,0.43,0.33,0.03,0.04,0.03,0.18,0.96,1.0,0.72,0.29,0.18,0.12,0.15,0.2,0.18,0.11,0.18,0.14,0.01,0.01,0.03,0.09,0.19],[0.04,0.1,0.22,0.19,0.03,0.02,0.01,0.02,0.29,0.72,1.0,0.65,0.25,0.14,0.13,0.08,0.04,0.02,0.04,0.05,0.01,0.01,0.01,0.08,0.22],[0.08,0.19,0.16,0.04,0.01,0.01,0.01,0.02,0.07,0.29,0.65,1.0,0.81,0.34,0.21,0.15,0.06,0.02,0.01,0.02,0.0,0.01,0.01,0.05,0.13],[0.15,0.27,0.17,0.04,0.01,0.01,0.01,0.01,0.04,0.18,0.25,0.81,1.0,0.76,0.31,0.15,0.05,0.02,0.02,0.02,0.01,0.01,0.03,0.08,0.12],[0.16,0.23,0.11,0.03,0.01,0.01,0.01,0.01,0.03,0.12,0.14,0.34,0.76,1.0,0.63,0.27,0.05,0.01,0.01,0.01,0.0,0.01,0.02,0.06,0.1],[0.27,0.25,0.08,0.02,0.01,0.0,0.01,0.01,0.04,0.15,0.13,0.21,0.31,0.63,1.0,0.72,0.18,0.01,0.01,0.0,0.0,0.02,0.02,0.06,0.08],[0.55,0.33,0.05,0.01,0.0,0.01,0.02,0.07,0.17,0.2,0.08,0.15,0.15,0.27,0.72,1.0,0.94,0.18,0.02,0.01,0.01,0.07,0.05,0.05,0.03],[0.38,0.28,0.06,0.02,0.01,0.02,0.04,0.33,0.46,0.18,0.04,0.06,0.05,0.05,0.18,0.94,1.0,0.99,0.25,0.02,0.02,0.24,0.17,0.07,0.02],[0.11,0.08,0.04,0.03,0.02,0.06,0.18,0.49,0.48,0.11,0.02,0.02,0.02,0.01,0.01,0.18,0.99,1.0,0.99,0.23,0.09,0.31,0.26,0.09,0.02],[0.02,0.03,0.05,0.06,0.04,0.12,0.39,0.34,0.29,0.18,0.04,0.01,0.02,0.01,0.01,0.02,0.25,0.99,1.0,0.97,0.41,0.69,0.31,0.14,0.04],[0.01,0.01,0.01,0.05,0.09,0.23,0.41,0.15,0.17,0.14,0.05,0.02,0.02,0.01,0.0,0.01,0.02,0.23,0.97,1.0,0.62,0.41,0.57,0.35,0.13],[0.03,0.02,0.02,0.06,0.17,0.45,0.4,0.07,0.02,0.01,0.01,0.0,0.01,0.0,0.0,0.01,0.02,0.09,0.41,0.62,1.0,0.46,0.13,0.02,0.01],[0.5,0.45,0.22,0.11,0.21,0.14,0.08,0.02,0.02,0.01,0.01,0.01,0.01,0.01,0.02,0.07,0.24,0.31,0.69,0.41,0.46,1.0,0.99,0.21,0.01],[0.37,0.61,0.52,0.27,0.21,0.09,0.04,0.02,0.05,0.03,0.01,0.01,0.03,0.02,0.02,0.05,0.17,0.26,0.31,0.57,0.13,0.99,1.0,0.99,0.44],[0.07,0.27,0.6,0.41,0.17,0.1,0.04,0.02,0.06,0.09,0.08,0.05,0.08,0.06,0.06,0.05,0.07,0.09,0.14,0.35,0.02,0.21,0.99,1.0,0.9],[0.04,0.06,0.28,0.38,0.13,0.07,0.03,0.01,0.05,0.19,0.22,0.13,0.12,0.1,0.08,0.03,0.02,0.02,0.04,0.13,0.01,0.01,0.44,0.9,1.0]],
  "pae": [[1.4,3.3,4.4,6.4,10.2,9.7,9.6,8.8,8.2,9.3,11.9,13.3,12.4,10.5,9.2,5.4,5.1,6.1,7.6,8.7,10.8,6.6,6.0,7.3,9.4],[2.5,1.0,2.5,3.7,7.5,7.7,8.5,6.7,6.1,8.5,10.9,12.7,12.5,11.2,9.1,6.1,5.3,5.0,6.1,7.1,9.7,6.0,5.0,5.6,6.9],[3.2,2.1,0.9,2.4,6.4,6.5,7.2,6.3,5.1,7.4,10.6,12.2,11.6,11.1,9.0,5.9,5.5,5.2,5.1,6.7,9.8,6.2,5.7,5.5,7.0],[4.8,3.2,1.9,1.0,4.8,5.2,7.6,6.0,5.2,7.6,10.9,11.9,11.5,11.1,9.9,6.4,5.6,5.2,5.0,6.3,9.5,6.0,5.3,6.1,6.7],[12.4,11.1,7.9,7.5,1.5,7.7,8.7,8.5,9.6,10.4,14.2,16.1,16.5,15.5,15.4,14.4,13.3,13.2,13.1,13.0,15.8,13.6,11.4,10.9,11.4],[11.3,10.0,8.0,6.5,6.7,1.2,5.0,6.2,8.0,10.6,12.8,15.3,15.3,14.6,13.9,11.9,10.7,10.2,9.2,9.3,12.6,9.8,9.5,8.8,9.8],[11.1,9.7,8.2,6.5,6.9,4.0,1.4,4.7,6.4,9.0,12.7,14.5,14.9,14.3,14.1,11.0,9.6,8.5,7.9,8.3,11.4,8.8,9.0,8.3,9.5],[9.1,8.6,6.9,6.3,7.8,5.2,4.4,1.0,2.4,5.1,8.5,12.9,13.2,12.3,11.6,9.1,6.9,6.2,6.4,7.1,10.7,6.6,6.7,7.1,8.6],[9.0,8.0,6.9,6.2,7.8,6.6,5.1,3.2,1.0,3.2,7.8,12.0,12.2,11.5,10.5,8.5,7.9,7.9,9.0,9.8,11.9,8.0,7.6,8.1,8.6],[10.1,9.9,8.1,8.2,9.8,8.8,7.1,5.2,3.6,1.1,8.1,9.9,11.9,13.0,11.7,10.2,9.2,9.3,9.9,11.5,12.8,8.7,8.1,9.2,11.3],[14.1,14.0,11.4,11.0,12.3,15.0,14.4,11.0,9.4,8.3,1.4,9.4,9.9,11.0,11.6,13.0,14.7,15.3,16.4,17.1,18.2,15.8,15.0,15.5,15.7],[14.9,12.9,11.8,13.6,12.8,17.1,16.9,15.2,13.2,9.1,6.2,1.2,7.3,7.9,9.2,13.3,15.8,17.2,18.2,18.9,21.1,19.3,17.2,17.2,18.2],[13.7,12.6,12.9,15.2,14.3,17.8,17.0,16.1,15.1,12.1,8.4,5.9,1.2,6.7,8.7,12.2,15.0,17.2,18.9,19.2,20.1,18.2,18.4,18.5,19.3],[11.4,12.1,13.5,15.1,16.0,18.0,16.8,16.5,15.5,12.3,10.0,7.9,5.8,1.3,7.0,8.2,11.2,13.3,16.7,17.8,16.8,17.1,17.1,17.4,18.6],[10.9,11.2,12.3,14.1,15.5,18.4,16.0,14.2,13.4,11.8,12.1,10.4,9.1,7.6,1.3,6.9,9.1,11.8,15.6,16.3,15.6,15.5,14.5,16.3,19.0],[8.2,6.9,9.2,9.3,12.0,11.4,10.0,8.7,9.0,9.6,12.2,12.7,10.6,7.1,6.2,1.1,3.1,5.0,7.1,8.6,10.2,9.0,10.2,10.9,12.4],[5.5,5.3,6.1,6.4,10.3,8.3,7.4,6.0,6.7,8.8,11.2,12.8,12.3,9.7,6.5,3.3,0.9,2.0,3.9,5.3,8.0,6.0,5.9,7.3,9.2],[4.7,5.1,5.2,5.1,9.8,7.3,6.8,5.7,5.8,9.0,11.1,12.4,11.7,9.7,7.3,3.6,2.0,0.9,1.8,3.3,7.0,4.8,4.6,6.2,7.8],[5.6,5.4,5.1,4.6,9.3,8.0,6.6,5.7,6.3,9.6,11.4,12.8,12.5,10.5,9.2,4.3,3.1,2.0,0.9,2.6,6.5,4.9,5.0,6.5,8.2],[7.5,8.0,7.4,6.8,10.3,8.1,6.7,6.5,8.9,11.8,12.9,14.6,14.9,13.1,12.1,8.1,5.7,4.8,3.3,1.1,6.8,5.1,5.8,7.1,8.6],[12.4,14.5,15.5,13.5,16.4,15.0,11.2,12.9,15.8,16.4,18.2,19.3,19.0,16.9,16.2,13.3,9.3,8.1,6.4,8.7,1.5,6.9,8.8,12.3,13.7],[6.1,7.0,6.1,6.3,10.2,8.1,6.9,5.5,6.7,9.1,12.1,14.1,14.0,13.1,11.9,8.4,5.8,5.2,4.3,4.3,5.8,1.0,2.1,3.7,4.9],[6.1,6.7,5.5,5.1,9.3,6.6,6.4,5.5,5.7,8.3,11.3,12.7,12.7,11.9,10.8,7.8,6.6,4.6,4.5,4.9,6.0,2.1,0.9,1.9,3.7],[7.0,7.0,5.5,5.7,9.2,6.5,7.6,6.9,6.8,8.3,12.1,13.6,13.8,13.3,12.5,9.2,8.0,6.5,5.3,6.1,8.5,3.9,2.3,0.9,2.8],[9.3,9.0,7.5,6.5,11.4,7.7,8.6,8.3,9.0,10.6,13.9,15.4,15.5,14.3,13.7,10.9,9.2,8.6,7.3,8.6,10.3,7.3,4.5,2.9,1.4]],
  "token_chain_ids": ["A","A","A","A","A","A","A","A","A","A","A","A","A","A","A","A","A","A","A","A","A","A","A","A","A"],
  "token_res_ids": [1,2,3,4,5,6,7,8,9,10,11,12,13,14,15,16,17,18,19,20,21,22,23,24,25]
}