{
  "atom_chain_ids": ["A","A","A","A","A","A","A","A","A","A","A","A","A","A","A","A","A","A","A","A","A","A","A","A","A","A","A","A","A","A","A","A","A","A","A","A","A","A","A","A","A","A","A","A","A","A","A","A","A","A","A","A","A","A","A","A","A","A","A","A","A","A","A","A","A","A","A","A","A","A","A","A","A","A","A","A","A","A","A","A","A","A","A","A","A","A","A","A","A","A","A","A","A","A","A","A","A","A","A","A","A","A","A","A","A","A","A","A","A","A","A","A","A","A","A","A","A","A","A","A","A","A","A","A","A","A","A","A","A","A","A","A","A","A","A","A","A","A","A","A","A","A","A","A","A","A","A","A","A","A","A","A","A","A","A","A","A","A","A","A","A","A","A","A","A","A","A","A","A","A","A","A","A","A","A","A","A","A","A","A","A","A","A","A","A","A","A","A","A","A","A","A","A","A","A","A","A","A","A","A","A","A","A","A","A","A","A","A","A","A","A","A","A","A","A","A","A","A","A","A","A","A","A","A","A","A","A","A","A","A","A","A","A","A","A","A","A","A","A","A","A","A","A","A","A","A","A","A","A","A","A","A","A","A","A","A","A","A","A","A","A","A","A","A","A","A","A","A","A","A","A","A","A","A","A","A","A","A","A","A","A","A","A","A","A","A","A","A","A","A","A","A","A","A","A","A","A","A","A","A","A","A","A","A","A","A","A","A","A","A","A","A","A","A","A","A","A","A","A","A","A","A","A","A","A","A","A","A","A","A","A","A","A","A","A","A","A","A","A","A","A","A","A","A","A","A","A","A","A","A","A","A","A","A","A","A","A","A","A","A","A","A","A","A","A","A","A","A","A","A","A","A","A","A","A","A","A","A","A","A","A","A","A","A","A","A","A","A","A","A","A","A","A","A","A","A","A","A","A","A","A","A","A","A","A","A","A","A","A","A","A","A","A","A","A","A","A","A","A","A","A","A","A","A","A","A","A","A","A","A","A","A","A","A","A","A","A","A","A","A","A","A","A","A","A","A","A","A","A","A","A","A","A","A","A","A","A","A","A","A","A","A","A","A","A","A","A","A","A","A","A","A","A","A","A","A","A","A","A","A","A","A","A","A","A","A","A","A","A","A","A","A","A","A","A","A","A","A","A","A","A","A","A","A","A","A","A","A","A","A","A","A","A","A","A","A","A","A","A","A","A","A","A","A","A","A","A","A","A","A","A","A","A","A","A","A","A","A","A","A","A","A","A","A","A","A","A","A","A","A","A","A","A","A","A","A","A","A","A","A","A","A","A","A","A","A","A","A","A"],
  "atom_plddts": [58.82,59.02,52.69,53.82,58.93,60.75,63.76,65.92,65.75,64.93,65.67,65.63,66.14,66.27,66.61,67.44,67.05,66.38,65.78,66.46,66.99,67.46,68.3,62.87,59.36,60.82,64.26,63.6,65.76,67.9,66.57,65.96,66.56,66.71,66.9,67.18,67.12,67.06,67.48,67.25,66.62,67.0,64.55,61.01,62.64,65.82,65.62,67.88,69.57,68.71,68.11,68.77,68.3,69.05,69.49,69.38,69.9,70.24,69.66,69.27,69.32,69.54,69.36,70.1,68.18,65.25,66.48,68.47,67.78,70.28,71.81,71.2,70.1,70.19,70.62,71.64,72.09,71.36,71.43,72.19,71.78,71.33,71.26,71.68,70.83,66.59,66.6,71.65,72.13,73.58,74.03,74.14,73.24,73.86,73.82,74.81,75.11,73.99,74.08,75.08,74.6,73.74,74.18,74.58,74.16,75.43,76.03,73.23,73.44,76.48,76.2,77.55,77.48,77.6,76.82,77.71,77.64,78.34,78.59,77.77,77.91,78.58,78.09,77.69,77.96,78.12,77.67,78.82,76.38,74.31,74.15,76.56,76.47,77.64,77.55,77.53,76.48,77.51,77.43,78.09,78.25,77.5,77.57,78.28,77.83,77.44,77.68,77.78,77.23,78.34,69.48,68.33,67.54,68.57,66.26,67.15,64.72,65.49,64.2,61.46,59.14,61.16,57.88,55.61,54.23,53.2,51.68,49.62,51.8,55.43,55.69,51.97,51.73,56.87,57.15,59.23,59.97,61.64,60.73,59.73,58.1,58.39,56.13,52.73,51.54,50.8,49.58,47.65,50.27,64.86,59.24,58.1,64.72,66.35,69.26,70.79,70.83,69.6,70.69,68.87,70.02,69.5,66.85,66.99,68.2,66.56,64.89,65.26,66.42,67.38,72.98,68.75,68.72,73.78,74.97,76.8,77.01,77.0,76.08,76.96,77.01,77.63,77.91,76.87,77.08,77.92,77.48,76.92,77.24,77.41,77.13,78.27,74.62,71.82,72.55,75.54,75.38,77.25,77.17,77.23,76.25,77.41,77.66,78.17,78.57,77.82,78.09,78.73,78.28,77.98,78.1,78.11,77.91,78.8,73.56,71.59,71.78,73.41,72.34,73.79,74.22,73.94,72.65,73.76,73.51,74.62,74.94,74.54,74.69,75.52,75.13,74.61,74.53,74.52,73.93,75.12,63.17,61.26,61.65,63.45,62.45,63.76,62.08,63.56,62.53,60.19,58.48,59.87,57.25,53.83,52.38,51.43,50.05,47.91,50.19,53.31,66.16,61.05,61.42,66.42,66.86,68.85,70.1,70.43,69.45,68.43,67.07,69.26,68.37,65.26,64.02,65.19,64.11,61.85,63.04,64.95,69.53,64.7,65.0,70.85,72.17,74.22,74.79,74.87,73.63,74.89,75.17,75.93,76.37,75.24,75.66,76.64,76.22,75.68,75.85,76.01,76.01,77.03,73.82,71.06,71.42,74.99,75.3,76.98,76.88,76.91,75.81,77.25,77.63,78.12,78.51,77.41,77.76,78.34,77.82,77.45,77.61,77.78,77.7,78.56,74.47,72.84,72.61,74.6,74.24,75.21,75.52,75.15,73.99,75.05,75.03,75.79,76.1,75.67,75.89,76.62,76.29,75.96,75.87,75.84,75.35,76.36,66.27,64.83,65.46,66.4,64.67,66.19,63.81,65.25,63.99,60.84,59.17,60.99,58.04,54.64,53.18,52.42,51.01,49.05,51.27,54.59,65.41,60.17,60.76,65.69,66.94,69.63,71.47,71.97,70.79,70.19,69.65,71.1,70.46,67.5,66.94,67.89,66.81,65.09,65.86,67.63,71.55,67.06,67.0,72.18,73.82,75.7,76.17,76.07,74.91,76.29,76.62,77.14,77.48,76.8,77.25,77.99,77.51,77.09,77.33,77.48,77.44,78.41,73.79,71.41,71.76,74.36,74.6,75.86,75.97,75.77,74.56,76.32,76.83,77.0,77.56,77.29,77.68,78.23,77.92,77.79,77.85,77.77,77.6,78.17,73.76,71.35,71.6,73.78,73.56,75.05,75.54,75.56,74.19,75.19,75.23,76.33,76.77,76.14,76.22,77.08,76.71,76.17,76.33,76.36,75.8,76.95,71.26,68.68,69.46,71.14,69.75,72.09,73.1,72.5,70.96,72.42,71.63,73.18,73.4,73.11,73.17,73.87,73.15,72.61,72.76,72.92,73.14,69.59,67.06,67.89,70.64,69.04,71.24,72.63,71.39,70.46,71.12,71.57,72.1,72.4,72.53,72.51,73.0,72.56,72.15,72.45,67.24,64.21,64.93,68.17,67.33,69.78,71.25,70.85,70.09,71.06,70.97,71.45,71.61,71.21,71.79,71.96,71.09,70.6,70.93,71.22,71.14,71.97,67.47,66.09,65.97,67.85,67.55,68.23,69.42,68.31,67.28,67.2,67.93,67.71,67.56,67.79,67.4,67.43,67.11,66.39,67.32],
  "contact_probs": [[1.0,1.0,0.35,0.0,0.0,0.0,0.0,0.0,0.0,0.0,0.0,0.0,0.0,0.01,0.02,0.0,0.0,0.0,0.0,0.0,0.0,0.0,0.0,0.0,0.02,0.23,0.98],[1.0,1.0,1.0,0.35,0.0,0.0,0.0,0.0,0.0,0.0,0.0,0.0,0.0,0.03,0.05,0.0,0.0,0.0,0.0,0.0,0.0,0.0,0.0,0.01,0.23,0.99,0.97],[0.35,1.0,1.0,1.0,0.46,0.0,0.0,0.0,0.0,0.0,0.0,0.0,0.03,0.07,0.14,0.0,0.0,0.0,0.0,0.0,0.0,0.0,0.01,0.29,0.99,0.97,0.72],[0.0,0.35,1.0,1.0,0.98,0.17,0.0,0.0,0.0,0.0,0.0,0.03,0.08,0.08,0.19,0.01,0.0,0.0,0.0,0.0,0.0,0.02,0.14,0.98,0.95,0.73,0.01],[0.0,0.0,0.46,0.98,1.0,0.99,0.04,0.0,0.0,0.01,0.42,0.76,0.37,0.1,0.22,0.01,0.01,0.0,0.0,0.0,0.01,0.06,0.5,0.83,0.36,0.01,0.0],[0.0,0.0,0.0,0.17,0.99,1.0,1.0,0.16,0.06,0.44,0.83,0.26,0.02,0.01,0.02,0.01,0.01,0.01,0.01,0.01,0.06,0.3,0.89,0.51,0.01,0.0,0.0],[0.0,0.0,0.0,0.0,0.04,1.0,1.0,0.79,0.27,0.77,0.31,0.02,0.01,0.0,0.0,0.0,0.01,0.01,0.05,0.23,0.27,0.84,0.49,0.01,0.0,0.0,0.0],[0.0,0.0,0.0,0.0,0.0,0.16,0.79,1.0,0.51,0.48,0.13,0.01,0.0,0.0,0.0,0.0,0.0,0.02,0.14,0.42,0.43,0.21,0.01,0.0,0.0,0.0,0.0],[0.0,0.0,0.0,0.0,0.0,0.06,0.27,0.51,1.0,0.63,0.17,0.01,0.0,0.0,0.0,0.0,0.01,0.07,0.21,0.36,0.17,0.03,0.01,0.0,0.0,0.0,0.0],[0.0,0.0,0.0,0.0,0.01,0.44,0.77,0.48,0.63,1.0,0.95,0.18,0.0,0.0,0.0,0.01,0.03,0.23,0.34,0.56,0.09,0.02,0.0,0.0,0.0,0.0,0.0],[0.0,0.0,0.0,0.0,0.42,0.83,0.31,0.13,0.17,0.95,1.0,1.0,0.13,0.02,0.01,0.01,0.07,0.32,0.24,0.19,0.01,0.01,0.0,0.0,0.0,0.0,0.0],[0.0,0.0,0.0,0.03,0.76,0.26,0.02,0.01,0.01,0.18,1.0,1.0,1.0,0.35,0.15,0.05,0.26,0.78,0.05,0.02,0.01,0.01,0.01,0.0,0.0,0.0,0.0],[0.0,0.0,0.03,0.08,0.37,0.02,0.01,0.0,0.0,0.0,0.13,1.0,1.0,0.79,0.68,0.45,0.81,0.43,0.01,0.0,0.0,0.01,0.01,0.01,0.0,0.0,0.0],[0.01,0.03,0.07,0.08,0.1,0.01,0.0,0.0,0.0,0.0,0.02,0.35,0.79,1.0,0.58,0.24,0.17,0.06,0.01,0.0,0.0,0.01,0.02,0.03,0.01,0.0,0.0],[0.02,0.05,0.14,0.19,0.22,0.02,0.0,0.0,0.0,0.0,0.01,0.15,0.68,0.58,1.0,0.85,0.24,0.02,0.0,0.0,0.01,0.05,0.2,0.2,0.05,0.01,0.0],[0.0,0.0,0.0,0.01,0.01,0.01,0.0,0.0,0.0,0.01,0.01,0.05,0.45,0.24,0.85,1.0,1.0,0.1,0.01,0.01,0.5,0.82,0.3,0.03,0.0,0.0,0.0],[0.0,0.0,0.0,0.0,0.01,0.01,0.01,0.0,0.01,0.03,0.07,0.26,0.81,0.17,0.24,1.0,1.0,1.0,0.14,0.56,0.84,0.25,0.02,0.0,0.0,0.0,0.0],[0.0,0.0,0.0,0.0,0.0,0.01,0.01,0.02,0.07,0.23,0.32,0.78,0.43,0.06,0.02,0.1,1.0,1.0,0.67,0.82,0.34,0.03,0.01,0.0,0.0,0.0,0.0],[0.0,0.0,0.0,0.0,0.0,0.01,0.05,0.14,0.21,0.34,0.24,0.05,0.01,0.01,0.0,0.01,0.14,0.67,1.0,0.63,0.16,0.01,0.0,0.0,0.0,0.0,0.0],[0.0,0.0,0.0,0.0,0.0,0.01,0.23,0.42,0.36,0.56,0.19,0.02,0.0,0.0,0.0,0.01,0.56,0.82,0.63,1.0,0.95,0.14,0.0,0.0,0.0,0.0,0.0],[0.0,0.0,0.0,0.0,0.01,0.06,0.27,0.43,0.17,0.09,0.01,0.01,0.0,0.0,0.01,0.5,0.84,0.34,0.16,0.95,1.0,1.0,0.08,0.0,0.0,0.0,0.0],[0.0,0.0,0.0,0.02,0.06,0.3,0.84,0.21,0.03,0.02,0.01,0.01,0.01,0.01,0.05,0.82,0.25,0.03,0.01,0.14,1.0,1.0,1.0,0.07,0.0,0.0,0.0],[0.0,0.0,0.01,0.14,0.5,0.89,0.49,0.01,0.01,0.0,0.0,0.01,0.01,0.02,0.2,0.3,0.02,0.01,0.0,0.0,0.08,1.0,1.0,0.98,0.11,0.0,0.0],[0.0,0.01,0.29,0.98,0.83,0.51,0.01,0.0,0.0,0.0,0.0,0.0,0.01,0.03,0.2,0.03,0.0,0.0,0.0,0.0,0.0,0.07,0.98,1.0,0.99,0.18,0.0],[0.02,0.23,0.99,0.95,0.36,0.01,0.0,0.0,0.0,0.0,0.0,0.0,0.0,0.01,0.05,0.0,0.0,0.0,0.0,0.0,0.0,0.0,0.11,0.99,1.0,1.0,0.24],[0.23,0.99,0.97,0.73,0.01,0.0,0.0,0.0,0.0,0.0,0.0,0.0,0.0,0.0,0.01,0.0,0.0,0.0,0.0,0.0,0.0,0.0,0.0,0.18,1.0,1.0,0.99],[0.98,0.97,0.72,0.01,0.0,0.0,0.0,0.0,0.0,0.0,0.0,0.0,0.0,0.0,0.0,0.0,0.0,0.0,0.0,0.0,0.0,0.0,0.0,0.0,0.24,0.99,1.0]],
  "pae": [[1.0,2.7,4.4,5.8,7.2,8.5,9.9,12.9,13.7,11.3,10.1,8.8,7.8,12.0,8.2,7.8,8.8,10.8,13.9,11.5,9.5,7.4,7.2,6.7,5.9,4.4,4.1],[2.6,1.0,2.4,3.8,4.8,6.4,7.4,10.5,11.0,8.7,7.2,6.2,6.0,10.0,6.3,6.1,6.9,8.0,11.4,9.0,7.3,5.8,5.7,4.5,4.0,3.2,3.8],[3.1,2.2,0.9,2.7,3.7,4.9,6.3,9.7,10.0,7.6,6.4,5.3,5.2,9.3,5.8,5.7,6.3,7.2,10.5,8.4,6.7,5.7,4.7,3.8,3.3,3.3,3.7],[4.5,3.1,2.5,1.1,2.9,4.0,5.4,8.8,9.3,6.6,5.7,5.0,5.3,9.0,5.7,5.6,6.0,6.5,10.2,7.8,6.0,5.1,4.5,3.4,3.7,3.7,5.1],[6.4,5.4,4.1,2.8,0.9,2.3,4.1,7.7,8.1,5.0,4.6,4.8,4.4,7.8,5.6,4.8,5.0,4.9,8.5,5.8,5.3,4.7,4.7,4.1,4.2,5.4,6.7],[7.0,5.3,4.4,3.3,2.1,0.9,1.7,5.9,6.4,3.8,3.0,3.1,3.6,6.9,5.2,3.8,3.7,3.8,6.9,4.3,3.7,3.3,3.5,4.1,4.2,5.2,6.4],[7.6,6.4,5.5,4.2,3.3,2.0,0.9,6.2,6.8,3.6,3.3,3.9,4.7,7.6,5.6,4.7,4.3,4.3,7.3,4.3,3.7,4.1,4.0,4.5,5.0,6.2,7.3],[16.9,16.2,15.3,13.4,11.7,9.4,9.4,1.6,8.9,8.0,10.5,13.4,16.0,15.1,16.6,16.5,15.1,14.8,16.3,13.5,14.9,14.7,14.2,14.0,14.0,16.2,16.5],[17.1,15.8,14.9,12.5,11.4,9.0,7.6,7.6,1.7,7.8,7.3,11.8,14.2,15.7,16.6,16.0,14.0,12.0,12.7,10.5,13.3,13.6,13.7,14.0,13.9,17.8,16.8],[10.3,9.4,8.1,7.5,5.7,5.2,4.5,6.2,5.5,1.0,3.4,4.6,6.2,9.8,8.5,7.4,5.8,5.7,8.4,5.0,6.3,6.6,6.5,7.4,7.4,10.2,10.2],[7.2,6.1,5.1,4.6,3.7,3.0,3.2,6.3,5.6,2.3,0.9,1.7,3.1,6.7,5.3,4.1,3.7,3.0,6.8,4.0,4.0,4.1,4.1,4.7,5.2,6.2,7.0],[6.8,5.2,4.6,4.2,3.2,2.9,3.5,6.9,6.3,2.8,1.6,0.8,1.7,5.7,4.4,3.3,2.7,2.7,6.4,4.0,3.7,3.8,3.8,4.4,4.8,5.3,6.3],[6.7,5.5,5.1,4.5,3.6,3.8,4.3,7.5,7.5,3.9,2.7,1.7,0.9,5.6,3.8,3.3,3.1,3.4,7.8,4.8,4.3,4.0,4.2,4.8,5.1,5.9,6.9],[15.8,14.1,13.4,11.7,12.1,10.6,12.1,13.6,14.1,11.3,10.0,8.1,7.1,1.4,7.6,7.0,7.4,8.8,13.1,10.3,10.7,10.0,12.2,13.3,14.9,15.8,17.2],[10.4,9.9,8.1,6.6,6.7,7.4,8.3,11.8,12.2,9.5,8.4,5.9,4.3,6.1,1.2,3.7,4.4,7.2,11.3,8.7,6.7,6.3,6.7,8.5,8.4,9.5,11.5],[7.2,6.2,5.5,5.3,4.5,4.4,4.7,8.2,8.1,5.5,4.3,4.3,3.0,5.7,2.5,0.9,1.7,3.3,7.4,4.7,3.8,3.5,3.9,5.1,5.7,6.4,7.6],[6.7,5.6,5.0,4.5,3.9,3.5,3.6,7.5,7.0,4.2,3.6,3.0,3.0,6.4,3.2,1.7,0.8,1.8,6.0,3.5,2.9,2.8,3.6,4.5,4.9,5.5,6.6],[7.1,5.8,5.5,5.0,4.1,3.8,3.8,7.0,7.3,4.0,3.0,2.9,3.2,7.1,4.3,2.8,1.6,0.9,5.7,3.0,2.9,3.6,4.4,5.3,5.5,6.7,7.3],[17.0,16.5,15.6,14.3,12.9,12.0,12.0,15.1,10.8,10.0,10.1,10.2,12.0,11.5,12.3,11.6,8.1,6.2,1.5,8.6,11.0,13.5,13.7,15.2,16.4,17.5,18.7],[11.4,11.3,9.7,9.1,7.8,6.7,6.4,9.3,7.9,5.3,6.1,6.6,7.4,9.0,8.4,7.4,5.1,4.1,5.1,1.1,4.5,6.2,7.7,10.1,9.8,11.7,12.0],[7.8,6.1,6.2,5.6,4.7,3.9,3.5,7.7,7.3,4.2,3.9,3.9,4.2,7.4,5.1,3.3,3.2,3.3,5.8,2.7,0.9,1.9,3.4,4.7,5.1,6.8,7.7],[7.2,5.7,5.4,4.9,4.0,3.2,3.2,7.0,6.8,3.8,3.4,3.5,3.7,6.6,4.7,2.9,2.9,3.3,6.5,3.1,1.6,0.9,2.1,3.7,4.3,5.7,6.6],[6.7,5.5,5.1,4.7,3.5,3.6,3.9,8.0,7.9,4.8,4.1,4.2,4.3,7.5,5.1,3.3,4.0,4.8,7.6,4.6,3.2,2.0,0.9,2.3,3.6,4.9,6.1],[5.6,5.0,4.2,4.3,4.4,4.5,5.3,9.3,8.9,6.7,5.7,5.3,5.4,9.1,6.0,4.7,5.7,6.8,9.2,6.9,5.3,4.0,2.9,1.0,2.4,3.8,5.1],[5.3,4.5,3.9,4.3,4.8,5.3,6.2,10.1,10.1,8.2,6.6,6.3,6.1,10.1,6.7,5.7,6.9,7.5,11.1,8.2,6.4,5.3,3.9,2.4,1.0,2.4,4.1],[4.6,4.4,5.3,6.0,6.7,7.2,8.4,11.6,11.7,10.7,9.0,8.0,7.3,11.1,8.0,7.4,8.8,10.4,12.1,10.4,8.8,7.0,5.9,4.3,3.0,1.0,2.8],[4.6,4.4,5.2,6.0,7.3,8.4,9.9,12.4,13.2,11.2,10.1,9.2,8.9,12.9,9.1,8.5,9.9,11.2,14.1,11.8,10.1,8.7,7.8,5.8,4.7,3.0,1.2]],
  "token_chain_ids": ["A","A","A","A","A","A","A","A","A","A","A","A","A","A","A","A","A","A","A","A","A","A","A","A","A","A","A"],
  "token_res_ids": [1,2,3,4,5,6,7,8,9,10,11,12,13,14,15,16,17,18,19,20,21,22,23,24,25,26,27]
}