{
  "atom_chain_ids": ["A","A","A","A","A","A","A","A","A","A","A","A","A","A","A","A","A","A","A","A","A","A","A","A","A","A","A","A","A","A","A","A","A","A","A","A","A","A","A","A","A","A","A","A","A","A","A","A","A","A","A","A","A","A","A","A","A","A","A","A","A","A","A","A","A","A","A","A","A","A","A","A","A","A","A","A","A","A","A","A","A","A","A","A","A","A","A","A","A","A","A","A","A","A","A","A","A","A","A","A","A","A","A","A","A","A","A","A","A","A","A","A","A","A","A","A","A","A","A","A","A","A","A","A","A","A","A","A","A","A","A","A","A","A","A","A","A","A","A","A","A","A","A","A","A","A","A","A","A","A","A","A","A","A","A","A","A","A","A","A","A","A","A","A","A","A","A","A","A","A","A","A","A","A","A","A","A","A","A","A","A","A","A","A","A","A","A","A","A","A","A","A","A","A","A","A","A","A","A","A","A","A","A","A","A","A","A","A","A","A","A","A","A","A","A","A","A","A","A","A","A","A","A","A","A","A","A","A","A","A","A","A","A","A","A","A","A","A","A","A","A","A","A","A","A","A","A","A","A","A","A","A","A","A","A","A","A","A","A","A","A","A","A","A","A","A","A","A","A","A","A","A","A","A","A","A","A","A","A","A","A","A","A","A","A","A","A","A","A","A","A","A","A","A","A","A","A","A","A","A","A","A","A","A","A","A","A","A","A","A","A","A","A","A","A","A","A","A","A","A","A","A","A","A","A","A","A","A","A","A","A","A","A","A","A","A","A","A","A","A","A","A","A","A","A","A","A","A","A","A","A","A","A","A","A","A","A","A","A","A","A","A","A","A","A","A","A","A","A","A","A","A","A","A","A","A","A","A","A","A","A","A","A","A","A","A","A","A","A","A","A","A","A","A","A","A","A","A","A","A","A","A","A","A","A","A","A","A","A","A","A","A","A","A","A","A","A","A","A","A","A","A","A","A","A","A","A","A","A","A","A","A","A","A","A","A","A","A","A","A","A","A","A","A","A","A","A","A","A","A","A","A","A","A","A","A","A","A","A","A","A","A","A","A","A","A","A","A","A","A","A","A","A","A","A","A","A","A","A","A","A","A","A","A","A","A","A","A","A","A","A","A","A","A","A","A","A","A","A","A","A","A","A","A","A","A","A","A","A","A","A","A","A","A","A","A","A","A","A","A","A","A","A","A","A","A","A","A","A","A","A","A","A","A","A","A","A","A","A","A","A","A","A","A","A","A","A","A","A","A","A","A","A","A","A","A","A","A","A","A","A","A","A","A","A","A","A","A","A"],
  "atom_plddts": [58.66,58.92,52.65,53.85,58.9,60.8,63.74,65.86,65.67,64.8,65.54,65.46,65.99,66.11,66.39,67.2,66.81,66.16,65.54,66.2,66.74,67.19,68.06,60.77,57.36,58.86,62.05,61.75,63.74,65.91,64.56,64.02,64.48,64.7,64.74,65.06,65.04,65.03,65.34,65.15,64.53,64.91,63.01,59.76,61.35,64.11,64.11,65.9,67.56,66.45,65.95,66.52,66.09,66.75,67.24,67.41,67.89,68.16,67.69,67.28,67.36,67.59,67.28,67.95,67.24,64.36,65.68,67.51,67.01,69.4,70.88,70.09,68.99,69.05,69.39,70.46,70.93,70.35,70.37,71.1,70.74,70.28,70.24,70.62,71.69,67.9,67.79,72.14,72.18,73.54,74.01,74.04,73.11,73.63,73.41,74.66,74.98,73.99,74.01,75.05,74.54,73.64,74.04,74.4,73.8,75.23,74.89,71.72,71.97,75.6,75.67,77.21,77.22,77.33,76.6,77.51,77.5,78.06,78.3,77.34,77.46,78.14,77.65,77.19,77.54,77.76,77.42,78.53,76.37,75.03,74.83,76.13,75.6,76.76,76.66,76.55,75.47,76.31,76.0,76.87,76.97,76.34,76.26,77.0,76.55,76.03,76.26,76.39,75.57,76.89,65.41,64.3,63.72,65.18,63.66,64.41,61.74,63.1,62.0,59.79,57.35,58.99,55.34,51.75,50.04,48.32,46.68,44.49,47.51,51.95,58.63,54.66,54.82,59.94,60.16,62.64,63.55,64.55,63.48,62.63,60.75,61.38,59.32,56.11,54.8,54.47,53.22,51.11,53.56,64.98,58.86,57.66,64.81,66.41,69.42,70.85,70.81,69.55,70.54,68.66,70.06,69.66,67.26,67.35,68.78,67.23,65.51,65.83,66.88,67.79,72.19,68.12,67.98,72.85,73.89,75.9,76.23,76.23,75.18,76.04,75.97,76.7,76.94,75.73,75.85,76.8,76.32,75.56,75.86,76.12,75.72,77.14,73.41,70.64,71.32,74.48,74.57,76.58,76.64,76.63,75.64,76.8,77.07,77.48,77.83,76.86,77.1,77.73,77.26,76.84,77.01,77.11,76.91,77.9,73.11,71.54,71.64,72.87,71.76,73.2,73.65,73.33,72.02,72.91,72.4,73.66,73.88,73.36,73.35,74.19,73.79,73.09,73.07,73.14,72.32,73.78,60.98,59.33,59.7,61.47,60.64,61.8,59.86,61.82,60.69,58.48,56.62,57.95,55.34,51.63,50.18,49.14,47.84,45.75,48.06,51.18,60.0,55.04,55.46,60.86,61.83,63.21,63.98,64.72,63.82,62.47,60.97,62.76,61.45,57.98,56.54,56.96,55.67,53.17,54.93,57.37,66.12,61.36,61.74,67.23,69.06,70.85,71.99,71.82,70.49,71.78,72.14,72.57,73.01,71.98,72.28,73.32,72.95,72.2,72.36,72.62,72.54,73.71,73.2,70.84,71.15,74.12,74.41,76.03,76.05,75.93,74.7,76.16,76.57,77.18,77.6,76.54,76.9,77.48,76.94,76.54,76.62,76.8,76.64,77.59,73.21,71.23,71.08,73.58,73.4,74.49,74.92,74.53,73.37,74.58,74.75,75.4,75.79,75.28,75.59,76.32,75.99,75.68,75.55,75.52,75.19,76.07,61.73,60.99,61.51,61.96,60.52,61.46,59.07,60.74,59.6,57.01,55.3,56.79,54.07,50.84,49.58,48.5,47.34,45.55,47.78,50.96,65.75,60.51,60.95,66.07,67.41,70.04,71.78,72.06,70.82,70.21,69.4,71.1,70.42,67.34,66.59,67.71,66.61,64.7,65.5,67.24,71.65,68.12,68.33,72.16,73.26,75.01,75.56,75.38,74.21,75.55,75.81,76.44,76.76,75.96,76.28,77.02,76.54,76.02,76.25,76.43,76.22,77.32,73.17,70.82,71.21,73.85,74.27,75.66,75.85,75.62,74.43,76.07,76.57,76.75,77.24,76.8,77.14,77.66,77.32,77.11,77.22,77.22,77.04,77.69,73.89,71.91,72.17,73.78,73.36,74.87,75.34,75.36,74.01,74.87,74.86,76.09,76.5,75.82,75.82,76.66,76.23,75.6,75.83,75.91,75.21,76.49,71.38,68.85,69.55,71.28,69.84,72.3,73.27,72.81,71.31,72.65,71.87,73.4,73.57,73.15,73.19,73.85,73.09,72.5,72.72,72.91,73.12,70.91,68.31,69.19,71.99,70.56,72.95,74.06,73.03,72.03,72.71,73.0,73.7,73.98,73.95,73.89,74.39,73.92,73.52,73.82,67.16,64.37,65.22,68.15,67.31,69.54,71.09,70.47,69.76,70.77,70.74,71.1,71.34,70.98,71.48,71.65,70.84,70.35,70.71,70.98,70.89,71.63,67.24,66.03,65.9,67.6,67.32,67.98,69.15,67.97,66.93,66.85,67.58,67.35,67.25,67.51,67.14,67.17,66.86,66.16,67.04],
  "contact_probs": [[1.0,1.0,0.35,0.0,0.0,0.0,0.0,0.0,0.0,0.0,0.0,0.0,0.0,0.01,0.02,0.0,0.0,0.0,0.0,0.0,0.0,0.0,0.0,0.0,0.02,0.23,0.98],[1.0,1.0,1.0,0.35,0.0,0.0,0.0,0.0,0.0,0.0,0.0,0.0,0.0,0.03,0.05,0.0,0.0,0.0,0.0,0.0,0.0,0.0,0.0,0.01,0.23,0.99,0.97],[0.35,1.0,1.0,1.0,0.46,0.0,0.0,0.0,0.0,0.0,0.0,0.0,0.03,0.07,0.14,0.0,0.0,0.0,0.0,0.0,0.0,0.0,0.01,0.29,0.99,0.97,0.72],[0.0,0.35,1.0,1.0,0.98,0.17,0.0,0.0,0.0,0.0,0.0,0.03,0.08,0.08,0.19,0.01,0.0,0.0,0.0,0.0,0.0,0.02,0.14,0.98,0.95,0.73,0.01],[0.0,0.0,0.46,0.98,1.0,0.99,0.04,0.0,0.0,0.01,0.42,0.76,0.37,0.1,0.22,0.01,0.01,0.0,0.0,0.0,0.01,0.06,0.5,0.83,0.36,0.01,0.0],[0.0,0.0,0.0,0.17,0.99,1.0,1.0,0.16,0.06,0.44,0.83,0.26,0.02,0.01,0.02,0.01,0.01,0.01,0.01,0.01,0.06,0.3,0.89,0.51,0.01,0.0,0.0],[0.0,0.0,0.0,0.0,0.04,1.0,1.0,0.79,0.27,0.77,0.31,0.02,0.01,0.0,0.0,0.0,0.01,0.01,0.05,0.23,0.27,0.84,0.49,0.01,0.0,0.0,0.0],[0.0,0.0,0.0,0.0,0.0,0.16,0.79,1.0,0.51,0.48,0.13,0.01,0.0,0.0,0.0,0.0,0.0,0.02,0.14,0.42,0.43,0.21,0.01,0.0,0.0,0.0,0.0],[0.0,0.0,0.0,0.0,0.0,0.06,0.27,0.51,1.0,0.63,0.17,0.01,0.0,0.0,0.0,0.0,0.01,0.07,0.21,0.36,0.17,0.03,0.01,0.0,0.0,0.0,0.0],[0.0,0.0,0.0,0.0,0.01,0.44,0.77,0.48,0.63,1.0,0.95,0.18,0.0,0.0,0.0,0.01,0.03,0.23,0.34,0.56,0.09,0.02,0.0,0.0,0.0,0.0,0.0],[0.0,0.0,0.0,0.0,0.42,0.83,0.31,0.13,0.17,0.95,1.0,1.0,0.13,0.02,0.01,0.01,0.07,0.32,0.24,0.19,0.01,0.01,0.0,0.0,0.0,0.0,0.0],[0.0,0.0,0.0,0.03,0.76,0.26,0.02,0.01,0.01,0.18,1.0,1.0,1.0,0.35,0.15,0.05,0.26,0.78,0.05,0.02,0.01,0.01,0.01,0.0,0.0,0.0,0.0],[0.0,0.0,0.03,0.08,0.37,0.02,0.01,0.0,0.0,0.0,0.13,1.0,1.0,0.79,0.68,0.45,0.81,0.43,0.01,0.0,0.0,0.01,0.01,0.01,0.0,0.0,0.0],[0.01,0.03,0.07,0.08,0.1,0.01,0.0,0.0,0.0,0.0,0.02,0.35,0.79,1.0,0.58,0.24,0.17,0.06,0.01,0.0,0.0,0.01,0.02,0.03,0.01,0.0,0.0],[0.02,0.05,0.14,0.19,0.22,0.02,0.0,0.0,0.0,0.0,0.01,0.15,0.68,0.58,1.0,0.85,0.24,0.02,0.0,0.0,0.01,0.05,0.2,0.2,0.05,0.01,0.0],[0.0,0.0,0.0,0.01,0.01,0.01,0.0,0.0,0.0,0.01,0.01,0.05,0.45,0.24,0.85,1.0,1.0,0.1,0.01,0.01,0.5,0.82,0.3,0.03,0.0,0.0,0.0],[0.0,0.0,0.0,0.0,0.01,0.01,0.01,0.0,0.01,0.03,0.07,0.26,0.81,0.17,0.24,1.0,1.0,1.0,0.14,0.56,0.84,0.25,0.02,0.0,0.0,0.0,0.0],[0.0,0.0,0.0,0.0,0.0,0.01,0.01,0.02,0.07,0.23,0.32,0.78,0.43,0.06,0.02,0.1,1.0,1.0,0.67,0.82,0.34,0.03,0.01,0.0,0.0,0.0,0.0],[0.0,0.0,0.0,0.0,0.0,0.01,0.05,0.14,0.21,0.34,0.24,0.05,0.01,0.01,0.0,0.01,0.14,0.67,1.0,0.63,0.16,0.01,0.0,0.0,0.0,0.0,0.0],[0.0,0.0,0.0,0.0,0.0,0.01,0.23,0.42,0.36,0.56,0.19,0.02,0.0,0.0,0.0,0.01,0.56,0.82,0.63,1.0,0.95,0.14,0.0,0.0,0.0,0.0,0.0],[0.0,0.0,0.0,0.0,0.01,0.06,0.27,0.43,0.17,0.09,0.01,0.01,0.0,0.0,0.01,0.5,0.84,0.34,0.16,0.95,1.0,1.0,0.08,0.0,0.0,0.0,0.0],[0.0,0.0,0.0,0.02,0.06,0.3,0.84,0.21,0.03,0.02,0.01,0.01,0.01,0.01,0.05,0.82,0.25,0.03,0.01,0.14,1.0,1.0,1.0,0.07,0.0,0.0,0.0],[0.0,0.0,0.01,0.14,0.5,0.89,0.49,0.01,0.01,0.0,0.0,0.01,0.01,0.02,0.2,0.3,0.02,0.01,0.0,0.0,0.08,1.0,1.0,0.98,0.11,0.0,0.0],[0.0,0.01,0.29,0.98,0.83,0.51,0.01,0.0,0.0,0.0,0.0,0.0,0.01,0.03,0.2,0.03,0.0,0.0,0.0,0.0,0.0,0.07,0.98,1.0,0.99,0.18,0.0],[0.02,0.23,0.99,0.95,0.36,0.01,0.0,0.0,0.0,0.0,0.0,0.0,0.0,0.01,0.05,0.0,0.0,0.0,0.0,0.0,0.0,0.0,0.11,0.99,1.0,1.0,0.24],[0.23,0.99,0.97,0.73,0.01,0.0,0.0,0.0,0.0,0.0,0.0,0.0,0.0,0.0,0.01,0.0,0.0,0.0,0.0,0.0,0.0,0.0,0.0,0.18,1.0,1.0,0.99],[0.98,0.97,0.72,0.01,0.0,0.0,0.0,0.0,0.0,0.0,0.0,0.0,0.0,0.0,0.0,0.0,0.0,0.0,0.0,0.0,0.0,0.0,0.0,0.0,0.24,0.99,1.0]],
  "pae": [[1.0,2.6,4.5,6.0,7.4,8.4,10.1,13.1,13.4,10.9,10.0,8.8,8.1,11.5,9.2,8.5,9.6,10.9,14.6,11.1,9.8,8.2,7.4,6.7,5.7,4.1,3.9],[2.7,1.0,2.4,4.0,5.0,6.4,7.6,10.8,10.5,8.5,7.7,6.4,6.1,9.4,7.6,6.8,7.6,7.9,12.2,9.1,7.7,6.1,5.9,4.8,3.9,3.3,3.9],[3.1,2.3,0.9,2.8,3.9,5.1,6.5,10.2,9.7,7.7,6.2,5.1,5.3,9.1,7.4,6.2,6.9,7.2,11.1,8.4,7.0,5.9,5.1,4.1,3.4,3.2,3.9],[4.4,3.3,2.6,1.1,2.9,4.0,5.4,9.3,8.8,6.6,5.4,4.9,5.3,8.8,6.7,5.7,6.1,6.3,10.6,7.6,6.1,5.2,4.6,3.5,3.6,3.6,5.0],[6.8,5.9,4.4,2.9,0.9,2.2,4.4,8.5,7.5,5.3,4.9,4.9,4.6,8.0,6.5,5.1,5.3,5.2,9.1,5.9,5.4,4.7,4.7,4.2,4.3,5.3,6.8],[7.0,5.4,4.5,3.5,2.2,0.9,1.8,7.6,6.2,3.9,3.5,3.3,3.7,7.0,6.2,4.1,4.0,4.0,7.5,4.4,3.9,3.6,3.7,4.3,4.2,5.0,6.6],[7.8,6.7,5.6,4.6,3.5,2.1,0.9,7.6,6.4,3.8,3.5,4.2,4.8,7.8,6.8,5.0,4.6,4.5,7.8,4.3,3.9,4.2,4.1,4.7,5.1,6.2,7.6],[18.0,17.2,15.2,14.7,12.5,10.2,11.7,1.5,10.6,12.2,12.4,15.7,18.0,17.5,17.9,18.3,18.5,19.0,19.2,17.2,17.2,17.1,15.5,15.2,14.5,17.3,17.3],[16.9,15.7,14.1,12.4,11.1,9.7,7.7,7.8,1.8,7.6,7.8,12.6,13.5,15.3,15.2,16.5,14.4,12.8,14.9,11.5,13.9,14.4,14.9,13.0,13.9,17.6,17.4],[10.3,9.5,7.8,7.8,5.4,4.6,4.6,7.5,5.3,1.1,3.1,4.4,6.4,9.6,8.8,7.2,5.8,5.6,9.5,4.9,6.1,6.0,6.4,7.2,7.5,9.2,10.5],[7.4,6.0,5.3,4.9,3.8,3.1,3.5,7.7,5.3,2.4,0.9,1.8,3.2,6.8,6.0,4.2,3.6,3.0,7.3,4.0,4.1,4.0,4.1,4.8,5.3,6.2,7.5],[7.0,5.3,4.8,4.5,3.4,3.0,3.7,8.1,6.2,2.9,1.6,0.8,1.8,6.0,5.7,3.6,2.8,2.8,7.1,4.1,3.8,3.8,3.8,4.3,4.9,5.4,6.8],[7.0,5.6,5.4,4.7,3.5,3.8,4.6,8.2,7.2,4.0,2.8,1.8,0.9,5.7,5.0,3.5,3.3,3.4,8.4,4.9,4.7,4.2,4.3,4.9,5.3,5.8,7.0],[15.1,13.6,13.4,12.6,13.1,12.0,13.3,16.4,15.2,12.6,11.7,8.6,8.1,1.5,8.8,8.1,8.6,10.3,14.0,11.6,12.4,11.8,13.3,14.8,15.8,16.2,16.3],[11.3,9.6,8.8,8.6,8.4,9.0,10.5,14.0,12.9,10.2,10.0,6.8,5.0,5.9,1.2,5.2,6.2,9.1,13.7,10.5,8.1,7.1,7.7,10.5,10.8,11.8,14.6],[7.9,6.2,6.0,5.8,4.7,4.5,5.0,9.7,8.0,5.7,4.6,5.0,3.2,5.6,3.5,0.9,1.9,3.7,7.5,5.0,4.1,3.7,4.0,5.8,6.4,7.0,8.1],[7.6,5.7,5.7,5.0,4.5,3.9,3.9,10.2,7.0,4.5,3.9,3.5,3.3,6.6,4.4,1.9,0.8,1.9,6.4,3.7,3.5,2.9,4.0,5.0,5.5,6.2,7.3],[7.5,6.1,6.0,5.3,4.3,3.9,3.9,9.0,6.6,4.0,3.1,2.9,3.1,7.3,5.4,2.8,1.6,0.9,6.5,3.1,3.0,3.2,4.3,5.3,5.6,6.6,7.5],[18.2,17.6,16.3,15.0,14.6,12.8,14.1,17.2,14.1,11.8,12.7,12.0,13.5,12.6,14.6,13.4,9.6,8.0,1.7,10.2,11.1,13.5,14.4,15.6,16.8,18.1,19.1],[11.1,10.6,10.0,9.4,7.6,6.6,6.2,10.8,8.4,5.1,5.7,6.8,7.5,9.2,9.1,7.0,5.0,4.1,6.4,1.2,4.1,5.6,7.4,9.8,9.8,11.0,11.7],[8.1,6.5,6.5,5.8,4.8,4.0,3.5,8.8,7.0,4.2,4.0,3.9,4.2,7.5,6.1,3.3,3.0,3.2,6.5,2.6,0.9,1.7,3.2,4.6,5.2,7.0,8.1],[7.7,6.3,5.9,5.2,4.1,3.2,3.5,8.6,6.6,3.8,3.6,3.5,3.7,6.8,5.7,3.1,2.8,3.2,6.8,2.9,1.5,0.8,2.1,3.8,4.3,5.7,7.1],[6.8,5.7,5.1,4.7,3.6,3.4,3.9,8.8,7.2,4.8,4.1,4.0,4.1,7.6,6.4,3.6,3.6,4.4,7.8,4.4,3.0,2.0,0.9,2.3,3.6,5.1,6.3],[5.7,5.1,4.2,4.1,4.1,4.3,5.0,9.7,8.5,6.1,5.5,5.2,5.3,9.0,7.1,5.0,5.5,6.3,9.5,6.5,5.4,4.0,2.8,1.0,2.6,3.8,5.0],[5.0,4.4,4.0,4.1,4.5,5.0,5.8,10.5,9.5,7.4,6.4,5.9,6.1,9.9,7.5,5.9,6.4,7.1,11.0,7.8,6.2,5.3,4.0,2.4,1.0,2.3,4.0],[3.8,4.1,4.5,5.4,5.9,6.5,7.9,11.5,10.9,9.5,8.8,7.3,7.3,10.7,8.4,7.3,8.4,9.8,12.3,10.0,8.9,6.7,5.9,4.1,2.8,1.0,2.6],[4.0,4.0,4.6,5.5,7.1,8.0,9.2,12.3,12.7,10.3,10.0,8.5,8.6,11.3,9.1,8.4,9.8,10.7,14.2,10.9,9.9,8.5,7.6,5.5,4.1,2.6,1.1]],
  "token_chain_ids": ["A","A","A","A","A","A","A","A","A","A","A","A","A","A","A","A","A","A","A","A","A","A","A","A","A","A","A"],
  "token_res_ids": [1,2,3,4,5,6,7,8,9,10,11,12,13,14,15,16,17,18,19,20,21,22,23,24,25,26,27]
}