{
  "atom_chain_ids": ["A","A","A","A","A","A","A","A","A","A","A","A","A","A","A","A","A","A","A","A","A","A","A","A","A","A","A","A","A","A","A","A","A","A","A","A","A","A","A","A","A","A","A","A","A","A","A","A","A","A","A","A","A","A","A","A","A","A","A","A","A","A","A","A","A","A","A","A","A","A","A","A","A","A","A","A","A","A","A","A","A","A","A","A","A","A","A","A","A","A","A","A","A","A","A","A","A","A","A","A","A","A","A","A","A","A","A","A","A","A","A","A","A","A","A","A","A","A","A","A","A","A","A","A","A","A","A","A","A","A","A","A","A","A","A","A","A","A","A","A","A","A","A","A","A","A","A","A","A","A","A","A","A","A","A","A","A","A","A","A","A","A","A","A","A","A","A","A","A","A","A","A","A","A","A","A","A","A","A","A","A","A","A","A","A","A","A","A","A","A","A","A","A","A","A","A","A","A","A","A","A","A","A","A","A","A","A","A","A","A","A","A","A","A","A","A","A","A","A","A","A","A","A","A","A","A","A","A","A","A","A","A","A","A","A","A","A","A","A","A","A","A","A","A","A","A","A","A","A","A","A","A","A","A","A","A","A","A","A","A","A","A","A","A","A","A","A","A","A","A","A","A","A","A","A","A","A","A","A","A","A","A","A","A","A","A","A","A","A","A","A","A","A","A","A","A","A","A","A","A","A","A","A","A","A","A","A","A","A","A","A","A","A","A","A","A","A","A","A","A","A","A","A","A","A","A","A","A","A","A","A","A","A","A","A","A","A","A","A","A","A","A","A","A","A","A","A","A","A","A","A","A","A","A","A","A","A","A","A","A","A","A","A","A","A","A","A","A","A","A","A","A","A","A","A","A","A","A","A","A","A","A","A","A","A","A","A","A","A","A","A","A","A","A","A","A","A","A","A","A","A","A","A","A","A","A","A","A","A","A","A","A","A","A","A","A","A","A","A","A","A","A","A","A","A","A","A","A","A","A","A","A","A","A","A","A","A","A","A","A","A","A","A","A","A","A","A","A","A","A","A","A","A","A","A","A","A","A","A","A","A","A","A","A","A","A","A","A","A","A","A","A","A","A","A","A","A","A","A","A","A","A","A","A","A","A","A","A","A","A","A","A","A","A","A","A","A","A","A","A","A","A","A","A","A","A","A","A","A","A","A","A","A","A","A","A","A","A","A","A","A","A","A","A","A","A","A","A","A","A","A","A","A","A","A","A","A","A","A","A","A","A","A","A","A","A","A","A","A","A","A","A","A","A","A","A","A","A","A","A","A","A","A","A","A","A","A","A","A"],
  "atom_plddts": [58.73,59.29,53.01,54.1,59.12,60.95,64.16,66.25,66.3,65.42,66.23,66.13,66.61,66.58,66.9,67.83,67.33,66.55,65.98,66.67,67.25,67.8,68.71,63.05,59.54,61.04,64.61,63.84,66.15,68.29,67.06,66.44,67.1,67.45,67.47,67.75,67.67,67.72,68.06,67.77,67.18,67.54,65.43,61.97,63.6,66.71,66.25,68.49,70.14,69.29,68.69,69.4,69.15,69.79,70.24,70.26,70.93,71.18,70.5,70.21,70.25,70.42,70.37,70.96,69.42,66.16,67.54,69.93,69.55,72.34,73.67,73.3,72.06,72.49,72.9,73.86,74.31,73.42,73.55,74.23,73.77,73.43,73.32,73.82,73.03,68.6,68.43,73.72,74.06,75.71,75.93,76.19,75.27,75.84,75.74,77.01,77.31,76.16,76.35,77.32,76.73,76.0,76.41,76.71,76.26,77.63,77.0,73.73,73.98,77.91,77.97,79.46,79.39,79.61,79.02,79.89,80.01,80.57,80.79,79.74,80.01,80.56,80.0,79.73,80.04,80.19,79.97,80.94,76.98,74.89,74.74,77.34,77.39,78.61,78.48,78.54,77.54,78.55,78.66,79.22,79.35,78.43,78.61,79.22,78.67,78.37,78.62,78.72,78.24,79.32,73.71,71.74,71.49,73.29,71.18,73.19,72.11,72.9,71.59,69.64,67.98,70.03,67.51,64.66,63.5,63.46,62.03,60.36,61.68,64.59,60.2,56.83,57.0,61.29,61.51,63.89,64.37,65.79,64.48,63.41,61.68,62.21,59.87,56.53,55.19,54.65,53.26,51.23,53.86,65.67,59.45,58.09,65.55,67.71,70.78,72.45,72.46,71.26,72.36,70.75,71.85,71.47,68.86,69.09,70.42,68.76,67.18,67.51,68.59,69.8,73.24,69.07,68.89,74.09,75.18,77.13,77.41,77.41,76.51,77.38,77.45,78.09,78.35,77.17,77.41,78.24,77.74,77.16,77.48,77.68,77.42,78.62,74.65,71.71,72.45,75.83,75.86,77.69,77.64,77.72,76.82,78.06,78.38,78.74,79.14,78.28,78.59,79.2,78.7,78.41,78.59,78.63,78.51,79.34,74.37,72.54,72.75,74.26,73.31,74.64,74.98,74.76,73.5,74.62,74.42,75.49,75.78,75.37,75.53,76.28,75.83,75.35,75.34,75.35,74.75,75.93,63.14,61.11,61.49,63.39,62.53,63.93,62.27,63.97,62.83,60.47,58.8,60.22,57.54,54.0,52.56,51.57,50.15,48.02,50.32,53.59,62.92,57.94,58.46,63.61,64.46,66.17,67.0,67.7,66.61,65.35,64.01,65.92,64.63,61.21,59.85,60.56,59.35,56.97,58.41,60.74,68.21,63.31,63.8,69.51,71.07,73.01,73.89,73.9,72.54,73.97,74.41,75.01,75.49,74.42,74.87,75.85,75.41,74.83,75.02,75.2,75.12,76.24,74.07,71.29,71.78,75.38,75.82,77.44,77.35,77.39,76.33,77.87,78.33,78.76,79.19,78.16,78.57,79.12,78.59,78.29,78.44,78.59,78.58,79.32,74.96,73.13,73.04,75.27,74.83,75.9,76.25,75.95,74.79,76.09,76.33,77.02,77.45,77.0,77.37,78.08,77.7,77.49,77.38,77.28,76.92,77.78,62.32,61.7,62.39,62.58,60.98,62.13,59.14,61.34,59.95,56.94,55.2,56.63,53.34,49.58,48.15,46.86,45.5,43.75,46.17,49.71,67.21,61.61,62.09,67.52,68.95,71.94,73.81,74.32,73.07,72.82,72.33,73.78,73.24,70.19,69.77,70.86,69.75,68.17,68.77,70.48,72.86,68.72,68.6,73.62,75.11,76.88,77.23,77.17,76.13,77.45,77.88,78.36,78.67,77.9,78.37,79.03,78.51,78.17,78.44,78.57,78.53,79.44,75.46,73.12,73.51,76.15,76.45,77.75,77.68,77.65,76.42,78.05,78.56,78.92,79.42,79.06,79.5,79.98,79.58,79.52,79.59,79.49,79.28,79.92,75.2,73.02,73.24,75.18,74.86,76.4,76.72,76.85,75.51,76.48,76.59,77.74,78.16,77.51,77.65,78.43,77.99,77.53,77.71,77.71,77.16,78.29,72.69,70.11,70.89,72.64,71.06,73.6,74.65,74.36,72.79,74.28,73.75,75.17,75.39,74.89,75.08,75.71,74.86,74.4,74.54,74.71,75.17,71.5,68.66,69.63,72.83,71.38,73.89,75.04,74.13,73.09,74.01,74.56,75.1,75.46,75.29,75.4,75.88,75.3,75.01,75.24,68.7,65.59,66.38,69.68,68.75,71.26,72.75,72.28,71.43,72.6,72.83,73.18,73.41,73.1,73.81,73.93,72.91,72.57,72.84,73.06,73.2,73.85,68.93,67.17,67.27,69.6,69.37,70.35,71.43,70.46,69.35,69.57,70.48,70.15,70.04,70.08,69.8,69.83,69.36,68.77,69.65],
  "contact_probs": [[1.0,1.0,0.35,0.0,0.0,0.0,0.0,0.0,0.0,0.0,0.0,0.0,0.0,0.01,0.02,0.0,0.0,0.0,0.0,0.0,0.0,0.0,0.0,0.0,0.02,0.23,0.98],[1.0,1.0,1.0,0.35,0.0,0.0,0.0,0.0,0.0,0.0,0.0,0.0,0.0,0.03,0.05,0.0,0.0,0.0,0.0,0.0,0.0,0.0,0.0,0.01,0.23,0.99,0.97],[0.35,1.0,1.0,1.0,0.46,0.0,0.0,0.0,0.0,0.0,0.0,0.0,0.03,0.07,0.14,0.0,0.0,0.0,0.0,0.0,0.0,0.0,0.01,0.29,0.99,0.97,0.72],[0.0,0.35,1.0,1.0,0.98,0.17,0.0,0.0,0.0,0.0,0.0,0.03,0.08,0.08,0.19,0.01,0.0,0.0,0.0,0.0,0.0,0.02,0.14,0.98,0.95,0.73,0.01],[0.0,0.0,0.46,0.98,1.0,0.99,0.04,0.0,0.0,0.01,0.42,0.76,0.37,0.1,0.22,0.01,0.01,0.0,0.0,0.0,0.01,0.06,0.5,0.83,0.36,0.01,0.0],[0.0,0.0,0.0,0.17,0.99,1.0,1.0,0.16,0.06,0.44,0.83,0.26,0.02,0.01,0.02,0.01,0.01,0.01,0.01,0.01,0.06,0.3,0.89,0.51,0.01,0.0,0.0],[0.0,0.0,0.0,0.0,0.04,1.0,1.0,0.79,0.27,0.77,0.31,0.02,0.01,0.0,0.0,0.0,0.01,0.01,0.05,0.23,0.27,0.84,0.49,0.01,0.0,0.0,0.0],[0.0,0.0,0.0,0.0,0.0,0.16,0.79,1.0,0.51,0.48,0.13,0.01,0.0,0.0,0.0,0.0,0.0,0.02,0.14,0.42,0.43,0.21,0.01,0.0,0.0,0.0,0.0],[0.0,0.0,0.0,0.0,0.0,0.06,0.27,0.51,1.0,0.63,0.17,0.01,0.0,0.0,0.0,0.0,0.01,0.07,0.21,0.36,0.17,0.03,0.01,0.0,0.0,0.0,0.0],[0.0,0.0,0.0,0.0,0.01,0.44,0.77,0.48,0.63,1.0,0.95,0.18,0.0,0.0,0.0,0.01,0.03,0.23,0.34,0.56,0.09,0.02,0.0,0.0,0.0,0.0,0.0],[0.0,0.0,0.0,0.0,0.42,0.83,0.31,0.13,0.17,0.95,1.0,1.0,0.13,0.02,0.01,0.01,0.07,0.32,0.24,0.19,0.01,0.01,0.0,0.0,0.0,0.0,0.0],[0.0,0.0,0.0,0.03,0.76,0.26,0.02,0.01,0.01,0.18,1.0,1.0,1.0,0.35,0.15,0.05,0.26,0.78,0.05,0.02,0.01,0.01,0.01,0.0,0.0,0.0,0.0],[0.0,0.0,0.03,0.08,0.37,0.02,0.01,0.0,0.0,0.0,0.13,1.0,1.0,0.79,0.68,0.45,0.81,0.43,0.01,0.0,0.0,0.01,0.01,0.01,0.0,0.0,0.0],[0.01,0.03,0.07,0.08,0.1,0.01,0.0,0.0,0.0,0.0,0.02,0.35,0.79,1.0,0.58,0.24,0.17,0.06,0.01,0.0,0.0,0.01,0.02,0.03,0.01,0.0,0.0],[0.02,0.05,0.14,0.19,0.22,0.02,0.0,0.0,0.0,0.0,0.01,0.15,0.68,0.58,1.0,0.85,0.24,0.02,0.0,0.0,0.01,0.05,0.2,0.2,0.05,0.01,0.0],[0.0,0.0,0.0,0.01,0.01,0.01,0.0,0.0,0.0,0.01,0.01,0.05,0.45,0.24,0.85,1.0,1.0,0.1,0.01,0.01,0.5,0.82,0.3,0.03,0.0,0.0,0.0],[0.0,0.0,0.0,0.0,0.01,0.01,0.01,0.0,0.01,0.03,0.07,0.26,0.81,0.17,0.24,1.0,1.0,1.0,0.14,0.56,0.84,0.25,0.02,0.0,0.0,0.0,0.0],[0.0,0.0,0.0,0.0,0.0,0.01,0.01,0.02,0.07,0.23,0.32,0.78,0.43,0.06,0.02,0.1,1.0,1.0,0.67,0.82,0.34,0.03,0.01,0.0,0.0,0.0,0.0],[0.0,0.0,0.0,0.0,0.0,0.01,0.05,0.14,0.21,0.34,0.24,0.05,0.01,0.01,0.0,0.01,0.14,0.67,1.0,0.63,0.16,0.01,0.0,0.0,0.0,0.0,0.0],[0.0,0.0,0.0,0.0,0.0,0.01,0.23,0.42,0.36,0.56,0.19,0.02,0.0,0.0,0.0,0.01,0.56,0.82,0.63,1.0,0.95,0.14,0.0,0.0,0.0,0.0,0.0],[0.0,0.0,0.0,0.0,0.01,0.06,0.27,0.43,0.17,0.09,0.01,0.01,0.0,0.0,0.01,0.5,0.84,0.34,0.16,0.95,1.0,1.0,0.08,0.0,0.0,0.0,0.0],[0.0,0.0,0.0,0.02,0.06,0.3,0.84,0.21,0.03,0.02,0.01,0.01,0.01,0.01,0.05,0.82,0.25,0.03,0.01,0.14,1.0,1.0,1.0,0.07,0.0,0.0,0.0],[0.0,0.0,0.01,0.14,0.5,0.89,0.49,0.01,0.01,0.0,0.0,0.01,0.01,0.02,0.2,0.3,0.02,0.01,0.0,0.0,0.08,1.0,1.0,0.98,0.11,0.0,0.0],[0.0,0.01,0.29,0.98,0.83,0.51,0.01,0.0,0.0,0.0,0.0,0.0,0.01,0.03,0.2,0.03,0.0,0.0,0.0,0.0,0.0,0.07,0.98,1.0,0.99,0.18,0.0],[0.02,0.23,0.99,0.95,0.36,0.01,0.0,0.0,0.0,0.0,0.0,0.0,0.0,0.01,0.05,0.0,0.0,0.0,0.0,0.0,0.0,0.0,0.11,0.99,1.0,1.0,0.24],[0.23,0.99,0.97,0.73,0.01,0.0,0.0,0.0,0.0,0.0,0.0,0.0,0.0,0.0,0.01,0.0,0.0,0.0,0.0,0.0,0.0,0.0,0.0,0.18,1.0,1.0,0.99],[0.98,0.97,0.72,0.01,0.0,0.0,0.0,0.0,0.0,0.0,0.0,0.0,0.0,0.0,0.0,0.0,0.0,0.0,0.0,0.0,0.0,0.0,0.0,0.0,0.24,0.99,1.0]],
  "pae": [[1.0,2.6,4.3,5.8,7.2,8.8,10.1,12.0,13.6,11.9,11.0,9.2,7.9,11.5,8.9,8.3,9.2,10.9,14.7,11.5,9.9,8.3,7.2,6.7,5.7,4.0,4.0],[2.5,1.0,2.2,3.6,4.7,6.0,7.1,9.2,10.7,8.7,7.5,6.0,5.7,9.7,7.2,6.1,6.6,7.7,11.8,8.9,7.1,5.8,5.4,4.3,3.7,2.9,3.7],[2.8,2.1,0.9,2.5,3.4,4.6,5.8,8.2,9.2,7.4,6.4,5.1,5.0,8.9,6.9,5.4,6.0,6.7,10.5,8.0,6.7,5.5,4.5,3.4,2.9,2.8,3.4],[4.1,3.0,2.3,1.1,2.6,3.6,4.9,7.6,8.4,6.2,5.4,4.8,5.0,8.5,6.4,5.2,5.5,5.6,9.7,7.0,5.5,5.2,4.2,2.9,3.2,3.2,4.5],[6.3,5.3,3.9,2.5,0.9,2.0,3.6,6.1,6.9,4.8,4.5,4.4,3.9,7.2,5.7,4.5,4.6,4.5,8.7,5.5,4.9,4.3,4.0,3.5,3.8,4.9,6.3],[6.4,4.9,3.9,3.0,2.0,0.9,1.6,4.3,5.5,3.5,2.9,2.9,3.2,6.4,5.3,3.7,3.5,3.6,7.1,4.0,3.3,2.9,3.2,3.6,3.7,4.7,5.8],[7.2,6.2,5.0,3.9,3.3,1.9,0.9,4.0,5.5,4.2,3.1,3.6,4.4,7.1,6.1,4.6,4.0,3.9,7.2,4.0,3.2,3.7,3.7,3.9,4.5,5.8,6.6],[14.3,14.4,12.9,10.9,8.5,7.1,6.0,1.3,6.3,6.7,6.7,9.4,11.3,11.4,13.4,12.4,10.6,9.9,12.4,9.1,8.7,10.5,9.9,11.6,12.2,15.1,14.4],[15.3,14.5,12.8,11.3,10.7,8.5,8.5,4.5,1.6,7.3,6.5,9.8,12.2,12.7,14.1,14.8,11.7,10.5,11.2,9.6,10.6,12.4,12.2,11.9,12.7,16.2,15.2],[9.7,8.6,7.6,6.9,5.8,5.3,4.7,4.6,4.5,1.0,2.7,4.0,5.7,9.0,8.4,7.3,5.9,5.4,8.1,4.6,5.4,5.6,6.1,6.7,7.4,9.6,9.3],[6.9,5.5,4.9,4.4,3.5,2.8,3.1,5.0,4.6,2.3,0.9,1.6,2.8,6.4,5.8,4.1,3.3,2.8,7.2,3.7,3.7,3.8,3.9,4.4,4.9,5.7,6.7],[6.3,4.9,4.3,3.8,3.1,2.7,3.4,5.2,5.6,2.6,1.4,0.8,1.6,5.3,5.4,3.4,2.5,2.4,6.7,3.7,3.5,3.5,3.5,3.9,4.4,4.9,5.7],[6.5,5.2,4.7,4.2,3.4,3.7,4.3,6.0,7.0,3.6,2.7,1.7,0.9,5.5,5.0,3.4,3.0,3.2,8.1,4.6,4.3,4.1,4.1,4.4,4.9,5.5,6.3],[15.4,13.2,12.9,12.4,12.8,11.6,12.8,13.8,14.5,12.4,11.1,8.6,7.6,1.5,8.9,8.7,8.1,10.2,13.5,11.0,11.5,11.5,13.5,13.7,14.9,15.3,16.0],[11.7,9.8,8.1,8.4,7.6,8.7,9.8,12.1,12.2,12.0,10.3,7.2,5.3,6.3,1.2,4.9,5.4,9.3,12.4,10.4,8.6,7.7,7.9,10.0,10.3,11.4,13.3],[7.9,6.3,5.4,5.4,4.8,4.8,5.3,7.0,7.9,6.3,5.2,4.9,3.5,5.6,3.1,0.9,2.4,4.1,8.3,5.4,4.8,4.4,4.0,5.5,6.1,7.9,8.0],[6.8,5.4,4.9,4.5,3.8,3.7,3.8,5.4,6.5,3.9,3.5,3.1,2.9,6.1,3.8,1.8,0.8,1.9,6.3,3.1,3.2,2.8,3.6,4.4,5.0,5.7,6.5],[7.0,5.6,5.5,4.7,3.9,3.7,3.7,5.2,6.1,3.5,2.8,2.7,2.8,6.6,5.0,2.8,1.6,0.9,6.1,2.8,2.7,3.2,4.1,4.8,5.3,6.4,6.9],[18.5,17.7,17.0,14.9,14.6,13.1,13.5,12.1,11.8,10.3,10.7,12.3,13.3,12.5,15.2,13.3,9.2,7.4,1.6,9.4,9.6,13.4,14.3,15.9,16.8,18.2,19.5],[10.5,9.4,9.0,8.3,7.3,6.0,5.6,6.7,8.0,4.9,5.2,5.8,6.4,8.9,8.9,6.4,4.7,3.5,5.3,1.1,3.5,5.0,6.8,8.9,8.6,10.2,10.6],[7.2,5.8,5.7,4.8,4.2,3.7,3.1,5.2,6.4,3.6,3.8,3.6,3.6,6.9,5.4,3.1,2.8,3.0,6.3,2.4,0.9,1.7,3.1,4.0,4.5,6.3,7.0],[6.6,5.5,5.1,4.4,3.6,3.0,2.9,5.0,6.2,3.4,3.3,3.2,3.3,6.4,5.1,3.0,2.7,3.2,6.8,2.8,1.6,0.9,2.0,3.3,3.9,5.3,5.9],[6.4,5.3,4.6,4.3,3.2,3.3,3.4,5.9,7.0,4.4,3.9,3.9,3.9,7.1,5.5,3.5,3.7,4.3,7.6,4.3,3.0,2.0,0.9,2.1,3.4,4.6,5.6],[5.2,4.6,3.6,3.5,3.7,4.0,4.6,7.1,7.9,5.9,5.0,4.8,4.7,8.4,6.3,4.6,5.1,6.0,9.0,6.1,4.9,3.6,2.5,0.9,2.2,3.2,4.5],[4.6,3.7,3.3,3.7,4.2,4.6,5.1,8.3,9.1,7.3,5.9,5.6,5.3,9.4,6.8,5.3,5.9,6.6,10.7,7.4,5.8,4.8,3.4,2.1,1.0,2.0,3.6],[3.8,3.7,4.5,5.0,5.5,6.1,7.4,9.9,10.7,9.7,8.6,7.2,6.7,10.5,8.0,6.7,8.1,9.7,11.8,9.6,8.7,6.5,5.3,3.7,2.6,1.0,2.5],[4.0,3.7,4.7,5.5,6.6,7.3,8.9,10.8,11.9,10.6,9.8,8.6,8.3,11.6,9.0,8.2,9.5,10.7,13.5,11.0,9.4,8.3,7.2,5.1,4.3,2.7,1.2]],
  "token_chain_ids": ["A","A","A","A","A","A","A","A","A","A","A","A","A","A","A","A","A","A","A","A","A","A","A","A","A","A","A"],
  "token_res_ids": [1,2,3,4,5,6,7,8,9,10,11,12,13,14,15,16,17,18,19,20,21,22,23,24,25,26,27]
}