{
  "atom_chain_ids": ["A","A","A","A","A","A","A","A","A","A","A","A","A","A","A","A","A","A","A","A","A","A","A","A","A","A","A","A","A","A","A","A","A","A","A","A","A","A","A","A","A","A","A","A","A","A","A","A","A","A","A","A","A","A","A","A","A","A","A","A","A","A","A","A","A","A","A","A","A","A","A","A","A","A","A","A","A","A","A","A","A","A","A","A","A","A","A","A","A","A","A","A","A","A","A","A","A","A","A","A","A","A","A","A","A","A","A","A","A","A","A","A","A","A","A","A","A","A","A","A","A","A","A","A","A","A","A","A","A","A","A","A","A","A","A","A","A","A","A","A","A","A","A","A","A","A","A","A","A","A","A","A","A","A","A","A","A","A","A","A","A","A","A","A","A","A","A","A","A","A","A","A","A","A","A","A","A","A","A","A","A","A","A","A","A","A","A","A","A","A","A","A","A","A","A","A","A","A","A","A","A","A","A","A","A","A","A","A","A","A","A","A","A","A","A","A","A","A","A","A","A","A","A","A","A","A","A","A","A","A","A","A","A","A","A","A","A","A","A","A","A","A","A","A","A","A","A","A","A","A","A","A","A","A","A","A","A","A","A","A","A","A","A","A","A","A","A","A","A","A","A","A","A","A","A","A","A","A","A","A","A","A","A","A","A","A","A","A","A","A","A","A","A","A","A","A","A","A","A","A","A","A","A","A","A","A","A","A","A","A","A","A","A","A","A","A","A","A","A","A","A","A","A","A","A","A","A","A","A","A","A","A","A","A","A","A","A","A","A","A","A","A","A","A","A","A","A","A","A","A","A","A","A","A","A","A","A","A","A","A","A","A","A","A","A","A","A","A","A","A","A","A","A","A","A","A","A","A","A","A","A","A","A","A","A","A","A","A","A","A","A","A","A","A","A","A","A","A","A","A","A","A","A","A","A","A","A","A","A","A","A","A","A","A","A","A","A","A","A","A","A","A","A","A","A","A","A","A","A","A","A","A","A","A","A","A","A","A","A","A","A","A","A","A","A","A","A","A","A","A","A","A","A","A","A","A","A","A","A","A","A","A","A","A","A","A","A","A","A","A","A","A","A","A","A","A","A","A","A","A","A","A","A","A","A","A","A","A","A","A","A","A","A","A","A","A","A","A","A","A","A","A","A","A","A","A","A","A","A","A","A","A","A","A","A","A","A","A","A","A","A","A","A","A","A","A","A","A","A","A","A","A","A","A","A","A","A","A","A","A","A","A","A","A","A","A","A","A","A","A","A","A","A","A","A","A","A","A","A","A","A","A","A","A","A","A","A","A","A"],
  "atom_plddts": [59.43,60.0,53.73,54.92,59.85,61.75,64.94,67.12,67.16,66.24,67.2,67.09,67.51,67.55,67.75,68.66,68.24,67.47,66.93,67.61,68.15,68.71,69.55,64.66,61.14,62.49,66.24,65.2,67.65,69.7,68.65,67.94,68.69,68.84,69.02,69.2,68.92,68.9,69.25,68.92,68.33,68.73,67.8,64.29,65.95,69.06,68.6,71.15,72.62,72.01,71.19,72.03,71.84,72.58,72.99,72.76,73.39,73.76,73.06,72.87,72.81,72.91,73.02,73.53,70.79,67.65,69.01,71.28,70.93,73.85,75.04,74.82,73.5,74.08,74.5,75.49,75.93,74.86,75.02,75.69,75.19,74.94,74.77,75.27,73.71,69.77,69.59,74.43,74.7,76.31,76.49,76.71,75.9,76.42,76.38,77.45,77.68,76.43,76.55,77.45,76.9,76.18,76.64,76.93,76.5,77.8,77.12,74.38,74.49,77.59,77.22,78.77,78.7,78.79,78.14,78.81,78.77,79.49,79.65,78.73,78.82,79.46,78.93,78.53,78.86,79.01,78.53,79.76,77.52,76.02,75.78,77.33,76.81,78.16,78.0,77.98,76.95,77.73,77.59,78.41,78.5,77.79,77.79,78.49,77.98,77.58,77.81,77.87,77.14,78.42,71.42,70.27,69.45,70.51,68.02,69.14,66.43,67.74,66.34,63.58,61.25,63.22,59.44,56.54,55.03,53.83,52.25,50.21,52.5,56.51,58.99,55.23,55.28,60.09,60.28,62.69,63.33,64.44,63.32,62.3,60.57,61.15,59.01,56.02,54.78,54.33,53.01,50.93,53.38,66.74,60.42,59.0,66.55,68.35,71.41,72.92,72.86,71.64,72.61,70.93,72.28,71.9,69.57,69.79,71.28,69.68,68.13,68.36,69.35,70.54,72.99,68.39,68.29,74.03,75.57,77.56,77.87,77.9,77.01,77.89,78.06,78.62,78.87,77.66,77.99,78.79,78.25,77.74,78.09,78.29,78.13,79.27,74.28,71.42,72.01,75.35,75.41,77.39,77.44,77.47,76.51,77.68,78.05,78.44,78.84,77.9,78.26,78.89,78.35,78.04,78.15,78.18,78.02,79.0,73.57,71.61,71.85,73.58,72.62,74.17,74.64,74.38,73.08,74.19,73.98,75.09,75.37,74.79,74.97,75.78,75.31,74.78,74.72,74.75,74.19,75.46,64.77,62.57,62.91,64.99,63.6,64.95,63.72,64.71,63.76,61.52,59.79,61.57,59.35,56.31,54.93,54.48,53.21,50.97,53.0,55.71,63.69,58.72,59.02,64.26,64.94,66.69,67.76,68.44,67.4,66.29,64.99,66.85,65.56,61.89,60.5,61.23,59.92,57.46,59.04,61.42,68.44,64.31,64.62,69.7,71.18,72.94,73.73,73.62,72.33,73.6,73.95,74.55,74.95,73.74,74.11,75.07,74.62,74.01,74.16,74.38,74.26,75.42,72.88,70.45,70.86,74.12,74.64,76.23,76.22,76.09,74.92,76.38,76.88,77.33,77.71,76.56,76.93,77.48,76.95,76.58,76.7,76.88,76.77,77.66,74.57,72.82,72.69,74.83,74.54,75.7,76.07,75.76,74.54,75.75,75.97,76.65,77.04,76.5,76.84,77.55,77.16,76.92,76.8,76.72,76.34,77.29,65.04,64.15,64.65,65.07,63.28,64.68,62.01,63.7,62.51,59.49,57.98,59.52,56.41,53.01,51.59,50.49,49.18,47.34,49.66,53.11,66.53,61.03,61.44,66.84,68.32,71.09,72.87,73.4,72.07,71.56,70.9,72.52,71.85,68.62,67.99,69.09,67.93,66.14,66.85,68.7,72.45,68.73,68.63,72.98,74.19,76.04,76.57,76.46,75.33,76.63,77.0,77.52,77.8,76.92,77.34,78.04,77.49,77.05,77.31,77.47,77.32,78.42,74.65,72.17,72.6,75.52,75.87,77.36,77.37,77.33,76.17,77.68,78.24,78.47,78.91,78.4,78.82,79.29,78.89,78.78,78.88,78.84,78.7,79.32,74.79,72.66,72.84,74.78,74.4,75.95,76.28,76.39,75.09,75.96,76.04,77.11,77.47,76.79,76.87,77.65,77.21,76.69,76.93,76.96,76.34,77.53,73.18,70.63,71.33,72.96,71.27,73.84,74.77,74.53,72.96,74.28,73.62,75.17,75.35,74.95,75.08,75.69,74.85,74.39,74.53,74.69,75.07,72.75,70.04,70.89,73.81,72.35,74.86,75.81,75.03,73.92,74.73,75.09,75.83,76.16,76.04,76.09,76.58,75.99,75.73,75.96,70.25,67.26,68.11,71.2,70.48,72.98,74.36,73.84,72.97,74.17,74.35,74.7,74.93,74.49,75.05,75.27,74.3,73.99,74.26,74.46,74.61,75.22,69.43,67.89,67.91,70.03,69.73,70.6,71.62,70.58,69.57,69.88,70.72,70.35,70.28,70.32,70.0,70.07,69.62,69.04,69.91],
  "contact_probs": [[1.0,1.0,0.35,0.0,0.0,0.0,0.0,0.0,0.0,0.0,0.0,0.0,0.0,0.01,0.02,0.0,0.0,0.0,0.0,0.0,0.0,0.0,0.0,0.0,0.02,0.23,0.98],[1.0,1.0,1.0,0.35,0.0,0.0,0.0,0.0,0.0,0.0,0.0,0.0,0.0,0.03,0.05,0.0,0.0,0.0,0.0,0.0,0.0,0.0,0.0,0.01,0.23,0.99,0.97],[0.35,1.0,1.0,1.0,0.46,0.0,0.0,0.0,0.0,0.0,0.0,0.0,0.03,0.07,0.14,0.0,0.0,0.0,0.0,0.0,0.0,0.0,0.01,0.29,0.99,0.97,0.72],[0.0,0.35,1.0,1.0,0.98,0.17,0.0,0.0,0.0,0.0,0.0,0.03,0.08,0.08,0.19,0.01,0.0,0.0,0.0,0.0,0.0,0.02,0.14,0.98,0.95,0.73,0.01],[0.0,0.0,0.46,0.98,1.0,0.99,0.04,0.0,0.0,0.01,0.42,0.76,0.37,0.1,0.22,0.01,0.01,0.0,0.0,0.0,0.01,0.06,0.5,0.83,0.36,0.01,0.0],[0.0,0.0,0.0,0.17,0.99,1.0,1.0,0.16,0.06,0.44,0.83,0.26,0.02,0.01,0.02,0.01,0.01,0.01,0.01,0.01,0.06,0.3,0.89,0.51,0.01,0.0,0.0],[0.0,0.0,0.0,0.0,0.04,1.0,1.0,0.79,0.27,0.77,0.31,0.02,0.01,0.0,0.0,0.0,0.01,0.01,0.05,0.23,0.27,0.84,0.49,0.01,0.0,0.0,0.0],[0.0,0.0,0.0,0.0,0.0,0.16,0.79,1.0,0.51,0.48,0.13,0.01,0.0,0.0,0.0,0.0,0.0,0.02,0.14,0.42,0.43,0.21,0.01,0.0,0.0,0.0,0.0],[0.0,0.0,0.0,0.0,0.0,0.06,0.27,0.51,1.0,0.63,0.17,0.01,0.0,0.0,0.0,0.0,0.01,0.07,0.21,0.36,0.17,0.03,0.01,0.0,0.0,0.0,0.0],[0.0,0.0,0.0,0.0,0.01,0.44,0.77,0.48,0.63,1.0,0.95,0.18,0.0,0.0,0.0,0.01,0.03,0.23,0.34,0.56,0.09,0.02,0.0,0.0,0.0,0.0,0.0],[0.0,0.0,0.0,0.0,0.42,0.83,0.31,0.13,0.17,0.95,1.0,1.0,0.13,0.02,0.01,0.01,0.07,0.32,0.24,0.19,0.01,0.01,0.0,0.0,0.0,0.0,0.0],[0.0,0.0,0.0,0.03,0.76,0.26,0.02,0.01,0.01,0.18,1.0,1.0,1.0,0.35,0.15,0.05,0.26,0.78,0.05,0.02,0.01,0.01,0.01,0.0,0.0,0.0,0.0],[0.0,0.0,0.03,0.08,0.37,0.02,0.01,0.0,0.0,0.0,0.13,1.0,1.0,0.79,0.68,0.45,0.81,0.43,0.01,0.0,0.0,0.01,0.01,0.01,0.0,0.0,0.0],[0.01,0.03,0.07,0.08,0.1,0.01,0.0,0.0,0.0,0.0,0.02,0.35,0.79,1.0,0.58,0.24,0.17,0.06,0.01,0.0,0.0,0.01,0.02,0.03,0.01,0.0,0.0],[0.02,0.05,0.14,0.19,0.22,0.02,0.0,0.0,0.0,0.0,0.01,0.15,0.68,0.58,1.0,0.85,0.24,0.02,0.0,0.0,0.01,0.05,0.2,0.2,0.05,0.01,0.0],[0.0,0.0,0.0,0.01,0.01,0.01,0.0,0.0,0.0,0.01,0.01,0.05,0.45,0.24,0.85,1.0,1.0,0.1,0.01,0.01,0.5,0.82,0.3,0.03,0.0,0.0,0.0],[0.0,0.0,0.0,0.0,0.01,0.01,0.01,0.0,0.01,0.03,0.07,0.26,0.81,0.17,0.24,1.0,1.0,1.0,0.14,0.56,0.84,0.25,0.02,0.0,0.0,0.0,0.0],[0.0,0.0,0.0,0.0,0.0,0.01,0.01,0.02,0.07,0.23,0.32,0.78,0.43,0.06,0.02,0.1,1.0,1.0,0.67,0.82,0.34,0.03,0.01,0.0,0.0,0.0,0.0],[0.0,0.0,0.0,0.0,0.0,0.01,0.05,0.14,0.21,0.34,0.24,0.05,0.01,0.01,0.0,0.01,0.14,0.67,1.0,0.63,0.16,0.01,0.0,0.0,0.0,0.0,0.0],[0.0,0.0,0.0,0.0,0.0,0.01,0.23,0.42,0.36,0.56,0.19,0.02,0.0,0.0,0.0,0.01,0.56,0.82,0.63,1.0,0.95,0.14,0.0,0.0,0.0,0.0,0.0],[0.0,0.0,0.0,0.0,0.01,0.06,0.27,0.43,0.17,0.09,0.01,0.01,0.0,0.0,0.01,0.5,0.84,0.34,0.16,0.95,1.0,1.0,0.08,0.0,0.0,0.0,0.0],[0.0,0.0,0.0,0.02,0.06,0.3,0.84,0.21,0.03,0.02,0.01,0.01,0.01,0.01,0.05,0.82,0.25,0.03,0.01,0.14,1.0,1.0,1.0,0.07,0.0,0.0,0.0],[0.0,0.0,0.01,0.14,0.5,0.89,0.49,0.01,0.01,0.0,0.0,0.01,0.01,0.02,0.2,0.3,0.02,0.01,0.0,0.0,0.08,1.0,1.0,0.98,0.11,0.0,0.0],[0.0,0.01,0.29,0.98,0.83,0.51,0.01,0.0,0.0,0.0,0.0,0.0,0.01,0.03,0.2,0.03,0.0,0.0,0.0,0.0,0.0,0.07,0.98,1.0,0.99,0.18,0.0],[0.02,0.23,0.99,0.95,0.36,0.01,0.0,0.0,0.0,0.0,0.0,0.0,0.0,0.01,0.05,0.0,0.0,0.0,0.0,0.0,0.0,0.0,0.11,0.99,1.0,1.0,0.24],[0.23,0.99,0.97,0.73,0.01,0.0,0.0,0.0,0.0,0.0,0.0,0.0,0.0,0.0,0.01,0.0,0.0,0.0,0.0,0.0,0.0,0.0,0.0,0.18,1.0,1.0,0.99],[0.98,0.97,0.72,0.01,0.0,0.0,0.0,0.0,0.0,0.0,0.0,0.0,0.0,0.0,0.0,0.0,0.0,0.0,0.0,0.0,0.0,0.0,0.0,0.0,0.24,0.99,1.0]],
  "pae": [[1.0,2.6,4.2,5.6,6.9,8.3,9.6,12.5,13.4,10.8,9.7,8.6,7.6,10.5,8.6,8.4,9.3,10.2,14.0,11.1,9.6,8.2,7.0,6.4,6.3,4.3,3.8],[2.5,1.0,2.2,3.6,4.5,5.5,6.9,10.4,10.5,7.9,6.7,5.7,5.4,8.4,6.9,6.2,6.5,7.2,11.4,8.4,6.7,5.9,5.3,4.4,3.8,2.9,3.5],[3.0,2.1,0.9,2.3,3.1,4.3,5.7,9.3,9.4,6.8,5.5,4.6,4.7,7.7,6.2,5.5,5.7,6.2,10.1,7.6,6.2,5.3,4.4,3.4,3.1,2.8,3.3],[4.0,2.9,2.2,1.0,2.3,3.2,4.6,9.0,8.3,5.7,5.0,4.4,4.7,7.8,6.1,5.0,5.0,5.3,9.4,6.4,5.2,4.5,3.8,2.7,3.2,3.1,4.3],[5.8,4.7,3.5,2.2,0.9,1.9,3.7,8.0,7.2,4.7,4.2,4.2,3.8,7.0,5.7,4.4,4.6,4.6,8.5,5.3,4.8,4.1,3.9,3.2,3.7,4.4,5.7],[6.2,4.7,3.9,2.8,2.0,0.9,1.7,6.5,5.9,3.7,2.8,2.9,3.4,6.3,5.4,3.7,3.6,3.7,7.2,4.1,3.4,3.1,3.0,3.5,3.7,4.3,5.8],[7.1,6.2,5.1,3.9,3.2,1.9,0.9,7.0,6.3,3.6,3.2,3.7,4.5,7.3,6.2,4.7,4.2,4.1,7.4,4.0,3.4,3.8,3.8,4.0,4.5,5.7,6.8],[17.5,17.1,16.1,13.7,11.6,9.2,9.0,1.5,9.2,10.1,11.4,14.3,17.3,16.6,17.4,16.5,17.0,17.3,16.9,15.4,15.1,15.8,14.6,13.8,13.9,16.7,17.5],[17.3,16.3,14.7,12.0,11.9,9.7,8.4,7.7,1.7,7.7,8.4,12.4,14.4,15.9,16.7,16.7,14.4,14.0,14.3,12.6,14.2,14.9,14.2,12.8,13.8,18.2,17.3],[9.4,8.6,7.2,6.7,5.2,5.1,4.3,7.6,5.5,1.0,2.8,4.0,5.7,9.3,8.0,6.7,5.5,5.1,8.9,4.5,5.4,5.6,5.9,6.7,7.0,8.6,9.6],[6.9,5.6,4.8,4.4,3.5,2.9,3.2,7.0,5.4,2.3,0.9,1.7,3.2,5.9,5.8,4.3,3.6,3.0,7.1,4.0,4.0,4.0,4.0,4.4,5.1,5.9,7.1],[6.6,5.0,4.3,4.0,3.1,2.9,3.5,7.2,6.2,2.9,1.6,0.8,1.8,5.1,5.3,3.6,2.7,2.8,7.0,4.2,3.7,3.7,3.7,4.1,4.6,5.2,6.4],[6.7,5.3,5.0,4.1,3.4,3.7,4.4,7.6,6.9,3.9,2.7,1.7,0.9,5.3,4.5,3.4,3.2,3.3,8.0,4.9,4.3,4.0,4.0,4.7,5.2,5.9,6.8],[14.2,12.6,12.3,11.8,11.7,11.1,11.9,14.9,13.5,11.4,10.1,7.9,6.6,1.5,7.6,7.2,7.1,9.5,13.6,11.0,10.3,9.8,11.8,13.3,14.1,15.1,15.1],[10.8,9.5,8.0,7.1,6.9,8.0,9.7,12.8,12.3,9.4,8.8,5.8,4.0,5.2,1.2,4.2,5.0,7.6,12.0,9.3,7.7,6.8,6.7,8.4,8.7,10.8,13.0],[7.8,6.4,6.1,6.0,5.0,4.7,5.4,9.5,8.3,6.0,5.1,4.8,3.2,5.4,3.2,0.9,1.9,4.2,8.1,5.5,4.5,4.4,4.1,6.0,7.0,7.9,8.3],[7.5,6.0,5.4,5.1,4.4,4.0,4.3,8.6,7.1,4.7,4.0,3.5,3.5,6.1,4.1,1.9,0.8,1.9,6.7,3.8,3.6,3.1,3.9,5.1,5.8,6.4,7.6],[7.4,5.9,5.6,5.0,4.3,3.9,3.9,7.9,6.6,4.1,3.2,3.1,3.5,6.5,5.2,3.0,1.7,0.9,6.1,3.0,3.1,3.4,4.4,5.4,5.8,6.9,7.8],[18.0,17.7,16.7,15.2,14.2,14.0,13.6,16.3,13.2,11.4,12.8,12.6,13.6,12.6,14.4,13.0,8.5,7.2,1.6,7.7,9.8,12.9,14.8,15.2,17.0,18.7,19.5],[11.0,10.6,9.8,9.5,8.1,6.9,6.2,10.2,9.0,5.3,5.9,6.8,7.4,9.3,9.1,7.3,5.1,3.9,5.4,1.2,4.4,5.9,7.2,9.9,9.9,11.3,11.7],[7.7,6.2,6.0,5.3,4.5,3.7,3.4,8.1,7.2,4.1,4.2,4.0,4.4,6.8,5.8,3.4,3.1,3.2,6.1,2.6,0.9,1.7,3.4,4.6,5.1,7.2,7.9],[7.0,5.3,4.7,4.1,3.4,2.9,3.1,7.8,6.6,3.6,3.4,3.3,3.5,6.2,5.3,3.0,2.6,3.1,6.5,2.9,1.4,0.8,1.8,3.4,4.0,5.3,6.5],[6.5,5.3,4.5,4.0,3.3,3.1,3.5,8.0,7.3,4.7,3.9,3.9,4.0,6.8,5.6,3.4,3.7,4.3,7.6,4.4,2.8,1.8,0.9,2.2,3.4,4.7,5.8],[5.3,4.7,3.5,3.3,3.6,3.7,4.8,8.9,8.4,5.9,5.2,4.6,4.8,8.0,6.4,4.8,5.2,6.0,9.3,6.1,5.0,3.6,2.5,0.9,2.4,3.3,4.6],[4.5,3.7,3.3,3.3,3.9,4.2,5.1,9.6,9.1,6.6,5.8,5.2,5.2,8.7,6.4,5.4,5.8,6.5,10.3,7.2,5.7,4.8,3.4,2.1,1.0,2.0,3.5],[3.3,3.4,3.5,4.0,4.8,5.3,6.8,10.4,10.2,8.3,7.1,6.0,6.1,9.1,7.4,6.8,7.4,8.6,11.3,8.9,7.9,6.2,5.1,3.4,2.4,1.0,2.3],[3.5,3.6,4.2,5.0,6.2,6.9,8.3,11.2,11.7,9.7,8.6,7.3,7.4,10.5,8.3,7.8,9.0,9.3,13.1,10.3,8.9,7.6,7.0,5.1,4.0,2.5,1.1]],
  "token_chain_ids": ["A","A","A","A","A","A","A","A","A","A","A","A","A","A","A","A","A","A","A","A","A","A","A","A","A","A","A"],
  "token_res_ids": [1,2,3,4,5,6,7,8,9,10,11,12,13,14,15,16,17,18,19,20,21,22,23,24,25,26,27]
}