{
  "atom_chain_ids": ["A","A","A","A","A","A","A","A","A","A","A","A","A","A","A","A","A","A","A","A","A","A","A","A","A","A","A","A","A","A","A","A","A","A","A","A","A","A","A","A","A","A","A","A","A","A","A","A","A","A","A","A","A","A","A","A","A","A","A","A","A","A","A","A","A","A","A","A","A","A","A","A","A","A","A","A","A","A","A","A","A","A","A","A","A","A","A","A","A","A","A","A","A","A","A","A","A","A","A","A","A","A","A","A","A","A","A","A","A","A","A","A","A","A","A","A","A","A","A","A","A","A","A","A","A","A","A","A","A","A","A","A","A","A","A","A","A","A","A","A","A","A","A","A","A","A","A","A","A","A","A","A","A","A","A","A","A","A","A","A","A","A","A","A","A","A","A","A","A","A","A","A","A","A","A","A","A","A","A","A","A","A","A","A","A","A","A","A","A","A","A","A","A","A","A","A","A","A","A","A","A","A","A","A","A","A","A","A","A","A","A","A","A","A","A","A","A","A","A","A","A","A","A","A","A","A","A","A","A","A","A","A","A","A","A","A","A","A","A","A","A","A","A","A","A","A","A","A","A","A","A","A","A","A","A","A","A","A","A","A","A","A","A","A","A","A","A","A","A","A","A","A","A","A","A","A","A","A","A","A","A","A","A","A","A","A","A","A","A","A","A","A","A","A","A","A","A","A","A","A","A","A","A","A","A","A","A","A","A","A","A","A","A","A","A","A","A","A","A","A","A","A","A","A","A","A","A","A","A","A","A","A","A","A","A","A","A","A","A","A","A","A","A","A","A","A","A","A","A","A","A","A","A","A","A","A","A","A","A","A","A","A","A","A","A","A","A","A","A","A","A","A","A","A","A","A","A","A","A","A","A","A","A","A","A","A","A","A","A","A","A","A","A","A","A","A","A","A","A","A","A","A","A","A","A","A","A","A","A","A","A","A","A","A","A","A","A","A","A","A","A","A","A","A","A","A","A","A","A","A","A","A","A","A","A","A","A","A","A","A","A","A","A","A","A","A","A","A","A","A","A","A","A","A","A","A","A","A","A","A","A","A","A","A","A","A","A","A","A","A","A","A","A","A","A","A","A","A","A","A","A","A","A","A","A","A","A","A","A"],
  "atom_plddts": [47.79,48.13,42.53,41.31,48.86,49.34,49.87,50.53,52.68,52.67,51.29,50.33,50.84,49.32,47.46,46.46,46.34,45.61,44.15,45.54,47.72,54.38,49.02,48.42,53.96,54.75,55.8,56.22,57.66,56.47,56.83,53.57,55.63,54.5,52.12,51.85,51.74,50.21,48.31,49.28,50.93,51.49,61.82,58.19,58.68,62.26,63.17,64.1,66.23,65.82,64.6,65.72,64.93,65.19,65.62,65.14,65.48,66.45,66.25,65.22,64.98,65.11,64.72,66.27,66.13,64.24,64.3,66.03,66.58,67.82,68.94,68.32,67.16,67.77,67.35,67.95,68.5,68.07,68.4,69.4,69.31,68.67,68.17,68.2,67.78,68.99,65.86,63.73,63.41,65.11,64.65,64.93,66.04,65.71,64.54,64.83,63.04,64.65,64.69,64.38,64.33,65.54,65.36,64.27,63.93,64.1,62.89,64.75,53.71,51.41,50.9,53.79,52.79,52.78,50.67,52.63,51.84,50.56,48.71,50.54,48.34,45.94,45.31,44.37,43.54,42.15,43.86,46.42,50.39,45.59,44.5,51.14,51.48,52.59,52.36,54.77,53.97,53.13,51.89,53.07,51.43,48.1,47.32,46.75,45.76,44.22,46.1,48.64,54.26,49.66,48.89,53.68,53.76,55.07,54.19,56.22,54.86,54.78,51.31,53.78,51.71,48.92,48.39,47.85,45.83,44.18,45.31,47.33,47.54,58.29,53.3,54.22,58.65,60.24,61.4,64.02,63.68,62.57,63.35,63.19,63.31,63.85,63.34,63.83,64.74,64.56,63.48,63.33,63.57,63.24,64.85,63.41,61.07,61.14,63.16,64.49,65.23,67.18,66.31,65.09,65.82,65.47,65.75,66.44,66.17,66.42,67.48,67.49,66.71,66.3,66.35,65.96,67.1,63.38,61.67,61.47,62.39,62.09,62.19,63.55,62.87,61.53,61.9,60.33,61.82,62.01,62.56,62.6,63.48,63.39,62.48,62.27,62.36,61.38,62.76,56.9,54.18,53.89,56.61,55.58,55.48,54.57,55.59,54.6,53.27,51.55,53.63,51.86,50.61,49.65,49.21,48.58,46.84,48.57,50.8,51.66,47.4,46.74,52.23,52.15,52.44,52.21,54.01,53.11,52.28,50.7,52.43,51.07,48.79,47.95,47.5,46.66,44.94,46.74,49.03,58.76,54.47,53.53,57.74,59.43,60.13,60.7,61.3,60.02,60.88,57.49,59.21,58.43,56.37,55.8,56.18,54.77,52.56,53.63,55.04,55.11,64.07,60.82,61.04,63.99,65.35,66.14,68.09,67.32,66.05,67.52,66.72,67.19,67.75,67.48,67.66,68.67,68.58,67.62,67.49,67.63,67.24,68.62,64.83,62.8,62.68,64.66,65.89,66.69,68.33,67.33,66.3,67.05,66.69,67.07,67.77,67.46,67.77,68.84,68.88,68.17,67.68,67.7,67.36,68.49,65.38,63.4,62.8,64.42,64.1,64.25,65.36,64.64,63.47,63.73,61.85,63.37,63.38,63.67,63.62,64.76,64.56,63.38,63.16,63.25,61.98,63.98,56.78,54.11,53.74,56.78,56.06,55.94,54.76,55.67,54.9,53.49,51.66,53.38,51.48,49.21,48.31,47.41,46.47,44.78,46.92,49.54,52.74,47.8,47.1,53.42,53.64,54.82,55.17,56.87,56.15,55.24,54.0,55.35,54.02,51.15,50.45,50.0,49.0,47.33,49.18,51.61,59.9,55.5,54.59,59.33,59.69,60.74,60.87,61.48,60.25,60.72,56.8,59.11,57.76,55.26,54.55,54.99,53.22,51.03,52.17,53.71,53.64,63.91,60.76,60.91,64.09,64.93,66.12,67.76,67.19,66.05,66.96,65.99,66.65,67.18,66.88,67.16,68.3,68.16,67.15,66.89,66.93,66.38,68.09,65.09,63.07,62.73,64.92,65.91,66.88,68.39,67.5,66.45,67.0,66.33,66.73,67.42,67.14,67.34,68.57,68.6,67.73,67.3,67.26,66.81,68.18,65.42,63.62,62.64,63.64,64.08,64.14,64.95,64.35,62.96,63.57,61.41,62.8,62.79,63.27,62.9,64.36,64.36,62.94,62.66,62.68,61.58,63.78],
  "contact_probs": [[1.0,0.8,0.16,0.02,0.01,0.01,0.01,0.01,0.0,0.01,0.05,0.14,0.29,0.54,0.13,0.02,0.01,0.02,0.03,0.03,0.04,0.23,0.55],[0.8,1.0,0.82,0.13,0.01,0.01,0.01,0.01,0.01,0.04,0.16,0.25,0.33,0.45,0.14,0.03,0.01,0.01,0.03,0.05,0.1,0.41,0.61],[0.16,0.82,1.0,0.99,0.23,0.02,0.03,0.03,0.14,0.23,0.34,0.2,0.14,0.14,0.04,0.05,0.03,0.01,0.02,0.08,0.41,0.64,0.47],[0.02,0.13,0.99,1.0,0.99,0.17,0.19,0.19,0.41,0.42,0.45,0.08,0.03,0.03,0.04,0.04,0.05,0.01,0.02,0.18,0.43,0.28,0.18],[0.01,0.01,0.23,0.99,1.0,0.5,0.44,0.53,0.62,0.58,0.22,0.02,0.01,0.01,0.02,0.04,0.05,0.05,0.1,0.29,0.18,0.09,0.07],[0.01,0.01,0.02,0.17,0.5,1.0,0.51,0.3,0.14,0.04,0.02,0.01,0.01,0.0,0.0,0.01,0.05,0.06,0.11,0.17,0.06,0.01,0.01],[0.01,0.01,0.03,0.19,0.44,0.51,1.0,0.69,0.25,0.06,0.01,0.01,0.0,0.0,0.01,0.02,0.11,0.1,0.23,0.35,0.12,0.02,0.01],[0.01,0.01,0.03,0.19,0.53,0.3,0.69,1.0,0.77,0.17,0.03,0.01,0.01,0.01,0.02,0.16,0.4,0.21,0.38,0.44,0.16,0.04,0.02],[0.0,0.01,0.14,0.41,0.62,0.14,0.25,0.77,1.0,0.98,0.23,0.02,0.01,0.02,0.32,0.54,0.51,0.13,0.18,0.19,0.05,0.06,0.03],[0.01,0.04,0.23,0.42,0.58,0.04,0.06,0.17,0.98,1.0,0.99,0.2,0.12,0.2,0.64,0.37,0.16,0.02,0.02,0.04,0.05,0.03,0.08],[0.05,0.16,0.34,0.45,0.22,0.02,0.01,0.03,0.23,0.99,1.0,0.72,0.39,0.57,0.55,0.17,0.05,0.01,0.01,0.01,0.02,0.07,0.11],[0.14,0.25,0.2,0.08,0.02,0.01,0.01,0.01,0.02,0.2,0.72,1.0,0.58,0.39,0.15,0.02,0.01,0.0,0.0,0.0,0.01,0.03,0.18],[0.29,0.33,0.14,0.03,0.01,0.01,0.0,0.01,0.01,0.12,0.39,0.58,1.0,0.76,0.22,0.02,0.01,0.0,0.0,0.01,0.01,0.04,0.28],[0.54,0.45,0.14,0.03,0.01,0.0,0.0,0.01,0.02,0.2,0.57,0.39,0.76,1.0,0.87,0.1,0.01,0.0,0.0,0.01,0.02,0.25,0.64],[0.13,0.14,0.04,0.04,0.02,0.0,0.01,0.02,0.32,0.64,0.55,0.15,0.22,0.87,1.0,0.99,0.21,0.02,0.02,0.02,0.21,0.49,0.43],[0.02,0.03,0.05,0.04,0.04,0.01,0.02,0.16,0.54,0.37,0.17,0.02,0.02,0.1,0.99,1.0,0.99,0.19,0.2,0.27,0.59,0.39,0.2],[0.01,0.01,0.03,0.05,0.05,0.05,0.11,0.4,0.51,0.16,0.05,0.01,0.01,0.01,0.21,0.99,1.0,0.58,0.56,0.67,0.59,0.25,0.08],[0.02,0.01,0.01,0.01,0.05,0.06,0.1,0.21,0.13,0.02,0.01,0.0,0.0,0.0,0.02,0.19,0.58,1.0,0.51,0.29,0.12,0.02,0.01],[0.03,0.03,0.02,0.02,0.1,0.11,0.23,0.38,0.18,0.02,0.01,0.0,0.0,0.0,0.02,0.2,0.56,0.51,1.0,0.73,0.24,0.03,0.01],[0.03,0.05,0.08,0.18,0.29,0.17,0.35,0.44,0.19,0.04,0.01,0.0,0.01,0.01,0.02,0.27,0.67,0.29,0.73,1.0,0.82,0.13,0.01],[0.04,0.1,0.41,0.43,0.18,0.06,0.12,0.16,0.05,0.05,0.02,0.01,0.01,0.02,0.21,0.59,0.59,0.12,0.24,0.82,1.0,0.99,0.11],[0.23,0.41,0.64,0.28,0.09,0.01,0.02,0.04,0.06,0.03,0.07,0.03,0.04,0.25,0.49,0.39,0.25,0.02,0.03,0.13,0.99,1.0,0.99],[0.55,0.61,0.47,0.18,0.07,0.01,0.01,0.02,0.03,0.08,0.11,0.18,0.28,0.64,0.43,0.2,0.08,0.01,0.01,0.01,0.11,0.99,1.0]],
  "pae": [[1.4,5.2,8.3,10.1,12.3,14.5,14.1,15.5,12.7,11.6,10.4,11.0,8.9,8.5,9.4,10.7,12.7,14.3,15.7,14.4,11.0,9.7,6.9],[6.1,1.1,6.4,6.3,9.7,12.0,12.0,11.8,10.5,10.2,8.7,10.4,9.5,8.4,7.8,7.7,9.1,11.0,11.8,11.6,7.2,6.7,6.1],[7.7,3.9,0.9,2.5,4.9,7.4,7.6,7.4,5.8,5.5,5.3,8.9,9.1,6.0,5.0,5.3,5.6,8.0,7.4,6.5,4.9,5.0,5.0],[7.9,4.1,1.9,0.9,2.1,6.5,6.1,6.4,4.3,4.0,4.8,8.4,8.0,5.5,4.6,4.4,4.8,7.1,6.4,5.6,4.0,3.8,4.5],[9.5,6.2,3.7,2.5,0.9,6.2,5.2,7.3,5.0,5.3,6.8,10.1,9.7,6.8,6.3,5.9,5.7,8.6,7.0,6.0,5.0,5.3,6.3],[17.3,15.0,10.6,9.3,8.6,1.4,9.6,9.9,11.5,11.9,11.6,15.9,17.1,15.8,14.6,13.9,14.2,15.9,13.7,13.3,13.2,13.9,14.3],[14.2,12.1,9.6,8.5,5.8,6.9,1.3,6.0,6.1,8.0,9.6,13.7,14.2,12.6,10.2,9.6,8.2,11.4,6.3,7.2,8.6,9.2,10.6],[14.0,13.0,9.8,8.4,7.1,7.1,5.7,1.2,5.6,7.1,10.3,13.4,14.1,11.8,10.9,9.3,7.2,9.7,7.3,7.7,8.0,9.8,11.1],[10.9,9.6,7.2,6.5,5.3,8.0,6.2,5.1,1.0,2.3,4.7,8.8,10.2,8.0,6.6,6.1,5.2,7.9,6.3,6.0,5.8,6.7,7.4],[9.7,7.3,5.8,5.2,4.9,8.2,6.7,5.1,2.4,0.9,2.9,7.8,9.1,6.6,5.8,4.9,4.9,7.9,6.8,5.9,5.5,5.5,6.0],[10.5,9.0,6.3,5.9,5.0,8.9,7.5,6.5,3.9,2.4,0.9,7.4,9.3,6.5,5.5,6.6,6.4,9.2,8.1,7.5,6.6,7.1,6.9],[12.2,10.6,9.4,9.5,10.4,12.7,12.7,13.1,9.4,8.7,6.8,1.4,8.9,6.2,8.8,10.5,11.7,13.6,13.3,13.1,11.9,10.7,10.3],[10.3,9.1,10.4,10.4,12.6,13.9,14.9,13.8,11.3,10.4,7.8,8.0,1.4,6.4,8.3,10.2,12.0,13.5,13.6,13.4,13.0,10.8,9.4],[10.1,8.4,7.1,7.6,8.7,10.8,10.7,10.9,7.0,6.7,5.7,6.9,5.0,1.1,4.8,5.8,7.8,10.5,9.9,9.7,8.5,7.1,6.1],[9.2,7.5,5.5,6.1,6.6,9.2,8.2,7.5,5.8,5.7,5.5,8.0,7.2,3.7,0.9,2.5,4.8,7.4,7.4,7.6,5.6,5.2,5.6],[8.5,6.7,5.3,5.2,5.2,8.3,7.0,6.3,4.6,4.7,5.2,8.0,8.0,4.4,2.3,0.9,2.3,6.1,5.4,5.7,4.4,4.3,5.3],[9.6,8.1,6.2,5.8,6.2,9.2,7.6,7.0,4.9,5.4,6.2,9.2,9.0,5.6,4.0,2.6,0.9,5.2,4.7,5.6,5.1,5.5,7.0],[14.3,13.6,12.2,11.1,11.0,14.2,10.5,10.3,9.9,10.8,12.0,14.0,15.4,12.3,8.8,7.8,6.0,1.4,6.5,7.0,9.1,10.4,11.5],[12.4,10.9,8.9,7.6,7.7,10.5,7.1,6.4,6.6,8.1,9.5,12.1,12.6,10.2,7.4,6.5,4.0,5.5,1.2,5.0,5.4,6.9,8.2],[11.1,9.2,7.4,6.7,5.5,9.0,6.2,6.5,5.7,7.1,8.4,10.9,11.4,9.2,7.8,6.5,5.2,4.7,3.8,1.2,3.9,5.6,6.8],[8.9,6.2,5.0,5.0,4.9,8.0,6.9,6.1,4.7,5.7,6.0,8.4,8.6,5.9,5.1,4.9,4.5,6.1,4.9,3.9,0.9,1.8,4.0],[8.7,5.3,4.1,4.2,5.4,8.1,7.3,6.6,5.0,5.3,5.2,7.9,7.9,5.5,4.7,4.4,4.3,6.4,5.8,4.4,2.3,0.9,2.4],[8.8,5.4,4.6,5.1,6.5,9.2,8.8,8.9,6.4,6.3,6.2,8.9,8.4,5.6,4.8,4.7,5.2,7.7,7.4,6.1,3.6,2.3,1.0]],
  "token_chain_ids": ["A","A","A","A","A","A","A","A","A","A","A","A","A","A","A","A","A","A","A","A","A","A","A"],
  "token_res_ids": [1,2,3,4,5,6,7,8,9,10,11,12,13,14,15,16,17,18,19,20,21,22,23]
}