{
  "atom_chain_ids": ["A","A","A","A","A","A","A","A","A","A","A","A","A","A","A","A","A","A","A","A","A","A","A","A","A","A","A","A","A","A","A","A","A","A","A","A","A","A","A","A","A","A","A","A","A","A","A","A","A","A","A","A","A","A","A","A","A","A","A","A","A","A","A","A","A","A","A","A","A","A","A","A","A","A","A","A","A","A","A","A","A","A","A","A","A","A","A","A","A","A","A","A","A","A","A","A","A","A","A","A","A","A","A","A","A","A","A","A","A","A","A","A","A","A","A","A","A","A","A","A","A","A","A","A","A","A","A","A","A","A","A","A","A","A","A","A","A","A","A","A","A","A","A","A","A","A","A","A","A","A","A","A","A","A","A","A","A","A","A","A","A","A","A","A","A","A","A","A","A","A","A","A","A","A","A","A","A","A","A","A","A","A","A","A","A","A","A","A","A","A","A","A","A","A","A","A","A","A","A","A","A","A","A","A","A","A","A","A","A","A","A","A","A","A","A","A","A","A","A","A","A","A","A","A","A","A","A","A","A","A","A","A","A","A","A","A","A","A","A","A","A","A","A","A","A","A","A","A","A","A","A","A","A","A","A","A","A","A","A","A","A","A","A","A","A","A","A","A","A","A","A","A","A","A","A","A","A","A","A","A","A","A","A","A","A","A","A","A","A","A","A","A","A","A","A","A","A","A","A","A","A","A","A","A","A","A","A","A","A","A","A","A","A","A","A","A","A","A","A","A","A","A","A","A","A","A","A","A","A","A","A","A","A","A","A","A","A","A","A","A","A","A","A","A","A","A","A","A","A","A","A","A","A","A","A","A","A","A","A","A","A","A","A","A","A","A","A","A","A","A","A","A","A","A","A","A","A","A","A","A","A","A","A","A","A","A","A","A","A","A","A","A","A","A","A","A","A","A","A","A","A","A","A","A","A","A","A","A","A","A","A","A","A","A","A","A","A","A","A","A","A","A","A","A","A","A","A","A","A","A","A","A","A","A","A","A","A","A","A","A","A","A","A","A","A","A","A","A","A","A","A","A","A","A","A","A","A","A","A","A","A","A","A","A","A","A","A","A","A","A","A","A","A","A","A","A","A","A","A","A","A","A","A","A","A","A","A","A","A"],
  "atom_plddts": [45.27,45.91,40.82,39.46,46.71,47.14,47.72,48.19,50.4,50.36,49.09,48.08,48.47,47.06,45.17,44.22,44.11,43.42,42.16,43.38,45.48,55.61,50.25,49.75,55.13,56.15,57.43,57.97,58.93,57.7,58.26,55.35,57.35,56.53,54.4,54.25,54.26,52.88,50.95,51.92,53.42,53.82,60.32,56.99,57.62,60.79,61.92,62.64,64.8,64.1,62.88,63.84,63.1,63.26,63.72,63.42,63.74,64.66,64.45,63.51,63.22,63.38,62.99,64.33,65.43,63.65,63.71,65.4,66.01,67.07,68.35,67.59,66.47,67.09,66.76,67.27,67.83,67.39,67.74,68.73,68.64,68.02,67.5,67.57,67.23,68.33,65.93,64.2,63.79,64.97,64.32,64.47,65.53,65.15,63.98,64.21,62.34,64.03,64.05,63.87,63.78,64.95,64.79,63.7,63.37,63.54,62.25,64.03,53.16,50.41,50.02,53.26,52.66,52.84,51.0,53.05,52.23,50.98,49.31,51.08,49.04,46.58,46.06,45.17,44.41,43.07,44.67,47.21,49.49,44.9,43.75,50.07,50.57,51.74,51.56,53.87,52.99,52.29,51.08,52.25,50.81,47.63,46.98,46.47,45.57,44.12,45.81,48.21,54.31,49.2,48.5,53.77,53.95,55.54,54.93,56.8,55.4,55.52,52.26,54.76,53.02,50.4,50.03,49.57,47.65,45.96,47.06,49.07,49.31,58.07,53.11,54.01,58.4,60.36,61.55,64.14,63.65,62.49,63.38,63.29,63.32,63.89,63.41,63.85,64.7,64.5,63.46,63.33,63.6,63.3,64.85,62.21,59.72,59.91,62.04,63.55,64.21,66.4,65.44,64.26,64.93,64.72,64.88,65.58,65.3,65.58,66.64,66.64,65.87,65.43,65.48,65.19,66.26,63.28,61.66,61.42,62.23,61.87,61.9,63.24,62.53,61.24,61.59,59.85,61.45,61.6,62.25,62.24,63.1,63.01,62.05,61.91,62.01,60.97,62.4,51.73,49.81,49.2,51.37,50.93,50.44,48.52,50.86,49.58,48.5,46.38,47.5,45.02,42.79,41.58,40.82,40.07,38.54,40.51,43.05,49.46,45.16,44.18,49.88,50.13,50.46,50.15,52.47,51.52,51.0,49.34,50.8,49.41,46.86,46.01,45.5,44.69,43.05,44.87,47.25,58.94,54.53,53.58,57.92,59.47,60.11,60.68,61.17,59.96,60.78,57.48,59.32,58.67,56.83,56.35,56.83,55.55,53.37,54.37,55.65,55.67,62.32,59.09,59.42,62.34,63.8,64.37,66.56,65.68,64.43,65.72,64.92,65.21,65.76,65.54,65.73,66.78,66.69,65.7,65.49,65.67,65.27,66.63,64.54,62.75,62.61,64.35,65.55,66.16,67.8,66.68,65.7,66.36,66.07,66.4,67.08,66.89,67.2,68.21,68.25,67.57,67.08,67.12,66.75,67.79,63.26,61.16,60.69,62.36,62.56,62.54,63.75,62.96,61.75,62.06,60.38,61.57,61.6,62.04,62.05,63.05,62.85,61.76,61.51,61.65,60.49,62.25,54.94,52.25,51.77,54.78,54.47,54.29,53.11,54.26,53.32,52.32,50.58,52.15,50.43,48.23,47.54,46.68,45.89,44.33,46.22,48.76,49.71,44.91,43.92,50.34,50.81,51.99,52.13,54.29,53.42,52.65,51.3,52.49,51.21,48.23,47.57,47.05,46.06,44.52,46.3,48.72,58.19,53.56,52.74,57.44,57.92,58.91,58.94,59.66,58.42,58.77,55.31,57.5,56.26,54.17,53.66,53.85,52.18,50.17,51.27,52.81,52.86,60.07,56.93,57.29,60.25,61.49,62.18,64.35,63.53,62.24,63.05,62.37,62.51,63.13,63.04,63.41,64.52,64.39,63.43,63.03,63.1,62.64,64.11,62.91,60.93,60.71,62.82,64.0,64.54,66.44,65.3,64.24,64.78,64.39,64.48,65.22,65.14,65.4,66.58,66.59,65.79,65.3,65.3,64.93,66.11,62.89,60.92,60.22,61.32,62.26,62.21,63.21,62.44,61.1,61.72,59.97,61.07,61.15,61.65,61.4,62.72,62.71,61.46,61.12,61.21,60.36,62.13],
  "contact_probs": [[1.0,0.8,0.16,0.02,0.01,0.01,0.01,0.01,0.0,0.01,0.05,0.14,0.29,0.54,0.13,0.02,0.01,0.02,0.03,0.03,0.04,0.23,0.55],[0.8,1.0,0.82,0.13,0.01,0.01,0.01,0.01,0.01,0.04,0.16,0.25,0.33,0.45,0.14,0.03,0.01,0.01,0.03,0.05,0.1,0.41,0.61],[0.16,0.82,1.0,0.99,0.23,0.02,0.03,0.03,0.14,0.23,0.34,0.2,0.14,0.14,0.04,0.05,0.03,0.01,0.02,0.08,0.41,0.64,0.47],[0.02,0.13,0.99,1.0,0.99,0.17,0.19,0.19,0.41,0.42,0.45,0.08,0.03,0.03,0.04,0.04,0.05,0.01,0.02,0.18,0.43,0.28,0.18],[0.01,0.01,0.23,0.99,1.0,0.5,0.44,0.53,0.62,0.58,0.22,0.02,0.01,0.01,0.02,0.04,0.05,0.05,0.1,0.29,0.18,0.09,0.07],[0.01,0.01,0.02,0.17,0.5,1.0,0.51,0.3,0.14,0.04,0.02,0.01,0.01,0.0,0.0,0.01,0.05,0.06,0.11,0.17,0.06,0.01,0.01],[0.01,0.01,0.03,0.19,0.44,0.51,1.0,0.69,0.25,0.06,0.01,0.01,0.0,0.0,0.01,0.02,0.11,0.1,0.23,0.35,0.12,0.02,0.01],[0.01,0.01,0.03,0.19,0.53,0.3,0.69,1.0,0.77,0.17,0.03,0.01,0.01,0.01,0.02,0.16,0.4,0.21,0.38,0.44,0.16,0.04,0.02],[0.0,0.01,0.14,0.41,0.62,0.14,0.25,0.77,1.0,0.98,0.23,0.02,0.01,0.02,0.32,0.54,0.51,0.13,0.18,0.19,0.05,0.06,0.03],[0.01,0.04,0.23,0.42,0.58,0.04,0.06,0.17,0.98,1.0,0.99,0.2,0.12,0.2,0.64,0.37,0.16,0.02,0.02,0.04,0.05,0.03,0.08],[0.05,0.16,0.34,0.45,0.22,0.02,0.01,0.03,0.23,0.99,1.0,0.72,0.39,0.57,0.55,0.17,0.05,0.01,0.01,0.01,0.02,0.07,0.11],[0.14,0.25,0.2,0.08,0.02,0.01,0.01,0.01,0.02,0.2,0.72,1.0,0.58,0.39,0.15,0.02,0.01,0.0,0.0,0.0,0.01,0.03,0.18],[0.29,0.33,0.14,0.03,0.01,0.01,0.0,0.01,0.01,0.12,0.39,0.58,1.0,0.76,0.22,0.02,0.01,0.0,0.0,0.01,0.01,0.04,0.28],[0.54,0.45,0.14,0.03,0.01,0.0,0.0,0.01,0.02,0.2,0.57,0.39,0.76,1.0,0.87,0.1,0.01,0.0,0.0,0.01,0.02,0.25,0.64],[0.13,0.14,0.04,0.04,0.02,0.0,0.01,0.02,0.32,0.64,0.55,0.15,0.22,0.87,1.0,0.99,0.21,0.02,0.02,0.02,0.21,0.49,0.43],[0.02,0.03,0.05,0.04,0.04,0.01,0.02,0.16,0.54,0.37,0.17,0.02,0.02,0.1,0.99,1.0,0.99,0.19,0.2,0.27,0.59,0.39,0.2],[0.01,0.01,0.03,0.05,0.05,0.05,0.11,0.4,0.51,0.16,0.05,0.01,0.01,0.01,0.21,0.99,1.0,0.58,0.56,0.67,0.59,0.25,0.08],[0.02,0.01,0.01,0.01,0.05,0.06,0.1,0.21,0.13,0.02,0.01,0.0,0.0,0.0,0.02,0.19,0.58,1.0,0.51,0.29,0.12,0.02,0.01],[0.03,0.03,0.02,0.02,0.1,0.11,0.23,0.38,0.18,0.02,0.01,0.0,0.0,0.0,0.02,0.2,0.56,0.51,1.0,0.73,0.24,0.03,0.01],[0.03,0.05,0.08,0.18,0.29,0.17,0.35,0.44,0.19,0.04,0.01,0.0,0.01,0.01,0.02,0.27,0.67,0.29,0.73,1.0,0.82,0.13,0.01],[0.04,0.1,0.41,0.43,0.18,0.06,0.12,0.16,0.05,0.05,0.02,0.01,0.01,0.02,0.21,0.59,0.59,0.12,0.24,0.82,1.0,0.99,0.11],[0.23,0.41,0.64,0.28,0.09,0.01,0.02,0.04,0.06,0.03,0.07,0.03,0.04,0.25,0.49,0.39,0.25,0.02,0.03,0.13,0.99,1.0,0.99],[0.55,0.61,0.47,0.18,0.07,0.01,0.01,0.02,0.03,0.08,0.11,0.18,0.28,0.64,0.43,0.2,0.08,0.01,0.01,0.01,0.11,0.99,1.0]],
  "pae": [[1.4,6.9,9.9,10.7,12.7,14.0,14.5,15.9,13.3,11.9,10.5,14.5,10.3,8.3,9.9,11.5,13.2,14.8,16.7,16.2,14.2,12.2,9.5],[8.3,1.2,5.8,6.3,9.1,11.7,11.9,11.3,10.5,9.8,8.5,11.9,9.4,8.4,8.1,8.4,9.6,11.1,12.2,11.8,9.8,8.5,7.4],[8.6,5.0,1.0,2.5,5.2,7.9,7.7,7.8,6.5,6.0,5.4,11.0,10.8,7.1,5.4,6.4,6.9,9.4,8.5,8.0,6.1,5.7,5.8],[9.3,4.5,2.1,0.9,2.2,6.6,6.0,6.2,4.9,4.3,4.7,9.8,9.1,6.0,5.0,4.7,5.4,8.2,7.0,6.1,4.8,4.3,4.9],[10.0,6.0,3.6,2.2,0.9,6.2,5.5,6.7,5.1,5.4,6.3,11.1,10.7,6.7,6.2,6.0,5.8,9.1,7.6,6.4,5.5,5.6,6.1],[17.0,15.0,11.5,9.6,8.2,1.3,8.4,9.4,11.4,9.7,9.8,16.2,18.0,14.4,13.9,13.4,13.5,15.3,13.1,11.5,12.2,13.1,14.0],[14.3,12.1,10.0,8.1,5.6,6.7,1.2,6.0,5.7,7.4,9.5,14.3,14.8,12.1,10.4,10.2,8.2,10.8,6.9,6.7,7.8,10.1,11.3],[12.9,11.9,9.4,7.9,6.5,6.0,4.4,1.2,4.5,7.1,9.9,13.2,13.2,10.5,10.2,8.4,6.5,9.0,6.9,5.8,6.3,8.1,9.9],[11.6,9.7,8.1,7.0,5.4,7.4,5.4,3.7,1.0,2.5,5.0,10.3,11.3,8.4,7.1,6.4,5.5,8.0,6.3,5.6,5.1,6.9,7.5],[10.5,7.4,5.9,5.4,4.9,7.6,6.2,4.4,2.8,0.9,2.6,9.1,9.7,6.6,5.8,5.2,5.4,8.4,6.9,6.0,5.7,5.9,6.2],[11.2,9.0,6.1,5.8,4.9,8.8,7.3,6.4,4.8,2.8,0.9,8.8,10.7,6.6,6.1,7.6,7.0,10.0,8.5,7.4,7.2,7.7,7.1],[15.9,15.2,12.0,12.5,13.3,13.5,15.7,16.6,13.5,12.6,9.0,1.5,13.4,11.7,12.1,15.3,17.3,16.9,16.7,17.0,17.3,15.6,16.5],[12.2,8.2,10.4,10.4,11.9,14.3,15.5,13.7,13.1,11.6,8.8,9.5,1.4,8.4,9.9,12.0,11.7,14.1,15.0,13.6,12.3,12.7,10.9],[11.3,7.7,6.8,7.5,8.7,10.9,10.6,10.3,8.9,7.9,5.7,9.0,6.1,1.1,4.9,6.6,8.1,10.9,10.5,10.0,9.0,8.0,7.6],[10.4,7.5,5.7,6.4,6.8,9.5,8.2,7.5,6.2,6.5,6.0,9.9,8.6,4.5,1.0,2.7,4.9,7.7,7.7,8.2,5.6,5.6,6.3],[9.5,6.7,5.4,5.4,5.4,8.3,6.8,5.7,4.8,5.2,5.8,9.8,8.5,4.4,2.6,0.9,2.2,6.3,5.5,6.0,4.2,4.6,5.6],[10.5,8.5,7.0,6.2,6.5,9.2,7.5,6.5,5.1,6.4,6.9,11.4,10.4,6.3,4.4,2.7,0.9,5.1,4.7,6.2,5.1,6.2,8.0],[15.8,15.3,13.2,12.5,11.7,14.0,10.9,9.7,10.0,10.9,12.6,15.8,17.1,13.3,10.1,7.7,6.3,1.4,7.1,7.4,9.8,9.9,12.1],[14.2,12.4,10.4,9.0,9.0,10.6,7.1,6.2,7.1,8.5,10.4,13.8,14.5,11.1,8.7,7.3,4.5,6.3,1.2,5.5,6.0,8.5,9.3],[13.0,11.1,9.1,7.2,6.1,9.0,6.7,5.2,6.1,7.3,9.0,12.5,12.4,10.2,8.5,7.0,5.5,5.8,4.3,1.1,3.5,6.1,7.6],[11.4,8.4,7.5,6.8,5.7,8.7,7.0,5.3,5.0,6.6,7.5,11.9,11.0,7.9,6.3,5.9,5.2,7.3,5.3,4.0,1.0,2.6,5.2],[11.3,7.5,5.8,5.3,6.2,9.2,7.4,6.6,6.1,6.3,6.5,11.0,10.0,7.3,5.7,5.3,5.3,7.9,6.9,4.9,2.6,0.9,2.7],[11.1,7.2,5.8,5.9,7.2,10.3,9.2,8.3,7.5,7.9,7.2,12.3,11.6,6.7,5.8,5.6,5.5,8.9,8.3,6.7,4.2,2.7,1.0]],
  "token_chain_ids": ["A","A","A","A","A","A","A","A","A","A","A","A","A","A","A","A","A","A","A","A","A","A","A"],
  "token_res_ids": [1,2,3,4,5,6,7,8,9,10,11,12,13,14,15,16,17,18,19,20,21,22,23]
}