{
  "atom_chain_ids": ["A","A","A","A","A","A","A","A","A","A","A","A","A","A","A","A","A","A","A","A","A","A","A","A","A","A","A","A","A","A","A","A","A","A","A","A","A","A","A","A","A","A","A","A","A","A","A","A","A","A","A","A","A","A","A","A","A","A","A","A","A","A","A","A","A","A","A","A","A","A","A","A","A","A","A","A","A","A","A","A","A","A","A","A","A","A","A","A","A","A","A","A","A","A","A","A","A","A","A","A","A","A","A","A","A","A","A","A","A","A","A","A","A","A","A","A","A","A","A","A","A","A","A","A","A","A","A","A","A","A","A","A","A","A","A","A","A","A","A","A","A","A","A","A","A","A","A","A","A","A","A","A","A","A","A","A","A","A","A","A","A","A","A","A","A","A","A","A","A","A","A","A","A","A","A","A","A","A","A","A","A","A","A","A","A","A","A","A","A","A","A","A","A","A","A","A","A","A","A","A","A","A","A","A","A","A","A","A","A","A","A","A","A","A","A","A","A","A","A","A","A","A","A","A","A","A","A","A","A","A","A","A","A","A","A","A","A","A","A","A","A","A","A","A","A","A","A","A","A","A","A","A","A","A","A","A","A","A","A","A","A","A","A","A","A","A","A","A","A","A","A","A","A","A","A","A","A","A","A","A","A","A","A","A","A","A","A","A","A","A","A","A","A","A","A","A","A","A","A","A","A","A","A","A","A","A","A","A","A","A","A","A","A","A","A","A","A","A","A","A","A","A","A","A","A","A","A","A","A","A","A","A","A","A","A","A","A","A","A","A","A","A","A","A","A","A","A","A","A","A","A","A","A","A","A","A","A","A","A","A","A","A","A","A","A","A","A","A","A","A","A","A","A","A","A","A","A","A","A","A","A","A","A","A","A","A","A","A","A","A","A","A","A","A","A","A","A","A","A","A","A","A","A","A","A","A","A","A","A","A","A","A","A","A","A","A","A","A","A","A","A","A","A","A","A","A","A","A","A","A","A","A","A","A","A","A","A","A","A","A","A","A","A","A","A","A","A","A","A","A","A","A","A","A","A","A","A","A","A","A","A","A","A","A","A","A","A","A","A","A","A","A","A","A","A","A","A","A","A","A","A","A","A","A","A","A","A","A","A"],
  "atom_plddts": [47.3,47.65,42.16,40.98,48.4,48.89,49.54,50.15,52.33,52.21,50.84,50.0,50.49,49.01,47.15,46.23,46.08,45.33,43.94,45.25,47.42,55.69,50.17,49.59,55.23,56.24,57.52,58.08,59.12,57.86,58.44,55.62,57.59,56.73,54.62,54.6,54.57,53.13,51.22,52.17,53.72,54.29,61.62,57.71,58.27,62.11,63.19,64.14,66.27,65.81,64.56,65.75,65.15,65.26,65.71,65.31,65.72,66.67,66.44,65.49,65.24,65.38,65.12,66.53,66.95,64.96,65.01,66.89,67.44,68.77,69.77,69.2,68.04,68.78,68.42,69.03,69.57,69.07,69.46,70.41,70.32,69.73,69.25,69.28,68.93,70.09,66.86,64.67,64.31,66.08,65.57,66.01,67.04,66.72,65.51,65.95,64.23,65.83,65.9,65.56,65.54,66.73,66.55,65.51,65.18,65.33,64.18,66.0,55.86,52.82,52.63,56.14,55.14,55.67,53.52,55.66,54.96,53.11,51.64,53.44,51.1,48.59,48.03,47.03,46.12,44.75,46.51,49.3,51.62,46.61,45.68,52.47,52.84,54.3,54.21,56.58,55.75,54.77,53.76,54.9,53.22,49.89,49.15,48.63,47.59,46.07,47.94,50.54,55.81,51.09,50.3,55.22,55.35,56.83,56.05,57.89,56.47,56.54,53.05,55.49,53.46,50.71,50.23,49.77,47.68,45.99,47.14,49.16,49.35,58.86,53.55,54.36,59.18,60.84,62.25,64.92,64.63,63.51,64.46,64.29,64.43,64.96,64.39,64.93,65.85,65.62,64.56,64.44,64.66,64.42,66.09,64.1,61.52,61.58,63.96,65.38,66.25,68.13,67.34,66.17,67.06,66.81,67.03,67.7,67.29,67.61,68.67,68.65,67.93,67.52,67.55,67.29,68.4,64.78,62.63,62.37,63.87,63.5,63.84,65.16,64.6,63.27,63.84,62.19,63.7,63.91,64.31,64.37,65.32,65.19,64.26,64.09,64.14,63.19,64.68,58.33,55.36,55.17,58.04,56.84,56.87,55.93,56.98,56.02,54.45,52.83,54.92,53.07,51.85,50.87,50.41,49.75,47.99,49.79,52.09,53.43,48.99,48.43,54.08,53.82,54.1,53.89,55.64,54.81,53.83,52.32,54.1,52.68,50.39,49.46,49.03,48.21,46.39,48.31,50.64,60.15,55.69,54.53,59.01,60.35,61.0,61.64,62.16,60.88,61.81,58.38,60.21,59.4,57.48,56.94,57.44,56.03,53.76,54.85,56.2,56.29,64.16,60.76,61.05,64.11,65.42,66.26,68.27,67.5,66.25,67.7,67.03,67.44,68.03,67.81,68.08,69.1,69.0,68.09,67.93,68.04,67.69,69.04,65.81,63.64,63.55,65.71,67.05,68.04,69.52,68.64,67.63,68.56,68.33,68.67,69.38,68.95,69.33,70.33,70.35,69.7,69.28,69.26,69.01,70.1,65.69,63.34,62.76,64.83,64.6,64.88,66.04,65.42,64.24,64.64,62.84,64.27,64.29,64.47,64.51,65.67,65.44,64.3,64.06,64.12,62.94,64.98,57.34,54.35,54.05,57.39,56.75,56.88,55.7,56.61,55.76,54.26,52.5,54.16,52.22,49.91,49.01,48.12,47.11,45.46,47.64,50.31,53.27,48.17,47.52,53.97,54.29,55.68,56.22,57.81,57.06,56.2,55.03,56.35,55.01,52.14,51.43,51.03,50.01,48.37,50.21,52.61,60.19,55.82,54.87,59.58,59.92,60.96,60.97,61.71,60.44,60.96,57.15,59.4,57.95,55.46,54.87,55.19,53.37,51.28,52.38,53.96,53.99,63.45,60.28,60.44,63.63,64.44,65.6,67.26,66.72,65.56,66.35,65.43,66.01,66.54,66.28,66.6,67.74,67.59,66.6,66.3,66.35,65.78,67.48,65.36,63.29,62.94,65.23,66.39,67.23,68.74,67.78,66.74,67.47,67.0,67.21,67.91,67.68,67.96,69.11,69.11,68.35,67.91,67.86,67.5,68.74,64.78,62.61,61.84,63.22,64.29,64.24,65.41,64.6,63.27,64.21,62.5,63.53,63.7,64.12,63.89,65.23,65.22,64.0,63.7,63.75,62.96,64.77],
  "contact_probs": [[1.0,0.8,0.16,0.02,0.01,0.01,0.01,0.01,0.0,0.01,0.05,0.14,0.29,0.54,0.13,0.02,0.01,0.02,0.03,0.03,0.04,0.23,0.55],[0.8,1.0,0.82,0.13,0.01,0.01,0.01,0.01,0.01,0.04,0.16,0.25,0.33,0.45,0.14,0.03,0.01,0.01,0.03,0.05,0.1,0.41,0.61],[0.16,0.82,1.0,0.99,0.23,0.02,0.03,0.03,0.14,0.23,0.34,0.2,0.14,0.14,0.04,0.05,0.03,0.01,0.02,0.08,0.41,0.64,0.47],[0.02,0.13,0.99,1.0,0.99,0.17,0.19,0.19,0.41,0.42,0.45,0.08,0.03,0.03,0.04,0.04,0.05,0.01,0.02,0.18,0.43,0.28,0.18],[0.01,0.01,0.23,0.99,1.0,0.5,0.44,0.53,0.62,0.58,0.22,0.02,0.01,0.01,0.02,0.04,0.05,0.05,0.1,0.29,0.18,0.09,0.07],[0.01,0.01,0.02,0.17,0.5,1.0,0.51,0.3,0.14,0.04,0.02,0.01,0.01,0.0,0.0,0.01,0.05,0.06,0.11,0.17,0.06,0.01,0.01],[0.01,0.01,0.03,0.19,0.44,0.51,1.0,0.69,0.25,0.06,0.01,0.01,0.0,0.0,0.01,0.02,0.11,0.1,0.23,0.35,0.12,0.02,0.01],[0.01,0.01,0.03,0.19,0.53,0.3,0.69,1.0,0.77,0.17,0.03,0.01,0.01,0.01,0.02,0.16,0.4,0.21,0.38,0.44,0.16,0.04,0.02],[0.0,0.01,0.14,0.41,0.62,0.14,0.25,0.77,1.0,0.98,0.23,0.02,0.01,0.02,0.32,0.54,0.51,0.13,0.18,0.19,0.05,0.06,0.03],[0.01,0.04,0.23,0.42,0.58,0.04,0.06,0.17,0.98,1.0,0.99,0.2,0.12,0.2,0.64,0.37,0.16,0.02,0.02,0.04,0.05,0.03,0.08],[0.05,0.16,0.34,0.45,0.22,0.02,0.01,0.03,0.23,0.99,1.0,0.72,0.39,0.57,0.55,0.17,0.05,0.01,0.01,0.01,0.02,0.07,0.11],[0.14,0.25,0.2,0.08,0.02,0.01,0.01,0.01,0.02,0.2,0.72,1.0,0.58,0.39,0.15,0.02,0.01,0.0,0.0,0.0,0.01,0.03,0.18],[0.29,0.33,0.14,0.03,0.01,0.01,0.0,0.01,0.01,0.12,0.39,0.58,1.0,0.76,0.22,0.02,0.01,0.0,0.0,0.01,0.01,0.04,0.28],[0.54,0.45,0.14,0.03,0.01,0.0,0.0,0.01,0.02,0.2,0.57,0.39,0.76,1.0,0.87,0.1,0.01,0.0,0.0,0.01,0.02,0.25,0.64],[0.13,0.14,0.04,0.04,0.02,0.0,0.01,0.02,0.32,0.64,0.55,0.15,0.22,0.87,1.0,0.99,0.21,0.02,0.02,0.02,0.21,0.49,0.43],[0.02,0.03,0.05,0.04,0.04,0.01,0.02,0.16,0.54,0.37,0.17,0.02,0.02,0.1,0.99,1.0,0.99,0.19,0.2,0.27,0.59,0.39,0.2],[0.01,0.01,0.03,0.05,0.05,0.05,0.11,0.4,0.51,0.16,0.05,0.01,0.01,0.01,0.21,0.99,1.0,0.58,0.56,0.67,0.59,0.25,0.08],[0.02,0.01,0.01,0.01,0.05,0.06,0.1,0.21,0.13,0.02,0.01,0.0,0.0,0.0,0.02,0.19,0.58,1.0,0.51,0.29,0.12,0.02,0.01],[0.03,0.03,0.02,0.02,0.1,0.11,0.23,0.38,0.18,0.02,0.01,0.0,0.0,0.0,0.02,0.2,0.56,0.51,1.0,0.73,0.24,0.03,0.01],[0.03,0.05,0.08,0.18,0.29,0.17,0.35,0.44,0.19,0.04,0.01,0.0,0.01,0.01,0.02,0.27,0.67,0.29,0.73,1.0,0.82,0.13,0.01],[0.04,0.1,0.41,0.43,0.18,0.06,0.12,0.16,0.05,0.05,0.02,0.01,0.01,0.02,0.21,0.59,0.59,0.12,0.24,0.82,1.0,0.99,0.11],[0.23,0.41,0.64,0.28,0.09,0.01,0.02,0.04,0.06,0.03,0.07,0.03,0.04,0.25,0.49,0.39,0.25,0.02,0.03,0.13,0.99,1.0,0.99],[0.55,0.61,0.47,0.18,0.07,0.01,0.01,0.02,0.03,0.08,0.11,0.18,0.28,0.64,0.43,0.2,0.08,0.01,0.01,0.01,0.11,0.99,1.0]],
  "pae": [[1.4,5.5,8.8,10.5,12.6,14.3,14.6,15.7,13.3,11.9,10.6,11.4,8.4,8.2,9.6,11.6,13.6,15.0,16.4,15.5,13.1,10.8,8.1],[6.6,1.2,5.6,6.3,9.6,11.4,12.0,11.3,10.1,9.5,8.1,10.3,8.9,7.6,7.7,8.0,9.1,10.6,11.8,11.0,8.2,7.5,6.7],[7.6,4.2,1.0,2.6,5.0,7.0,7.2,7.1,6.0,5.4,5.1,9.0,9.2,6.3,5.2,5.8,6.1,8.3,7.6,7.6,5.5,5.1,5.3],[8.4,4.3,2.0,0.9,2.1,5.7,5.3,5.6,4.3,3.8,4.3,8.0,7.8,5.6,4.5,4.3,4.8,7.2,6.1,5.3,4.1,3.8,4.6],[9.6,5.6,3.4,2.2,0.9,5.3,4.6,6.1,4.5,4.5,5.9,9.2,8.6,6.4,5.7,5.6,5.2,8.3,6.2,5.8,4.7,4.9,5.7],[15.5,12.7,9.6,7.9,6.9,1.3,8.0,8.2,10.1,8.8,8.5,14.6,15.2,12.6,11.9,11.3,11.6,13.9,11.0,10.4,11.0,11.0,11.8],[13.5,10.9,8.7,7.3,5.5,5.9,1.2,5.1,5.5,7.2,8.8,12.3,12.9,11.6,9.3,8.8,6.8,9.6,5.2,6.0,7.2,8.7,10.1],[13.3,11.8,9.1,7.3,6.2,5.3,4.9,1.1,4.7,6.0,9.2,11.9,12.6,11.0,9.4,7.7,6.3,8.9,6.5,5.8,6.2,7.9,9.8],[11.1,9.2,7.0,6.4,5.0,6.5,5.1,4.0,1.0,2.5,4.7,8.4,9.8,7.8,6.1,5.5,4.8,7.3,5.4,5.1,5.1,6.4,6.8],[10.0,7.2,5.4,4.9,4.4,6.6,5.5,4.4,2.4,0.9,2.5,7.4,8.4,6.4,5.3,4.5,4.7,7.5,6.2,5.2,5.0,5.1,5.7],[10.4,8.4,6.1,5.2,4.6,8.0,6.6,6.0,4.0,2.6,0.9,7.4,8.8,6.4,5.4,6.1,6.3,8.8,7.8,6.9,6.2,6.5,6.3],[12.6,11.3,9.1,9.1,10.2,12.0,12.7,12.9,10.0,8.8,6.8,1.4,9.1,7.4,8.8,10.9,12.7,13.9,13.3,13.6,12.7,11.2,11.9],[11.7,9.6,9.9,10.0,12.5,12.9,14.5,13.1,11.5,10.1,8.2,8.8,1.4,7.1,9.3,10.9,11.9,13.7,13.6,13.3,12.5,11.2,10.4],[10.3,7.9,6.5,6.9,8.3,10.3,10.7,10.4,7.6,6.7,5.8,8.0,4.7,1.1,5.1,5.8,7.9,10.6,10.1,9.7,9.0,7.3,6.6],[9.4,6.6,4.9,5.5,6.1,8.4,7.5,6.9,5.2,5.6,5.4,8.0,6.3,4.0,0.9,2.4,4.5,7.1,7.1,7.7,5.2,4.9,5.5],[8.8,6.4,5.1,4.9,5.0,7.7,6.3,5.5,4.4,4.5,5.0,8.2,7.9,4.4,2.3,0.9,2.1,6.0,5.0,5.5,4.1,4.2,5.4],[10.0,8.0,6.3,5.8,5.8,8.4,6.7,6.4,4.7,5.1,6.0,9.5,8.8,5.9,4.0,2.6,0.9,4.7,4.2,5.8,4.9,5.3,7.0],[14.8,13.2,11.6,10.5,10.5,12.6,9.8,9.7,9.2,10.3,11.5,13.8,14.2,12.5,8.6,6.8,5.4,1.4,6.3,7.7,8.6,9.1,10.6],[12.9,10.4,8.4,7.4,7.4,9.2,6.0,5.7,6.0,7.4,9.2,11.6,12.1,10.1,7.2,6.3,3.8,5.3,1.2,4.6,5.0,6.7,8.1],[13.0,9.9,7.7,6.4,5.5,8.1,6.1,5.4,5.4,6.6,8.0,10.6,11.2,9.4,7.3,5.7,5.4,5.4,4.0,1.2,3.8,5.0,7.1],[10.5,7.1,6.2,5.5,5.0,7.5,5.7,5.2,4.7,5.5,6.0,8.9,9.0,6.9,5.5,5.2,4.8,6.2,4.4,3.6,0.9,2.1,4.6],[9.9,6.3,4.6,4.4,5.2,7.6,6.7,6.2,5.0,5.0,5.3,8.1,8.1,6.2,4.8,4.4,4.6,7.0,5.8,4.5,2.3,0.9,2.5],[9.8,6.1,5.0,5.3,6.6,9.1,8.5,8.0,6.5,6.7,6.3,9.3,8.7,6.0,5.1,4.7,5.3,8.1,7.6,6.6,3.7,2.4,1.0]],
  "token_chain_ids": ["A","A","A","A","A","A","A","A","A","A","A","A","A","A","A","A","A","A","A","A","A","A","A"],
  "token_res_ids": [1,2,3,4,5,6,7,8,9,10,11,12,13,14,15,16,17,18,19,20,21,22,23]
}