{
  "atom_chain_ids": ["A","A","A","A","A","A","A","A","A","A","A","A","A","A","A","A","A","A","A","A","A","A","A","A","A","A","A","A","A","A","A","A","A","A","A","A","A","A","A","A","A","A","A","A","A","A","A","A","A","A","A","A","A","A","A","A","A","A","A","A","A","A","A","A","A","A","A","A","A","A","A","A","A","A","A","A","A","A","A","A","A","A","A","A","A","A","A","A","A","A","A","A","A","A","A","A","A","A","A","A","A","A","A","A","A","A","A","A","A","A","A","A","A","A","A","A","A","A","A","A","A","A","A","A","A","A","A","A","A","A","A","A","A","A","A","A","A","A","A","A","A","A","A","A","A","A","A","A","A","A","A","A","A","A","A","A","A","A","A","A","A","A","A","A","A","A","A","A","A","A","A","A","A","A","A","A","A","A","A","A","A","A","A","A","A","A","A","A","A","A","A","A","A","A","A","A","A","A","A","A","A","A","A","A","A","A","A","A","A","A","A","A","A","A","A","A","A","A","A","A","A","A","A","A","A","A","A","A","A","A","A","A","A","A","A","A","A","A","A","A","A","A","A","A","A","A","A","A","A","A","A","A","A","A","A","A","A","A","A","A","A","A","A","A","A","A","A","A","A","A","A","A","A","A","A","A","A","A","A","A","A","A","A","A","A","A","A","A","A","A","A","A","A","A","A","A","A","A","A","A","A","A","A","A","A","A","A","A","A","A","A","A","A","A","A","A","A","A","A","A","A","A","A","A","A","A","A","A","A","A","A","A","A","A","A","A","A","A","A","A","A","A","A","A","A","A","A","A","A","A","A","A","A","A","A","A","A","A","A","A","A","A","A","A","A","A","A","A","A","A","A","A","A","A","A","A","A","A","A","A","A","A","A","A","A","A","A","A","A","A","A","A","A","A","A","A","A","A","A","A","A","A","A","A","A","A","A","A","A","A","A","A","A","A","A","A","A","A","A","A","A","A","A","A","A","A","A","A","A","A","A","A","A","A","A","A","A","A","A","A","A","A","A","A","A","A","A","A","A","A","A","A","A","A","A","A","A","A","A","A","A","A","A","A","A","A","A","A","A","A","A","A","A","A","A","A","A","A","A","A","A","A","A","A","A","A","A","A","A"],
  "atom_plddts": [43.8,44.32,39.73,38.2,44.95,45.08,45.58,45.72,48.1,47.97,46.93,46.02,46.32,44.86,43.2,42.38,42.21,41.53,40.43,41.52,43.53,51.53,46.28,45.88,51.31,52.36,53.79,53.63,55.2,53.99,54.13,51.46,53.42,52.66,50.57,50.62,50.33,49.03,47.4,48.14,49.81,50.31,59.65,55.8,56.44,60.16,61.36,62.06,64.36,63.78,62.57,63.64,63.04,63.1,63.58,63.24,63.65,64.52,64.28,63.33,63.1,63.28,63.01,64.35,64.76,62.87,62.94,64.67,65.32,66.22,67.65,66.86,65.72,66.35,66.0,66.47,67.08,66.77,67.09,68.06,67.99,67.36,66.84,66.89,66.51,67.58,64.8,62.82,62.51,64.06,63.81,63.89,65.21,64.76,63.63,63.95,62.33,63.82,63.94,63.65,63.63,64.75,64.58,63.54,63.21,63.43,62.37,63.99,51.77,48.92,48.36,51.84,51.72,51.99,50.31,52.31,51.32,50.3,48.68,50.24,48.28,45.49,44.91,43.95,43.11,41.86,43.57,46.1,49.63,45.59,44.54,50.12,50.4,51.38,50.64,52.85,51.94,51.07,49.62,50.85,49.1,45.97,45.19,44.51,43.45,42.01,43.86,46.3,53.38,48.38,47.69,52.86,53.19,54.94,54.06,56.29,54.85,54.94,51.86,54.28,52.52,49.79,49.5,48.94,47.01,45.42,46.47,48.56,48.92,57.6,53.12,54.01,57.83,59.61,60.41,62.89,62.23,61.05,61.66,61.47,61.54,62.07,61.88,62.28,63.07,62.86,61.88,61.7,61.99,61.54,62.96,61.59,59.08,59.39,61.44,63.14,63.73,66.07,65.04,63.85,64.58,64.51,64.61,65.37,65.1,65.42,66.41,66.38,65.64,65.25,65.32,65.06,66.08,61.68,60.08,60.05,60.65,60.35,60.26,61.72,60.9,59.59,59.81,58.3,59.91,60.08,60.79,60.88,61.66,61.55,60.68,60.48,60.6,59.61,60.93,52.73,50.63,50.2,52.39,51.82,51.46,49.98,51.91,50.68,49.58,47.6,49.08,46.84,44.92,43.82,43.13,42.38,40.82,42.68,45.1,48.03,44.36,43.4,48.42,48.6,48.78,48.09,50.76,49.67,49.18,47.49,48.8,47.22,44.66,43.87,43.3,42.46,40.96,42.66,44.99,56.54,52.49,51.67,55.48,56.94,57.38,57.36,58.46,57.18,57.7,54.19,56.27,55.26,53.3,52.89,53.02,51.67,49.65,50.54,52.01,52.13,62.22,59.04,59.42,62.15,63.31,63.89,66.12,65.28,64.0,65.23,64.46,64.91,65.47,65.35,65.58,66.59,66.51,65.52,65.33,65.5,65.05,66.42,63.08,60.97,61.01,62.99,64.53,64.93,66.95,65.69,64.68,65.45,65.37,65.52,66.27,66.18,66.51,67.49,67.5,66.84,66.37,66.4,66.12,67.1,63.13,61.21,60.76,62.23,62.3,62.31,63.73,62.87,61.69,61.98,60.51,61.78,61.89,62.19,62.29,63.29,63.09,62.08,61.79,61.91,60.87,62.55,55.02,52.52,52.03,54.74,54.31,54.12,53.11,54.08,53.05,51.93,50.37,51.98,50.35,48.35,47.72,46.83,45.97,44.5,46.33,48.76,50.75,45.87,44.91,51.25,51.7,52.92,53.16,54.92,54.09,53.3,51.9,53.17,51.89,49.05,48.34,47.81,46.77,45.2,47.06,49.45,54.66,50.09,49.37,53.98,54.66,55.65,54.8,56.69,55.53,55.62,52.07,53.86,52.03,49.39,48.66,48.34,46.47,44.7,45.89,47.78,48.12,59.22,56.36,56.71,59.37,60.02,60.65,62.68,61.99,60.75,61.25,60.3,60.63,61.21,61.39,61.82,62.91,62.82,61.83,61.38,61.39,60.7,62.28,61.61,59.75,59.62,61.46,62.47,63.05,65.14,64.03,62.97,63.3,62.99,63.04,63.83,63.75,64.07,65.27,65.28,64.48,63.94,63.92,63.51,64.71,61.2,58.66,58.1,59.66,60.64,60.79,61.62,61.15,59.79,60.31,58.46,59.52,59.48,60.05,59.89,61.17,61.13,59.76,59.44,59.48,58.63,60.66],
  "contact_probs": [[1.0,0.8,0.16,0.02,0.01,0.01,0.01,0.01,0.0,0.01,0.05,0.14,0.29,0.54,0.13,0.02,0.01,0.02,0.03,0.03,0.04,0.23,0.55],[0.8,1.0,0.82,0.13,0.01,0.01,0.01,0.01,0.01,0.04,0.16,0.25,0.33,0.45,0.14,0.03,0.01,0.01,0.03,0.05,0.1,0.41,0.61],[0.16,0.82,1.0,0.99,0.23,0.02,0.03,0.03,0.14,0.23,0.34,0.2,0.14,0.14,0.04,0.05,0.03,0.01,0.02,0.08,0.41,0.64,0.47],[0.02,0.13,0.99,1.0,0.99,0.17,0.19,0.19,0.41,0.42,0.45,0.08,0.03,0.03,0.04,0.04,0.05,0.01,0.02,0.18,0.43,0.28,0.18],[0.01,0.01,0.23,0.99,1.0,0.5,0.44,0.53,0.62,0.58,0.22,0.02,0.01,0.01,0.02,0.04,0.05,0.05,0.1,0.29,0.18,0.09,0.07],[0.01,0.01,0.02,0.17,0.5,1.0,0.51,0.3,0.14,0.04,0.02,0.01,0.01,0.0,0.0,0.01,0.05,0.06,0.11,0.17,0.06,0.01,0.01],[0.01,0.01,0.03,0.19,0.44,0.51,1.0,0.69,0.25,0.06,0.01,0.01,0.0,0.0,0.01,0.02,0.11,0.1,0.23,0.35,0.12,0.02,0.01],[0.01,0.01,0.03,0.19,0.53,0.3,0.69,1.0,0.77,0.17,0.03,0.01,0.01,0.01,0.02,0.16,0.4,0.21,0.38,0.44,0.16,0.04,0.02],[0.0,0.01,0.14,0.41,0.62,0.14,0.25,0.77,1.0,0.98,0.23,0.02,0.01,0.02,0.32,0.54,0.51,0.13,0.18,0.19,0.05,0.06,0.03],[0.01,0.04,0.23,0.42,0.58,0.04,0.06,0.17,0.98,1.0,0.99,0.2,0.12,0.2,0.64,0.37,0.16,0.02,0.02,0.04,0.05,0.03,0.08],[0.05,0.16,0.34,0.45,0.22,0.02,0.01,0.03,0.23,0.99,1.0,0.72,0.39,0.57,0.55,0.17,0.05,0.01,0.01,0.01,0.02,0.07,0.11],[0.14,0.25,0.2,0.08,0.02,0.01,0.01,0.01,0.02,0.2,0.72,1.0,0.58,0.39,0.15,0.02,0.01,0.0,0.0,0.0,0.01,0.03,0.18],[0.29,0.33,0.14,0.03,0.01,0.01,0.0,0.01,0.01,0.12,0.39,0.58,1.0,0.76,0.22,0.02,0.01,0.0,0.0,0.01,0.01,0.04,0.28],[0.54,0.45,0.14,0.03,0.01,0.0,0.0,0.01,0.02,0.2,0.57,0.39,0.76,1.0,0.87,0.1,0.01,0.0,0.0,0.01,0.02,0.25,0.64],[0.13,0.14,0.04,0.04,0.02,0.0,0.01,0.02,0.32,0.64,0.55,0.15,0.22,0.87,1.0,0.99,0.21,0.02,0.02,0.02,0.21,0.49,0.43],[0.02,0.03,0.05,0.04,0.04,0.01,0.02,0.16,0.54,0.37,0.17,0.02,0.02,0.1,0.99,1.0,0.99,0.19,0.2,0.27,0.59,0.39,0.2],[0.01,0.01,0.03,0.05,0.05,0.05,0.11,0.4,0.51,0.16,0.05,0.01,0.01,0.01,0.21,0.99,1.0,0.58,0.56,0.67,0.59,0.25,0.08],[0.02,0.01,0.01,0.01,0.05,0.06,0.1,0.21,0.13,0.02,0.01,0.0,0.0,0.0,0.02,0.19,0.58,1.0,0.51,0.29,0.12,0.02,0.01],[0.03,0.03,0.02,0.02,0.1,0.11,0.23,0.38,0.18,0.02,0.01,0.0,0.0,0.0,0.02,0.2,0.56,0.51,1.0,0.73,0.24,0.03,0.01],[0.03,0.05,0.08,0.18,0.29,0.17,0.35,0.44,0.19,0.04,0.01,0.0,0.01,0.01,0.02,0.27,0.67,0.29,0.73,1.0,0.82,0.13,0.01],[0.04,0.1,0.41,0.43,0.18,0.06,0.12,0.16,0.05,0.05,0.02,0.01,0.01,0.02,0.21,0.59,0.59,0.12,0.24,0.82,1.0,0.99,0.11],[0.23,0.41,0.64,0.28,0.09,0.01,0.02,0.04,0.06,0.03,0.07,0.03,0.04,0.25,0.49,0.39,0.25,0.02,0.03,0.13,0.99,1.0,0.99],[0.55,0.61,0.47,0.18,0.07,0.01,0.01,0.02,0.03,0.08,0.11,0.18,0.28,0.64,0.43,0.2,0.08,0.01,0.01,0.01,0.11,0.99,1.0]],
  "pae": [[1.5,6.5,11.6,12.7,15.5,17.3,18.1,17.0,15.7,14.0,13.3,12.0,9.4,9.0,11.7,15.0,16.9,17.8,18.9,17.6,15.7,12.6,10.1],[5.6,1.3,7.1,7.9,12.1,14.4,14.7,13.2,13.0,11.8,10.4,11.7,9.1,9.8,8.9,11.5,12.9,14.8,14.7,13.9,12.0,8.8,7.2],[8.9,5.5,1.0,2.5,5.6,7.2,8.6,7.4,6.2,5.7,5.4,9.4,9.6,7.2,5.1,6.0,6.6,8.9,8.2,8.4,6.6,5.4,5.3],[9.8,5.0,2.2,0.9,2.3,5.9,7.2,6.1,4.8,4.4,5.1,9.1,9.0,6.5,5.1,4.7,5.3,7.9,6.8,6.5,4.9,4.5,4.8],[10.8,6.6,3.6,2.4,0.9,5.2,6.1,6.1,5.1,4.9,5.6,10.1,9.9,7.4,6.1,6.0,5.9,8.7,7.3,6.7,5.6,5.2,6.0],[15.3,14.2,10.6,9.9,8.3,1.3,6.1,4.9,8.5,11.4,12.3,14.9,14.9,14.0,12.5,12.1,10.9,13.6,9.8,8.1,11.0,11.9,12.9],[15.8,14.4,11.6,10.9,8.1,4.0,1.2,5.6,7.6,9.8,11.5,15.1,15.5,13.8,12.7,11.7,9.7,12.3,8.6,7.9,9.3,11.2,13.2],[14.8,13.5,10.6,8.8,7.6,4.6,4.1,1.1,5.8,7.3,10.5,13.7,14.2,11.5,10.9,9.4,7.2,8.9,6.7,5.8,7.6,9.0,11.7],[12.1,10.0,7.5,6.8,5.8,6.7,6.2,4.7,1.0,2.5,5.4,9.9,10.7,8.6,7.2,6.2,5.7,7.9,6.7,6.0,5.4,6.4,7.2],[10.8,8.0,5.8,5.6,5.2,7.4,6.8,4.9,2.9,0.9,2.9,8.5,9.4,7.0,6.0,5.4,5.6,8.4,7.2,6.7,5.5,5.6,6.1],[11.0,9.5,6.5,6.0,6.1,8.2,8.5,7.1,5.8,2.9,1.0,7.8,9.5,7.9,5.9,7.3,7.8,10.1,9.4,8.5,7.4,7.5,7.1],[13.2,13.4,12.9,13.4,15.1,16.0,17.3,16.8,15.2,11.3,9.0,1.5,8.2,9.5,11.8,14.4,16.2,17.3,17.2,17.6,15.6,14.4,14.1],[9.7,9.4,12.3,13.4,15.7,17.5,17.6,17.3,14.7,11.6,8.8,6.8,1.4,8.1,9.6,13.7,16.2,17.1,16.8,17.5,15.6,13.7,10.7],[11.1,9.5,8.2,10.0,11.2,12.9,13.2,11.4,10.5,9.1,7.8,8.1,6.7,1.2,6.5,8.0,10.6,12.3,12.8,12.4,11.2,9.7,8.3],[9.8,8.3,5.2,6.3,6.9,8.3,8.8,7.4,6.2,6.2,5.8,9.4,8.1,5.5,1.0,2.7,5.2,7.9,7.5,8.2,5.8,5.8,5.7],[9.6,7.3,5.4,5.3,5.5,7.6,7.4,5.6,5.0,5.1,5.5,10.1,9.3,5.4,3.0,0.9,2.4,6.4,5.4,6.4,4.6,4.7,5.5],[11.1,9.0,6.9,6.5,6.4,7.7,8.2,5.8,5.3,6.1,6.6,10.8,10.7,7.3,5.0,3.2,0.9,5.6,4.5,6.6,5.2,5.6,7.7],[15.6,14.5,12.6,12.3,11.2,10.7,9.9,7.9,9.4,11.8,12.4,14.7,15.0,12.5,9.8,8.6,5.7,1.4,5.4,6.6,8.3,10.0,11.8],[13.8,13.0,10.2,10.4,9.4,7.7,8.0,5.6,7.2,10.0,10.5,13.0,13.6,11.6,9.0,8.5,4.6,6.1,1.2,5.5,6.1,9.0,9.6],[16.4,14.5,10.9,9.3,8.4,8.2,7.9,5.4,7.3,9.3,11.3,14.7,15.7,13.1,11.6,8.6,6.4,5.6,4.9,1.2,5.2,6.8,10.4],[11.8,9.1,6.8,6.9,6.1,7.8,7.5,5.6,5.6,6.8,7.3,10.9,10.9,8.1,6.6,6.5,5.4,7.2,5.4,5.1,1.0,2.8,6.1],[11.2,7.7,5.6,5.9,6.6,8.1,8.0,6.4,5.9,6.1,6.6,10.1,9.9,7.4,5.8,5.4,5.4,7.7,6.5,5.6,3.0,1.0,3.1],[11.0,7.9,6.4,7.1,8.0,10.2,10.5,9.0,8.2,7.7,7.1,11.0,10.3,7.4,5.9,6.1,7.1,9.6,9.1,8.6,5.0,3.5,1.1]],
  "token_chain_ids": ["A","A","A","A","A","A","A","A","A","A","A","A","A","A","A","A","A","A","A","A","A","A","A"],
  "token_res_ids": [1,2,3,4,5,6,7,8,9,10,11,12,13,14,15,16,17,18,19,20,21,22,23]
}