{
  "atom_chain_ids": ["A","A","A","A","A","A","A","A","A","A","A","A","A","A","A","A","A","A","A","A","A","A","A","A","A","A","A","A","A","A","A","A","A","A","A","A","A","A","A","A","A","A","A","A","A","A","A","A","A","A","A","A","A","A","A","A","A","A","A","A","A","A","A","A","A","A","A","A","A","A","A","A","A","A","A","A","A","A","A","A","A","A","A","A","A","A","A","A","A","A","A","A","A","A","A","A","A","A","A","A","A","A","A","A","A","A","A","A","A","A","A","A","A","A","A","A","A","A","A","A","A","A","A","A","A","A","A","A","A","A","A","A","A","A","A","A","A","A","A","A","A","A","A","A","A","A","A","A","A","A","A","A","A","A","A","A","A","A","A","A","A","A","A","A","A","A","A","A","A","A","A","A","A","A","A","A","A","A","A","A","A","A","A","A","A","A","A","A","A","A","A","A","A","A","A","A","A","A","A","A","A","A","A","A","A","A","A","A","A","A","A","A","A","A","A","A","A","A","A","A","A","A","A","A","A","A","A","A","A","A","A","A","A","A","A","A","A","A","A","A","A","A","A","A","A","A","A","A","A","A","A","A","A","A","A","A","A","A","A","A","A","A","A","A","A","A","A","A","A","A","A","A","A","A","A","A","A","A","A","A","A","A","A","A","A","A","A","A","A","A","A","A","A","A","A","A","A","A","A","A","A","A","A","A","A","A","A","A","A","A","A","A","A","A","A","A","A","A","A","A","A","A","A","A","A","A","A","A","A","A","A","A","A","A","A","A","A","A","A","A","A","A","A","A","A","A","A","A","A","A","A","A","A","A","A","A","A","A","A","A","A","A","A","A","A","A","A","A","A","A","A","A","A","A","A","A","A","A","A","A","A","A","A","A","A","A","A","A","A","A","A","A","A","A","A","A","A","A","A","A","A","A","A","A","A","A","A","A","A","A","A","A","A","A","A","A","A","A","A","A","A","A","A","A","A","A","A","A","A","A","A","A","A","A","A","A","A","A","A","A","A","A","A","A","A","A","A","A","A","A","A","A","A","A","A","A","A","A","A","A","A","A","A","A","A","A","A","A","A","A","A","A","A","A","A","A","A","A","A","A","A","A","A","A","A","A","A","A","A"],
  "atom_plddts": [47.81,48.17,42.72,41.66,48.92,49.43,50.15,50.94,52.76,52.63,51.28,50.42,51.08,49.74,48.05,47.24,47.13,46.42,45.02,46.22,48.34,53.92,48.77,48.31,53.54,54.47,55.68,55.97,57.28,56.1,56.48,53.48,55.52,54.64,52.44,52.34,52.21,50.83,49.01,49.88,51.5,51.92,59.83,56.06,56.78,60.35,61.64,62.48,64.76,64.16,62.92,63.98,63.41,63.49,63.98,63.59,63.99,64.89,64.66,63.72,63.44,63.6,63.33,64.71,64.68,62.86,63.0,64.63,65.24,66.27,67.66,66.91,65.73,66.29,66.0,66.49,67.08,66.68,67.05,68.07,67.98,67.35,66.78,66.82,66.43,67.57,63.86,61.82,61.63,63.1,62.93,62.96,64.21,63.72,62.51,62.76,61.26,62.64,62.71,62.61,62.64,63.75,63.56,62.57,62.18,62.36,61.25,62.87,53.01,50.74,50.3,52.97,52.29,52.39,50.62,52.44,51.57,50.44,48.88,50.66,48.74,46.37,45.87,44.97,44.23,42.97,44.53,46.94,49.88,45.12,44.01,50.52,51.0,52.29,52.04,54.11,53.22,52.46,51.32,52.55,51.11,48.16,47.6,47.07,46.11,44.66,46.3,48.68,54.43,49.46,48.76,53.87,54.07,55.71,55.21,56.87,55.53,55.56,52.39,54.9,53.23,50.71,50.36,49.92,48.02,46.35,47.43,49.38,49.62,57.49,52.71,53.64,57.78,59.62,60.66,63.32,62.8,61.62,62.37,62.34,62.32,62.9,62.5,63.0,63.83,63.65,62.63,62.45,62.72,62.4,63.88,62.17,59.82,60.01,61.95,63.28,63.94,66.16,65.23,64.03,64.62,64.42,64.62,65.35,65.11,65.41,66.45,66.43,65.68,65.24,65.29,64.94,66.02,61.92,60.11,60.02,60.96,60.74,60.74,62.16,61.43,60.11,60.35,58.91,60.36,60.53,61.19,61.33,62.15,62.06,61.18,60.94,61.02,60.09,61.46,50.92,48.63,47.89,50.52,50.41,50.0,48.55,50.72,49.43,48.66,46.66,47.93,45.84,43.74,42.7,42.08,41.44,39.92,41.68,44.08,49.34,45.28,44.42,49.88,49.98,50.41,49.97,52.09,51.07,50.48,48.97,50.61,49.33,47.09,46.49,46.03,45.24,43.69,45.22,47.46,55.78,51.43,50.69,54.79,56.36,56.97,57.07,58.28,56.96,57.54,54.08,56.01,55.04,52.97,52.55,52.65,51.28,49.27,50.17,51.69,51.9,60.2,56.7,57.31,60.28,61.64,62.24,64.65,63.84,62.54,63.62,62.98,63.19,63.78,63.67,63.94,64.96,64.85,63.85,63.59,63.78,63.35,64.76,62.38,60.32,60.36,62.26,63.67,64.25,66.29,65.15,64.07,64.63,64.51,64.68,65.43,65.24,65.6,66.65,66.67,65.97,65.42,65.45,65.14,66.21,61.64,59.54,59.16,60.74,60.96,60.84,62.22,61.37,60.16,60.31,58.84,60.05,60.12,60.6,60.75,61.69,61.49,60.47,60.17,60.31,59.26,60.9,53.79,51.39,50.92,53.63,53.31,53.13,51.9,53.17,52.13,51.08,49.37,50.94,49.15,46.81,46.08,45.18,44.33,42.85,44.74,47.25,49.95,45.11,44.08,50.53,50.96,52.13,52.27,54.27,53.47,52.76,51.43,52.67,51.37,48.52,47.92,47.37,46.38,44.83,46.6,49.02,57.91,53.94,53.12,57.28,57.74,58.52,58.17,59.49,58.35,58.7,54.97,57.17,55.63,53.13,52.62,52.63,50.94,49.03,50.07,51.73,51.77,59.75,56.82,57.12,59.84,60.63,61.26,63.23,62.5,61.23,61.77,60.89,61.18,61.76,61.94,62.32,63.41,63.31,62.31,61.91,61.94,61.28,62.83,60.73,58.83,58.81,60.59,61.52,62.06,64.2,63.12,62.01,62.24,61.82,61.91,62.72,62.71,63.02,64.28,64.28,63.48,62.88,62.83,62.37,63.6,61.07,58.71,58.2,59.58,60.61,60.61,61.53,60.89,59.48,59.98,58.3,59.28,59.3,59.86,59.68,61.0,60.96,59.67,59.28,59.34,58.52,60.42],
  "contact_probs": [[1.0,0.8,0.16,0.02,0.01,0.01,0.01,0.01,0.0,0.01,0.05,0.14,0.29,0.54,0.13,0.02,0.01,0.02,0.03,0.03,0.04,0.23,0.55],[0.8,1.0,0.82,0.13,0.01,0.01,0.01,0.01,0.01,0.04,0.16,0.25,0.33,0.45,0.14,0.03,0.01,0.01,0.03,0.05,0.1,0.41,0.61],[0.16,0.82,1.0,0.99,0.23,0.02,0.03,0.03,0.14,0.23,0.34,0.2,0.14,0.14,0.04,0.05,0.03,0.01,0.02,0.08,0.41,0.64,0.47],[0.02,0.13,0.99,1.0,0.99,0.17,0.19,0.19,0.41,0.42,0.45,0.08,0.03,0.03,0.04,0.04,0.05,0.01,0.02,0.18,0.43,0.28,0.18],[0.01,0.01,0.23,0.99,1.0,0.5,0.44,0.53,0.62,0.58,0.22,0.02,0.01,0.01,0.02,0.04,0.05,0.05,0.1,0.29,0.18,0.09,0.07],[0.01,0.01,0.02,0.17,0.5,1.0,0.51,0.3,0.14,0.04,0.02,0.01,0.01,0.0,0.0,0.01,0.05,0.06,0.11,0.17,0.06,0.01,0.01],[0.01,0.01,0.03,0.19,0.44,0.51,1.0,0.69,0.25,0.06,0.01,0.01,0.0,0.0,0.01,0.02,0.11,0.1,0.23,0.35,0.12,0.02,0.01],[0.01,0.01,0.03,0.19,0.53,0.3,0.69,1.0,0.77,0.17,0.03,0.01,0.01,0.01,0.02,0.16,0.4,0.21,0.38,0.44,0.16,0.04,0.02],[0.0,0.01,0.14,0.41,0.62,0.14,0.25,0.77,1.0,0.98,0.23,0.02,0.01,0.02,0.32,0.54,0.51,0.13,0.18,0.19,0.05,0.06,0.03],[0.01,0.04,0.23,0.42,0.58,0.04,0.06,0.17,0.98,1.0,0.99,0.2,0.12,0.2,0.64,0.37,0.16,0.02,0.02,0.04,0.05,0.03,0.08],[0.05,0.16,0.34,0.45,0.22,0.02,0.01,0.03,0.23,0.99,1.0,0.72,0.39,0.57,0.55,0.17,0.05,0.01,0.01,0.01,0.02,0.07,0.11],[0.14,0.25,0.2,0.08,0.02,0.01,0.01,0.01,0.02,0.2,0.72,1.0,0.58,0.39,0.15,0.02,0.01,0.0,0.0,0.0,0.01,0.03,0.18],[0.29,0.33,0.14,0.03,0.01,0.01,0.0,0.01,0.01,0.12,0.39,0.58,1.0,0.76,0.22,0.02,0.01,0.0,0.0,0.01,0.01,0.04,0.28],[0.54,0.45,0.14,0.03,0.01,0.0,0.0,0.01,0.02,0.2,0.57,0.39,0.76,1.0,0.87,0.1,0.01,0.0,0.0,0.01,0.02,0.25,0.64],[0.13,0.14,0.04,0.04,0.02,0.0,0.01,0.02,0.32,0.64,0.55,0.15,0.22,0.87,1.0,0.99,0.21,0.02,0.02,0.02,0.21,0.49,0.43],[0.02,0.03,0.05,0.04,0.04,0.01,0.02,0.16,0.54,0.37,0.17,0.02,0.02,0.1,0.99,1.0,0.99,0.19,0.2,0.27,0.59,0.39,0.2],[0.01,0.01,0.03,0.05,0.05,0.05,0.11,0.4,0.51,0.16,0.05,0.01,0.01,0.01,0.21,0.99,1.0,0.58,0.56,0.67,0.59,0.25,0.08],[0.02,0.01,0.01,0.01,0.05,0.06,0.1,0.21,0.13,0.02,0.01,0.0,0.0,0.0,0.02,0.19,0.58,1.0,0.51,0.29,0.12,0.02,0.01],[0.03,0.03,0.02,0.02,0.1,0.11,0.23,0.38,0.18,0.02,0.01,0.0,0.0,0.0,0.02,0.2,0.56,0.51,1.0,0.73,0.24,0.03,0.01],[0.03,0.05,0.08,0.18,0.29,0.17,0.35,0.44,0.19,0.04,0.01,0.0,0.01,0.01,0.02,0.27,0.67,0.29,0.73,1.0,0.82,0.13,0.01],[0.04,0.1,0.41,0.43,0.18,0.06,0.12,0.16,0.05,0.05,0.02,0.01,0.01,0.02,0.21,0.59,0.59,0.12,0.24,0.82,1.0,0.99,0.11],[0.23,0.41,0.64,0.28,0.09,0.01,0.02,0.04,0.06,0.03,0.07,0.03,0.04,0.25,0.49,0.39,0.25,0.02,0.03,0.13,0.99,1.0,0.99],[0.55,0.61,0.47,0.18,0.07,0.01,0.01,0.02,0.03,0.08,0.11,0.18,0.28,0.64,0.43,0.2,0.08,0.01,0.01,0.01,0.11,0.99,1.0]],
  "pae": [[1.4,5.4,8.9,10.4,12.5,14.7,14.7,15.4,13.1,12.0,10.7,12.3,9.2,8.0,9.5,11.9,13.6,16.0,16.7,15.3,12.6,10.8,8.1],[5.7,1.2,6.0,6.2,9.3,12.0,12.1,11.3,10.4,9.7,9.0,11.9,10.2,7.8,7.2,8.1,9.2,12.0,12.6,11.6,9.2,7.4,6.5],[7.6,4.4,1.0,2.5,5.0,7.7,7.2,7.1,6.0,5.4,5.1,10.4,10.1,6.9,5.0,5.8,6.4,9.6,8.6,7.8,5.8,5.4,5.3],[8.1,4.5,2.0,0.9,2.0,6.4,5.5,5.8,4.3,4.0,4.7,10.0,8.8,6.0,4.8,4.7,5.3,8.3,7.0,5.8,4.6,4.3,4.9],[9.4,6.1,3.5,2.2,0.9,6.2,5.2,6.7,5.1,5.0,6.1,11.8,10.4,7.3,6.2,6.2,6.3,10.0,8.1,6.6,5.7,5.8,6.6],[17.5,14.8,11.0,10.0,8.2,1.4,9.2,10.2,10.7,11.2,11.7,16.8,17.3,15.2,14.4,14.2,14.8,17.2,14.5,12.7,13.8,13.9,14.9],[13.7,11.9,9.4,7.9,5.5,6.8,1.3,5.8,5.5,7.3,10.4,15.3,14.6,12.4,10.5,9.6,8.9,12.5,6.8,7.2,8.4,9.8,11.7],[12.2,11.3,9.0,7.8,6.9,6.0,4.4,1.1,4.7,7.1,9.8,13.6,12.6,10.6,9.9,9.0,6.9,10.7,6.8,6.4,6.9,8.3,10.1],[10.8,9.5,7.4,6.9,5.4,7.6,5.5,4.1,1.0,2.2,4.8,10.3,10.3,8.2,6.6,6.5,5.8,8.8,6.8,5.8,5.6,6.5,7.4],[10.2,8.0,6.0,5.6,5.1,8.1,6.0,4.4,2.5,0.9,2.6,9.8,9.9,7.1,6.0,5.3,5.6,9.2,7.5,6.4,5.6,5.7,6.3],[10.3,8.8,6.0,5.8,4.7,9.5,7.4,6.6,4.9,2.7,0.9,8.4,9.6,6.6,6.2,7.4,7.6,10.7,9.3,8.0,7.5,7.5,7.4],[13.7,14.2,12.9,13.0,14.0,14.6,17.6,17.4,15.2,11.7,10.0,1.5,9.6,9.1,11.3,15.5,16.8,18.2,17.4,17.7,17.6,15.8,15.7],[10.7,10.2,11.8,12.1,13.9,15.3,16.5,15.0,13.6,12.4,9.3,7.4,1.4,7.2,9.2,13.0,13.8,16.2,15.7,15.3,14.0,12.9,10.9],[10.3,8.0,7.9,8.4,9.9,12.1,11.3,11.2,9.2,8.0,6.7,9.1,5.7,1.2,5.5,7.3,9.4,12.2,11.8,11.2,10.7,9.5,7.4],[9.5,7.2,6.1,6.7,7.5,9.8,8.2,7.4,6.1,6.5,6.2,9.8,8.1,5.1,1.0,2.9,5.5,8.4,8.2,8.5,6.6,6.3,6.5],[8.6,6.8,5.6,5.7,6.0,8.6,6.8,5.8,5.0,5.0,5.9,10.0,8.9,5.2,2.8,0.9,2.4,6.5,6.0,6.5,5.0,4.9,5.6],[9.8,7.9,6.6,6.3,6.9,9.6,7.2,5.9,5.4,6.1,6.9,11.4,10.3,6.9,4.6,3.1,0.9,5.9,5.0,6.4,5.2,5.6,6.9],[14.4,14.4,13.8,13.0,13.8,15.2,12.2,11.0,11.8,13.2,14.3,16.3,16.0,13.4,10.9,9.4,6.6,1.4,6.7,8.7,9.4,10.5,11.8],[13.1,11.9,9.7,9.4,9.2,11.2,7.6,6.3,7.8,9.7,10.5,14.0,14.3,11.7,9.1,8.4,5.1,6.5,1.2,5.4,5.7,8.2,9.1],[13.6,11.7,9.0,7.9,7.0,9.5,7.0,6.0,7.0,8.3,9.7,13.7,13.1,10.6,9.1,7.3,6.5,7.0,4.9,1.2,4.4,5.9,8.8],[10.3,7.9,6.7,6.3,5.7,8.6,6.5,5.6,4.9,6.3,7.6,12.0,10.4,7.5,6.1,6.3,5.2,7.4,5.4,4.2,0.9,2.2,5.3],[10.6,7.4,6.3,5.5,6.4,9.1,6.9,6.4,5.9,6.1,6.5,11.5,10.1,7.3,5.9,5.5,5.3,8.4,6.6,4.9,2.7,0.9,2.9],[10.4,7.1,6.4,6.7,8.0,10.5,9.2,8.4,7.5,7.8,7.4,13.0,11.0,7.3,5.9,5.9,5.9,10.0,8.6,7.4,4.5,2.8,1.1]],
  "token_chain_ids": ["A","A","A","A","A","A","A","A","A","A","A","A","A","A","A","A","A","A","A","A","A","A","A"],
  "token_res_ids": [1,2,3,4,5,6,7,8,9,10,11,12,13,14,15,16,17,18,19,20,21,22,23]
}