{
  "atom_chain_ids": ["A","A","A","A","A","A","A","A","A","A","A","A","A","A","A","A","A","A","A","A","A","A","A","A","A","A","A","A","A","A","A","A","A","A","A","A","A","A","A","A","A","A","A","A","A","A","A","A","A","A","A","A","A","A","A","A","A","A","A","A","A","A","A","A","A","A","A","A","A","A","A","A","A","A","A","A","A","A","A","A","A","A","A","A","A","A","A","A","A","A","A","A","A","A","A","A","A","A","A","A","A","A","A","A","A","A","A","A","A","A","A","A","A","A","A","A","A","A","A","A","A","A","A","A","A","A","A","A","A","A","A","A","A","A","A","A","A","A","A","A","A","A","A","A","A","A","A","A","A","A","A","A","A","A","A","A","A","A","A","A","A","A","A","A","A","A","A","A"],
  "atom_plddts": [65.14,70.62,63.85,65.28,70.65,76.8,81.09,82.44,83.66,82.02,83.09,83.34,84.19,82.58,81.47,82.83,81.88,79.8,79.69,80.88,81.75,81.81,84.32,78.11,74.79,73.25,78.8,77.61,78.68,79.62,78.35,75.94,76.49,79.56,79.4,79.38,80.18,81.02,80.39,79.27,79.32,80.07,83.17,79.02,77.7,82.39,81.47,82.99,82.76,83.12,80.7,82.47,82.82,84.09,83.05,82.62,83.82,83.22,81.28,81.95,82.16,81.94,81.79,83.44,84.54,81.65,81.17,84.23,84.7,85.83,85.72,86.37,83.92,85.46,86.61,86.93,85.81,84.84,86.13,85.84,84.36,85.36,84.87,85.18,86.75,84.02,81.07,80.02,83.38,84.43,85.68,85.02,86.13,83.51,85.43,86.58,86.75,85.84,84.43,85.75,85.44,83.7,84.66,84.03,84.34,86.45,82.5,79.67,79.07,82.04,82.1,82.57,82.29,82.92,80.42,82.31,83.24,83.21,82.0,80.48,81.53,81.73,80.22,81.03,80.09,80.03,81.87,79.05,75.74,75.03,79.06,80.06,81.0,80.93,80.66,78.48,80.37,81.8,82.2,82.19,82.73,84.39,84.03,82.21,83.17,82.84,82.34,82.93,83.5,77.88,75.97,75.81,77.58,78.51,78.96,78.24,77.37,74.76,75.84,77.78,77.75,76.7,74.56,73.95,73.96,73.26,72.4,74.5],
  "contact_probs": [[1.0,1.0,0.55,0.0,0.0,0.01,0.34,0.99],[1.0,1.0,1.0,0.03,0.39,0.14,0.99,0.95],[0.55,1.0,1.0,0.95,0.95,0.85,0.95,0.43],[0.0,0.03,0.95,1.0,0.98,0.47,0.01,0.01],[0.0,0.39,0.95,0.98,1.0,0.94,0.85,0.01],[0.01,0.14,0.85,0.47,0.94,1.0,0.97,0.21],[0.34,0.99,0.95,0.01,0.85,0.97,1.0,0.99],[0.99,0.95,0.43,0.01,0.01,0.21,0.99,1.0]],
  "pae": [[1.0,1.9,3.5,4.3,5.0,5.0,4.0,4.0],[2.0,1.0,2.1,3.6,3.8,4.1,2.9,3.6],[2.6,2.1,1.0,2.1,3.1,3.6,3.2,3.6],[3.9,3.2,2.7,0.9,2.1,3.0,3.1,4.0],[4.6,3.4,2.9,1.8,0.9,2.0,2.8,3.7],[4.1,3.5,3.1,2.4,1.9,1.0,2.0,2.7],[3.7,3.2,3.4,3.0,2.5,2.2,1.0,2.1],[3.6,3.0,3.3,3.3,3.4,2.9,1.7,1.2]],
  "token_chain_ids": ["A","A","A","A","A","A","A","A"],
  "token_res_ids": [1,2,3,4,5,6,7,8]
}