{
  "atom_chain_ids": ["A","A","A","A","A","A","A","A","A","A","A","A","A","A","A","A","A","A","A","A","A","A","A","A","A","A","A","A","A","A","A","A","A","A","A","A","A","A","A","A","A","A","A","A","A","A","A","A","A","A","A","A","A","A","A","A","A","A","A","A","A","A","A","A","A","A","A","A","A","A","A","A","A","A","A","A","A","A","A","A","A","A","A","A","A","A","A","A","A","A","A","A","A","A","A","A","A","A","A","A","A","A","A","A","A","A","A","A","A","A","A","A","A","A","A","A","A","A","A","A","A","A","A","A","A","A","A","A","A","A","A","A","A","A","A","A","A","A","A","A","A","A","A","A","A","A","A","A","A","A","A","A","A","A","A","A","A","A","A","A","A","A","A","A","A","A","A","A"],
  "atom_plddts": [65.62,71.47,64.73,66.14,71.47,77.54,81.96,83.33,84.5,82.91,83.95,84.17,85.07,83.44,82.33,83.67,82.7,80.59,80.56,81.76,82.63,82.68,85.14,79.21,75.86,74.36,79.87,78.73,79.88,80.7,79.49,77.01,77.65,80.59,80.7,80.69,81.38,82.21,81.66,80.53,80.6,81.31,84.31,80.26,79.0,83.51,82.59,84.31,84.05,84.41,82.03,83.78,84.2,85.5,84.47,84.01,85.16,84.57,82.66,83.41,83.62,83.35,83.25,84.86,85.61,82.65,82.3,85.3,85.85,87.23,87.22,87.72,85.38,86.77,87.79,88.19,87.05,86.06,87.31,86.97,85.47,86.51,86.07,86.41,87.92,85.21,82.41,81.45,84.48,85.46,86.82,86.12,87.15,84.56,86.41,87.54,87.8,86.92,85.54,86.84,86.52,84.81,85.82,85.21,85.52,87.52,83.72,80.89,80.38,83.28,83.42,84.09,83.83,84.37,81.91,83.79,84.72,84.78,83.62,82.04,83.08,83.21,81.71,82.58,81.69,81.66,83.5,80.42,76.96,76.38,80.46,81.46,82.6,82.46,82.28,80.05,81.97,83.29,83.85,83.84,84.25,85.82,85.55,83.78,84.74,84.43,83.93,84.53,85.11,79.04,77.16,76.99,78.67,79.46,79.93,79.19,78.34,75.75,76.92,78.9,78.86,77.84,75.62,75.11,74.99,74.24,73.49,75.67],
  "contact_probs": [[1.0,1.0,0.55,0.0,0.0,0.01,0.34,0.99],[1.0,1.0,1.0,0.03,0.39,0.14,0.99,0.95],[0.55,1.0,1.0,0.95,0.95,0.85,0.95,0.43],[0.0,0.03,0.95,1.0,0.98,0.47,0.01,0.01],[0.0,0.39,0.95,0.98,1.0,0.94,0.85,0.01],[0.01,0.14,0.85,0.47,0.94,1.0,0.97,0.21],[0.34,0.99,0.95,0.01,0.85,0.97,1.0,0.99],[0.99,0.95,0.43,0.01,0.01,0.21,0.99,1.0]],
  "pae": [[1.0,2.0,3.5,4.2,5.0,5.1,4.1,4.2],[2.0,1.0,2.2,3.6,3.8,4.1,3.0,3.6],[2.7,2.1,1.0,2.1,3.0,3.7,3.2,3.8],[4.0,3.2,2.8,0.9,2.0,3.0,3.1,4.1],[4.6,3.4,2.9,1.7,0.9,2.0,2.9,3.8],[4.1,3.4,3.1,2.3,1.9,1.0,2.0,2.8],[3.7,3.2,3.4,2.9,2.5,2.2,1.0,2.1],[3.7,3.2,3.4,3.3,3.4,2.9,1.7,1.2]],
  "token_chain_ids": ["A","A","A","A","A","A","A","A"],
  "token_res_ids": [1,2,3,4,5,6,7,8]
}