{
  "atom_chain_ids": ["A","A","A","A","A","A","A","A","A","A","A","A","A","A","A","A","A","A","A","A","A","A","A","A","A","A","A","A","A","A","A","A","A","A","A","A","A","A","A","A","A","A","A","A","A","A","A","A","A","A","A","A","A","A","A","A","A","A","A","A","A","A","A","A","A","A","A","A","A","A","A","A","A","A","A","A","A","A","A","A","A","A","A","A","A","A","A","A","A","A","A","A","A","A","A","A","A","A","A","A","A","A","A","A","A","A","A","A","A","A","A","A","A","A","A","A","A","A","A","A","A","A","A","A","A","A","A","A","A","A","A","A","A","A","A","A","A","A","A","A","A","A","A","A","A","A","A","A","A","A","A","A","A","A","A","A","A","A","A","A","A","A","A","A","A","A","A","A"],
  "atom_plddts": [67.18,73.1,66.47,67.64,72.99,78.93,83.35,84.77,85.73,84.26,85.31,85.52,86.39,84.83,83.62,84.97,84.0,81.85,82.01,83.21,83.99,84.11,86.38,80.57,77.12,75.46,81.04,79.69,81.0,81.88,80.81,78.32,79.19,81.98,82.12,82.08,82.6,83.55,82.88,81.61,81.82,82.6,84.65,80.46,79.22,83.69,82.75,84.43,84.13,84.55,82.02,84.05,84.64,85.81,84.7,84.46,85.78,85.08,83.07,84.06,84.29,83.85,83.91,85.36,86.27,83.11,82.71,86.0,86.49,88.07,87.99,88.68,86.28,87.97,89.34,89.29,88.07,87.17,88.7,88.13,86.43,87.7,87.33,87.81,89.57,87.85,85.03,84.35,87.19,88.23,89.68,89.26,89.8,87.62,88.94,89.82,90.27,89.43,88.29,89.33,88.96,87.43,88.42,88.02,88.37,89.8,86.24,83.58,82.92,85.36,85.16,85.59,85.06,85.51,82.77,84.62,85.68,85.73,84.27,82.88,84.14,83.94,82.18,83.42,82.49,82.5,84.34,83.95,80.58,80.37,83.51,84.17,85.46,85.15,85.01,82.56,84.39,85.65,86.61,86.47,86.91,88.38,88.17,86.4,87.45,87.14,86.51,87.0,87.68,82.19,80.0,79.82,81.74,82.23,83.17,82.47,81.72,79.22,80.53,82.26,82.6,81.64,79.18,79.05,78.71,77.67,77.3,79.48],
  "contact_probs": [[1.0,1.0,0.55,0.0,0.0,0.01,0.34,0.99],[1.0,1.0,1.0,0.03,0.39,0.14,0.99,0.95],[0.55,1.0,1.0,0.95,0.95,0.85,0.95,0.43],[0.0,0.03,0.95,1.0,0.98,0.47,0.01,0.01],[0.0,0.39,0.95,0.98,1.0,0.94,0.85,0.01],[0.01,0.14,0.85,0.47,0.94,1.0,0.97,0.21],[0.34,0.99,0.95,0.01,0.85,0.97,1.0,0.99],[0.99,0.95,0.43,0.01,0.01,0.21,0.99,1.0]],
  "pae": [[0.9,1.9,3.6,4.6,5.1,5.4,4.1,3.9],[1.7,0.9,2.1,3.7,3.6,4.5,2.9,3.3],[2.9,2.3,1.0,2.0,2.8,3.5,3.3,4.1],[3.7,2.7,2.0,0.9,2.0,3.1,3.1,4.0],[4.3,3.1,2.4,1.8,0.9,2.2,2.7,3.6],[4.3,3.7,3.1,3.1,2.7,1.0,2.0,3.0],[3.7,3.1,3.2,3.1,2.6,2.3,0.9,2.2],[3.8,3.0,3.4,3.5,3.4,3.2,1.7,1.2]],
  "token_chain_ids": ["A","A","A","A","A","A","A","A"],
  "token_res_ids": [1,2,3,4,5,6,7,8]
}