{
  "atom_chain_ids": ["A","A","A","A","A","A","A","A","A","A","A","A","A","A","A","A","A","A","A","A","A","A","A","A","A","A","A","A","A","A","A","A","A","A","A","A","A","A","A","A","A","A","A","A","A","A","A","A","A","A","A","A","A","A","A","A","A","A","A","A","A","A","A","A","A","A","A","A","A","A","A","A","A","A","A","A","A","A","A","A","A","A","A","A","A","A","A","A","A","A","A","A","A","A","A","A","A","A","A","A","A","A","A","A","A","A","A","A","A","A","A","A","A","A","A","A","A","A","A","A","A","A","A","A","A","A","A","A","A","A","A","A","A","A","A","A","A","A","A","A","A","A","A","A","A","A","A","A","A","A","A","A","A","A","A","A","A","A","A","A","A","A","A","A","A","A","A","A"],
  "atom_plddts": [64.67,70.39,63.74,65.12,70.43,76.58,81.05,82.5,83.69,82.07,83.21,83.54,84.33,82.6,81.59,83.0,81.92,79.75,79.71,81.0,81.91,81.97,84.48,79.05,75.73,74.11,79.69,78.44,79.58,80.42,79.11,76.64,77.21,80.36,80.3,80.29,81.08,81.95,81.33,80.16,80.22,80.99,83.75,79.73,78.48,82.92,82.08,83.65,83.39,83.76,81.31,83.12,83.57,84.82,83.75,83.27,84.48,83.82,81.85,82.62,82.86,82.59,82.46,84.09,85.8,82.8,82.43,85.45,85.98,87.46,87.4,87.96,85.61,87.0,88.02,88.45,87.33,86.3,87.55,87.24,85.74,86.77,86.32,86.66,88.16,85.2,82.35,81.42,84.46,85.55,86.96,86.29,87.3,84.7,86.51,87.63,87.9,86.98,85.6,86.91,86.58,84.85,85.87,85.25,85.55,87.58,83.68,80.93,80.4,83.19,83.27,83.87,83.57,84.15,81.65,83.56,84.52,84.57,83.41,81.82,82.9,83.03,81.52,82.4,81.49,81.45,83.33,80.54,76.99,76.34,80.6,81.56,82.77,82.63,82.48,80.25,82.12,83.52,84.05,84.0,84.37,85.96,85.67,83.85,84.8,84.52,84.06,84.67,85.28,79.4,77.51,77.32,78.99,79.77,80.29,79.52,78.64,76.05,77.18,79.13,79.15,78.12,75.83,75.3,75.19,74.42,73.68,75.87],
  "contact_probs": [[1.0,1.0,0.55,0.0,0.0,0.01,0.34,0.99],[1.0,1.0,1.0,0.03,0.39,0.14,0.99,0.95],[0.55,1.0,1.0,0.95,0.95,0.85,0.95,0.43],[0.0,0.03,0.95,1.0,0.98,0.47,0.01,0.01],[0.0,0.39,0.95,0.98,1.0,0.94,0.85,0.01],[0.01,0.14,0.85,0.47,0.94,1.0,0.97,0.21],[0.34,0.99,0.95,0.01,0.85,0.97,1.0,0.99],[0.99,0.95,0.43,0.01,0.01,0.21,0.99,1.0]],
  "pae": [[1.0,2.0,3.5,4.3,5.0,5.1,4.0,4.2],[2.0,1.0,2.2,3.6,3.8,4.0,3.0,3.7],[2.8,2.3,1.0,2.2,3.1,3.6,3.3,3.9],[4.1,3.3,2.8,0.9,2.1,3.0,3.3,4.2],[4.7,3.5,2.9,1.7,0.9,2.1,3.0,3.8],[4.1,3.6,3.1,2.3,2.0,1.0,2.1,2.9],[3.7,3.4,3.4,3.0,2.6,2.2,1.0,2.2],[3.6,3.2,3.4,3.3,3.4,3.0,1.8,1.2]],
  "token_chain_ids": ["A","A","A","A","A","A","A","A"],
  "token_res_ids": [1,2,3,4,5,6,7,8]
}