{
  "atom_chain_ids": ["A","A","A","A","A","A","A","A","A","A","A","A","A","A","A","A","A","A","A","A","A","A","A","A","A","A","A","A","A","A","A","A","A","A","A","A","A","A","A","A","A","A","A","A","A","A","A","A","A","A","A","A","A","A","A","A","A","A","A","A","A","A","A","A","A","A","A","A","A","A","A","A","A","A","A","A","A","A","A","A","A","A","A","A","A","A","A","A","A","A","A","A","A","A","A","A","A","A","A","A","A","A","A","A","A","A","A","A","A","A","A","A","A","A","A","A","A","A","A","A","A","A","A","A","A","A","A","A","A","A","A","A","A","A","A","A","A","A","A","A","A","A","A","A","A","A","A","A","A","A","A","A","A","A","A","A","A","A","A","A","A","A","A","A","A","A","A","A"],
  "atom_plddts": [65.55,71.97,65.24,66.71,72.12,78.55,83.43,84.94,85.92,84.41,85.53,85.83,86.73,85.08,83.9,85.22,84.24,82.05,82.19,83.4,84.28,84.43,86.75,80.89,77.08,75.5,81.63,80.65,82.34,83.14,82.09,79.53,80.29,83.08,83.33,83.29,83.5,84.34,83.82,82.56,82.71,83.43,85.73,81.74,80.66,84.79,83.86,85.71,85.45,85.64,83.33,85.09,85.5,86.89,85.88,85.61,86.67,86.15,84.35,85.2,85.35,85.0,84.89,86.4,87.21,84.25,83.95,86.85,87.27,88.83,88.79,89.2,86.99,88.37,89.35,89.74,88.63,87.62,88.82,88.41,86.87,87.93,87.61,88.0,89.4,87.7,85.02,84.44,86.96,88.17,89.72,89.21,89.78,87.58,89.03,89.71,90.44,89.76,88.49,89.43,89.3,87.96,88.83,88.32,88.55,89.94,85.33,82.37,81.9,84.76,84.86,85.83,85.59,86.02,83.5,85.27,86.22,86.41,85.13,83.57,84.74,84.78,83.15,84.18,83.26,83.26,85.23,83.61,80.27,80.03,83.35,84.08,85.53,85.15,85.11,82.7,84.57,85.83,86.82,86.77,87.01,88.43,88.31,86.64,87.6,87.29,86.7,87.24,87.87,81.03,78.8,78.7,80.87,81.57,82.65,82.03,81.23,78.68,79.95,81.99,82.09,81.04,78.35,78.12,77.73,76.67,76.18,78.63],
  "contact_probs": [[1.0,1.0,0.55,0.0,0.0,0.01,0.34,0.99],[1.0,1.0,1.0,0.03,0.39,0.14,0.99,0.95],[0.55,1.0,1.0,0.95,0.95,0.85,0.95,0.43],[0.0,0.03,0.95,1.0,0.98,0.47,0.01,0.01],[0.0,0.39,0.95,0.98,1.0,0.94,0.85,0.01],[0.01,0.14,0.85,0.47,0.94,1.0,0.97,0.21],[0.34,0.99,0.95,0.01,0.85,0.97,1.0,0.99],[0.99,0.95,0.43,0.01,0.01,0.21,0.99,1.0]],
  "pae": [[1.0,2.0,3.7,4.6,5.2,5.3,4.1,4.1],[1.9,1.0,2.3,3.8,3.6,4.5,2.9,3.5],[3.1,2.7,1.0,2.0,3.6,4.0,3.6,4.5],[4.0,3.2,2.7,1.0,2.7,3.4,3.2,4.2],[4.6,3.7,3.1,1.8,1.0,2.1,2.9,4.0],[4.3,3.6,3.1,2.7,2.3,1.0,2.1,3.0],[3.7,3.3,3.2,3.0,2.5,2.2,0.9,2.2],[3.8,3.6,3.8,3.7,3.4,3.3,1.8,1.2]],
  "token_chain_ids": ["A","A","A","A","A","A","A","A"],
  "token_res_ids": [1,2,3,4,5,6,7,8]
}