{
  "atom_chain_ids": ["A","A","A","A","A","A","A","A","A","A","A","A","A","A","A","A","A","A","A","A","A","A","A","A","A","A","A","A","A","A","A","A","A","A","A","A","A","A","A","A","A","A","A","A","A","A","A","A","A","A","A","A","A","A","A","A","A","A","A","A","A","A","A","A","A","A","A","A","A","A","A","A","A","A","A","A","A","A","A","A","A","A","A","A","A","A","A","A","A","A","A","A","A","A","A","A","A","A","A","A","A","A","A","A","A","A","A","A","A","A","A","A","A","A","A","A","A","A","A","A","A","A","A","A","A","A","A","A","A","A","A","A","A","A","A","A","A","A","A","A","A","A","A","A","A","A","A","A","A","A","A","A","A","A","A","A","A","A","A","A","A","A","A","A","A","A","A","A","A","A","A","A","A","A","A","A","A","A","A","A","A","A","A","A","A","A","A","A","A","A","A","A","A","A","A","A","A","A","A","A","A","A","A","A","A","A","A","A","A","A","A","A","A","A","A","A","A","A","A","A","A","A","A","A","A","A","A","A","A","A","A","A","A","A","A"],
  "atom_plddts": [57.45,58.5,54.0,55.3,58.16,61.04,62.86,63.95,63.05,61.98,62.54,62.88,62.75,62.75,63.19,63.72,64.23,63.88,62.88,62.89,63.26,63.05,64.81,60.27,56.65,56.59,60.18,61.06,62.57,64.02,63.09,61.46,61.92,61.52,61.93,62.07,62.9,63.51,64.06,63.49,63.26,62.91,62.86,62.58,64.0,62.37,59.32,61.15,63.89,63.59,65.41,64.54,65.05,63.96,61.8,62.45,62.69,61.07,59.66,59.3,59.04,58.32,57.32,58.14,60.14,61.2,56.15,57.49,62.1,62.46,64.6,65.45,65.67,64.41,63.56,63.43,64.98,63.93,62.04,61.44,61.89,61.21,59.57,60.3,62.08,60.36,56.49,56.89,61.11,63.19,64.38,65.72,64.75,63.31,64.59,65.32,64.63,64.86,65.29,66.09,66.48,65.97,65.63,65.54,65.71,65.66,66.76,58.17,55.56,56.03,58.35,60.27,61.27,62.46,61.93,60.2,61.14,61.28,60.61,60.87,61.73,62.47,62.91,62.55,62.12,61.93,61.98,61.4,62.59,62.32,59.67,61.03,62.93,62.26,63.76,63.11,63.36,61.77,60.41,61.02,61.69,60.86,60.61,60.09,60.14,59.77,58.59,59.3,60.63,58.62,54.16,54.36,58.74,59.89,60.87,61.13,62.0,60.73,61.14,60.29,60.49,59.47,59.49,59.76,59.51,58.55,57.35,58.38,59.76,58.24,60.47,60.76,57.47,59.09,62.0,62.4,63.95,63.53,64.7,63.25,61.38,62.29,61.98,60.63,59.86,59.32,59.0,58.39,57.13,58.18,60.41,57.55,53.36,54.28,58.05,59.37,60.64,61.78,61.74,60.28,60.94,61.27,60.97,61.16,61.85,62.57,62.85,62.47,61.83,61.91,62.37,61.72,62.73,63.33,60.61,60.36,62.16,63.6,63.97,64.57,64.39,62.39,63.96,62.71,63.42,63.39,64.82,65.08,65.79,65.5,65.02,64.98,65.06,64.25,65.58],
  "contact_probs": [[1.0,1.0,0.19,0.45,0.46,0.25,0.09,0.18,0.13,0.2,0.18],[1.0,1.0,0.65,0.89,0.56,0.18,0.03,0.06,0.04,0.12,0.21],[0.19,0.65,1.0,0.41,0.16,0.05,0.03,0.03,0.02,0.03,0.05],[0.45,0.89,0.41,1.0,0.82,0.17,0.02,0.04,0.04,0.1,0.29],[0.46,0.56,0.16,0.82,1.0,0.98,0.48,0.26,0.09,0.2,0.26],[0.25,0.18,0.05,0.17,0.98,1.0,0.9,0.73,0.19,0.42,0.24],[0.09,0.03,0.03,0.02,0.48,0.9,1.0,0.85,0.22,0.2,0.12],[0.18,0.06,0.03,0.04,0.26,0.73,0.85,1.0,0.72,0.72,0.25],[0.13,0.04,0.02,0.04,0.09,0.19,0.22,0.72,1.0,0.69,0.16],[0.2,0.12,0.03,0.1,0.2,0.42,0.2,0.72,0.69,1.0,0.98],[0.18,0.21,0.05,0.29,0.26,0.24,0.12,0.25,0.16,0.98,1.0]],
  "pae": [[1.2,4.6,8.3,6.4,9.1,8.4,10.0,9.8,13.8,11.5,12.5],[3.4,1.1,5.3,7.2,6.9,7.8,9.7,12.0,12.4,12.9,12.7],[6.4,5.0,1.7,7.6,8.5,9.9,13.1,14.2,15.5,15.2,15.4],[7.5,6.8,9.0,1.5,7.7,6.5,11.1,11.9,14.9,14.7,13.5],[9.7,7.4,8.7,6.3,1.1,3.4,7.6,8.4,13.0,10.3,10.4],[11.0,9.1,10.3,6.6,4.4,1.0,5.3,4.8,8.9,8.7,10.1],[13.1,12.3,14.0,11.0,6.8,5.0,1.6,5.4,9.8,10.3,11.6],[11.8,12.6,13.7,12.7,10.6,5.4,7.8,1.3,5.7,6.6,8.1],[12.8,14.8,14.9,15.5,12.5,8.6,10.4,4.9,1.5,6.9,8.1],[12.1,11.9,12.6,12.5,10.6,9.2,9.1,6.3,5.9,1.1,4.1],[12.9,11.6,13.7,13.6,10.8,8.2,8.9,6.5,6.2,3.1,1.5]],
  "token_chain_ids": ["A","A","A","A","A","A","A","A","A","A","A"],
  "token_res_ids": [1,2,3,4,5,6,7,8,9,10,11]
}