{
  "atom_chain_ids": ["A","A","A","A","A","A","A","A","A","A","A","A","A","A","A","A","A","A","A","A","A","A","A","A","A","A","A","A","A","A","A","A","A","A","A","A","A","A","A","A","A","A","A","A","A","A","A","A","A","A","A","A","A","A","A","A","A","A","A","A","A","A","A","A","A","A","A","A","A","A","A","A","A","A","A","A","A","A","A","A","A","A","A","A","A","A","A","A","A","A","A","A","A","A","A","A","A","A","A","A","A","A","A","A","A","A","A","A","A","A","A","A","A","A","A","A","A","A","A","A","A","A","A","A","A","A","A","A","A","A","A","A","A","A","A","A","A","A","A","A","A","A","A","A","A","A","A","A","A","A","A","A","A","A","A","A","A","A","A","A","A","A","A","A","A","A","A","A","A","A","A","A","A","A","A","A","A","A","A","A","A","A","A","A","A","A","A","A","A","A","A","A","A","A","A","A","A","A","A","A","A","A","A","A","A","A","A","A","A","A","A","A","A","A","A","A","A","A","A","A","A","A","A","A","A","A","A","A","A","A","A","A","A","A","A"],
  "atom_plddts": [57.91,58.82,54.21,55.55,58.53,61.6,63.47,64.49,63.58,62.5,63.16,63.65,63.42,63.48,64.01,64.62,65.08,64.73,63.75,63.79,64.17,64.0,65.69,61.0,57.52,57.5,60.97,61.61,62.95,64.43,63.41,61.83,62.29,61.95,62.46,62.63,63.46,64.16,64.74,64.16,63.95,63.52,63.42,63.12,64.54,63.66,60.37,62.36,65.29,64.97,66.86,66.17,66.56,65.5,63.4,64.21,64.5,62.95,61.58,61.29,61.18,60.44,59.55,60.13,62.04,60.58,55.08,56.41,61.6,62.19,64.53,65.57,65.86,64.59,63.92,63.93,65.35,64.39,62.55,62.03,62.41,61.76,60.14,60.9,62.7,61.57,57.66,58.11,62.49,64.78,65.94,67.19,66.12,64.69,66.11,66.76,66.12,66.34,66.69,67.48,67.94,67.42,67.11,66.97,67.1,67.05,68.15,61.49,58.85,59.32,61.93,63.98,64.91,66.03,65.17,63.42,64.65,64.65,64.16,64.39,64.98,65.62,66.25,65.85,65.4,65.16,65.13,64.54,65.91,62.49,59.96,61.36,63.17,62.44,63.98,63.33,63.56,61.89,60.52,61.49,62.0,61.21,60.95,60.55,60.56,60.19,59.13,59.69,61.05,62.17,57.69,57.89,62.27,63.72,64.74,65.15,65.37,64.0,64.93,64.21,64.32,63.51,63.64,63.86,63.84,62.88,61.73,62.79,63.86,62.56,64.58,59.66,56.29,57.89,60.73,61.02,62.44,62.16,63.23,61.92,60.15,61.05,60.81,59.64,59.12,58.67,58.26,57.67,56.41,57.49,59.68,59.4,54.93,55.84,60.01,61.33,62.49,63.71,63.38,61.99,63.04,63.48,63.18,63.49,64.23,65.0,65.34,64.96,64.35,64.51,64.85,64.39,65.29,65.37,62.89,62.46,64.2,65.81,66.03,66.75,66.22,64.3,66.13,64.88,65.61,65.68,66.94,67.22,67.96,67.67,67.28,67.24,67.24,66.5,67.76],
  "contact_probs": [[1.0,1.0,0.19,0.45,0.46,0.25,0.09,0.18,0.13,0.2,0.18],[1.0,1.0,0.65,0.89,0.56,0.18,0.03,0.06,0.04,0.12,0.21],[0.19,0.65,1.0,0.41,0.16,0.05,0.03,0.03,0.02,0.03,0.05],[0.45,0.89,0.41,1.0,0.82,0.17,0.02,0.04,0.04,0.1,0.29],[0.46,0.56,0.16,0.82,1.0,0.98,0.48,0.26,0.09,0.2,0.26],[0.25,0.18,0.05,0.17,0.98,1.0,0.9,0.73,0.19,0.42,0.24],[0.09,0.03,0.03,0.02,0.48,0.9,1.0,0.85,0.22,0.2,0.12],[0.18,0.06,0.03,0.04,0.26,0.73,0.85,1.0,0.72,0.72,0.25],[0.13,0.04,0.02,0.04,0.09,0.19,0.22,0.72,1.0,0.69,0.16],[0.2,0.12,0.03,0.1,0.2,0.42,0.2,0.72,0.69,1.0,0.98],[0.18,0.21,0.05,0.29,0.26,0.24,0.12,0.25,0.16,0.98,1.0]],
  "pae": [[1.2,4.6,8.1,6.7,8.4,9.0,9.5,9.8,13.7,10.5,12.7],[3.9,1.1,5.8,7.9,7.0,8.4,10.5,11.7,13.1,12.7,12.7],[7.4,5.3,1.8,8.4,8.1,10.4,13.4,14.7,16.0,14.9,15.5],[8.7,7.7,9.7,1.5,8.6,7.7,11.4,14.5,15.4,15.0,14.1],[10.2,7.9,8.9,6.8,1.1,4.0,7.4,8.4,13.0,10.4,10.8],[9.9,9.3,10.2,6.4,4.7,1.1,6.0,5.6,10.0,10.7,10.7],[11.2,11.4,13.6,10.8,6.2,5.0,1.5,5.5,7.7,8.5,11.3],[12.0,12.8,14.5,12.8,10.3,5.2,5.2,1.2,5.6,6.7,7.6],[14.0,15.0,14.9,15.7,12.7,8.6,8.5,4.9,1.4,6.0,7.3],[11.8,11.9,12.0,12.6,10.4,8.4,7.9,6.8,5.7,1.1,4.0],[12.3,11.3,13.2,13.7,10.0,8.4,8.9,7.3,6.2,2.6,1.4]],
  "token_chain_ids": ["A","A","A","A","A","A","A","A","A","A","A"],
  "token_res_ids": [1,2,3,4,5,6,7,8,9,10,11]
}