{
  "atom_chain_ids": ["A","A","A","A","A","A","A","A","A","A","A","A","A","A","A","A","A","A","A","A","A","A","A","A","A","A","A","A","A","A","A","A","A","A","A","A","A","A","A","A","A","A","A","A","A","A","A","A","A","A","A","A","A","A","A","A","A","A","A","A","A","A","A","A","A","A","A","A","A","A","A","A","A","A","A","A","A","A","A","A","A","A","A","A","A","A","A","A","A","A","A","A","A","A","A","A","A","A","A","A","A","A","A","A","A","A","A","A","A","A","A","A","A","A","A","A","A","A","A","A","A","A","A","A","A","A","A","A","A","A","A","A","A","A","A","A","A","A","A","A","A","A","A","A","A","A","A","A","A","A","A","A","A","A","A","A","A","A","A","A","A","A","A","A","A","A","A","A","A","A","A","A","A","A","A","A","A","A","A","A","A","A","A","A","A","A","A","A","A","A","A","A","A","A","A","A","A","A","A","A","A","A","A","A","A","A","A","A","A","A","A","A","A","A","A","A","A","A","A","A","A","A","A","A","A","A","A","A","A","A","A","A","A","A","A"],
  "atom_plddts": [64.23,64.54,60.12,61.41,64.48,67.52,68.98,69.93,69.18,68.02,69.29,69.28,69.56,69.84,69.73,70.32,70.99,70.64,69.72,69.82,69.99,69.91,71.53,65.6,62.54,62.37,65.7,66.55,67.82,69.03,67.86,66.54,67.53,66.99,67.7,68.01,68.38,68.91,69.72,69.29,69.04,68.64,68.51,68.32,69.54,65.82,62.68,64.54,66.81,66.06,67.82,67.46,67.27,66.51,64.66,64.64,65.72,64.43,63.48,62.89,63.19,62.47,61.48,62.08,63.62,66.13,61.13,62.73,66.84,67.8,70.05,71.04,70.92,69.57,69.45,69.08,70.81,70.2,67.92,67.28,68.26,67.62,66.1,66.52,67.89,65.59,61.73,61.95,66.69,69.25,70.37,71.48,70.56,69.34,71.02,71.27,70.95,71.15,70.63,71.21,71.83,71.29,70.91,70.87,71.0,71.12,72.25,65.26,62.79,63.0,65.64,67.52,67.97,69.03,67.89,66.39,68.01,67.74,67.52,67.81,68.06,68.47,69.13,68.83,68.34,68.19,68.19,67.75,68.9,64.87,62.25,63.68,65.24,64.46,65.94,65.51,65.31,63.67,62.59,63.19,63.95,63.31,63.21,62.63,62.9,62.54,61.5,62.0,63.15,61.22,56.95,57.21,61.35,62.55,63.3,63.94,64.03,62.88,63.66,62.88,63.01,62.31,62.41,62.59,62.58,61.75,60.51,61.5,62.59,61.36,63.25,62.08,58.74,60.26,63.4,63.6,65.06,64.45,65.69,64.32,62.28,63.05,62.93,61.4,60.53,59.85,59.5,58.76,57.36,58.57,60.98,60.22,55.94,56.75,60.69,62.01,63.28,64.51,64.02,62.64,63.64,63.73,63.72,64.0,64.54,65.11,65.56,65.14,64.44,64.62,64.97,64.42,65.53,64.81,61.8,61.66,63.82,65.56,66.22,67.03,66.31,64.69,66.31,64.89,65.8,65.99,66.96,66.98,67.83,67.62,67.04,67.05,67.11,66.46,67.77],
  "contact_probs": [[1.0,1.0,0.19,0.45,0.46,0.25,0.09,0.18,0.13,0.2,0.18],[1.0,1.0,0.65,0.89,0.56,0.18,0.03,0.06,0.04,0.12,0.21],[0.19,0.65,1.0,0.41,0.16,0.05,0.03,0.03,0.02,0.03,0.05],[0.45,0.89,0.41,1.0,0.82,0.17,0.02,0.04,0.04,0.1,0.29],[0.46,0.56,0.16,0.82,1.0,0.98,0.48,0.26,0.09,0.2,0.26],[0.25,0.18,0.05,0.17,0.98,1.0,0.9,0.73,0.19,0.42,0.24],[0.09,0.03,0.03,0.02,0.48,0.9,1.0,0.85,0.22,0.2,0.12],[0.18,0.06,0.03,0.04,0.26,0.73,0.85,1.0,0.72,0.72,0.25],[0.13,0.04,0.02,0.04,0.09,0.19,0.22,0.72,1.0,0.69,0.16],[0.2,0.12,0.03,0.1,0.2,0.42,0.2,0.72,0.69,1.0,0.98],[0.18,0.21,0.05,0.29,0.26,0.24,0.12,0.25,0.16,0.98,1.0]],
  "pae": [[1.2,3.6,5.7,5.5,5.2,6.8,7.2,8.8,12.7,8.9,8.6],[2.4,1.0,4.4,5.8,5.2,6.5,7.8,10.0,12.4,10.6,7.7],[5.2,4.9,1.4,5.6,6.5,8.7,10.2,12.1,13.0,12.4,9.9],[6.1,4.7,5.3,1.4,4.4,5.8,8.0,9.7,11.8,11.2,8.0],[6.2,5.3,6.2,4.3,1.0,3.0,5.5,7.0,10.0,7.4,6.9],[6.5,6.6,7.2,4.9,3.5,1.0,3.9,5.6,8.3,7.7,7.0],[7.8,8.8,9.8,7.0,4.9,4.0,1.4,4.2,6.5,6.7,8.9],[9.6,11.3,12.0,10.2,9.0,5.6,5.1,1.1,4.4,5.5,7.7],[13.4,13.7,14.6,12.9,11.5,9.5,6.9,3.9,1.4,6.6,8.6],[9.0,9.7,10.5,8.1,7.0,5.4,6.8,5.9,5.7,1.0,3.3],[8.6,8.6,9.3,6.9,5.9,5.0,7.7,6.9,7.1,2.7,1.3]],
  "token_chain_ids": ["A","A","A","A","A","A","A","A","A","A","A"],
  "token_res_ids": [1,2,3,4,5,6,7,8,9,10,11]
}