{
  "atom_chain_ids": ["A","A","A","A","A","A","A","A","A","A","A","A","A","A","A","A","A","A","A","A","A","A","A","A","A","A","A","A","A","A","A","A","A","A","A","A","A","A","A","A","A","A","A","A","A","A","A","A","A","A","A","A","A","A","A","A","A","A","A","A","A","A","A","A","A","A","A","A","A","A","A","A","A","A","A","A","A","A","A","A","A","A","A","A","A","A","A","A","A","A","A","A","A","A","A","A","A","A","A","A","A","A","A","A","A","A","A","A","A","A","A","A","A","A","A","A","A","A","A","A","A","A","A","A","A","A","A","A","A","A","A","A","A","A","A","A","A","A","A","A","A","A","A","A","A","A","A","A","A","A","A","A","A","A","A","A","A","A","A","A","A","A","A","A","A","A","A","A","A","A","A","A","A","A","A","A","A","A","A","A","A","A","A","A","A","A","A","A","A","A","A","A","A","A","A","A","A","A","A","A","A","A","A","A","A","A","A","A","A","A","A","A","A","A","A","A","A","A","A","A","A","A","A","A","A","A","A","A","A","A","A","A","A","A","A","A","A","A","A","A","A","A","A","A","A","A","A","A","A","A","A","A","A","A","A","A","A","A","A","A","A","A","A","A","A","A","A","A","A","A","A","A","A","A","A","A","A","A","A","A","A","A","A","A","A","A","A","A","A","A","A","A","A","A","A","A","A","A","A","A","A","A","A","A","A","A","A","A","A","A","A","A","A","A","A","A","A","A","A","A","A","A","A","A","A","A","A","A","A","A","A","A","A","A","A","A","A","A","A","A","A","A","A","A","A","A","A","A","A","A","A","A","A","A","A","A","A","A","A","A","A","A","A","A","A","A","A","A","A","A","A","A","A","A","A","A","A","A","A","A","A","A","A","A","A","A","A","A","A","A","A","A","A","A","A","A","A","A","A","A","A","A","A","A","A","A","A","A","A","A","A","A","A","A","A","A","A","A","A","A","A","A","A","A","A","A","A","A","A","A","A","A","A","A","A","A","A","A","A","A","A","A","A","A","A","A","A","A","A","A","A","A","A","A","A","A","A","A","A","A","A","A","A","A","A","A","A","A","A","A","A","A","A","A","A","A","A","A","A","A","A","A","A","A","A","A","A","A","A"],
  "atom_plddts": [43.91,44.56,39.75,38.17,45.34,45.51,46.08,46.44,48.79,48.73,47.5,46.38,46.77,45.39,43.43,42.49,42.43,41.76,40.62,41.73,43.72,53.57,48.58,48.2,53.12,53.91,54.89,55.17,56.54,55.36,55.67,52.51,54.62,53.7,51.39,51.1,51.0,49.64,47.81,48.66,50.18,50.58,54.82,51.4,52.59,55.36,56.88,57.43,60.06,59.31,58.08,58.6,58.07,58.04,58.71,58.32,58.73,59.69,59.56,58.64,58.18,58.28,57.88,59.19,59.84,58.13,58.36,59.65,60.19,60.58,62.87,61.63,60.44,60.42,60.16,60.54,61.25,61.16,61.42,62.68,62.67,61.97,61.24,61.25,60.74,61.82,58.38,56.75,56.63,57.47,57.42,56.93,58.0,57.37,56.4,56.03,54.37,55.83,55.66,55.92,56.0,56.95,56.78,55.78,55.39,55.55,54.4,56.02,43.52,41.7,40.44,42.67,42.95,43.22,41.29,44.03,42.4,42.7,40.54,41.4,39.56,36.82,36.04,35.5,34.81,33.91,35.27,37.25,43.13,39.58,37.94,43.28,43.9,45.33,44.54,46.92,45.56,45.66,44.09,45.37,44.18,41.3,41.0,40.7,39.88,38.84,39.82,41.71,51.29,46.93,46.35,50.79,50.95,52.34,51.4,53.43,52.14,51.96,49.04,51.71,50.19,47.73,47.54,47.09,45.52,44.07,44.82,46.61,46.85,52.17,47.58,48.84,52.53,54.45,55.48,58.26,57.46,56.29,56.22,56.26,56.24,56.93,56.46,57.02,57.76,57.55,56.63,56.27,56.55,56.22,57.57,57.33,55.16,55.77,57.35,58.97,59.34,62.06,60.83,59.68,59.69,59.98,59.88,60.68,60.44,60.8,61.82,61.73,61.06,60.53,60.62,60.36,61.35,58.15,56.96,56.69,57.06,56.51,56.25,57.39,56.74,55.59,55.3,53.79,55.44,55.31,56.18,56.47,57.1,57.0,56.15,55.85,55.94,54.96,56.31,50.24,48.59,47.67,49.73,49.15,48.42,46.87,49.1,47.81,47.35,45.42,46.93,45.01,43.4,42.64,42.17,41.68,40.32,41.7,43.78,49.36,45.2,44.36,49.83,50.01,50.14,49.74,52.0,51.03,50.48,48.66,50.16,48.8,46.36,45.53,45.03,44.22,42.59,44.3,46.58,58.0,53.69,52.63,56.97,58.15,58.51,58.81,59.57,58.41,59.0,55.37,57.58,56.61,54.61,54.08,54.33,52.89,50.69,51.72,53.17,53.27,61.04,57.66,57.98,61.19,62.88,63.51,65.9,65.18,63.94,65.15,64.52,64.58,65.14,64.66,64.87,65.97,65.87,64.8,64.56,64.77,64.43,65.92,63.19,61.38,61.06,62.87,63.94,64.35,66.26,65.17,64.22,64.44,63.81,64.19,64.86,64.72,64.89,66.03,66.04,65.21,64.71,64.78,64.27,65.46,60.61,59.01,58.51,59.63,59.24,58.84,59.93,59.24,58.17,57.84,55.9,57.31,57.2,57.88,57.87,58.83,58.68,57.39,57.21,57.35,56.03,57.9,45.03,43.53,42.23,43.62,44.14,43.71,42.1,44.7,43.03,43.65,41.06,41.94,40.17,37.41,36.47,35.94,35.28,34.2,35.67,37.74,45.86,41.88,40.53,45.96,46.47,47.36,47.0,49.18,48.13,48.03,46.22,47.67,46.57,43.81,43.29,42.9,42.02,40.71,42.04,44.08,55.55,51.03,50.59,55.08,55.29,56.24,56.15,57.23,56.18,56.06,52.67,54.94,53.6,51.32,50.8,50.77,49.11,47.28,48.34,49.98,49.96,58.53,54.69,55.29,58.73,60.03,60.76,63.01,62.31,61.08,61.85,61.0,61.18,61.8,61.75,62.06,63.16,63.04,61.95,61.65,61.72,61.32,62.88,62.04,60.24,60.02,61.95,63.0,63.39,65.44,64.31,63.34,63.76,63.39,63.46,64.26,64.11,64.42,65.59,65.61,64.81,64.3,64.3,63.96,65.08,62.29,60.28,59.38,60.68,61.5,61.4,62.21,61.7,60.41,60.88,58.83,60.07,60.05,60.4,60.09,61.47,61.43,60.03,59.73,59.77,58.9,60.93],
  "contact_probs": [[1.0,0.81,0.17,0.02,0.01,0.01,0.01,0.01,0.0,0.01,0.05,0.15,0.29,0.53,0.13,0.02,0.01,0.02,0.03,0.03,0.04,0.23,0.54],[0.81,1.0,0.81,0.13,0.01,0.01,0.01,0.01,0.01,0.04,0.16,0.26,0.33,0.46,0.13,0.03,0.01,0.01,0.03,0.05,0.1,0.41,0.61],[0.17,0.81,1.0,0.99,0.23,0.02,0.03,0.03,0.14,0.23,0.35,0.2,0.14,0.14,0.04,0.05,0.03,0.01,0.02,0.07,0.4,0.64,0.48],[0.02,0.13,0.99,1.0,0.99,0.17,0.18,0.19,0.4,0.42,0.46,0.08,0.03,0.03,0.04,0.04,0.05,0.01,0.02,0.18,0.43,0.28,0.19],[0.01,0.01,0.23,0.99,1.0,0.5,0.44,0.54,0.61,0.58,0.23,0.02,0.01,0.01,0.02,0.04,0.05,0.05,0.09,0.28,0.18,0.09,0.07],[0.01,0.01,0.02,0.17,0.5,1.0,0.51,0.3,0.14,0.04,0.02,0.01,0.01,0.0,0.0,0.01,0.05,0.06,0.11,0.17,0.07,0.01,0.01],[0.01,0.01,0.03,0.18,0.44,0.51,1.0,0.69,0.25,0.06,0.01,0.01,0.0,0.0,0.01,0.02,0.11,0.1,0.22,0.34,0.12,0.02,0.01],[0.01,0.01,0.03,0.19,0.54,0.3,0.69,1.0,0.77,0.18,0.03,0.01,0.01,0.01,0.02,0.16,0.41,0.21,0.38,0.44,0.16,0.04,0.02],[0.0,0.01,0.14,0.4,0.61,0.14,0.25,0.77,1.0,0.98,0.22,0.02,0.01,0.02,0.33,0.54,0.51,0.14,0.17,0.19,0.05,0.06,0.03],[0.01,0.04,0.23,0.42,0.58,0.04,0.06,0.18,0.98,1.0,0.99,0.2,0.12,0.21,0.65,0.37,0.17,0.02,0.02,0.03,0.05,0.03,0.08],[0.05,0.16,0.35,0.46,0.23,0.02,0.01,0.03,0.22,0.99,1.0,0.73,0.39,0.58,0.55,0.16,0.05,0.01,0.01,0.01,0.02,0.07,0.11],[0.15,0.26,0.2,0.08,0.02,0.01,0.01,0.01,0.02,0.2,0.73,1.0,0.57,0.39,0.15,0.02,0.01,0.0,0.0,0.0,0.01,0.02,0.17],[0.29,0.33,0.14,0.03,0.01,0.01,0.0,0.01,0.01,0.12,0.39,0.57,1.0,0.75,0.22,0.02,0.01,0.0,0.0,0.01,0.01,0.04,0.27],[0.53,0.46,0.14,0.03,0.01,0.0,0.0,0.01,0.02,0.21,0.58,0.39,0.75,1.0,0.87,0.1,0.01,0.0,0.0,0.01,0.02,0.24,0.64],[0.13,0.13,0.04,0.04,0.02,0.0,0.01,0.02,0.33,0.65,0.55,0.15,0.22,0.87,1.0,0.99,0.22,0.02,0.02,0.02,0.21,0.48,0.43],[0.02,0.03,0.05,0.04,0.04,0.01,0.02,0.16,0.54,0.37,0.16,0.02,0.02,0.1,0.99,1.0,0.99,0.2,0.2,0.27,0.59,0.39,0.2],[0.01,0.01,0.03,0.05,0.05,0.05,0.11,0.41,0.51,0.17,0.05,0.01,0.01,0.01,0.22,0.99,1.0,0.59,0.56,0.66,0.59,0.25,0.08],[0.02,0.01,0.01,0.01,0.05,0.06,0.1,0.21,0.14,0.02,0.01,0.0,0.0,0.0,0.02,0.2,0.59,1.0,0.52,0.3,0.13,0.02,0.01],[0.03,0.03,0.02,0.02,0.09,0.11,0.22,0.38,0.17,0.02,0.01,0.0,0.0,0.0,0.02,0.2,0.56,0.52,1.0,0.73,0.24,0.03,0.01],[0.03,0.05,0.07,0.18,0.28,0.17,0.34,0.44,0.19,0.03,0.01,0.0,0.01,0.01,0.02,0.27,0.66,0.3,0.73,1.0,0.82,0.13,0.01],[0.04,0.1,0.4,0.43,0.18,0.07,0.12,0.16,0.05,0.05,0.02,0.01,0.01,0.02,0.21,0.59,0.59,0.13,0.24,0.82,1.0,0.99,0.12],[0.23,0.41,0.64,0.28,0.09,0.01,0.02,0.04,0.06,0.03,0.07,0.02,0.04,0.24,0.48,0.39,0.25,0.02,0.03,0.13,0.99,1.0,0.99],[0.54,0.61,0.48,0.19,0.07,0.01,0.01,0.02,0.03,0.08,0.11,0.17,0.27,0.64,0.43,0.2,0.08,0.01,0.01,0.01,0.12,0.99,1.0]],
  "pae": [[1.5,7.4,10.3,11.5,13.8,17.1,15.9,14.8,12.6,12.3,9.4,14.7,7.6,9.5,11.1,13.0,14.2,19.5,18.1,16.4,14.5,12.8,10.3],[6.6,1.3,4.1,6.1,9.3,13.6,12.5,11.5,10.2,9.3,8.3,12.9,8.4,9.2,8.9,9.8,10.3,14.8,14.2,11.8,10.1,8.7,7.9],[8.5,5.7,1.1,3.2,5.9,11.0,10.0,9.1,6.8,7.1,7.6,12.2,9.9,7.8,7.2,8.5,8.6,12.9,12.1,9.1,7.6,6.9,7.0],[9.4,5.3,2.9,1.0,2.6,10.2,9.0,7.8,6.1,5.5,8.3,12.1,8.9,7.3,6.9,6.8,7.5,12.3,10.1,7.5,6.3,5.3,6.2],[10.4,7.0,4.9,2.7,1.0,9.1,8.4,8.5,7.5,7.5,8.8,13.5,11.7,9.0,8.6,8.5,8.0,13.4,11.5,8.2,6.6,6.4,7.4],[19.7,17.9,15.5,13.3,11.4,1.4,7.9,9.1,14.1,16.2,18.6,20.0,18.9,18.6,19.2,16.4,15.7,19.0,17.6,14.1,15.0,15.3,18.3],[16.4,16.7,14.2,12.3,9.0,8.3,1.3,8.0,11.3,12.9,15.6,16.7,17.0,17.1,15.4,14.8,12.7,17.1,14.4,11.1,12.2,14.6,16.3],[12.1,11.3,9.2,8.6,7.5,9.6,5.5,1.1,5.3,8.3,11.0,13.3,13.5,12.0,12.1,10.6,9.8,14.6,11.2,8.8,8.7,10.1,10.8],[10.7,10.1,6.9,7.3,7.1,11.3,8.2,5.0,1.0,3.2,6.4,9.2,10.4,9.4,8.1,7.2,7.0,12.3,10.3,7.5,7.6,7.6,8.6],[9.4,8.0,6.5,6.8,8.1,12.7,10.0,6.0,3.5,0.9,3.0,7.1,8.3,7.5,6.0,5.8,6.4,11.8,9.7,7.1,6.6,6.4,6.7],[10.6,9.2,8.3,8.0,9.1,13.5,11.8,8.0,5.7,3.5,0.9,7.0,7.0,7.8,6.7,7.5,9.0,12.8,11.5,8.7,7.8,8.1,8.2],[13.5,13.5,13.1,14.6,15.5,18.2,17.0,14.4,11.1,8.8,6.9,1.3,9.8,10.4,10.6,11.6,11.4,17.6,17.3,15.5,13.9,13.4,13.6],[8.5,7.8,10.3,11.2,12.7,16.3,15.1,13.6,11.1,9.5,6.6,9.1,1.2,6.8,7.2,9.4,11.4,16.4,14.6,13.5,11.7,11.1,9.4],[9.6,8.2,8.4,9.9,11.0,14.0,12.5,11.2,10.5,8.6,5.7,7.3,5.6,1.2,4.2,7.1,10.3,13.6,12.2,10.7,9.3,7.8,6.6],[8.8,7.4,5.6,6.2,7.4,12.1,10.4,8.5,7.3,6.3,6.6,9.7,6.8,4.6,1.0,2.7,5.4,10.5,9.3,7.6,6.2,5.6,5.9],[9.4,7.5,6.3,6.1,6.8,12.3,9.5,7.8,6.4,5.6,6.9,10.5,8.6,5.0,2.8,0.9,3.1,10.1,8.7,7.1,5.6,5.4,6.1],[10.8,9.7,7.8,8.1,8.6,13.3,11.5,9.1,7.0,7.0,7.7,11.3,10.5,7.2,5.7,3.4,1.0,9.0,7.9,6.7,6.1,6.9,8.7],[19.5,18.8,17.6,16.0,14.8,17.3,16.4,13.0,13.7,14.3,16.8,17.7,20.1,17.2,15.5,13.0,9.3,1.4,6.1,7.4,12.3,16.1,16.2],[15.8,15.3,12.9,13.8,12.9,16.1,12.7,10.9,11.4,12.4,15.3,16.5,17.3,15.4,13.7,10.9,7.3,7.8,1.2,6.6,8.9,12.3,13.1],[12.4,11.6,9.5,8.2,9.0,13.7,10.6,8.9,8.0,8.3,9.4,12.7,11.9,10.2,8.9,7.0,5.9,8.9,4.4,1.1,4.3,6.7,8.1],[10.8,9.0,7.1,5.7,6.6,11.3,9.4,7.7,5.9,6.3,7.8,10.9,9.7,7.4,6.0,6.3,5.6,10.2,7.6,4.0,1.0,2.4,4.7],[11.1,8.5,5.8,5.4,6.2,11.3,9.4,7.5,6.3,6.0,7.2,11.0,8.8,6.8,6.0,5.6,6.5,10.9,8.8,4.7,2.9,0.9,2.3],[10.4,8.1,5.6,6.1,7.1,12.9,11.3,9.4,7.8,7.6,8.0,12.4,9.4,6.4,6.4,6.9,7.9,12.6,10.7,6.4,4.1,2.8,1.1]],
  "token_chain_ids": ["A","A","A","A","A","A","A","A","A","A","A","A","A","A","A","A","A","A","A","A","A","A","A"],
  "token_res_ids": [1,2,3,4,5,6,7,8,9,10,11,12,13,14,15,16,17,18,19,20,21,22,23]
}