{
  "atom_chain_ids": ["A","A","A","A","A","A","A","A","A","A","A","A","A","A","A","A","A","A","A","A","A","A","A","A","A","A","A","A","A","A","A","A","A","A","A","A","A","A","A","A","A","A","A","A","A","A","A","A","A","A","A","A","A","A","A","A","A","A","A","A","A","A","A","A","A","A","A","A","A","A","A","A","A","A","A","A","A","A","A","A","A","A","A","A","A","A","A","A","A","A","A","A","A","A","A","A","A","A","A","A","A","A","A","A","A","A","A","A","A","A","A","A","A","A","A","A","A","A","A","A","A","A","A","A","A","A","A","A","A","A","A","A","A","A","A","A","A","A","A","A","A","A","A","A","A","A","A","A","A","A","A","A","A","A","A","A","A","A","A","A","A","A","A","A","A","A","A","A","A","A","A","A","A","A","A","A","A","A","A","A","A","A","A","A","A","A","A","A","A","A","A","A","A","A","A","A","A","A","A","A","A","A","A","A","A","A","A","A","A","A","A","A","A","A","A","A","A","A","A","A","A","A","A","A","A","A","A","A","A","A","A","A","A","A","A","A","A","A","A","A","A","A","A","A","A","A","A","A","A","A","A","A","A","A","A","A","A","A","A","A","A","A","A","A","A","A","A","A","A","A","A","A","A","A","A","A","A","A","A","A","A","A","A","A","A","A","A","A","A","A","A","A","A","A","A","A","A","A","A","A","A","A","A","A","A","A","A","A","A","A","A","A","A","A","A","A","A","A","A","A","A","A","A","A","A","A","A","A","A","A","A","A","A","A","A","A","A","A","A","A","A","A","A","A","A","A","A","A","A","A","A","A","A","A","A","A","A","A","A","A","A","A","A","A","A","A","A","A","A","A","A","A","A","A","A","A","A","A","A","A","A","A","A","A","A","A","A","A","A","A","A","A","A","A","A","A","A","A","A","A","A","A","A","A","A","A","A","A","A","A","A","A","A","A","A","A","A","A","A","A","A","A","A","A","A","A","A","A","A","A","A","A","A","A","A","A","A","A","A","A","A","A","A","A","A","A","A","A","A","A","A","A","A","A","A","A","A","A","A","A","A","A","A","A","A","A","A","A","A","A","A","A","A","A","A","A","A","A","A","A","A","A","A","A","A","A","A","A","A"],
  "atom_plddts": [43.39,43.99,39.34,37.64,44.59,44.73,45.15,45.27,47.8,47.7,46.58,45.47,45.63,44.11,42.19,41.15,41.0,40.25,39.13,40.35,42.35,53.82,48.39,47.9,53.31,54.23,55.41,55.83,57.02,55.89,56.37,53.44,55.46,54.67,52.43,52.24,52.1,50.73,48.87,49.81,51.34,51.82,60.01,56.74,57.26,60.33,61.08,61.66,63.97,63.44,62.18,63.09,62.2,62.5,63.0,62.6,62.92,63.94,63.81,62.78,62.43,62.53,62.03,63.52,63.0,61.28,61.24,62.72,63.08,63.69,65.65,64.64,63.51,63.82,63.47,63.95,64.63,64.4,64.71,65.86,65.87,65.15,64.52,64.56,64.08,65.18,62.19,60.92,60.33,60.82,60.22,59.72,60.98,60.47,59.43,59.33,57.38,58.98,58.81,59.13,59.12,60.08,59.97,58.87,58.54,58.78,57.51,59.13,47.75,45.21,44.18,47.42,47.34,47.47,45.66,47.93,46.59,46.42,44.3,45.74,43.85,41.28,40.63,39.93,39.16,37.94,39.43,41.73,41.05,37.83,36.0,40.87,41.45,42.45,41.21,44.67,43.24,43.5,41.67,42.42,40.8,37.44,36.7,36.34,35.48,34.44,35.82,37.9,49.8,44.8,43.98,49.38,49.56,51.01,49.85,52.24,50.95,50.85,47.9,50.44,48.76,46.11,45.82,45.37,43.72,42.23,43.03,44.91,45.37,53.63,48.99,50.06,53.87,55.67,56.5,59.35,58.64,57.5,57.6,57.4,57.49,58.1,57.72,58.2,58.95,58.76,57.7,57.44,57.73,57.29,58.81,59.48,57.15,57.52,59.47,60.87,61.25,63.9,62.86,61.79,62.06,62.1,62.09,62.86,62.57,62.93,63.91,63.86,63.08,62.65,62.77,62.52,63.55,61.68,60.12,59.72,60.6,60.08,59.93,61.51,60.9,59.68,59.75,58.14,59.7,59.83,60.43,60.62,61.37,61.28,60.35,60.17,60.3,59.36,60.68,56.16,53.57,53.17,55.98,54.96,54.55,53.49,54.85,53.86,52.64,50.61,52.44,50.62,49.09,48.04,47.6,46.98,45.16,46.99,49.25,52.45,47.99,47.52,53.12,53.11,53.42,53.37,55.44,54.51,53.57,52.14,53.81,52.37,49.87,49.05,48.55,47.73,46.01,47.83,50.17,58.4,53.77,52.74,57.39,58.63,59.2,59.62,60.34,59.15,59.79,56.29,58.47,57.61,55.66,55.27,55.55,54.15,51.95,52.97,54.45,54.6,61.19,57.68,58.06,61.32,62.57,63.2,65.68,65.01,63.76,64.83,64.02,64.35,64.91,64.5,64.7,65.84,65.73,64.63,64.39,64.58,64.16,65.75,63.98,62.3,62.08,63.65,64.34,64.83,66.76,65.69,64.74,65.03,64.51,65.06,65.77,65.59,65.82,66.9,66.9,66.12,65.67,65.74,65.25,66.4,62.51,61.0,60.37,61.35,60.87,60.51,61.87,61.1,60.0,59.86,57.92,59.43,59.41,59.98,59.97,60.95,60.8,59.55,59.38,59.54,58.3,60.13,47.11,45.15,44.06,46.25,46.64,46.55,45.35,47.16,45.52,45.77,43.54,44.99,43.59,41.34,40.82,40.32,39.65,38.52,39.73,41.71,45.64,42.06,40.67,45.49,45.92,46.43,45.78,48.41,47.4,47.32,45.25,46.47,44.99,42.01,41.15,40.67,39.74,38.35,39.98,42.18,56.25,51.47,50.93,55.76,56.03,56.98,57.13,58.15,57.07,57.21,53.81,56.11,54.85,52.57,52.13,52.14,50.51,48.61,49.67,51.31,51.39,59.01,55.53,55.99,59.12,60.18,60.82,62.94,62.3,61.05,61.82,60.77,61.11,61.68,61.74,62.04,63.07,62.97,61.88,61.6,61.7,61.17,62.72,62.73,60.87,60.66,62.66,63.76,64.08,66.11,64.94,63.98,64.57,64.27,64.35,65.14,65.05,65.38,66.47,66.49,65.73,65.28,65.28,65.0,66.05,63.08,60.91,60.01,61.58,62.49,62.4,63.44,62.87,61.63,62.3,60.3,61.51,61.57,61.82,61.58,62.91,62.88,61.54,61.26,61.31,60.52,62.45],
  "contact_probs": [[1.0,0.81,0.17,0.02,0.01,0.01,0.01,0.01,0.0,0.01,0.05,0.15,0.29,0.53,0.13,0.02,0.01,0.02,0.03,0.03,0.04,0.23,0.54],[0.81,1.0,0.81,0.13,0.01,0.01,0.01,0.01,0.01,0.04,0.16,0.26,0.33,0.46,0.13,0.03,0.01,0.01,0.03,0.05,0.1,0.41,0.61],[0.17,0.81,1.0,0.99,0.23,0.02,0.03,0.03,0.14,0.23,0.35,0.2,0.14,0.14,0.04,0.05,0.03,0.01,0.02,0.07,0.4,0.64,0.48],[0.02,0.13,0.99,1.0,0.99,0.17,0.18,0.19,0.4,0.42,0.46,0.08,0.03,0.03,0.04,0.04,0.05,0.01,0.02,0.18,0.43,0.28,0.19],[0.01,0.01,0.23,0.99,1.0,0.5,0.44,0.54,0.61,0.58,0.23,0.02,0.01,0.01,0.02,0.04,0.05,0.05,0.09,0.28,0.18,0.09,0.07],[0.01,0.01,0.02,0.17,0.5,1.0,0.51,0.3,0.14,0.04,0.02,0.01,0.01,0.0,0.0,0.01,0.05,0.06,0.11,0.17,0.07,0.01,0.01],[0.01,0.01,0.03,0.18,0.44,0.51,1.0,0.69,0.25,0.06,0.01,0.01,0.0,0.0,0.01,0.02,0.11,0.1,0.22,0.34,0.12,0.02,0.01],[0.01,0.01,0.03,0.19,0.54,0.3,0.69,1.0,0.77,0.18,0.03,0.01,0.01,0.01,0.02,0.16,0.41,0.21,0.38,0.44,0.16,0.04,0.02],[0.0,0.01,0.14,0.4,0.61,0.14,0.25,0.77,1.0,0.98,0.22,0.02,0.01,0.02,0.33,0.54,0.51,0.14,0.17,0.19,0.05,0.06,0.03],[0.01,0.04,0.23,0.42,0.58,0.04,0.06,0.18,0.98,1.0,0.99,0.2,0.12,0.21,0.65,0.37,0.17,0.02,0.02,0.03,0.05,0.03,0.08],[0.05,0.16,0.35,0.46,0.23,0.02,0.01,0.03,0.22,0.99,1.0,0.73,0.39,0.58,0.55,0.16,0.05,0.01,0.01,0.01,0.02,0.07,0.11],[0.15,0.26,0.2,0.08,0.02,0.01,0.01,0.01,0.02,0.2,0.73,1.0,0.57,0.39,0.15,0.02,0.01,0.0,0.0,0.0,0.01,0.02,0.17],[0.29,0.33,0.14,0.03,0.01,0.01,0.0,0.01,0.01,0.12,0.39,0.57,1.0,0.75,0.22,0.02,0.01,0.0,0.0,0.01,0.01,0.04,0.27],[0.53,0.46,0.14,0.03,0.01,0.0,0.0,0.01,0.02,0.21,0.58,0.39,0.75,1.0,0.87,0.1,0.01,0.0,0.0,0.01,0.02,0.24,0.64],[0.13,0.13,0.04,0.04,0.02,0.0,0.01,0.02,0.33,0.65,0.55,0.15,0.22,0.87,1.0,0.99,0.22,0.02,0.02,0.02,0.21,0.48,0.43],[0.02,0.03,0.05,0.04,0.04,0.01,0.02,0.16,0.54,0.37,0.16,0.02,0.02,0.1,0.99,1.0,0.99,0.2,0.2,0.27,0.59,0.39,0.2],[0.01,0.01,0.03,0.05,0.05,0.05,0.11,0.41,0.51,0.17,0.05,0.01,0.01,0.01,0.22,0.99,1.0,0.59,0.56,0.66,0.59,0.25,0.08],[0.02,0.01,0.01,0.01,0.05,0.06,0.1,0.21,0.14,0.02,0.01,0.0,0.0,0.0,0.02,0.2,0.59,1.0,0.52,0.3,0.13,0.02,0.01],[0.03,0.03,0.02,0.02,0.09,0.11,0.22,0.38,0.17,0.02,0.01,0.0,0.0,0.0,0.02,0.2,0.56,0.52,1.0,0.73,0.24,0.03,0.01],[0.03,0.05,0.07,0.18,0.28,0.17,0.34,0.44,0.19,0.03,0.01,0.0,0.01,0.01,0.02,0.27,0.66,0.3,0.73,1.0,0.82,0.13,0.01],[0.04,0.1,0.4,0.43,0.18,0.07,0.12,0.16,0.05,0.05,0.02,0.01,0.01,0.02,0.21,0.59,0.59,0.13,0.24,0.82,1.0,0.99,0.12],[0.23,0.41,0.64,0.28,0.09,0.01,0.02,0.04,0.06,0.03,0.07,0.02,0.04,0.24,0.48,0.39,0.25,0.02,0.03,0.13,0.99,1.0,0.99],[0.54,0.61,0.48,0.19,0.07,0.01,0.01,0.02,0.03,0.08,0.11,0.17,0.27,0.64,0.43,0.2,0.08,0.01,0.01,0.01,0.12,0.99,1.0]],
  "pae": [[1.5,7.6,10.6,11.5,14.3,16.5,18.7,16.7,14.9,14.2,13.8,14.8,10.4,10.0,12.9,14.3,16.6,19.1,19.3,18.1,15.4,13.8,9.7],[6.0,1.2,5.9,6.6,10.2,13.0,14.1,12.6,10.5,9.6,8.1,10.7,7.5,7.5,8.2,9.8,10.7,13.6,14.6,12.7,10.2,9.1,7.2],[8.5,5.0,1.0,2.4,5.0,9.8,10.8,8.5,5.7,5.9,6.0,9.7,8.3,6.9,5.9,7.2,7.3,10.3,11.1,8.0,6.8,5.8,5.6],[8.6,4.7,2.5,0.9,2.4,8.5,9.9,7.9,5.6,5.1,6.3,9.0,7.7,6.4,6.0,5.8,6.6,9.7,10.1,7.0,5.9,4.9,5.4],[9.8,6.6,4.5,2.8,1.0,8.3,10.6,8.0,6.1,6.9,7.4,10.2,10.2,7.8,7.5,7.5,7.3,11.2,11.0,8.1,6.5,6.1,6.6],[17.9,16.9,14.1,13.1,10.1,1.5,12.2,8.5,13.5,13.2,16.7,17.4,17.8,18.4,15.9,15.3,14.3,16.4,16.0,12.9,13.6,14.5,14.9],[20.8,20.3,17.3,14.4,11.7,9.9,1.5,9.8,12.8,14.2,18.3,18.9,20.3,20.1,19.7,17.1,15.2,15.7,12.8,11.4,14.8,16.9,19.0],[14.9,14.4,12.6,10.6,7.5,8.7,7.7,1.2,8.6,10.2,12.6,14.2,14.9,13.8,13.7,12.4,11.2,12.1,11.5,11.4,10.4,11.7,12.2],[11.7,10.3,9.5,9.1,7.5,9.9,8.6,7.0,1.1,3.8,6.6,9.0,10.8,10.5,9.2,7.9,7.4,10.8,11.3,9.1,8.4,8.9,8.9],[10.0,7.9,6.3,6.4,6.6,10.2,10.3,6.0,3.4,0.9,2.9,6.3,7.8,7.5,6.3,5.7,6.6,10.2,10.3,7.6,6.8,6.4,6.6],[11.3,8.6,6.5,7.0,7.6,12.1,11.8,8.2,5.2,3.4,1.0,5.6,6.6,7.3,6.4,6.5,9.2,11.7,11.7,8.7,7.5,7.6,7.3],[14.5,11.2,11.9,11.3,12.8,15.5,15.9,14.6,11.3,8.2,6.6,1.4,7.9,8.1,9.3,8.6,10.9,15.3,16.5,13.9,13.3,12.6,11.0],[11.2,7.4,9.8,10.2,11.3,14.5,14.9,13.5,11.3,9.4,6.5,7.2,1.3,6.0,7.2,9.2,11.4,14.8,14.6,13.1,11.3,10.6,8.9],[11.0,5.8,8.1,9.0,10.1,13.0,13.6,11.6,10.4,8.5,6.2,6.3,5.0,1.2,4.5,6.8,10.4,12.7,13.3,11.3,9.9,8.4,6.9],[9.4,6.7,5.8,6.2,7.0,10.7,11.3,8.7,7.5,7.3,6.3,8.0,5.9,4.5,1.0,2.5,6.2,10.0,10.3,7.9,6.3,5.9,5.7],[9.9,6.8,5.7,5.8,5.9,10.3,10.2,8.1,5.9,5.8,6.2,8.1,7.7,5.0,2.9,0.9,3.1,8.4,8.9,6.5,5.3,5.2,5.4],[11.0,8.9,7.4,7.4,7.1,11.1,11.4,9.2,6.2,6.6,6.8,8.9,9.7,7.1,5.5,3.5,1.0,7.9,8.6,6.3,6.0,7.3,7.4],[17.3,16.8,15.3,14.3,12.1,14.2,14.5,11.7,11.8,13.1,15.6,15.5,18.2,15.8,13.7,12.9,8.3,1.4,8.2,7.4,12.3,13.8,15.0],[17.3,15.7,15.0,14.5,12.2,13.0,11.8,10.6,12.3,14.1,15.1,15.9,16.8,15.6,13.2,12.9,8.7,6.7,1.4,7.5,9.3,12.7,14.2],[13.1,11.4,10.2,9.2,8.2,11.3,11.3,8.5,8.0,8.8,9.7,11.5,11.7,10.7,10.1,8.5,6.8,7.7,6.0,1.2,5.0,7.0,8.6],[10.7,8.8,7.1,6.4,6.4,10.5,10.6,8.1,6.4,6.9,7.1,9.2,8.9,7.6,6.3,6.8,6.0,8.8,8.1,4.5,1.0,2.6,4.8],[10.6,7.7,5.6,5.3,6.2,9.9,10.8,7.8,6.4,6.2,6.5,8.7,7.9,6.5,5.6,5.4,6.4,9.1,9.3,5.0,3.0,0.9,2.5],[10.7,7.9,5.9,6.0,7.1,11.5,12.5,9.4,7.6,7.8,7.1,9.7,7.9,6.5,6.1,6.2,7.5,11.7,11.1,6.9,4.4,3.0,1.1]],
  "token_chain_ids": ["A","A","A","A","A","A","A","A","A","A","A","A","A","A","A","A","A","A","A","A","A","A","A"],
  "token_res_ids": [1,2,3,4,5,6,7,8,9,10,11,12,13,14,15,16,17,18,19,20,21,22,23]
}