{
  "atom_chain_ids": ["A","A","A","A","A","A","A","A","A","A","A","A","A","A","A","A","A","A","A","A","A","A","A","A","A","A","A","A","A","A","A","A","A","A","A","A","A","A","A","A","A","A","A","A","A","A","A","A","A","A","A","A","A","A","A","A","A","A","A","A","A","A","A","A","A","A","A","A","A","A","A","A","A","A","A","A","A","A","A","A","A","A","A","A","A","A","A","A","A","A","A","A","A","A","A","A","A","A","A","A","A","A","A","A","A","A","A","A","A","A","A","A","A","A","A","A","A","A","A","A","A","A","A","A","A","A","A","A","A","A","A","A","A","A","A","A","A","A","A","A","A","A","A","A","A","A","A","A","A","A","A","A","A","A","A","A","A","A","A","A","A","A","A","A","A","A","A","A","A","A","A","A","A","A","A","A","A","A","A","A","A","A","A","A","A","A","A","A","A","A","A","A","A","A","A","A","A","A","A","A","A","A","A","A","A","A","A","A","A","A","A","A","A","A","A","A","A","A","A","A","A","A","A","A","A","A","A","A","A","A","A","A","A","A","A","A","A","A","A","A","A","A","A","A","A","A","A","A","A","A","A","A","A","A","A","A","A","A","A","A","A","A","A","A","A","A","A","A","A","A","A","A","A","A","A","A","A","A","A","A","A","A","A","A","A","A","A","A","A","A","A","A","A","A","A","A","A","A","A","A","A","A","A","A","A","A","A","A","A","A","A","A","A","A","A","A","A","A","A","A","A","A","A","A","A","A","A","A","A","A","A","A","A","A","A","A","A","A","A","A","A","A","A","A","A","A","A","A","A","A","A","A","A","A","A","A","A","A","A","A","A","A","A","A","A","A","A","A","A","A","A","A","A","A","A","A","A","A","A","A","A","A","A","A","A","A","A","A","A","A","A","A","A","A","A","A","A","A","A","A","A","A","A","A","A","A","A","A","A","A","A","A","A","A","A","A","A","A","A","A","A","A","A","A","A","A","A","A","A","A","A","A","A","A","A","A","A","A","A","A","A","A","A","A","A","A","A","A","A","A","A","A","A","A","A","A","A","A","A","A","A","A","A","A","A","A","A","A","A","A","A","A","A","A","A","A","A","A","A","A","A","A","A","A","A","A","A","A","A","A","A","A","A","A","A","A","A","A","A","A","A","A","A","A","A","A","A","A","A","A","A","A","A","A","A","A","A","A","A","A","A","A","A","A","A","A","A","A","A","A","A","A","A","A","A","A","A","A","A","A","A","A","A","A","A","A","A","A"],
  "atom_plddts": [58.9,60.2,54.39,54.67,59.78,63.8,65.34,67.68,67.3,66.02,66.85,66.19,66.85,66.91,65.67,65.88,66.67,65.97,64.34,64.46,65.04,65.71,68.18,62.5,58.95,59.07,62.88,63.99,65.66,68.03,67.0,65.65,66.53,67.2,67.23,68.01,67.42,68.12,68.94,68.61,67.95,67.69,67.78,67.92,68.97,60.56,58.57,58.48,59.98,58.97,60.18,60.88,60.41,59.14,58.58,57.66,59.84,59.14,58.76,59.24,59.67,58.85,57.84,57.8,58.3,57.1,59.62,54.76,52.08,51.7,54.39,53.01,54.88,53.95,56.4,55.03,53.85,52.54,54.27,52.11,49.2,49.15,48.42,46.68,45.42,46.12,47.84,48.48,59.34,54.26,54.71,59.93,61.04,62.96,65.56,64.79,63.94,63.81,64.14,64.82,65.26,64.38,65.24,66.0,65.37,64.45,64.3,64.68,64.81,66.28,67.01,63.23,63.63,67.6,69.11,71.13,72.47,72.54,71.05,72.15,72.57,72.96,73.51,71.89,72.45,73.21,72.65,71.94,72.03,72.42,72.45,73.69,69.91,67.1,67.33,69.93,69.67,71.5,72.62,72.76,71.14,71.87,71.73,72.72,73.11,71.92,72.29,73.09,72.67,71.89,71.9,72.17,71.71,73.14,69.03,66.19,67.23,69.92,68.35,70.73,72.23,71.46,70.5,70.45,70.96,71.6,71.98,71.94,72.08,72.59,72.49,72.06,72.03,66.79,63.43,64.78,67.7,66.73,68.75,70.38,69.98,68.94,69.24,69.36,70.16,70.5,70.67,71.55,71.74,71.18,70.86,70.76,70.97,70.91,71.59,66.55,63.65,64.79,67.73,66.18,67.98,69.66,68.2,67.57,67.01,67.39,68.29,68.46,68.69,68.76,69.33,69.2,68.5,68.55,63.06,60.33,60.93,63.53,62.52,63.1,64.94,64.04,63.28,62.7,62.39,63.64,63.3,63.21,64.04,63.84,62.97,62.18,62.61,63.55,62.65,64.22,60.09,57.02,57.79,61.25,60.66,61.17,62.93,61.98,61.27,59.44,60.5,60.89,60.0,59.17,59.18,58.79,58.3,57.34,58.23,58.52,53.5,54.56,60.68,60.06,61.58,62.92,63.11,62.26,60.22,60.93,61.52,60.18,58.43,58.34,57.99,57.28,56.14,57.34,59.7,54.27,54.12,60.33,60.94,62.53,63.45,64.16,62.24,62.02,60.79,61.69,60.35,57.85,58.4,58.16,56.32,54.9,55.45,57.3,57.9,60.87,56.34,57.51,61.86,62.13,64.43,66.86,65.78,65.14,65.12,65.07,66.15,66.66,66.32,67.35,67.65,66.96,66.4,66.31,66.75,66.82,67.81,63.33,60.46,62.18,64.76,63.64,65.8,68.24,66.29,65.98,65.43,66.16,66.98,67.34,67.1,67.39,68.06,67.93,67.19,67.1,66.42,63.15,64.2,67.33,67.3,69.24,70.97,70.57,69.26,69.81,70.16,70.88,71.42,70.91,71.75,72.28,71.78,71.35,71.12,71.33,71.49,72.38,69.13,65.96,66.32,69.76,70.0,72.1,73.25,73.06,71.34,72.34,72.47,73.25,73.71,72.21,72.49,73.37,72.95,72.06,72.19,72.51,72.05,73.65,69.07,66.49,66.76,69.56,70.11,72.01,72.67,72.7,71.05,71.93,72.17,72.62,73.05,71.61,71.91,72.65,72.26,71.51,71.56,71.91,71.54,72.89,68.4,66.04,66.1,68.35,67.58,68.92,69.68,69.44,67.64,67.63,66.89,68.41,68.36,67.51,67.62,68.69,68.15,67.12,66.98,67.42,66.37,68.55,62.07,59.88,60.46,63.13,61.8,63.02,61.73,62.61,62.16,58.57,58.78,59.72,57.67,55.34,54.72,53.88,52.97,51.57,53.12,55.78,59.12,53.2,53.34,60.02,59.94,61.47,64.72,64.1,63.28,62.14,62.11,63.33,62.92,60.82,60.01,60.87,60.26,58.16,59.51,62.48,57.54,57.19,62.57,63.15,64.47,66.61,66.31,64.42,65.44,64.86,65.9,66.13,65.15,65.46,66.54,65.91,64.57,64.73,65.35,65.0,67.14,64.47,60.91,60.88,64.62,65.75,67.27,68.57,67.8,66.26,67.13,67.33,67.92,68.53,67.83,68.24,69.36,69.14,68.31,67.99,68.11,67.89,69.39,65.3,62.35,61.97,64.77,64.76,65.6,66.85,65.9,64.42,65.07,64.77,66.28,66.64,66.62,67.07,68.02,67.79,67.03,66.68,66.76,66.34,67.8,49.59,48.25,48.47,49.19,49.07,49.78,50.32,50.37,49.81,48.22,47.88,49.24,47.89,46.21,45.92,45.34,44.84,43.6,44.83],
  "contact_probs": [[1.0,0.99,0.13,0.06,0.19,0.38,0.28,0.12,0.07,0.02,0.01,0.01,0.02,0.09,0.23,0.28,0.24,0.1,0.04,0.01,0.0,0.02,0.07,0.28,0.57,0.09],[0.99,1.0,0.93,0.33,0.57,0.5,0.2,0.02,0.01,0.0,0.0,0.0,0.0,0.03,0.02,0.03,0.03,0.03,0.03,0.01,0.0,0.03,0.11,0.29,0.55,0.03],[0.13,0.93,1.0,0.59,0.47,0.36,0.14,0.0,0.0,0.0,0.0,0.0,0.0,0.02,0.01,0.01,0.01,0.01,0.01,0.02,0.01,0.16,0.2,0.38,0.31,0.03],[0.06,0.33,0.59,1.0,0.73,0.19,0.01,0.0,0.0,0.0,0.0,0.0,0.0,0.01,0.0,0.0,0.0,0.0,0.01,0.08,0.03,0.41,0.25,0.17,0.03,0.01],[0.19,0.57,0.47,0.73,1.0,0.97,0.08,0.0,0.0,0.0,0.0,0.0,0.0,0.0,0.0,0.0,0.0,0.01,0.07,0.45,0.06,0.72,0.1,0.04,0.01,0.0],[0.38,0.5,0.36,0.19,0.97,1.0,1.0,0.09,0.0,0.0,0.0,0.0,0.0,0.0,0.0,0.0,0.01,0.08,0.35,0.72,0.02,0.32,0.05,0.05,0.01,0.0],[0.28,0.2,0.14,0.01,0.08,1.0,1.0,0.98,0.17,0.0,0.0,0.0,0.0,0.0,0.0,0.01,0.15,0.56,0.84,0.39,0.01,0.02,0.01,0.02,0.01,0.01],[0.12,0.02,0.0,0.0,0.0,0.09,0.98,1.0,0.99,0.25,0.01,0.01,0.0,0.01,0.02,0.27,0.97,0.89,0.53,0.02,0.0,0.0,0.0,0.0,0.01,0.01],[0.07,0.01,0.0,0.0,0.0,0.0,0.17,0.99,1.0,0.99,0.41,0.02,0.01,0.03,0.28,0.96,0.93,0.49,0.01,0.0,0.0,0.0,0.0,0.0,0.01,0.02],[0.02,0.0,0.0,0.0,0.0,0.0,0.0,0.25,0.99,1.0,0.97,0.42,0.07,0.22,0.95,0.93,0.59,0.01,0.0,0.0,0.0,0.0,0.0,0.0,0.01,0.05],[0.01,0.0,0.0,0.0,0.0,0.0,0.0,0.01,0.41,0.97,1.0,0.83,0.36,0.47,0.73,0.47,0.02,0.01,0.0,0.0,0.0,0.0,0.0,0.0,0.01,0.05],[0.01,0.0,0.0,0.0,0.0,0.0,0.0,0.01,0.02,0.42,0.83,1.0,0.75,0.5,0.43,0.09,0.01,0.0,0.0,0.0,0.0,0.0,0.0,0.0,0.01,0.05],[0.02,0.0,0.0,0.0,0.0,0.0,0.0,0.0,0.01,0.07,0.36,0.75,1.0,0.77,0.36,0.02,0.0,0.0,0.0,0.0,0.0,0.0,0.0,0.0,0.01,0.03],[0.09,0.03,0.02,0.01,0.0,0.0,0.0,0.01,0.03,0.22,0.47,0.5,0.77,1.0,0.82,0.26,0.01,0.0,0.0,0.0,0.0,0.0,0.0,0.0,0.02,0.1],[0.23,0.02,0.01,0.0,0.0,0.0,0.0,0.02,0.28,0.95,0.73,0.43,0.36,0.82,1.0,0.99,0.3,0.0,0.0,0.0,0.0,0.0,0.0,0.0,0.12,0.17],[0.28,0.03,0.01,0.0,0.0,0.0,0.01,0.27,0.96,0.93,0.47,0.09,0.02,0.26,0.99,1.0,0.99,0.37,0.0,0.0,0.0,0.0,0.0,0.03,0.35,0.16],[0.24,0.03,0.01,0.0,0.0,0.01,0.15,0.97,0.93,0.59,0.02,0.01,0.0,0.01,0.3,0.99,1.0,1.0,0.21,0.0,0.0,0.0,0.02,0.2,0.38,0.07],[0.1,0.03,0.01,0.0,0.01,0.08,0.56,0.89,0.49,0.01,0.01,0.0,0.0,0.0,0.0,0.37,1.0,1.0,1.0,0.07,0.01,0.02,0.5,0.67,0.3,0.03],[0.04,0.03,0.01,0.01,0.07,0.35,0.84,0.53,0.01,0.0,0.0,0.0,0.0,0.0,0.0,0.0,0.21,1.0,1.0,0.99,0.06,0.59,0.7,0.22,0.09,0.01],[0.01,0.01,0.02,0.08,0.45,0.72,0.39,0.02,0.0,0.0,0.0,0.0,0.0,0.0,0.0,0.0,0.0,0.07,0.99,1.0,0.27,0.77,0.46,0.08,0.04,0.01],[0.0,0.0,0.01,0.03,0.06,0.02,0.01,0.0,0.0,0.0,0.0,0.0,0.0,0.0,0.0,0.0,0.0,0.01,0.06,0.27,1.0,0.22,0.08,0.01,0.0,0.0],[0.02,0.03,0.16,0.41,0.72,0.32,0.02,0.0,0.0,0.0,0.0,0.0,0.0,0.0,0.0,0.0,0.0,0.02,0.59,0.77,0.22,1.0,0.86,0.16,0.01,0.0],[0.07,0.11,0.2,0.25,0.1,0.05,0.01,0.0,0.0,0.0,0.0,0.0,0.0,0.0,0.0,0.0,0.02,0.5,0.7,0.46,0.08,0.86,1.0,0.99,0.12,0.01],[0.28,0.29,0.38,0.17,0.04,0.05,0.02,0.0,0.0,0.0,0.0,0.0,0.0,0.0,0.0,0.03,0.2,0.67,0.22,0.08,0.01,0.16,0.99,1.0,0.98,0.13],[0.57,0.55,0.31,0.03,0.01,0.01,0.01,0.01,0.01,0.01,0.01,0.01,0.01,0.02,0.12,0.35,0.38,0.3,0.09,0.04,0.0,0.01,0.12,0.98,1.0,0.43],[0.09,0.03,0.03,0.01,0.0,0.0,0.01,0.01,0.02,0.05,0.05,0.05,0.03,0.1,0.17,0.16,0.07,0.03,0.01,0.01,0.0,0.0,0.01,0.13,0.43,1.0]],
  "pae": [[1.1,3.0,5.2,9.0,6.6,6.2,6.2,7.9,9.6,10.3,10.8,12.9,12.2,10.5,8.4,8.2,7.3,7.0,8.1,8.8,11.5,8.6,8.0,6.9,6.9,11.4],[2.9,1.0,3.3,7.4,5.5,5.2,5.7,7.3,8.9,8.8,9.7,10.8,10.9,9.3,8.2,7.6,6.9,6.0,6.4,6.5,9.4,7.1,6.5,5.6,5.8,10.1],[5.8,4.6,1.2,6.6,5.8,6.5,8.0,10.7,12.2,12.0,13.0,14.0,14.2,12.6,11.8,10.3,10.4,8.5,8.1,8.9,11.0,8.0,7.0,7.0,7.9,13.2],[11.6,8.2,8.0,1.6,7.5,9.1,14.0,15.3,17.8,18.5,19.0,19.7,19.6,18.7,18.0,15.7,16.0,14.0,13.8,12.2,14.0,9.9,11.3,12.9,13.8,18.0],[7.2,6.4,6.0,6.4,1.1,3.4,5.4,7.5,11.0,10.8,12.6,12.3,12.3,11.8,10.6,9.2,7.8,6.9,6.5,5.9,9.0,6.0,5.7,6.9,7.8,11.9],[4.7,4.9,5.4,5.9,2.4,0.9,2.1,3.6,4.9,5.7,7.2,9.3,9.4,8.5,6.4,5.7,4.8,4.1,3.6,4.0,6.7,4.8,4.3,4.1,4.8,9.4],[4.4,4.0,6.2,7.5,2.8,1.9,0.9,2.0,2.9,3.7,4.9,7.9,8.3,6.6,4.4,4.1,3.3,3.0,3.1,3.5,6.8,4.6,3.9,4.0,4.4,9.1],[4.9,5.1,6.7,8.3,4.2,2.9,2.1,1.0,1.8,2.8,4.1,6.8,7.2,6.0,3.8,3.4,2.8,2.9,3.4,4.1,7.7,5.4,4.9,4.6,4.8,9.2],[5.6,5.4,7.1,9.3,5.2,3.9,2.7,1.9,0.9,1.9,3.2,5.4,6.1,5.2,2.9,2.9,3.1,3.5,4.0,4.4,7.7,5.8,5.0,4.8,5.0,9.6],[6.4,6.5,8.1,10.3,6.8,5.4,4.1,2.7,2.0,1.0,2.5,4.6,5.6,5.6,3.1,3.4,3.5,4.2,5.1,6.1,9.4,7.5,6.5,6.0,5.8,10.2],[8.1,8.6,9.9,12.4,9.4,8.1,6.6,4.5,3.6,3.1,1.1,4.0,5.1,5.1,5.0,4.9,5.1,6.0,7.4,8.6,11.4,9.8,9.6,8.0,7.8,11.1],[10.8,11.8,13.6,16.7,14.1,12.3,10.9,8.6,6.8,5.6,4.7,1.2,4.2,5.1,5.9,7.0,8.7,10.5,12.5,13.6,16.8,15.1,13.4,12.0,11.7,13.4],[11.8,13.1,14.4,17.4,15.7,14.0,12.7,10.6,8.7,6.8,5.2,4.4,1.5,5.0,6.1,8.0,8.9,11.0,14.4,15.6,17.8,16.8,15.2,14.4,12.7,14.3],[8.9,10.5,11.8,14.1,11.8,10.5,9.3,7.7,6.6,6.5,5.7,5.4,5.3,1.2,3.6,4.7,7.4,8.4,10.7,11.9,14.7,12.7,12.3,10.9,9.5,12.6],[6.0,6.6,8.1,10.5,7.2,6.2,5.0,4.1,3.3,3.3,4.3,5.7,5.0,3.2,1.0,2.4,2.9,4.1,5.3,6.6,9.6,7.5,6.5,6.0,5.6,9.7],[5.4,5.7,7.2,9.6,5.8,5.3,4.0,3.3,2.5,3.1,4.4,6.5,5.8,3.8,1.9,1.0,1.9,2.9,4.1,5.2,8.4,6.3,5.2,4.8,5.0,8.7],[4.6,4.9,6.2,8.4,4.8,3.8,3.0,2.5,2.4,3.1,4.0,6.4,6.4,4.1,2.2,1.7,0.9,1.9,2.7,3.8,6.9,5.6,4.6,3.9,4.4,8.3],[4.4,4.2,5.4,7.9,4.1,3.4,2.5,2.7,3.0,3.5,4.6,7.3,7.4,5.4,3.5,2.5,1.6,0.9,1.5,2.8,6.2,4.3,3.8,3.4,3.9,8.4],[4.5,4.2,5.4,7.4,3.8,3.1,2.9,3.4,4.0,4.6,5.9,8.0,8.2,6.7,4.4,3.7,2.8,1.9,0.8,1.9,5.3,3.6,3.6,3.5,4.3,8.7],[5.9,6.2,6.8,9.0,5.1,4.3,4.3,4.6,6.1,7.2,8.8,10.5,10.8,9.2,7.5,5.7,4.8,3.5,2.1,0.9,4.3,3.7,4.1,4.7,5.6,10.4],[13.1,13.8,12.4,12.3,9.4,8.7,10.2,10.9,13.9,15.0,17.7,17.2,17.7,16.6,15.1,14.3,12.7,9.7,6.7,5.6,1.6,7.7,6.5,9.5,12.0,15.4],[7.4,7.1,7.4,9.3,4.7,4.8,5.7,6.8,8.0,9.0,11.0,12.8,12.9,11.7,9.6,8.3,7.4,5.5,4.6,3.8,4.8,1.3,3.2,4.6,5.9,10.7],[6.7,5.8,6.1,8.9,4.7,4.9,5.5,7.0,8.2,8.5,9.7,11.3,11.8,10.5,8.4,7.4,6.6,4.9,4.6,4.5,5.5,3.8,1.1,2.2,3.9,9.6],[5.6,5.2,6.3,8.5,4.7,4.6,5.5,6.4,6.4,7.5,8.1,9.9,10.5,9.1,7.1,6.0,5.1,4.4,3.9,4.8,6.7,3.8,2.2,0.9,2.3,8.0],[5.9,5.2,6.6,9.3,5.6,5.0,5.6,6.3,6.2,6.8,8.3,10.5,10.5,8.9,6.8,6.2,5.2,4.2,4.5,5.8,8.2,5.2,3.5,2.0,1.0,8.3],[12.5,13.8,15.4,18.1,17.1,17.7,15.4,14.3,14.1,12.8,12.9,16.4,17.0,13.9,13.0,12.8,12.4,12.0,14.6,17.4,19.0,15.8,13.0,9.9,9.5,2.5]],
  "token_chain_ids": ["A","A","A","A","A","A","A","A","A","A","A","A","A","A","A","A","A","A","A","A","A","A","A","A","A","A"],
  "token_res_ids": [1,2,3,4,5,6,7,8,9,10,11,12,13,14,15,16,17,18,19,20,21,22,23,24,25,26]
}