{
  "atom_chain_ids": ["A","A","A","A","A","A","A","A","A","A","A","A","A","A","A","A","A","A","A","A","A","A","A","A","A","A","A","A","A","A","A","A","A","A","A","A","A","A","A","A","A","A","A","A","A","A","A","A","A","A","A","A","A","A","A","A","A","A","A","A","A","A","A","A","A","A","A","A","A","A","A","A","A","A","A","A","A","A","A","A","A","A","A","A","A","A","A","A","A","A","A","A","A","A","A","A","A","A","A","A","A","A","A","A","A","A","A","A","A","A","A","A","A","A","A","A","A","A","A","A","A","A","A","A","A","A","A","A","A","A","A","A","A","A","A","A","A","A","A","A","A","A","A","A","A","A","A","A","A","A","A","A","A","A","A","A","A","A","A","A","A","A","A","A","A","A","A","A","A","A","A","A","A","A","A","A","A","A","A","A","A","A","A","A","A","A","A","A","A","A","A","A","A","A","A","A","A","A","A","A","A","A","A","A","A","A","A","A","A","A","A","A","A","A","A","A","A","A","A","A","A","A","A","A","A","A","A","A","A","A","A","A","A","A","A","A","A","A","A","A","A","A","A","A","A","A","A","A","A","A","A","A","A","A","A","A","A","A","A","A","A","A","A","A","A","A","A","A","A","A","A","A","A","A","A","A","A","A","A","A","A","A","A","A","A","A","A","A","A","A","A","A","A","A","A","A","A","A","A","A","A","A","A","A","A","A","A","A","A","A","A","A","A","A","A","A","A","A","A","A","A","A","A","A","A","A","A","A","A","A","A","A","A","A","A","A","A","A","A","A","A","A","A","A","A","A","A","A","A","A","A","A","A","A","A","A","A","A","A","A","A","A","A","A","A","A","A","A","A","A","A","A","A","A","A","A","A","A","A","A","A","A","A","A","A","A","A","A","A","A","A","A","A","A","A","A","A","A","A","A","A","A","A","A","A","A","A","A","A","A","A","A","A","A","A","A","A","A","A","A","A","A","A","A","A","A","A","A","A","A","A","A","A","A","A","A","A","A","A","A","A","A","A","A","A","A","A","A","A","A","A","A","A","A","A","A","A","A","A","A","A","A","A","A","A","A","A","A","A","A","A","A","A","A","A","A","A","A","A","A","A","A","A","A","A","A","A","A","A","A","A","A","A","A","A","A","A","A","A","A","A","A","A","A","A","A","A","A","A","A","A","A","A","A","A","A","A","A","A","A","A","A","A","A","A","A","A","A","A","A","A","A","A","A","A","A","A","A","A","A","A","A","A","A","A","A","A","A"],
  "atom_plddts": [58.17,59.65,53.99,54.16,59.18,62.97,64.6,66.94,66.57,65.28,66.05,65.41,65.95,65.89,64.61,64.8,65.56,64.81,63.17,63.25,63.86,64.57,67.14,62.03,58.51,58.48,62.27,63.29,64.96,67.55,66.6,65.26,66.04,66.81,66.67,67.47,66.85,67.63,68.46,68.15,67.48,67.16,67.21,67.41,68.47,59.0,57.5,57.16,58.25,57.01,58.14,58.32,58.23,57.02,56.14,55.12,57.31,56.19,55.74,56.26,56.48,55.58,54.58,54.51,55.04,53.67,56.49,56.14,53.12,52.79,56.09,54.6,56.5,55.84,58.01,56.73,55.58,54.24,56.09,54.0,51.0,50.99,50.41,48.65,47.29,48.0,49.69,50.35,58.71,53.39,53.89,59.41,60.43,62.4,65.17,64.5,63.77,63.65,64.15,64.75,65.27,64.37,65.35,66.13,65.48,64.57,64.43,64.77,65.0,66.44,67.59,63.69,64.01,68.2,69.64,71.73,73.0,73.21,71.73,72.79,73.24,73.63,74.18,72.55,73.14,73.9,73.32,72.62,72.75,73.16,73.22,74.45,70.62,67.97,68.13,70.58,70.41,72.21,73.17,73.33,71.73,72.46,72.31,73.27,73.61,72.44,72.8,73.55,73.11,72.38,72.43,72.71,72.23,73.63,69.55,66.83,67.85,70.34,68.6,70.95,72.45,71.65,70.67,70.68,71.09,71.76,72.11,72.17,72.3,72.79,72.66,72.26,72.24,68.64,65.31,66.76,69.52,68.52,70.64,71.98,71.69,70.55,70.97,71.06,71.97,72.31,72.51,73.4,73.58,72.94,72.75,72.61,72.74,72.78,73.38,67.52,64.62,65.87,68.75,67.24,69.14,70.8,69.44,68.73,68.38,68.76,69.59,69.77,70.01,70.15,70.67,70.45,69.91,69.9,64.63,61.56,62.11,65.15,64.25,65.08,66.74,65.98,65.11,64.63,64.29,65.51,65.14,65.08,65.88,65.73,64.72,63.99,64.45,65.36,64.55,66.12,62.17,58.99,59.77,63.43,62.64,63.46,65.04,64.24,63.45,61.54,62.56,62.96,62.02,61.19,61.12,60.78,60.18,59.24,60.22,60.08,54.73,55.83,62.27,61.56,63.25,64.52,64.66,63.76,61.82,62.34,63.04,61.7,60.07,59.87,59.6,58.81,57.64,58.89,60.52,54.92,54.73,61.19,61.87,63.48,64.27,65.03,63.03,62.89,61.59,62.47,61.02,58.46,58.98,58.8,56.85,55.43,55.98,57.84,58.53,62.08,57.51,58.64,63.08,63.36,65.9,68.16,67.16,66.41,66.43,66.39,67.57,68.07,67.87,68.97,69.26,68.49,68.01,67.91,68.32,68.5,69.43,64.58,61.77,63.39,65.98,64.74,67.0,69.29,67.47,67.01,66.58,67.36,68.2,68.56,68.41,68.76,69.41,69.21,68.58,68.44,66.88,63.58,64.66,67.76,67.71,69.72,71.34,70.99,69.62,70.3,70.63,71.31,71.85,71.41,72.29,72.77,72.23,71.89,71.67,71.86,72.05,72.85,69.57,66.37,66.74,70.2,70.38,72.47,73.59,73.42,71.7,72.76,72.93,73.66,74.14,72.69,73.04,73.89,73.47,72.65,72.75,73.03,72.6,74.14,69.51,66.78,67.08,70.05,70.58,72.59,73.23,73.39,71.75,72.64,72.93,73.4,73.84,72.35,72.71,73.43,73.02,72.33,72.37,72.69,72.41,73.72,69.3,66.86,66.92,69.27,68.43,69.86,70.67,70.53,68.68,68.92,68.28,69.73,69.76,68.81,69.02,70.08,69.53,68.6,68.43,68.84,67.96,69.98,62.49,60.03,60.75,63.72,62.39,63.69,62.48,63.25,62.92,59.33,59.55,60.38,58.26,55.8,55.07,54.24,53.25,51.8,53.47,56.22,59.18,53.44,53.52,60.11,60.07,61.66,64.85,64.33,63.52,62.43,62.46,63.57,63.04,60.76,59.89,60.65,60.01,57.91,59.39,62.58,57.61,57.36,62.86,63.67,65.05,67.23,66.97,65.07,66.04,65.63,66.46,66.69,65.59,65.98,67.05,66.43,65.14,65.26,65.85,65.47,67.61,65.54,62.11,62.01,65.69,66.83,68.41,69.55,68.83,67.2,68.12,68.17,68.88,69.46,68.71,69.1,70.18,69.93,69.14,68.83,68.93,68.64,70.2,65.89,63.03,62.61,65.3,65.3,66.19,67.32,66.38,64.82,65.46,65.1,66.65,66.97,67.03,67.49,68.42,68.16,67.42,67.07,67.17,66.69,68.2,50.62,49.79,50.08,49.98,49.9,50.42,50.48,50.84,50.25,48.45,47.99,49.11,47.26,45.24,44.54,43.79,43.19,41.88,43.55],
  "contact_probs": [[1.0,0.99,0.13,0.06,0.19,0.38,0.28,0.12,0.07,0.02,0.01,0.01,0.02,0.09,0.23,0.28,0.24,0.1,0.04,0.01,0.0,0.02,0.07,0.28,0.57,0.09],[0.99,1.0,0.93,0.33,0.57,0.5,0.2,0.02,0.01,0.0,0.0,0.0,0.0,0.03,0.02,0.03,0.03,0.03,0.03,0.01,0.0,0.03,0.11,0.29,0.55,0.03],[0.13,0.93,1.0,0.59,0.47,0.36,0.14,0.0,0.0,0.0,0.0,0.0,0.0,0.02,0.01,0.01,0.01,0.01,0.01,0.02,0.01,0.16,0.2,0.38,0.31,0.03],[0.06,0.33,0.59,1.0,0.73,0.19,0.01,0.0,0.0,0.0,0.0,0.0,0.0,0.01,0.0,0.0,0.0,0.0,0.01,0.08,0.03,0.41,0.25,0.17,0.03,0.01],[0.19,0.57,0.47,0.73,1.0,0.97,0.08,0.0,0.0,0.0,0.0,0.0,0.0,0.0,0.0,0.0,0.0,0.01,0.07,0.45,0.06,0.72,0.1,0.04,0.01,0.0],[0.38,0.5,0.36,0.19,0.97,1.0,1.0,0.09,0.0,0.0,0.0,0.0,0.0,0.0,0.0,0.0,0.01,0.08,0.35,0.72,0.02,0.32,0.05,0.05,0.01,0.0],[0.28,0.2,0.14,0.01,0.08,1.0,1.0,0.98,0.17,0.0,0.0,0.0,0.0,0.0,0.0,0.01,0.15,0.56,0.84,0.39,0.01,0.02,0.01,0.02,0.01,0.01],[0.12,0.02,0.0,0.0,0.0,0.09,0.98,1.0,0.99,0.25,0.01,0.01,0.0,0.01,0.02,0.27,0.97,0.89,0.53,0.02,0.0,0.0,0.0,0.0,0.01,0.01],[0.07,0.01,0.0,0.0,0.0,0.0,0.17,0.99,1.0,0.99,0.41,0.02,0.01,0.03,0.28,0.96,0.93,0.49,0.01,0.0,0.0,0.0,0.0,0.0,0.01,0.02],[0.02,0.0,0.0,0.0,0.0,0.0,0.0,0.25,0.99,1.0,0.97,0.42,0.07,0.22,0.95,0.93,0.59,0.01,0.0,0.0,0.0,0.0,0.0,0.0,0.01,0.05],[0.01,0.0,0.0,0.0,0.0,0.0,0.0,0.01,0.41,0.97,1.0,0.83,0.36,0.47,0.73,0.47,0.02,0.01,0.0,0.0,0.0,0.0,0.0,0.0,0.01,0.05],[0.01,0.0,0.0,0.0,0.0,0.0,0.0,0.01,0.02,0.42,0.83,1.0,0.75,0.5,0.43,0.09,0.01,0.0,0.0,0.0,0.0,0.0,0.0,0.0,0.01,0.05],[0.02,0.0,0.0,0.0,0.0,0.0,0.0,0.0,0.01,0.07,0.36,0.75,1.0,0.77,0.36,0.02,0.0,0.0,0.0,0.0,0.0,0.0,0.0,0.0,0.01,0.03],[0.09,0.03,0.02,0.01,0.0,0.0,0.0,0.01,0.03,0.22,0.47,0.5,0.77,1.0,0.82,0.26,0.01,0.0,0.0,0.0,0.0,0.0,0.0,0.0,0.02,0.1],[0.23,0.02,0.01,0.0,0.0,0.0,0.0,0.02,0.28,0.95,0.73,0.43,0.36,0.82,1.0,0.99,0.3,0.0,0.0,0.0,0.0,0.0,0.0,0.0,0.12,0.17],[0.28,0.03,0.01,0.0,0.0,0.0,0.01,0.27,0.96,0.93,0.47,0.09,0.02,0.26,0.99,1.0,0.99,0.37,0.0,0.0,0.0,0.0,0.0,0.03,0.35,0.16],[0.24,0.03,0.01,0.0,0.0,0.01,0.15,0.97,0.93,0.59,0.02,0.01,0.0,0.01,0.3,0.99,1.0,1.0,0.21,0.0,0.0,0.0,0.02,0.2,0.38,0.07],[0.1,0.03,0.01,0.0,0.01,0.08,0.56,0.89,0.49,0.01,0.01,0.0,0.0,0.0,0.0,0.37,1.0,1.0,1.0,0.07,0.01,0.02,0.5,0.67,0.3,0.03],[0.04,0.03,0.01,0.01,0.07,0.35,0.84,0.53,0.01,0.0,0.0,0.0,0.0,0.0,0.0,0.0,0.21,1.0,1.0,0.99,0.06,0.59,0.7,0.22,0.09,0.01],[0.01,0.01,0.02,0.08,0.45,0.72,0.39,0.02,0.0,0.0,0.0,0.0,0.0,0.0,0.0,0.0,0.0,0.07,0.99,1.0,0.27,0.77,0.46,0.08,0.04,0.01],[0.0,0.0,0.01,0.03,0.06,0.02,0.01,0.0,0.0,0.0,0.0,0.0,0.0,0.0,0.0,0.0,0.0,0.01,0.06,0.27,1.0,0.22,0.08,0.01,0.0,0.0],[0.02,0.03,0.16,0.41,0.72,0.32,0.02,0.0,0.0,0.0,0.0,0.0,0.0,0.0,0.0,0.0,0.0,0.02,0.59,0.77,0.22,1.0,0.86,0.16,0.01,0.0],[0.07,0.11,0.2,0.25,0.1,0.05,0.01,0.0,0.0,0.0,0.0,0.0,0.0,0.0,0.0,0.0,0.02,0.5,0.7,0.46,0.08,0.86,1.0,0.99,0.12,0.01],[0.28,0.29,0.38,0.17,0.04,0.05,0.02,0.0,0.0,0.0,0.0,0.0,0.0,0.0,0.0,0.03,0.2,0.67,0.22,0.08,0.01,0.16,0.99,1.0,0.98,0.13],[0.57,0.55,0.31,0.03,0.01,0.01,0.01,0.01,0.01,0.01,0.01,0.01,0.01,0.02,0.12,0.35,0.38,0.3,0.09,0.04,0.0,0.01,0.12,0.98,1.0,0.43],[0.09,0.03,0.03,0.01,0.0,0.0,0.01,0.01,0.02,0.05,0.05,0.05,0.03,0.1,0.17,0.16,0.07,0.03,0.01,0.01,0.0,0.0,0.01,0.13,0.43,1.0]],
  "pae": [[1.1,2.9,5.1,8.8,7.4,7.1,6.6,8.5,10.2,11.1,12.0,12.3,12.9,11.1,9.0,8.4,7.3,7.2,8.6,8.8,12.0,8.9,9.1,6.8,6.9,10.9],[3.0,1.0,3.4,6.4,5.8,5.9,6.1,7.9,8.2,9.4,10.1,10.7,11.4,9.4,8.6,8.0,6.7,6.3,6.9,6.4,9.3,7.1,6.7,5.8,5.9,9.9],[5.7,4.7,1.2,6.2,5.7,6.7,9.6,11.9,12.0,13.3,14.8,15.1,15.8,14.0,12.9,11.0,10.8,9.0,8.7,8.7,11.7,8.3,7.7,6.6,7.9,12.3],[8.6,6.1,5.1,1.4,5.3,6.1,10.2,12.6,13.4,14.3,15.9,16.1,17.1,14.9,14.1,13.2,12.5,11.3,10.3,8.6,13.0,9.0,8.3,9.5,10.3,12.8],[7.0,5.8,5.5,4.8,1.1,3.3,5.4,7.2,8.6,10.6,12.4,11.3,12.3,11.4,10.2,8.7,8.1,6.6,6.3,5.3,8.7,6.4,5.7,6.5,7.5,11.8],[4.9,4.9,5.7,5.1,2.5,0.9,2.1,3.6,4.3,5.5,6.9,8.3,9.2,8.1,6.1,5.4,4.7,4.1,3.4,3.8,7.0,5.2,4.2,4.1,4.8,10.0],[4.4,4.3,6.6,5.9,2.9,1.8,0.9,1.9,2.8,3.6,4.7,7.1,8.1,6.4,4.1,3.8,3.2,2.8,2.9,3.4,6.6,4.5,3.7,3.8,4.1,10.2],[5.1,5.2,7.1,6.9,4.2,2.8,1.8,1.0,1.7,2.6,3.8,6.0,7.0,5.6,3.7,3.1,2.5,2.7,3.1,3.8,7.6,5.1,4.4,4.2,4.5,10.1],[5.8,5.5,7.3,7.7,5.3,3.7,2.5,1.9,0.9,1.7,2.9,5.1,6.1,5.0,2.9,2.7,2.6,3.0,3.6,4.2,7.2,5.3,4.5,4.5,4.7,10.1],[6.5,6.5,8.6,9.0,6.7,5.2,3.7,2.7,1.9,1.0,2.2,3.9,5.5,5.4,3.1,3.1,3.1,3.7,4.7,5.9,8.8,7.3,6.1,5.6,5.5,11.0],[7.9,8.2,10.2,10.5,8.9,7.6,5.7,4.6,3.4,2.9,1.1,3.5,4.8,4.9,4.8,4.3,4.7,5.7,6.6,8.3,10.6,9.5,8.4,7.3,7.6,13.4],[10.1,11.3,13.3,14.5,12.4,10.5,9.3,7.6,5.7,4.5,3.7,1.2,4.4,4.4,5.1,5.9,6.9,8.7,10.4,12.2,15.1,13.4,11.9,10.6,10.8,15.3],[11.1,12.8,14.4,16.5,15.0,13.4,12.2,9.9,8.1,5.9,4.3,4.2,1.4,4.4,5.7,7.0,8.6,9.9,12.3,15.0,17.3,16.4,14.0,12.9,11.8,16.5],[8.9,10.2,12.2,12.9,11.6,10.1,9.3,7.6,6.3,6.1,4.6,5.1,4.7,1.2,3.6,4.6,6.9,7.8,9.7,11.8,14.3,12.7,11.8,10.4,9.2,14.5],[6.3,6.9,9.1,9.5,7.8,6.3,4.9,4.1,3.4,3.3,4.4,5.0,4.6,2.9,1.0,2.4,3.0,4.1,5.4,6.9,9.9,7.8,6.5,6.0,5.9,12.5],[5.5,5.6,8.0,8.4,6.1,5.1,3.8,3.1,2.4,2.8,3.8,5.4,5.4,3.7,2.0,1.0,1.9,2.9,3.8,5.2,8.4,6.2,5.1,4.7,4.6,10.6],[5.0,5.1,7.0,7.7,5.1,3.8,2.8,2.3,2.2,2.8,3.7,5.7,6.1,4.0,2.1,1.7,0.9,1.8,2.6,3.7,7.1,5.4,4.4,3.9,4.2,9.5],[4.7,4.4,6.1,7.1,4.3,3.5,2.5,2.6,2.9,3.3,4.5,6.4,7.2,5.4,3.4,2.5,1.7,0.9,1.5,2.7,6.0,4.4,3.6,3.5,3.9,8.9],[4.6,4.2,5.9,6.3,3.7,3.0,2.8,3.3,3.8,4.5,5.7,7.5,7.8,6.6,4.3,3.6,2.7,1.9,0.8,1.8,5.2,3.7,3.3,3.4,4.1,9.0],[5.5,5.4,6.9,6.8,4.8,3.9,4.0,4.3,5.3,6.4,7.9,8.6,9.4,8.2,6.6,5.4,4.2,3.3,1.9,0.9,4.5,3.4,3.5,4.5,5.3,9.9],[13.3,13.3,12.4,10.4,9.3,8.7,10.1,10.6,12.5,14.1,16.4,16.1,17.2,15.5,14.8,13.4,12.1,9.9,6.2,5.2,1.5,6.2,6.1,9.7,11.6,13.0],[7.8,7.8,8.3,7.9,4.9,5.3,6.0,7.0,8.4,9.0,10.8,11.8,13.0,11.4,9.8,8.5,7.1,5.5,4.6,3.6,4.1,1.2,3.4,4.9,6.2,11.1],[6.2,6.0,7.0,7.6,4.7,4.8,5.4,6.4,7.3,8.7,9.9,10.4,11.4,9.9,8.1,7.3,6.0,4.8,4.4,3.8,5.2,3.8,1.0,2.1,3.8,9.8],[5.5,5.2,6.9,7.6,4.7,4.7,5.2,6.0,5.8,7.1,8.6,9.7,10.5,8.7,7.0,5.9,5.1,4.3,4.0,4.5,6.2,3.8,2.1,0.9,2.3,7.9],[5.6,5.6,7.4,8.3,5.2,4.9,5.2,6.0,5.9,6.6,8.5,10.0,10.2,8.5,6.6,6.0,5.0,4.1,4.4,5.3,8.1,4.9,3.0,2.0,1.0,8.1],[11.9,12.1,13.6,15.6,14.5,14.1,13.4,13.9,14.8,16.6,18.7,17.9,18.4,16.9,14.8,13.7,12.2,11.9,13.9,13.9,18.5,13.7,11.1,8.3,9.0,2.6]],
  "token_chain_ids": ["A","A","A","A","A","A","A","A","A","A","A","A","A","A","A","A","A","A","A","A","A","A","A","A","A","A"],
  "token_res_ids": [1,2,3,4,5,6,7,8,9,10,11,12,13,14,15,16,17,18,19,20,21,22,23,24,25,26]
}