{
  "atom_chain_ids": ["A","A","A","A","A","A","A","A","A","A","A","A","A","A","A","A","A","A","A","A","A","A","A","A","A","A","A","A","A","A","A","A","A","A","A","A","A","A","A","A","A","A","A","A","A","A","A","A","A","A","A","A","A","A","A","A","A","A","A","A","A","A","A","A","A","A","A","A","A","A","A","A","A","A","A","A","A","A","A","A","A","A","A","A","A","A","A","A","A","A","A","A","A","A","A","A","A","A","A","A","A","A","A","A","A","A","A","A","A","A","A","A","A","A","A","A","A","A","A","A","A","A","A","A","A","A","A","A","A","A","A","A","A","A","A","A","A","A","A","A","A","A","A","A","A","A","A","A","A","A","A","A","A","A","A","A","A","A","A","A","A","A","A","A","A","A","A","A","A","A","A","A","A","A","A","A","A","A","A","A","A","A","A","A","A","A","A","A","A","A","A","A","A","A","A","A","A","A","A","A","A","A","A","A","A","A","A","A","A","A","A","A","A","A","A","A","A","A","A","A","A","A","A","A","A","A","A","A","A","A","A","A","A","A","A","A","A","A","A","A","A","A","A","A","A","A","A","A","A","A","A","A","A","A","A","A","A","A","A","A","A","A","A","A","A","A","A","A","A","A","A","A","A","A","A","A","A","A","A","A","A","A","A","A","A","A","A","A","A","A","A","A","A","A","A","A","A","A","A","A","A","A","A","A","A","A","A","A","A","A","A","A","A","A","A","A","A","A","A","A","A","A","A","A","A","A","A","A","A","A","A","A","A","A","A","A","A","A","A","A","A","A","A","A","A","A","A","A","A","A","A","A","A","A","A","A","A","A","A","A","A","A","A","A","A","A","A","A","A","A","A","A","A","A","A","A","A","A","A","A","A","A","A","A","A","A","A","A","A","A","A","A","A","A","A","A","A","A","A","A","A","A","A","A","A","A","A","A","A","A","A","A","A","A","A","A","A","A","A","A","A","A","A","A","A","A","A","A","A","A","A","A","A","A","A","A","A","A","A","A","A","A","A","A","A","A","A","A","A","A","A","A","A","A","A","A","A","A","A","A","A","A","A","A","A","A","A","A","A","A","A","A","A","A","A","A","A","A","A","A","A","A","A","A","A","A","A","A","A","A","A","A","A","A","A","A","A","A","A","A","A","A","A","A","A","A","A","A","A","A","A","A","A","A","A","A","A","A","A","A","A","A","A","A","A","A","A","A","A","A","A","A","A","A","A","A","A","A","A","A","A","A","A","A","A","A","A","A"],
  "atom_plddts": [58.12,59.47,53.63,53.87,59.06,63.07,64.7,67.03,66.69,65.42,66.18,65.58,66.11,66.08,64.91,65.14,65.89,65.17,63.55,63.64,64.24,64.95,67.44,61.99,58.59,58.57,62.26,63.27,64.99,67.44,66.48,65.12,65.93,66.65,66.53,67.28,66.71,67.48,68.29,67.97,67.33,67.0,67.06,67.23,68.26,60.37,58.41,58.21,59.89,58.83,60.26,60.45,60.33,58.94,58.14,57.07,59.27,58.23,57.74,58.21,58.54,57.58,56.56,56.51,57.03,55.6,58.51,55.8,52.42,52.1,55.85,54.52,56.59,56.04,58.21,56.86,55.77,54.44,56.17,54.08,51.0,50.92,50.39,48.55,47.18,47.93,49.64,50.37,58.65,53.77,54.24,59.26,60.45,62.48,65.2,64.56,63.78,63.65,64.07,64.63,65.05,63.99,64.94,65.65,64.98,64.13,63.92,64.27,64.47,65.94,66.36,62.49,62.84,66.99,68.7,70.72,72.18,72.24,70.75,71.92,72.41,72.64,73.19,71.58,72.2,72.93,72.34,71.68,71.74,72.14,72.25,73.44,69.53,66.79,66.97,69.59,69.57,71.29,72.43,72.51,70.9,71.75,71.71,72.48,72.85,71.68,72.11,72.83,72.41,71.7,71.68,71.97,71.54,72.88,68.44,65.7,66.78,69.31,67.63,69.8,71.41,70.47,69.57,69.49,70.02,70.56,70.92,71.09,71.23,71.69,71.64,71.21,71.18,66.24,63.05,64.46,67.11,66.08,67.95,69.67,69.12,68.12,68.42,68.61,69.33,69.69,70.03,70.98,71.1,70.55,70.28,70.13,70.33,70.25,70.86,65.43,62.36,63.69,66.78,65.43,67.15,69.08,67.57,66.97,66.46,66.94,67.63,67.81,68.02,68.15,68.68,68.57,67.9,67.93,62.14,59.32,59.92,62.62,61.71,62.32,64.22,63.31,62.59,62.02,61.79,62.9,62.54,62.44,63.33,63.06,62.2,61.42,61.84,62.82,61.93,63.47,59.85,56.76,57.57,61.06,60.49,61.19,62.92,62.12,61.39,59.48,60.61,60.9,59.99,59.02,59.04,58.62,58.13,57.18,58.09,57.84,52.69,53.67,59.93,59.45,61.08,62.44,62.65,61.76,59.77,60.48,61.0,59.7,57.92,57.82,57.45,56.75,55.61,56.83,58.81,53.35,53.11,59.43,60.03,61.68,62.52,63.36,61.44,61.24,59.97,60.79,59.36,56.81,57.35,57.0,55.13,53.74,54.31,56.2,56.87,60.1,55.46,56.56,60.98,61.32,63.57,66.02,64.89,64.3,64.31,64.42,65.36,65.89,65.75,66.87,67.07,66.38,65.88,65.81,66.26,66.37,67.26,62.58,59.74,61.56,63.98,62.97,65.02,67.56,65.5,65.25,64.69,65.58,66.22,66.62,66.48,66.84,67.43,67.31,66.62,66.52,65.47,62.26,63.3,66.33,66.27,68.11,70.03,69.48,68.25,68.85,69.32,69.82,70.39,70.0,70.9,71.37,70.88,70.5,70.26,70.47,70.64,71.44,68.48,65.3,65.77,69.16,69.48,71.49,72.78,72.47,70.74,71.81,72.08,72.68,73.18,71.79,72.15,73.01,72.62,71.78,71.85,72.14,71.72,73.22,68.92,66.4,66.77,69.48,70.17,72.05,72.72,72.74,71.09,71.97,72.29,72.68,73.12,71.68,72.03,72.74,72.35,71.66,71.67,72.01,71.71,72.98,68.6,66.38,66.47,68.58,67.91,69.26,69.96,69.76,67.9,68.06,67.58,68.85,68.84,68.01,68.23,69.2,68.65,67.77,67.58,68.01,67.08,69.03,62.67,60.21,60.87,63.96,62.6,63.91,62.55,63.5,63.08,59.39,59.71,60.54,58.42,55.96,55.35,54.56,53.62,52.25,53.75,56.44,59.08,53.54,53.7,59.92,59.76,61.38,64.45,63.84,63.03,61.86,61.88,63.11,62.67,60.68,59.9,60.63,59.98,57.96,59.36,62.63,57.72,57.45,62.87,63.53,64.93,67.02,66.82,64.86,65.79,65.26,66.26,66.45,65.35,65.73,66.78,66.11,64.8,64.92,65.55,65.15,67.38,64.55,61.06,60.99,64.71,65.88,67.45,68.67,67.93,66.31,67.19,67.4,67.96,68.55,67.9,68.34,69.44,69.2,68.42,68.06,68.16,67.92,69.43,65.2,62.32,61.94,64.58,64.5,65.32,66.43,65.48,63.95,64.54,64.23,65.8,66.09,66.19,66.67,67.61,67.35,66.62,66.22,66.28,65.78,67.29,48.57,46.9,47.21,48.29,48.43,49.32,49.71,50.2,49.59,48.01,47.71,48.9,47.42,45.42,45.08,44.43,43.88,42.67,44.05],
  "contact_probs": [[1.0,0.99,0.13,0.06,0.19,0.38,0.28,0.12,0.07,0.02,0.01,0.01,0.02,0.09,0.23,0.28,0.24,0.1,0.04,0.01,0.0,0.02,0.07,0.28,0.57,0.09],[0.99,1.0,0.93,0.33,0.57,0.5,0.2,0.02,0.01,0.0,0.0,0.0,0.0,0.03,0.02,0.03,0.03,0.03,0.03,0.01,0.0,0.03,0.11,0.29,0.55,0.03],[0.13,0.93,1.0,0.59,0.47,0.36,0.14,0.0,0.0,0.0,0.0,0.0,0.0,0.02,0.01,0.01,0.01,0.01,0.01,0.02,0.01,0.16,0.2,0.38,0.31,0.03],[0.06,0.33,0.59,1.0,0.73,0.19,0.01,0.0,0.0,0.0,0.0,0.0,0.0,0.01,0.0,0.0,0.0,0.0,0.01,0.08,0.03,0.41,0.25,0.17,0.03,0.01],[0.19,0.57,0.47,0.73,1.0,0.97,0.08,0.0,0.0,0.0,0.0,0.0,0.0,0.0,0.0,0.0,0.0,0.01,0.07,0.45,0.06,0.72,0.1,0.04,0.01,0.0],[0.38,0.5,0.36,0.19,0.97,1.0,1.0,0.09,0.0,0.0,0.0,0.0,0.0,0.0,0.0,0.0,0.01,0.08,0.35,0.72,0.02,0.32,0.05,0.05,0.01,0.0],[0.28,0.2,0.14,0.01,0.08,1.0,1.0,0.98,0.17,0.0,0.0,0.0,0.0,0.0,0.0,0.01,0.15,0.56,0.84,0.39,0.01,0.02,0.01,0.02,0.01,0.01],[0.12,0.02,0.0,0.0,0.0,0.09,0.98,1.0,0.99,0.25,0.01,0.01,0.0,0.01,0.02,0.27,0.97,0.89,0.53,0.02,0.0,0.0,0.0,0.0,0.01,0.01],[0.07,0.01,0.0,0.0,0.0,0.0,0.17,0.99,1.0,0.99,0.41,0.02,0.01,0.03,0.28,0.96,0.93,0.49,0.01,0.0,0.0,0.0,0.0,0.0,0.01,0.02],[0.02,0.0,0.0,0.0,0.0,0.0,0.0,0.25,0.99,1.0,0.97,0.42,0.07,0.22,0.95,0.93,0.59,0.01,0.0,0.0,0.0,0.0,0.0,0.0,0.01,0.05],[0.01,0.0,0.0,0.0,0.0,0.0,0.0,0.01,0.41,0.97,1.0,0.83,0.36,0.47,0.73,0.47,0.02,0.01,0.0,0.0,0.0,0.0,0.0,0.0,0.01,0.05],[0.01,0.0,0.0,0.0,0.0,0.0,0.0,0.01,0.02,0.42,0.83,1.0,0.75,0.5,0.43,0.09,0.01,0.0,0.0,0.0,0.0,0.0,0.0,0.0,0.01,0.05],[0.02,0.0,0.0,0.0,0.0,0.0,0.0,0.0,0.01,0.07,0.36,0.75,1.0,0.77,0.36,0.02,0.0,0.0,0.0,0.0,0.0,0.0,0.0,0.0,0.01,0.03],[0.09,0.03,0.02,0.01,0.0,0.0,0.0,0.01,0.03,0.22,0.47,0.5,0.77,1.0,0.82,0.26,0.01,0.0,0.0,0.0,0.0,0.0,0.0,0.0,0.02,0.1],[0.23,0.02,0.01,0.0,0.0,0.0,0.0,0.02,0.28,0.95,0.73,0.43,0.36,0.82,1.0,0.99,0.3,0.0,0.0,0.0,0.0,0.0,0.0,0.0,0.12,0.17],[0.28,0.03,0.01,0.0,0.0,0.0,0.01,0.27,0.96,0.93,0.47,0.09,0.02,0.26,0.99,1.0,0.99,0.37,0.0,0.0,0.0,0.0,0.0,0.03,0.35,0.16],[0.24,0.03,0.01,0.0,0.0,0.01,0.15,0.97,0.93,0.59,0.02,0.01,0.0,0.01,0.3,0.99,1.0,1.0,0.21,0.0,0.0,0.0,0.02,0.2,0.38,0.07],[0.1,0.03,0.01,0.0,0.01,0.08,0.56,0.89,0.49,0.01,0.01,0.0,0.0,0.0,0.0,0.37,1.0,1.0,1.0,0.07,0.01,0.02,0.5,0.67,0.3,0.03],[0.04,0.03,0.01,0.01,0.07,0.35,0.84,0.53,0.01,0.0,0.0,0.0,0.0,0.0,0.0,0.0,0.21,1.0,1.0,0.99,0.06,0.59,0.7,0.22,0.09,0.01],[0.01,0.01,0.02,0.08,0.45,0.72,0.39,0.02,0.0,0.0,0.0,0.0,0.0,0.0,0.0,0.0,0.0,0.07,0.99,1.0,0.27,0.77,0.46,0.08,0.04,0.01],[0.0,0.0,0.01,0.03,0.06,0.02,0.01,0.0,0.0,0.0,0.0,0.0,0.0,0.0,0.0,0.0,0.0,0.01,0.06,0.27,1.0,0.22,0.08,0.01,0.0,0.0],[0.02,0.03,0.16,0.41,0.72,0.32,0.02,0.0,0.0,0.0,0.0,0.0,0.0,0.0,0.0,0.0,0.0,0.02,0.59,0.77,0.22,1.0,0.86,0.16,0.01,0.0],[0.07,0.11,0.2,0.25,0.1,0.05,0.01,0.0,0.0,0.0,0.0,0.0,0.0,0.0,0.0,0.0,0.02,0.5,0.7,0.46,0.08,0.86,1.0,0.99,0.12,0.01],[0.28,0.29,0.38,0.17,0.04,0.05,0.02,0.0,0.0,0.0,0.0,0.0,0.0,0.0,0.0,0.03,0.2,0.67,0.22,0.08,0.01,0.16,0.99,1.0,0.98,0.13],[0.57,0.55,0.31,0.03,0.01,0.01,0.01,0.01,0.01,0.01,0.01,0.01,0.01,0.02,0.12,0.35,0.38,0.3,0.09,0.04,0.0,0.01,0.12,0.98,1.0,0.43],[0.09,0.03,0.03,0.01,0.0,0.0,0.01,0.01,0.02,0.05,0.05,0.05,0.03,0.1,0.17,0.16,0.07,0.03,0.01,0.01,0.0,0.0,0.01,0.13,0.43,1.0]],
  "pae": [[1.1,3.2,4.9,8.1,7.5,6.8,6.2,7.8,9.8,10.5,11.8,13.3,13.8,11.8,9.5,9.1,6.9,7.2,8.1,8.9,11.6,8.3,8.0,7.0,7.2,12.1],[2.8,1.0,3.3,6.1,5.3,5.2,5.6,7.3,8.5,9.1,10.4,11.3,11.9,10.0,8.9,7.8,6.6,6.0,6.2,6.0,9.3,6.6,5.9,5.7,5.9,11.4],[5.4,4.7,1.2,5.9,5.5,6.9,8.3,10.9,12.3,12.5,14.3,14.9,15.9,14.1,12.9,10.6,10.3,8.1,8.0,8.9,11.0,8.0,7.3,6.4,7.4,14.4],[8.4,7.1,5.6,1.4,4.9,5.9,9.6,11.9,13.2,14.0,15.9,16.9,17.8,16.3,14.1,13.3,12.0,10.2,9.8,7.8,12.3,8.1,7.7,10.1,10.7,15.2],[7.0,5.9,5.8,4.2,1.0,3.1,5.5,7.0,8.9,9.9,12.5,12.3,12.7,12.3,10.5,8.8,8.3,6.7,6.1,5.8,8.8,6.0,5.5,6.5,7.9,12.2],[4.8,4.9,5.7,4.8,2.3,0.9,2.1,3.7,4.6,5.8,7.6,9.7,10.4,9.4,6.5,5.6,4.8,4.1,3.7,3.9,7.0,4.9,4.1,4.1,4.9,10.3],[4.5,4.1,6.7,6.1,2.9,1.9,0.9,2.0,2.9,3.9,5.1,8.5,9.1,7.7,4.6,4.1,3.4,3.0,3.3,3.6,6.9,4.7,3.7,4.0,4.1,10.6],[4.9,5.2,7.0,7.2,4.2,2.8,1.8,1.0,1.8,2.7,4.3,7.2,7.9,6.9,4.0,3.5,2.8,2.8,3.3,4.0,7.8,5.4,4.7,4.5,4.9,10.7],[5.7,5.9,7.8,8.4,5.8,4.2,2.8,2.0,0.9,2.0,3.7,5.9,6.8,6.6,3.3,3.0,3.2,3.6,4.2,4.8,8.6,6.2,5.4,5.3,5.3,10.6],[6.6,7.1,9.0,10.0,7.6,5.9,4.3,2.9,2.1,1.0,2.8,4.8,6.1,6.8,3.8,3.6,3.6,4.2,5.6,6.6,10.0,8.0,7.1,6.3,6.3,11.3],[8.7,9.5,11.1,12.2,10.4,8.6,6.8,4.8,3.8,3.5,1.1,4.4,5.8,6.6,6.4,5.5,5.2,6.4,8.0,9.4,12.3,11.1,10.0,8.9,8.7,12.4],[11.3,12.9,14.2,17.1,14.6,12.7,11.4,8.8,6.6,5.8,5.0,1.2,4.7,5.5,6.2,7.1,7.7,9.8,13.4,14.1,17.1,15.5,14.2,13.1,12.6,13.8],[12.1,14.2,15.5,18.5,16.7,15.1,13.7,11.2,8.6,7.0,6.3,5.0,1.4,4.7,6.6,7.6,9.4,11.2,15.0,17.0,18.6,17.9,16.0,15.3,13.2,15.2],[9.9,11.6,13.1,15.0,14.0,11.8,10.9,8.9,7.5,7.6,7.0,6.1,4.8,1.2,3.8,5.3,7.5,9.3,12.0,13.6,16.1,14.2,13.4,12.1,10.5,13.2],[6.3,7.5,9.2,10.2,8.5,7.2,5.5,4.6,3.7,3.8,5.4,6.0,4.9,3.4,1.0,2.8,3.4,4.6,6.0,7.7,10.9,8.7,7.8,7.2,6.6,10.7],[5.4,6.0,7.9,9.2,6.4,5.4,4.2,3.3,2.7,3.4,4.7,6.5,6.2,4.5,2.2,1.0,2.1,3.1,4.5,5.6,9.0,6.6,5.8,5.2,5.3,9.6],[4.8,5.2,7.0,7.9,5.2,4.0,3.1,2.7,2.6,3.5,4.5,6.7,7.0,4.7,2.5,1.9,0.9,2.0,2.9,4.1,7.5,5.7,4.7,4.1,4.7,9.6],[4.3,4.3,5.8,7.0,4.0,3.4,2.5,2.8,3.1,3.8,5.0,7.7,8.4,6.2,3.7,2.7,1.7,0.9,1.5,2.7,6.4,4.5,3.7,3.5,3.9,9.7],[4.3,4.2,5.4,6.3,3.8,3.1,3.1,3.5,4.2,4.9,6.5,8.7,8.8,7.3,4.8,3.8,2.9,1.9,0.8,1.9,5.6,3.7,3.5,3.5,4.3,9.9],[5.5,5.4,6.3,7.2,4.4,3.8,4.2,4.4,5.7,6.5,8.5,10.0,11.1,9.1,7.5,5.6,4.3,3.3,2.0,0.9,4.4,3.3,3.5,4.6,5.4,11.1],[11.6,12.2,11.7,9.5,7.9,8.1,9.9,10.9,12.7,15.0,17.5,16.9,17.8,16.3,15.0,13.9,12.3,9.5,6.2,4.7,1.4,5.5,5.4,9.0,11.0,15.7],[7.6,7.1,7.8,8.1,4.9,4.9,6.2,6.8,8.1,9.2,11.4,13.1,14.0,12.8,10.3,8.6,7.1,5.4,4.8,3.6,4.2,1.2,2.9,4.7,6.1,11.8],[6.3,5.7,6.4,7.9,4.8,4.7,5.4,6.8,7.1,8.3,10.1,11.7,12.7,10.9,8.5,7.3,6.0,4.5,4.6,4.0,5.2,3.4,1.0,2.0,3.9,9.9],[5.4,5.2,6.7,7.8,4.8,4.4,5.2,5.9,5.7,7.1,8.1,10.2,10.8,9.4,7.0,5.9,4.9,4.2,3.9,4.5,6.5,3.7,1.9,0.9,2.4,8.9],[5.7,5.2,6.6,8.6,5.5,4.9,5.4,5.9,5.8,6.5,8.3,10.8,11.0,9.2,7.4,6.2,4.9,4.1,4.5,5.6,8.6,5.1,3.2,2.0,1.0,9.2],[12.1,14.7,15.8,18.3,17.0,17.5,14.9,14.0,14.4,13.9,12.5,16.4,16.7,13.6,12.3,11.6,12.4,12.7,15.5,18.0,19.7,16.6,14.2,11.0,9.5,2.3]],
  "token_chain_ids": ["A","A","A","A","A","A","A","A","A","A","A","A","A","A","A","A","A","A","A","A","A","A","A","A","A","A"],
  "token_res_ids": [1,2,3,4,5,6,7,8,9,10,11,12,13,14,15,16,17,18,19,20,21,22,23,24,25,26]
}