{
  "atom_chain_ids": ["A","A","A","A","A","A","A","A","A","A","A","A","A","A","A","A","A","A","A","A","A","A","A","A","A","A","A","A","A","A","A","A","A","A","A","A","A","A","A","A","A","A","A","A","A","A","A","A","A","A","A","A","A","A","A","A","A","A","A","A","A","A","A","A","A","A","A","A","A","A","A","A","A","A","A","A","A","A","A","A","A","A","A","A","A","A","A","A","A","A","A","A","A","A","A","A","A","A","A","A","A","A","A","A","A","A","A","A","A","A","A","A","A","A","A","A","A","A","A","A","A","A","A","A","A","A","A","A","A","A","A","A","A","A","A","A","A","A","A","A","A","A","A","A","A","A","A","A","A","A","A","A","A","A","A","A","A","A","A","A","A","A","A","A","A","A","A","A","A","A","A","A","A","A","A","A","A","A","A","A","A","A","A","A","A","A","A","A","A","A","A","A","A","A","A","A","A","A","A","A","A","A","A","A","A","A","A","A","A","A","A","A","A","A","A","A","A","A","A","A","A","A","A","A","A","A","A","A","A","A","A","A","A","A","A","A","A","A","A","A","A","A","A","A","A","A","A","A","A","A","A","A","A","A","A","A","A","A","A","A","A","A","A","A","A","A","A","A","A","A","A","A","A","A","A","A","A","A","A","A","A","A","A","A","A","A","A","A","A","A","A","A","A","A","A","A","A","A","A","A","A","A","A","A","A","A","A","A","A","A","A","A","A","A","A","A","A","A","A","A","A","A","A","A","A","A","A","A","A","A","A","A","A","A","A","A","A","A","A","A","A","A","A","A","A","A","A","A","A","A","A","A","A","A","A","A","A","A","A","A","A","A","A","A","A","A","A","A","A","A","A","A","A","A","A","A","A","A","A","A","A","A","A","A","A","A","A","A","A","A","A","A","A","A","A","A","A","A","A","A","A","A","A","A","A","A","A","A","A","A","A","A","A","A","A","A","A","A","A","A","A","A","A","A","A","A","A","A","A","A","A","A","A","A","A","A","A","A","A","A","A","A","A","A","A","A","A","A","A","A","A","A","A","A","A","A","A","A","A","A","A","A","A","A","A","A","A","A","A","A","A","A","A","A","A","A","A","A","A","A","A","A","A","A","A","A","A","A","A","A","A","A","A","A","A","A","A","A","A","A","A","A","A","A","A","A","A","A","A","A","A","A","A","A","A","A","A","A","A","A","A","A","A","A","A","A","A","A","A","A","A","A","A","A","A","A","A","A","A","A","A","A","A","A","A","A","A","A"],
  "atom_plddts": [59.6,61.13,55.29,55.61,60.66,64.59,66.16,68.46,68.14,66.81,67.58,66.83,67.71,67.75,66.47,66.7,67.54,66.85,65.22,65.3,65.86,66.47,69.01,62.93,59.37,59.53,63.35,64.52,66.24,68.54,67.5,66.14,67.08,67.76,67.83,68.63,68.01,68.72,69.51,69.18,68.54,68.31,68.41,68.56,69.59,61.42,59.43,59.31,60.85,59.71,60.93,61.73,61.25,60.04,59.51,58.42,60.73,60.03,59.59,60.02,60.45,59.6,58.53,58.57,59.11,57.9,60.49,54.07,51.55,51.14,53.58,52.16,53.88,52.87,55.37,54.02,52.94,51.5,53.26,51.08,48.23,48.05,47.31,45.61,44.36,45.08,46.77,47.36,59.59,54.17,54.57,60.16,61.39,63.34,66.08,65.28,64.45,64.52,64.92,65.52,66.06,65.23,66.09,66.86,66.25,65.33,65.27,65.65,65.89,67.25,67.89,64.14,64.45,68.46,69.81,71.88,73.12,73.32,71.83,72.9,73.26,73.74,74.28,72.62,73.17,73.95,73.37,72.67,72.78,73.17,73.23,74.46,70.81,68.11,68.21,70.73,70.33,72.29,73.19,73.45,71.83,72.4,72.19,73.35,73.68,72.43,72.78,73.59,73.12,72.33,72.36,72.63,72.07,73.64,69.42,66.52,67.56,70.33,68.7,71.22,72.64,71.95,70.97,70.85,71.3,72.02,72.35,72.24,72.37,72.9,72.78,72.31,72.31,67.81,64.41,65.73,68.66,67.55,69.66,71.07,70.76,69.69,69.91,69.91,70.88,71.15,71.38,72.22,72.42,71.82,71.47,71.42,71.62,71.52,72.27,66.85,63.94,65.06,67.91,66.18,67.89,69.62,68.1,67.48,66.81,67.24,68.17,68.37,68.77,68.86,69.46,69.33,68.65,68.66,63.63,60.91,61.43,64.0,62.88,63.44,65.27,64.45,63.65,63.15,62.9,64.11,63.76,63.77,64.7,64.45,63.56,62.83,63.24,64.16,63.35,64.82,60.91,57.57,58.29,62.25,61.58,62.26,63.98,63.19,62.46,60.56,61.63,62.13,61.25,60.36,60.38,60.04,59.5,58.51,59.43,58.67,53.95,54.96,60.68,59.93,61.34,62.68,62.83,62.02,59.92,60.53,61.22,59.86,58.12,57.98,57.61,56.91,55.75,56.99,60.35,54.96,54.82,60.95,61.36,62.85,63.83,64.4,62.47,62.19,60.78,61.89,60.56,58.1,58.58,58.47,56.65,55.18,55.71,57.51,58.05,61.86,57.29,58.45,62.92,63.14,65.61,67.91,66.9,66.21,66.08,66.0,67.22,67.7,67.38,68.42,68.75,68.02,67.44,67.35,67.8,67.88,68.94,64.42,61.56,63.15,65.84,64.58,66.9,69.13,67.33,66.95,66.33,66.99,67.98,68.28,68.03,68.32,68.98,68.81,68.06,67.98,66.83,63.48,64.54,67.72,67.64,69.71,71.36,71.04,69.69,70.2,70.53,71.32,71.84,71.31,72.16,72.7,72.17,71.74,71.51,71.7,71.86,72.8,69.93,66.72,67.0,70.52,70.64,72.91,73.95,73.92,72.16,73.06,73.2,74.08,74.51,72.95,73.26,74.15,73.7,72.81,72.96,73.24,72.77,74.48,69.48,66.85,67.1,69.89,70.21,72.23,72.87,73.0,71.36,72.16,72.43,72.95,73.39,71.97,72.31,73.05,72.66,71.91,71.96,72.29,71.92,73.28,68.41,65.88,65.85,68.46,67.75,69.3,69.96,69.89,68.01,68.01,67.32,68.76,68.68,67.7,67.87,68.94,68.39,67.35,67.19,67.65,66.58,68.86,62.46,59.91,60.53,63.66,62.39,63.73,62.61,63.34,62.97,59.46,59.73,60.68,58.69,56.32,55.69,54.93,53.98,52.56,54.12,56.78,59.24,53.43,53.56,60.28,60.15,61.74,64.86,64.4,63.54,62.26,62.18,63.47,62.92,60.5,59.61,60.43,59.78,57.65,59.08,63.3,58.29,57.93,63.4,63.84,65.26,67.35,67.11,65.17,66.17,65.6,66.72,66.98,65.97,66.33,67.47,66.83,65.49,65.64,66.23,65.87,68.05,65.24,61.61,61.56,65.39,66.51,68.27,69.46,68.83,67.17,68.06,68.2,68.9,69.49,68.76,69.18,70.28,70.05,69.22,68.94,69.04,68.78,70.38,65.43,62.28,61.86,64.94,64.98,65.91,67.1,66.17,64.68,65.3,64.81,66.42,66.71,66.69,67.08,68.06,67.79,66.96,66.64,66.75,66.28,67.92,50.38,49.02,49.24,49.96,49.84,50.42,50.79,51.07,50.51,48.84,48.32,49.71,48.12,46.25,45.76,45.12,44.54,43.2,44.67],
  "contact_probs": [[1.0,0.99,0.13,0.06,0.19,0.38,0.28,0.12,0.07,0.02,0.01,0.01,0.02,0.09,0.23,0.28,0.24,0.1,0.04,0.01,0.0,0.02,0.07,0.28,0.57,0.09],[0.99,1.0,0.93,0.33,0.57,0.5,0.2,0.02,0.01,0.0,0.0,0.0,0.0,0.03,0.02,0.03,0.03,0.03,0.03,0.01,0.0,0.03,0.11,0.29,0.55,0.03],[0.13,0.93,1.0,0.59,0.47,0.36,0.14,0.0,0.0,0.0,0.0,0.0,0.0,0.02,0.01,0.01,0.01,0.01,0.01,0.02,0.01,0.16,0.2,0.38,0.31,0.03],[0.06,0.33,0.59,1.0,0.73,0.19,0.01,0.0,0.0,0.0,0.0,0.0,0.0,0.01,0.0,0.0,0.0,0.0,0.01,0.08,0.03,0.41,0.25,0.17,0.03,0.01],[0.19,0.57,0.47,0.73,1.0,0.97,0.08,0.0,0.0,0.0,0.0,0.0,0.0,0.0,0.0,0.0,0.0,0.01,0.07,0.45,0.06,0.72,0.1,0.04,0.01,0.0],[0.38,0.5,0.36,0.19,0.97,1.0,1.0,0.09,0.0,0.0,0.0,0.0,0.0,0.0,0.0,0.0,0.01,0.08,0.35,0.72,0.02,0.32,0.05,0.05,0.01,0.0],[0.28,0.2,0.14,0.01,0.08,1.0,1.0,0.98,0.17,0.0,0.0,0.0,0.0,0.0,0.0,0.01,0.15,0.56,0.84,0.39,0.01,0.02,0.01,0.02,0.01,0.01],[0.12,0.02,0.0,0.0,0.0,0.09,0.98,1.0,0.99,0.25,0.01,0.01,0.0,0.01,0.02,0.27,0.97,0.89,0.53,0.02,0.0,0.0,0.0,0.0,0.01,0.01],[0.07,0.01,0.0,0.0,0.0,0.0,0.17,0.99,1.0,0.99,0.41,0.02,0.01,0.03,0.28,0.96,0.93,0.49,0.01,0.0,0.0,0.0,0.0,0.0,0.01,0.02],[0.02,0.0,0.0,0.0,0.0,0.0,0.0,0.25,0.99,1.0,0.97,0.42,0.07,0.22,0.95,0.93,0.59,0.01,0.0,0.0,0.0,0.0,0.0,0.0,0.01,0.05],[0.01,0.0,0.0,0.0,0.0,0.0,0.0,0.01,0.41,0.97,1.0,0.83,0.36,0.47,0.73,0.47,0.02,0.01,0.0,0.0,0.0,0.0,0.0,0.0,0.01,0.05],[0.01,0.0,0.0,0.0,0.0,0.0,0.0,0.01,0.02,0.42,0.83,1.0,0.75,0.5,0.43,0.09,0.01,0.0,0.0,0.0,0.0,0.0,0.0,0.0,0.01,0.05],[0.02,0.0,0.0,0.0,0.0,0.0,0.0,0.0,0.01,0.07,0.36,0.75,1.0,0.77,0.36,0.02,0.0,0.0,0.0,0.0,0.0,0.0,0.0,0.0,0.01,0.03],[0.09,0.03,0.02,0.01,0.0,0.0,0.0,0.01,0.03,0.22,0.47,0.5,0.77,1.0,0.82,0.26,0.01,0.0,0.0,0.0,0.0,0.0,0.0,0.0,0.02,0.1],[0.23,0.02,0.01,0.0,0.0,0.0,0.0,0.02,0.28,0.95,0.73,0.43,0.36,0.82,1.0,0.99,0.3,0.0,0.0,0.0,0.0,0.0,0.0,0.0,0.12,0.17],[0.28,0.03,0.01,0.0,0.0,0.0,0.01,0.27,0.96,0.93,0.47,0.09,0.02,0.26,0.99,1.0,0.99,0.37,0.0,0.0,0.0,0.0,0.0,0.03,0.35,0.16],[0.24,0.03,0.01,0.0,0.0,0.01,0.15,0.97,0.93,0.59,0.02,0.01,0.0,0.01,0.3,0.99,1.0,1.0,0.21,0.0,0.0,0.0,0.02,0.2,0.38,0.07],[0.1,0.03,0.01,0.0,0.01,0.08,0.56,0.89,0.49,0.01,0.01,0.0,0.0,0.0,0.0,0.37,1.0,1.0,1.0,0.07,0.01,0.02,0.5,0.67,0.3,0.03],[0.04,0.03,0.01,0.01,0.07,0.35,0.84,0.53,0.01,0.0,0.0,0.0,0.0,0.0,0.0,0.0,0.21,1.0,1.0,0.99,0.06,0.59,0.7,0.22,0.09,0.01],[0.01,0.01,0.02,0.08,0.45,0.72,0.39,0.02,0.0,0.0,0.0,0.0,0.0,0.0,0.0,0.0,0.0,0.07,0.99,1.0,0.27,0.77,0.46,0.08,0.04,0.01],[0.0,0.0,0.01,0.03,0.06,0.02,0.01,0.0,0.0,0.0,0.0,0.0,0.0,0.0,0.0,0.0,0.0,0.01,0.06,0.27,1.0,0.22,0.08,0.01,0.0,0.0],[0.02,0.03,0.16,0.41,0.72,0.32,0.02,0.0,0.0,0.0,0.0,0.0,0.0,0.0,0.0,0.0,0.0,0.02,0.59,0.77,0.22,1.0,0.86,0.16,0.01,0.0],[0.07,0.11,0.2,0.25,0.1,0.05,0.01,0.0,0.0,0.0,0.0,0.0,0.0,0.0,0.0,0.0,0.02,0.5,0.7,0.46,0.08,0.86,1.0,0.99,0.12,0.01],[0.28,0.29,0.38,0.17,0.04,0.05,0.02,0.0,0.0,0.0,0.0,0.0,0.0,0.0,0.0,0.03,0.2,0.67,0.22,0.08,0.01,0.16,0.99,1.0,0.98,0.13],[0.57,0.55,0.31,0.03,0.01,0.01,0.01,0.01,0.01,0.01,0.01,0.01,0.01,0.02,0.12,0.35,0.38,0.3,0.09,0.04,0.0,0.01,0.12,0.98,1.0,0.43],[0.09,0.03,0.03,0.01,0.0,0.0,0.01,0.01,0.02,0.05,0.05,0.05,0.03,0.1,0.17,0.16,0.07,0.03,0.01,0.01,0.0,0.0,0.01,0.13,0.43,1.0]],
  "pae": [[1.1,4.0,5.5,9.0,7.1,6.7,6.6,7.5,9.2,9.3,10.2,11.3,11.3,9.8,8.1,7.7,6.9,6.9,8.4,8.7,12.3,8.6,8.1,7.2,7.6,11.3],[2.8,0.9,3.0,7.8,5.2,4.9,5.3,6.4,7.3,7.8,8.7,9.9,9.9,8.5,7.3,6.8,6.2,5.6,5.9,5.8,8.9,6.7,5.7,5.3,6.0,9.6],[4.9,4.2,1.2,8.3,5.5,5.5,7.1,9.0,9.6,10.3,10.7,12.2,12.2,10.7,9.6,8.2,8.6,7.5,7.3,7.3,9.8,7.3,6.1,5.5,7.0,12.3],[12.2,8.0,8.5,1.6,7.4,9.4,13.4,14.5,17.0,17.9,18.6,19.2,19.2,18.4,16.8,14.8,15.7,13.9,13.2,11.3,13.8,9.5,10.8,12.3,14.6,18.1],[6.4,5.5,5.4,6.1,1.0,2.9,5.1,6.7,8.9,9.9,10.8,11.0,11.2,10.6,9.2,8.1,7.0,6.1,5.7,4.5,8.2,5.1,5.1,6.1,7.0,10.8],[4.5,4.6,5.1,6.0,2.2,0.9,1.9,3.5,4.5,5.4,6.9,8.3,8.8,7.7,6.0,5.3,4.5,3.9,3.4,3.5,6.6,4.5,4.1,3.9,4.7,9.3],[4.3,3.9,5.6,7.4,2.8,1.8,0.9,1.9,2.8,3.5,4.7,7.2,7.8,6.2,4.3,3.9,3.3,2.9,2.9,3.2,6.5,4.4,3.6,3.9,4.2,8.9],[4.5,4.8,5.9,7.7,4.0,2.7,1.9,1.0,1.7,2.7,3.8,6.2,7.0,5.6,3.8,3.2,2.6,2.8,3.2,3.8,7.2,4.9,4.3,4.3,4.5,8.8],[5.1,5.2,6.4,8.6,5.1,3.7,2.8,2.0,0.9,1.9,3.1,5.2,6.2,5.1,3.0,2.8,2.8,3.2,3.8,4.3,7.3,5.6,4.7,4.7,4.7,9.7],[6.0,6.2,7.5,9.6,6.5,5.0,3.9,2.7,2.1,1.0,2.6,4.7,5.7,5.8,3.5,3.5,3.3,3.9,4.8,6.0,9.0,7.4,6.4,5.7,5.8,10.0],[7.5,8.0,9.1,11.8,8.8,7.6,5.9,4.5,3.7,2.9,1.1,3.9,5.6,5.7,5.3,4.9,5.0,5.8,7.0,9.0,11.4,9.8,9.7,8.0,7.7,11.0],[9.9,10.9,12.0,15.3,13.0,11.5,10.4,7.8,6.5,5.1,4.6,1.3,4.5,5.2,5.8,7.0,7.9,9.6,11.3,13.5,15.9,13.9,13.1,11.8,11.2,12.7],[11.6,13.1,13.7,16.9,15.7,15.2,13.3,11.3,9.3,7.2,6.0,4.7,1.6,5.4,6.5,8.6,10.0,11.5,14.6,16.7,17.9,17.5,15.3,13.8,13.1,13.3],[8.4,10.0,10.5,13.4,12.0,11.1,9.8,8.5,6.5,6.4,6.6,5.2,5.3,1.2,3.5,5.1,7.4,8.2,10.6,12.8,14.0,12.1,11.8,10.3,9.2,12.2],[5.5,6.2,6.9,9.9,7.3,6.1,4.9,4.2,3.3,3.3,4.9,5.2,4.9,2.9,1.0,2.3,3.1,3.8,5.3,7.0,9.0,7.2,6.0,5.3,5.3,9.1],[4.9,5.1,6.3,9.1,5.4,4.8,3.9,3.1,2.5,2.9,4.4,5.9,5.6,3.7,2.0,1.0,1.8,2.6,3.6,5.0,7.8,5.7,4.8,4.1,4.2,8.7],[4.4,4.6,5.6,8.1,4.8,3.7,2.9,2.5,2.3,3.0,4.1,6.0,6.2,3.8,2.2,1.7,0.9,1.8,2.5,3.7,6.7,5.3,4.3,3.7,4.0,8.3],[4.2,4.1,5.1,7.6,4.0,3.3,2.4,2.7,2.8,3.4,4.6,6.6,7.0,5.1,3.4,2.4,1.6,0.9,1.5,2.7,5.7,4.1,3.4,3.2,3.7,8.2],[4.4,4.0,5.2,7.3,3.7,3.0,2.8,3.2,3.6,4.2,5.2,7.2,7.7,6.0,4.1,3.4,2.6,1.8,0.8,1.7,5.1,3.5,3.3,3.2,3.9,8.7],[5.5,5.5,5.9,8.4,4.4,3.9,3.9,4.3,5.3,6.2,7.7,9.0,9.5,8.4,6.7,5.1,4.0,3.2,2.0,0.9,4.1,3.0,3.5,4.4,5.3,9.8],[12.3,12.8,11.9,11.4,8.5,7.6,9.6,10.0,12.7,13.9,15.6,15.7,16.6,15.2,13.9,13.0,11.7,9.2,5.9,5.1,1.5,6.1,6.0,9.3,11.3,13.9],[7.1,7.2,7.6,9.1,4.8,4.6,5.5,6.7,7.6,8.9,10.1,11.7,12.4,11.2,9.3,7.8,6.9,5.2,4.0,3.5,3.8,1.2,3.2,4.6,5.5,10.1],[6.5,5.9,6.2,8.5,4.7,4.8,5.4,6.6,7.5,8.5,9.6,10.3,11.0,9.6,7.9,6.9,5.8,4.6,4.1,3.9,5.3,3.6,1.0,2.1,3.7,9.1],[5.4,5.2,6.0,8.3,5.0,4.7,5.4,6.4,6.1,7.5,8.3,9.5,10.0,8.4,6.6,5.4,5.0,4.2,4.0,4.4,6.2,3.7,2.1,0.9,2.2,7.6],[6.0,5.6,6.6,9.1,5.9,5.2,5.6,6.5,6.6,7.2,8.5,10.0,10.2,8.5,6.7,5.6,5.0,4.1,5.0,6.0,8.4,5.2,3.3,2.1,1.0,7.6],[13.8,14.2,14.5,17.4,16.0,17.0,16.1,15.9,14.4,14.4,14.2,16.2,16.8,14.2,13.3,12.2,12.3,12.7,15.3,15.9,18.6,15.1,12.8,9.4,9.3,2.8]],
  "token_chain_ids": ["A","A","A","A","A","A","A","A","A","A","A","A","A","A","A","A","A","A","A","A","A","A","A","A","A","A"],
  "token_res_ids": [1,2,3,4,5,6,7,8,9,10,11,12,13,14,15,16,17,18,19,20,21,22,23,24,25,26]
}