{
  "atom_chain_ids": ["A","A","A","A","A","A","A","A","A","A","A","A","A","A","A","A","A","A","A","A","A","A","A","A","A","A","A","A","A","A","A","A","A","A","A","A","A","A","A","A","A","A","A","A","A","A","A","A","A","A","A","A","A","A","A","A","A","A","A","A","A","A","A","A","A","A","A","A","A","A","A","A","A","A","A","A","A","A","A","A","A","A","A","A","A","A","A","A","A","A","A","A","A","A","A","A","A","A","A","A","A","A","A","A","A","A","A","A","A","A","A","A","A","A","A","A","A","A","A","A","A","A","A","A","A","A","A","A","A","A","A","A","A","A","A","A","A","A","A","A","A","A","A","A","A","A","A","A","A","A","A","A","A","A","A","A","A","A","A","A","A","A","A","A","A","A","A","A","A","A","A","A","A","A","A","A","A","A","A","A","A","A","A","A","A","A","A","A","A","A","A","A","A","A","A","A","A","A","A","A","A","A","A","A","A","A","A","A","A","A","A","A","A","A","A","A","A","A","A","A","A","A","A","A","A","A","A","A","A","A","A","A","A","A","A","A","A","A","A","A","A","A","A","A","A","A","A","A","A","A","A","A","A","A","A","A","A","A","A","A","A","A","A","A","A","A","A","A","A","A","A","A","A","A","A","A","A","A","A","A","A","A","A","A","A","A","A","A","A","A","A","A","A","A","A","A","A","A","A","A","A","A","A","A","A","A","A","A","A","A","A","A","A","A","A","A","A","A","A","A","A","A","A","A","A","A","A","A","A","A","A","A","A","A","A","A","A","A","A","A","A","A","A","A","A","A","A","A","A","A","A","A","A","A","A","A","A","A","A","A","A","A","A","A","A","A","A","A","A","A","A","A","A","A","A","A","A","A","A","A","A","A","A","A","A","A","A","A","A","A","A","A","A","A","A","A","A","A","A","A","A","A","A","A","A","A","A","A","A","A","A","A","A","A","A","A","A","A","A","A","A","A","A","A","A","A","A","A","A","A","A","A","A","A","A","A","A","A","A","A","A","A","A","A","A","A","A","A","A","A","A","A","A","A","A","A","A","A","A","A","A","A","A","A","A","A","A","A","A","A","A","A","A","A","A","A","A","A","A","A","A","A","A","A","A","A","A","A","A","A","A","A","A","A","A","A","A","A","A","A","A","A","A","A","A","A","A","A","A","A","A","A","A","A","A","A","A","A","A","A","A","A","A","A","A","A","A","A","A","A","A","A","A","A","A","A","A","A","A","A","A","A","A","A","A","A","A","A"],
  "atom_plddts": [59.4,60.93,55.08,55.22,60.4,64.29,65.82,68.23,67.94,66.68,67.38,66.63,67.38,67.35,65.96,66.13,66.96,66.24,64.53,64.65,65.22,65.94,68.58,63.08,59.59,59.53,63.35,64.39,65.97,68.44,67.5,66.21,67.06,67.76,67.68,68.48,67.84,68.59,69.43,69.14,68.47,68.19,68.25,68.42,69.45,60.51,58.53,58.28,59.95,58.68,59.85,60.35,60.06,58.79,58.1,57.19,59.45,58.65,58.23,58.79,59.18,58.37,57.35,57.27,57.75,56.47,59.07,55.83,52.66,52.27,55.66,54.16,56.0,55.42,57.46,56.1,55.08,53.6,55.53,53.5,50.67,50.58,50.08,48.37,46.96,47.69,49.34,49.86,59.57,54.71,55.2,59.98,60.84,62.6,65.36,64.41,63.68,63.62,64.05,64.72,65.29,64.55,65.39,66.18,65.64,64.76,64.61,64.95,65.1,66.37,66.69,62.64,63.06,67.39,69.01,70.88,72.32,72.34,70.93,72.15,72.73,72.93,73.54,72.0,72.59,73.35,72.85,72.17,72.25,72.63,72.79,73.84,70.38,67.56,67.72,70.39,70.19,72.0,73.16,73.3,71.78,72.59,72.49,73.38,73.81,72.6,72.98,73.75,73.33,72.61,72.64,72.9,72.54,73.85,69.19,66.43,67.41,70.02,68.36,70.64,72.24,71.47,70.52,70.57,71.11,71.64,72.05,72.05,72.22,72.72,72.63,72.23,72.18,68.21,65.0,66.33,69.05,68.1,70.16,71.61,71.28,70.15,70.62,70.7,71.57,71.92,72.09,72.95,73.16,72.54,72.32,72.19,72.35,72.39,73.0,67.32,64.33,65.49,68.5,66.99,68.8,70.53,69.16,68.47,68.03,68.42,69.27,69.49,69.77,69.86,70.47,70.31,69.7,69.68,63.87,60.93,61.49,64.39,63.36,64.11,65.86,65.05,64.25,63.7,63.4,64.64,64.3,64.22,65.06,64.92,64.02,63.24,63.65,64.54,63.71,65.27,61.8,58.5,59.26,63.14,62.32,63.01,64.6,63.76,62.99,61.03,62.04,62.53,61.6,60.7,60.6,60.38,59.85,58.84,59.74,59.0,53.8,54.86,61.26,60.63,62.2,63.5,63.64,62.77,60.64,61.23,61.96,60.65,58.9,58.74,58.51,57.82,56.62,57.78,60.52,55.16,55.06,61.2,61.69,63.18,64.24,64.88,62.99,62.63,61.32,62.32,60.99,58.4,58.89,58.8,56.96,55.5,56.01,57.79,58.4,61.75,57.16,58.26,62.69,62.87,65.08,67.56,66.4,65.78,65.68,65.69,66.78,67.31,67.13,68.18,68.51,67.84,67.3,67.18,67.58,67.69,68.62,64.6,61.82,63.45,65.98,64.6,66.8,69.15,67.36,66.94,66.5,67.25,68.13,68.53,68.31,68.63,69.32,69.16,68.47,68.37,66.68,63.46,64.52,67.55,67.49,69.46,71.22,70.81,69.51,70.16,70.56,71.15,71.7,71.18,71.98,72.52,72.03,71.63,71.42,71.61,71.79,72.6,69.56,66.48,66.87,70.15,70.35,72.38,73.52,73.29,71.66,72.75,72.89,73.58,74.08,72.65,72.95,73.79,73.41,72.58,72.7,73.01,72.62,74.06,69.9,67.34,67.7,70.38,71.02,72.88,73.43,73.51,71.91,72.85,73.1,73.57,74.03,72.61,72.91,73.61,73.24,72.54,72.64,72.97,72.67,73.91,69.16,66.86,66.95,69.13,68.37,69.67,70.54,70.26,68.51,68.71,67.98,69.45,69.47,68.59,68.7,69.78,69.27,68.31,68.15,68.55,67.62,69.63,63.12,60.6,61.28,64.4,62.98,64.14,62.85,63.7,63.35,59.54,59.64,60.64,58.49,56.06,55.31,54.54,53.57,52.06,53.69,56.42,59.13,53.64,53.85,59.95,59.8,61.36,64.72,63.99,63.25,62.17,62.22,63.4,63.08,61.06,60.28,61.12,60.57,58.54,59.83,63.09,58.28,57.96,63.23,63.74,64.97,67.23,66.85,64.99,65.96,65.4,66.45,66.73,65.69,66.01,67.14,66.55,65.21,65.31,65.89,65.54,67.65,65.38,61.79,61.76,65.7,66.91,68.51,69.74,69.04,67.44,68.44,68.56,69.23,69.84,68.97,69.38,70.51,70.27,69.45,69.15,69.26,69.07,70.61,65.43,62.58,62.2,64.89,64.84,65.61,66.89,65.88,64.44,65.07,64.68,66.18,66.5,66.51,66.94,67.92,67.69,66.92,66.54,66.6,66.17,67.65,51.73,50.08,50.53,51.58,51.61,52.45,52.73,53.09,52.4,50.43,50.12,51.44,49.57,47.48,46.88,46.12,45.42,44.04,45.78],
  "contact_probs": [[1.0,0.99,0.13,0.06,0.19,0.38,0.28,0.12,0.07,0.02,0.01,0.01,0.02,0.09,0.23,0.28,0.24,0.1,0.04,0.01,0.0,0.02,0.07,0.28,0.57,0.09],[0.99,1.0,0.93,0.33,0.57,0.5,0.2,0.02,0.01,0.0,0.0,0.0,0.0,0.03,0.02,0.03,0.03,0.03,0.03,0.01,0.0,0.03,0.11,0.29,0.55,0.03],[0.13,0.93,1.0,0.59,0.47,0.36,0.14,0.0,0.0,0.0,0.0,0.0,0.0,0.02,0.01,0.01,0.01,0.01,0.01,0.02,0.01,0.16,0.2,0.38,0.31,0.03],[0.06,0.33,0.59,1.0,0.73,0.19,0.01,0.0,0.0,0.0,0.0,0.0,0.0,0.01,0.0,0.0,0.0,0.0,0.01,0.08,0.03,0.41,0.25,0.17,0.03,0.01],[0.19,0.57,0.47,0.73,1.0,0.97,0.08,0.0,0.0,0.0,0.0,0.0,0.0,0.0,0.0,0.0,0.0,0.01,0.07,0.45,0.06,0.72,0.1,0.04,0.01,0.0],[0.38,0.5,0.36,0.19,0.97,1.0,1.0,0.09,0.0,0.0,0.0,0.0,0.0,0.0,0.0,0.0,0.01,0.08,0.35,0.72,0.02,0.32,0.05,0.05,0.01,0.0],[0.28,0.2,0.14,0.01,0.08,1.0,1.0,0.98,0.17,0.0,0.0,0.0,0.0,0.0,0.0,0.01,0.15,0.56,0.84,0.39,0.01,0.02,0.01,0.02,0.01,0.01],[0.12,0.02,0.0,0.0,0.0,0.09,0.98,1.0,0.99,0.25,0.01,0.01,0.0,0.01,0.02,0.27,0.97,0.89,0.53,0.02,0.0,0.0,0.0,0.0,0.01,0.01],[0.07,0.01,0.0,0.0,0.0,0.0,0.17,0.99,1.0,0.99,0.41,0.02,0.01,0.03,0.28,0.96,0.93,0.49,0.01,0.0,0.0,0.0,0.0,0.0,0.01,0.02],[0.02,0.0,0.0,0.0,0.0,0.0,0.0,0.25,0.99,1.0,0.97,0.42,0.07,0.22,0.95,0.93,0.59,0.01,0.0,0.0,0.0,0.0,0.0,0.0,0.01,0.05],[0.01,0.0,0.0,0.0,0.0,0.0,0.0,0.01,0.41,0.97,1.0,0.83,0.36,0.47,0.73,0.47,0.02,0.01,0.0,0.0,0.0,0.0,0.0,0.0,0.01,0.05],[0.01,0.0,0.0,0.0,0.0,0.0,0.0,0.01,0.02,0.42,0.83,1.0,0.75,0.5,0.43,0.09,0.01,0.0,0.0,0.0,0.0,0.0,0.0,0.0,0.01,0.05],[0.02,0.0,0.0,0.0,0.0,0.0,0.0,0.0,0.01,0.07,0.36,0.75,1.0,0.77,0.36,0.02,0.0,0.0,0.0,0.0,0.0,0.0,0.0,0.0,0.01,0.03],[0.09,0.03,0.02,0.01,0.0,0.0,0.0,0.01,0.03,0.22,0.47,0.5,0.77,1.0,0.82,0.26,0.01,0.0,0.0,0.0,0.0,0.0,0.0,0.0,0.02,0.1],[0.23,0.02,0.01,0.0,0.0,0.0,0.0,0.02,0.28,0.95,0.73,0.43,0.36,0.82,1.0,0.99,0.3,0.0,0.0,0.0,0.0,0.0,0.0,0.0,0.12,0.17],[0.28,0.03,0.01,0.0,0.0,0.0,0.01,0.27,0.96,0.93,0.47,0.09,0.02,0.26,0.99,1.0,0.99,0.37,0.0,0.0,0.0,0.0,0.0,0.03,0.35,0.16],[0.24,0.03,0.01,0.0,0.0,0.01,0.15,0.97,0.93,0.59,0.02,0.01,0.0,0.01,0.3,0.99,1.0,1.0,0.21,0.0,0.0,0.0,0.02,0.2,0.38,0.07],[0.1,0.03,0.01,0.0,0.01,0.08,0.56,0.89,0.49,0.01,0.01,0.0,0.0,0.0,0.0,0.37,1.0,1.0,1.0,0.07,0.01,0.02,0.5,0.67,0.3,0.03],[0.04,0.03,0.01,0.01,0.07,0.35,0.84,0.53,0.01,0.0,0.0,0.0,0.0,0.0,0.0,0.0,0.21,1.0,1.0,0.99,0.06,0.59,0.7,0.22,0.09,0.01],[0.01,0.01,0.02,0.08,0.45,0.72,0.39,0.02,0.0,0.0,0.0,0.0,0.0,0.0,0.0,0.0,0.0,0.07,0.99,1.0,0.27,0.77,0.46,0.08,0.04,0.01],[0.0,0.0,0.01,0.03,0.06,0.02,0.01,0.0,0.0,0.0,0.0,0.0,0.0,0.0,0.0,0.0,0.0,0.01,0.06,0.27,1.0,0.22,0.08,0.01,0.0,0.0],[0.02,0.03,0.16,0.41,0.72,0.32,0.02,0.0,0.0,0.0,0.0,0.0,0.0,0.0,0.0,0.0,0.0,0.02,0.59,0.77,0.22,1.0,0.86,0.16,0.01,0.0],[0.07,0.11,0.2,0.25,0.1,0.05,0.01,0.0,0.0,0.0,0.0,0.0,0.0,0.0,0.0,0.0,0.02,0.5,0.7,0.46,0.08,0.86,1.0,0.99,0.12,0.01],[0.28,0.29,0.38,0.17,0.04,0.05,0.02,0.0,0.0,0.0,0.0,0.0,0.0,0.0,0.0,0.03,0.2,0.67,0.22,0.08,0.01,0.16,0.99,1.0,0.98,0.13],[0.57,0.55,0.31,0.03,0.01,0.01,0.01,0.01,0.01,0.01,0.01,0.01,0.01,0.02,0.12,0.35,0.38,0.3,0.09,0.04,0.0,0.01,0.12,0.98,1.0,0.43],[0.09,0.03,0.03,0.01,0.0,0.0,0.01,0.01,0.02,0.05,0.05,0.05,0.03,0.1,0.17,0.16,0.07,0.03,0.01,0.01,0.0,0.0,0.01,0.13,0.43,1.0]],
  "pae": [[1.1,3.3,5.2,8.9,7.2,7.2,6.9,8.0,9.1,10.0,10.8,11.7,11.4,10.3,8.2,7.8,6.6,7.1,8.5,9.4,11.9,8.8,8.7,6.7,6.4,9.5],[2.8,1.0,3.0,6.4,5.1,5.1,5.4,6.8,7.6,8.1,8.9,10.6,10.4,8.9,7.6,7.1,6.0,5.8,6.1,6.1,8.9,6.5,5.8,5.2,5.1,9.0],[5.2,4.2,1.2,6.6,5.7,5.8,8.4,10.4,10.8,12.1,12.6,14.6,14.5,12.9,11.2,9.7,10.1,8.4,7.8,8.2,11.2,7.9,6.3,5.9,6.3,11.5],[9.2,6.9,5.5,1.4,5.2,6.2,10.6,12.7,14.0,14.5,16.0,16.5,17.4,15.8,14.2,13.5,12.9,11.5,10.4,8.9,12.8,9.3,7.9,9.7,10.1,14.4],[6.7,5.4,5.0,4.8,1.0,2.9,5.3,6.8,8.3,10.4,12.1,12.2,12.4,12.0,10.5,8.7,7.8,6.2,5.9,5.2,8.8,6.4,5.2,6.0,6.8,11.1],[4.9,5.0,5.2,5.3,2.4,0.9,2.1,3.7,4.6,5.6,7.3,9.2,9.3,8.8,6.7,5.7,4.7,4.1,3.5,3.9,7.1,5.4,4.1,4.1,5.0,9.9],[4.3,4.1,6.2,6.3,3.0,1.8,0.9,2.0,2.8,3.6,4.8,7.6,8.5,6.8,4.4,3.8,3.2,2.8,3.0,3.5,7.0,4.7,3.7,3.8,4.3,9.7],[4.6,4.6,6.5,7.2,4.1,2.7,1.8,1.0,1.7,2.6,3.8,6.4,7.2,6.0,3.7,3.1,2.4,2.7,3.2,3.9,7.6,5.3,4.4,4.3,4.5,9.4],[5.3,5.2,6.8,8.0,5.3,3.8,2.5,1.8,0.9,1.8,3.2,5.7,6.4,5.8,3.0,2.7,2.8,3.2,3.7,4.3,7.8,5.7,4.8,4.7,4.8,9.9],[5.9,6.2,8.0,9.3,6.8,5.4,3.7,2.5,1.8,1.0,2.3,4.3,5.6,5.9,3.3,3.3,3.2,3.8,5.1,6.1,9.2,7.6,6.6,5.8,5.7,9.8],[7.5,8.2,9.7,11.0,9.1,7.7,5.5,4.2,3.1,2.7,1.1,4.0,5.1,5.9,5.0,4.7,4.8,5.7,7.4,8.5,11.2,10.1,9.5,7.7,7.7,11.4],[10.6,12.1,13.7,15.9,14.3,12.5,10.1,8.0,6.3,5.1,4.4,1.2,4.4,5.0,5.8,6.4,7.8,9.7,12.4,13.6,16.7,14.8,14.0,12.1,11.8,12.8],[12.1,14.0,14.8,18.1,17.0,15.2,13.0,11.3,8.9,7.0,5.6,4.5,1.5,5.0,6.5,7.8,10.1,11.8,15.3,16.9,18.7,18.1,16.7,14.9,13.3,14.1],[8.2,9.6,11.2,13.6,12.3,10.4,8.8,7.3,6.3,6.1,5.4,5.2,4.8,1.2,3.5,4.6,7.0,8.1,10.4,11.9,14.7,12.4,12.9,10.1,9.3,11.6],[6.0,6.7,8.4,10.1,8.2,6.4,4.9,4.1,3.3,3.6,4.8,5.8,4.9,3.2,1.0,2.4,3.1,4.2,5.4,7.1,10.3,8.3,7.1,6.3,6.1,9.8],[5.4,5.4,7.4,8.7,6.0,5.0,3.9,3.1,2.4,3.0,4.4,6.4,5.9,4.2,2.0,1.0,1.9,2.8,4.0,5.3,8.6,6.4,5.1,4.7,4.8,9.4],[4.6,4.6,6.2,7.7,5.0,3.7,2.8,2.4,2.2,3.0,4.0,6.4,6.5,4.4,2.3,1.8,0.9,1.9,2.6,3.9,7.2,5.6,4.3,3.9,4.3,8.9],[4.3,4.0,5.6,7.1,4.2,3.4,2.4,2.7,2.8,3.6,4.8,7.4,7.7,5.7,3.7,2.6,1.7,0.9,1.5,2.7,6.2,4.3,3.4,3.4,3.9,8.5],[4.3,3.9,5.3,6.2,3.7,2.9,2.9,3.3,3.7,4.7,5.8,8.0,8.2,6.8,4.6,3.5,2.7,1.8,0.8,1.9,5.6,3.7,3.1,3.2,4.0,8.8],[5.5,5.4,6.4,6.9,4.8,4.0,4.1,4.4,5.3,6.6,8.9,9.8,10.2,9.4,7.2,5.5,4.4,3.4,1.9,0.9,4.8,3.4,3.4,4.5,5.4,9.8],[13.2,12.9,11.9,10.2,9.5,8.8,10.7,11.2,13.4,15.8,17.7,17.3,17.6,17.1,15.2,14.2,12.5,10.3,6.4,5.5,1.4,6.5,6.2,9.3,11.9,13.3],[8.0,7.5,7.9,7.8,4.9,5.5,6.3,7.0,7.8,8.9,10.8,12.7,13.5,12.7,9.8,8.2,7.1,5.4,4.5,4.0,4.1,1.2,3.3,4.8,6.2,10.8],[6.3,5.6,6.2,7.6,4.6,4.6,5.5,6.5,7.3,8.4,9.5,11.2,12.0,10.6,8.3,7.2,5.9,4.6,4.3,4.0,5.2,3.5,1.0,2.0,3.7,8.7],[5.1,4.7,6.1,7.6,4.6,4.5,5.1,5.9,5.6,6.7,7.8,9.8,10.2,8.7,6.8,5.6,4.9,4.1,3.7,4.6,6.2,3.8,2.0,0.9,2.3,7.8],[5.8,5.4,6.3,8.0,5.4,4.9,5.2,6.0,5.7,7.1,7.9,10.8,10.4,8.7,7.7,6.2,4.9,4.0,4.1,5.2,8.9,5.1,3.2,1.8,1.0,6.2],[9.8,11.3,12.9,14.1,12.6,14.3,11.6,11.3,11.5,12.6,12.7,15.3,15.7,13.3,11.7,9.9,11.3,11.6,10.4,12.1,17.4,11.6,9.8,7.1,6.7,2.3]],
  "token_chain_ids": ["A","A","A","A","A","A","A","A","A","A","A","A","A","A","A","A","A","A","A","A","A","A","A","A","A","A"],
  "token_res_ids": [1,2,3,4,5,6,7,8,9,10,11,12,13,14,15,16,17,18,19,20,21,22,23,24,25,26]
}