{
  "atom_chain_ids": ["A","A","A","A","A","A","A","A","A","A","A","A","A","A","A","A","A","A","A","A","A","A","A","A","A","A","A","A","A","A","A","A","A","A","A","A","A","A","A","A","A","A","A","A","A","A","A","A","A","A","A","A","A","A","A","A","A","A","A","A","A","A","A","A","A","A","A","A","A","A","A","A","A","A","A","A","A","A","A","A","A","A","A","A","A","A","A","A","A","A","A","A","A","A","A","A","A","A","A","A","A","A","A","A","A","A","A","A","A","A","A","A","A","A","A","A","A","A","A","A","A","A","A","A","A","A","A","A","A","A","A","A","A","A","A","A","A","A","A","A","A","A","A","A","A","A","A","A","A","A","A","A","A","A","A","A","A","A","A","A","A","A","A","A","A","A","A","A","A","A","A","A","A","A","A","A","A","A","A","A","A","A","A","A","A","A","A","A","A","A","A","A","A","A","A","A","A","A","A","A","A","A","A","A","A","A","A","A","A","A","A","A","A","A","A","A","A","A","A","A","A","A","A","A","A","A","A","A","A","A","A","A","A","A","A","A","A","A","A","A","A","A","A","A","A","A","A","A","A","A","A","A","A","A","A","A","A","A","A","A","A","A","A","A","A","A","A","A","A","A","A","A","A","A","A","A","A","A","A","A","A","A","A","A","A","A","A","A","A","A","A","A","A","A","A","A","A","A","A","A","A","A","A","A","A","A","A","A","A","A","A","A","A","A","A","A","A","A","A","A","A","A","A","A","A","A","A","A","A","A","A","A","A","A","A","A","A","A","A","A","A","A","A","A","A","A","A","A","A","A","A","A","A","A","A","A","A","A","A","A","A","A","A","A","A","A","A","A","A","A","A","A","A","A","A","A","A","A","A","A","A","A","A","A","A","A","A","A","A","A","A","A","A","A","A","A","A","A","A","A","A","A","A","A","A","A","A","A","A","A","A","A","A","A","A","A","A","A","A","A","A","A","A","A","A","A","A","A","A","A","A","A","A","A","A","A","A","A","A","A","A","A","A","A","A","A","A","A","A","A","A","A","A","A","A","A","A","A","A","A","A","A","A","A","A","A","A","A","A","A","A","A","A","A","A","A","A","A","A","A","A","A","A","A","A","A","A","A","A","A","A","A","A","A","A","A","A","A","A","A","A","A","A","A","A","A","A","A","A","A","A"],
  "atom_plddts": [54.89,55.71,48.37,48.17,56.47,57.81,59.88,60.68,64.34,63.49,61.59,61.74,61.42,58.99,56.03,54.6,54.74,53.39,51.44,53.27,56.31,69.09,64.06,63.15,70.25,73.57,75.1,75.99,76.51,75.35,76.87,77.54,77.43,77.73,76.05,76.8,77.31,76.57,76.11,76.61,77.04,77.63,78.37,71.75,68.91,68.63,72.79,73.78,74.32,74.9,74.62,73.73,75.6,76.29,75.89,76.53,75.78,76.4,76.9,76.45,76.35,76.33,76.31,76.58,77.04,74.05,71.81,71.46,74.62,74.97,75.66,75.9,75.87,74.93,76.49,76.9,77.17,77.71,77.17,77.71,78.28,77.89,77.83,77.75,77.67,77.82,78.27,71.18,69.18,68.84,71.02,67.83,69.69,70.2,69.74,68.6,67.35,64.72,67.24,65.42,64.41,62.43,63.29,62.57,59.89,61.95,69.38,64.61,64.93,70.05,71.34,72.79,73.91,73.91,72.96,74.44,74.91,74.94,75.53,75.02,75.56,76.25,75.82,75.54,75.69,75.8,76.16,76.54,72.19,69.65,69.91,73.23,73.93,74.38,74.84,74.46,73.56,75.61,76.35,76.02,76.71,76.25,76.82,77.37,77.1,77.1,77.07,76.97,77.19,77.44,73.48,72.04,71.79,73.36,73.24,73.46,73.94,73.61,72.76,74.37,74.68,74.54,75.16,74.98,75.43,75.95,75.77,75.74,75.62,75.47,75.32,75.77,67.3,67.2,66.52,65.18,62.28,62.3,62.89,62.35,61.33,60.33,58.69,60.88,59.95,60.97,61.15,61.39,60.78,59.79,59.8,60.44,58.52,60.66,49.93,48.41,47.71,49.77,48.9,48.92,47.64,50.66,49.86,47.97,46.7,46.29,43.29,40.35,38.97,38.03,37.49,36.04,38.44,46.68,42.51,41.4,46.31,47.09,48.02,45.81,50.01,48.34,48.33,45.39,46.54,43.71,40.14,39.42,38.37,36.35,35.15,36.27,38.55,39.63,43.94,40.17,38.95,44.05,44.6,46.28,46.2,49.0,47.68,46.7,45.17,45.33,43.61,40.4,39.49,39.19,38.5,37.28,39.3,50.34,45.14,44.59,50.67,50.82,51.85,51.15,53.38,51.88,52.06,49.59,51.52,49.47,46.99,47.26,46.66,44.94,43.72,44.33,46.34,46.83,53.72,49.37,48.69,53.62,52.58,54.12,55.56,56.15,54.62,54.59,53.98,55.17,55.0,55.17,55.91,56.31,55.73,54.75,54.66,55.07,54.72,56.64,53.99,50.84,50.64,53.3,53.94,55.48,57.39,57.37,55.55,55.87,55.48,56.09,56.71,56.99,57.68,58.53,58.29,57.47,56.98,56.9,56.58,58.19,54.73,52.75,52.56,54.73,53.36,53.0,51.2,54.21,53.35,51.59,49.12,50.12,47.73,44.38,42.77,41.76,40.78,38.79,41.23,44.14,67.77,63.72,64.13,68.9,70.62,72.02,73.3,73.11,71.83,73.37,73.98,73.78,74.3,73.32,73.98,74.53,74.09,73.63,73.68,73.92,74.3,75.04,70.64,68.51,68.3,70.83,71.02,70.95,72.01,70.99,70.21,71.89,72.41,72.12,72.8,73.0,73.52,74.09,73.91,73.79,73.59,73.49,73.56,73.94,70.95,69.67,69.26,70.83,71.03,70.61,71.31,70.48,69.66,71.07,71.49,71.53,72.14,72.41,72.87,73.44,73.36,73.22,72.96,72.81,72.71,73.14,66.86,65.99,65.83,66.66,62.95,62.94,62.79,62.62,61.81,59.32,57.08,59.21,56.63,55.49,53.51,53.47,53.14,50.63,52.85,67.86,63.45,63.53,68.58,70.2,71.23,72.71,72.71,71.8,73.12,73.84,73.52,74.08,73.25,73.88,74.52,74.11,73.66,73.75,73.93,74.44,74.95,72.13,70.01,70.12,72.9,73.35,73.63,74.29,73.94,73.04,75.09,75.73,75.21,75.89,75.42,76.0,76.47,76.19,76.12,76.09,76.0,76.15,76.48,74.21,72.68,72.66,74.63,74.52,74.74,75.13,74.68,73.82,75.85,76.46,76.15,76.8,76.51,76.99,77.43,77.08,77.06,77.02,76.86,76.87,77.26,72.35,70.85,70.31,71.3,71.69,71.41,72.46,71.65,70.4,72.04,71.47,72.35,72.72,72.82,72.86,73.65,73.42,72.83,72.97,72.92,72.61,73.61],
  "contact_probs": [[1.0,0.92,0.24,0.01,0.01,0.2,0.03,0.01,0.0,0.0,0.0,0.01,0.01,0.02,0.04,0.1,0.06,0.02,0.01,0.01,0.58,0.4,0.03,0.02],[0.92,1.0,1.0,0.12,0.02,0.26,0.04,0.02,0.01,0.0,0.01,0.01,0.02,0.03,0.04,0.03,0.01,0.01,0.0,0.0,0.29,0.88,0.66,0.04],[0.24,1.0,1.0,1.0,0.09,0.91,0.22,0.05,0.04,0.01,0.02,0.02,0.04,0.06,0.09,0.01,0.01,0.01,0.01,0.0,0.03,0.39,0.89,0.52],[0.01,0.12,1.0,1.0,0.11,0.71,0.91,0.34,0.24,0.11,0.1,0.09,0.13,0.13,0.18,0.0,0.0,0.01,0.01,0.0,0.01,0.03,0.29,0.71],[0.01,0.02,0.09,0.11,1.0,0.08,0.05,0.0,0.0,0.0,0.0,0.01,0.01,0.01,0.01,0.01,0.0,0.0,0.0,0.0,0.0,0.0,0.0,0.01],[0.2,0.26,0.91,0.71,0.08,1.0,1.0,0.08,0.01,0.0,0.0,0.0,0.01,0.05,0.44,0.26,0.32,0.03,0.01,0.0,0.0,0.01,0.01,0.0],[0.03,0.04,0.22,0.91,0.05,1.0,1.0,1.0,0.26,0.01,0.01,0.01,0.05,0.23,0.64,0.22,0.82,0.35,0.04,0.0,0.0,0.01,0.02,0.01],[0.01,0.02,0.05,0.34,0.0,0.08,1.0,1.0,0.97,0.29,0.2,0.13,0.24,0.39,0.52,0.03,0.44,0.75,0.25,0.0,0.01,0.02,0.03,0.04],[0.0,0.01,0.04,0.24,0.0,0.01,0.26,0.97,1.0,0.72,0.52,0.29,0.31,0.25,0.12,0.01,0.02,0.28,0.51,0.0,0.0,0.02,0.05,0.21],[0.0,0.0,0.01,0.11,0.0,0.0,0.01,0.29,0.72,1.0,0.61,0.22,0.2,0.11,0.04,0.01,0.01,0.05,0.25,0.01,0.0,0.01,0.08,0.29],[0.0,0.01,0.02,0.1,0.0,0.0,0.01,0.2,0.52,0.61,1.0,0.68,0.34,0.13,0.04,0.01,0.01,0.04,0.21,0.01,0.0,0.02,0.08,0.31],[0.01,0.01,0.02,0.09,0.01,0.0,0.01,0.13,0.29,0.22,0.68,1.0,0.64,0.28,0.06,0.01,0.01,0.06,0.19,0.01,0.0,0.02,0.08,0.29],[0.01,0.02,0.04,0.13,0.01,0.01,0.05,0.24,0.31,0.2,0.34,0.64,1.0,0.76,0.25,0.02,0.02,0.09,0.18,0.01,0.01,0.02,0.08,0.24],[0.02,0.03,0.06,0.13,0.01,0.05,0.23,0.39,0.25,0.11,0.13,0.28,0.76,1.0,0.91,0.07,0.15,0.26,0.18,0.0,0.01,0.03,0.07,0.14],[0.04,0.04,0.09,0.18,0.01,0.44,0.64,0.52,0.12,0.04,0.04,0.06,0.25,0.91,1.0,0.34,0.65,0.36,0.13,0.0,0.02,0.04,0.08,0.07],[0.1,0.03,0.01,0.0,0.01,0.26,0.22,0.03,0.01,0.01,0.01,0.01,0.02,0.07,0.34,1.0,0.55,0.18,0.01,0.01,0.08,0.02,0.01,0.01],[0.06,0.01,0.01,0.0,0.0,0.32,0.82,0.44,0.02,0.01,0.01,0.01,0.02,0.15,0.65,0.55,1.0,1.0,0.05,0.02,0.17,0.02,0.01,0.01],[0.02,0.01,0.01,0.01,0.0,0.03,0.35,0.75,0.28,0.05,0.04,0.06,0.09,0.26,0.36,0.18,1.0,1.0,1.0,0.11,0.91,0.24,0.03,0.02],[0.01,0.0,0.01,0.01,0.0,0.01,0.04,0.25,0.51,0.25,0.21,0.19,0.18,0.18,0.13,0.01,0.05,1.0,1.0,0.12,0.71,0.91,0.27,0.1],[0.01,0.0,0.0,0.0,0.0,0.0,0.0,0.0,0.0,0.01,0.01,0.01,0.01,0.0,0.0,0.01,0.02,0.11,0.12,1.0,0.07,0.04,0.0,0.0],[0.58,0.29,0.03,0.01,0.0,0.0,0.0,0.01,0.0,0.0,0.0,0.0,0.01,0.01,0.02,0.08,0.17,0.91,0.71,0.07,1.0,1.0,0.06,0.0],[0.4,0.88,0.39,0.03,0.0,0.01,0.01,0.02,0.02,0.01,0.02,0.02,0.02,0.03,0.04,0.02,0.02,0.24,0.91,0.04,1.0,1.0,1.0,0.19],[0.03,0.66,0.89,0.29,0.0,0.01,0.02,0.03,0.05,0.08,0.08,0.08,0.08,0.07,0.08,0.01,0.01,0.03,0.27,0.0,0.06,1.0,1.0,1.0],[0.02,0.04,0.52,0.71,0.01,0.0,0.01,0.04,0.21,0.29,0.31,0.29,0.24,0.14,0.07,0.01,0.01,0.02,0.1,0.0,0.0,0.19,1.0,1.0]],
  "pae": [[1.5,4.5,6.1,8.2,11.0,8.7,8.6,9.1,12.1,14.7,15.9,14.2,14.5,12.8,11.9,13.1,9.9,9.4,10.5,11.0,8.1,6.6,7.5,9.1],[3.0,0.9,1.5,2.5,5.1,2.6,2.8,3.9,5.8,11.0,12.3,11.2,10.3,8.3,6.7,10.0,3.1,3.1,3.7,6.0,2.6,2.5,2.7,3.6],[3.1,1.3,0.8,1.4,3.7,2.0,2.1,2.8,4.9,10.9,11.6,11.0,10.3,7.5,6.2,9.6,2.8,2.7,3.0,5.3,2.6,2.1,2.1,3.1],[3.9,2.0,1.3,0.9,3.3,2.4,2.2,2.7,4.6,9.9,11.2,10.5,9.7,7.2,6.0,8.9,3.1,3.1,3.4,6.1,3.2,2.6,2.4,2.9],[7.5,5.8,4.7,4.8,1.6,4.8,4.9,6.3,9.9,12.2,14.1,13.0,13.1,11.2,10.0,12.5,7.8,8.7,9.2,11.0,8.3,8.7,7.7,8.1],[4.9,2.5,2.3,2.3,3.2,0.9,1.4,2.1,4.5,9.6,11.0,10.4,9.7,7.7,6.0,8.9,2.6,2.9,3.8,6.2,3.3,3.0,3.1,3.7],[5.4,2.9,2.3,2.2,3.8,1.5,0.8,1.4,3.8,9.6,11.1,10.3,9.5,7.1,6.0,8.8,2.8,2.7,3.8,6.3,3.5,3.2,3.0,3.8],[6.1,4.2,3.7,3.1,5.4,3.1,1.7,0.9,3.3,9.3,11.2,10.7,9.7,7.2,6.1,9.6,3.9,3.8,4.2,7.5,5.4,4.9,4.4,5.0],[10.5,9.3,7.8,6.6,10.3,8.1,5.7,4.1,1.0,9.3,10.2,10.4,10.9,9.3,8.1,11.0,9.2,8.3,9.5,12.6,11.2,9.6,9.1,9.8],[20.5,20.9,19.8,18.8,18.4,17.5,15.1,12.5,12.3,1.8,10.5,9.3,12.9,13.3,13.4,13.1,18.3,17.5,17.7,20.0,21.6,20.6,20.4,19.0],[21.2,20.7,19.7,18.5,19.3,19.5,17.0,16.2,11.2,9.6,1.4,9.0,11.4,12.1,13.1,12.8,18.0,18.0,17.2,18.9,21.0,20.2,19.9,17.3],[18.7,20.4,18.2,17.1,17.7,17.7,15.6,14.2,9.8,8.9,9.9,1.6,10.3,9.9,11.3,12.1,17.0,17.4,16.6,18.2,19.9,19.2,18.9,17.3],[15.4,16.9,15.9,15.7,16.5,15.1,14.5,12.7,9.1,10.3,9.4,8.1,1.2,6.3,7.5,11.3,14.3,13.4,13.1,15.7,18.0,16.7,16.3,15.1],[11.6,13.2,13.3,12.1,12.4,11.4,10.5,7.8,8.0,10.8,10.3,7.1,4.8,1.0,3.3,9.0,9.5,9.1,9.6,12.0,13.5,12.2,11.7,11.8],[11.7,11.8,12.5,11.1,12.1,9.7,9.8,6.8,7.7,10.8,11.2,9.0,5.1,3.0,1.0,7.2,7.8,8.5,8.8,12.4,12.8,11.3,12.6,11.7],[16.6,17.4,16.7,16.7,15.8,12.6,11.2,11.5,12.5,12.0,14.6,12.4,12.6,8.6,7.8,1.7,11.1,10.9,14.7,15.8,15.6,17.0,18.3,16.7],[6.0,4.1,3.6,3.9,6.5,2.9,2.9,3.4,5.9,10.9,12.1,11.1,10.0,6.8,4.9,6.8,0.9,1.4,3.2,6.2,3.3,3.6,4.4,4.8],[5.0,3.0,2.9,3.0,5.4,3.0,2.3,2.9,5.1,10.7,11.4,10.7,9.7,7.4,5.8,7.5,1.5,0.8,1.6,4.6,2.4,2.3,2.8,3.4],[5.1,3.3,3.5,3.9,6.2,4.1,3.7,3.0,5.0,10.4,11.6,10.7,9.9,7.2,6.2,8.6,2.5,1.5,0.9,4.0,3.0,2.4,3.0,3.4],[9.0,9.8,11.0,11.7,12.7,12.0,11.5,10.6,12.3,14.7,15.3,15.0,13.6,12.6,12.1,14.5,8.6,5.7,7.1,1.8,6.2,6.0,10.1,12.4],[4.2,2.5,2.7,3.2,5.5,3.6,3.1,3.6,5.4,10.3,11.4,10.6,8.7,7.0,5.7,9.1,2.7,2.1,2.5,3.9,0.9,1.4,2.2,3.3],[4.1,2.1,2.0,2.4,5.0,2.8,2.7,3.1,5.2,10.2,11.4,10.8,9.5,7.0,5.5,8.9,2.3,1.9,2.0,4.4,1.2,0.8,1.2,2.1],[4.7,2.9,2.5,2.6,5.6,3.8,3.5,3.5,5.2,11.1,12.0,11.0,10.1,7.7,6.7,9.7,3.8,3.1,2.7,5.5,2.6,1.3,0.8,1.6],[6.4,4.1,3.5,3.3,6.5,5.2,4.9,4.9,6.6,11.7,12.4,11.8,10.1,8.4,7.1,10.6,5.3,4.7,3.7,6.6,4.7,2.5,1.4,1.0]],
  "token_chain_ids": ["A","A","A","A","A","A","A","A","A","A","A","A","A","A","A","A","A","A","A","A","A","A","A","A"],
  "token_res_ids": [1,2,3,4,5,6,7,8,9,10,11,12,13,14,15,16,17,18,19,20,21,22,23,24]
}