{
  "atom_chain_ids": ["A","A","A","A","A","A","A","A","A","A","A","A","A","A","A","A","A","A","A","A","A","A","A","A","A","A","A","A","A","A","A","A","A","A","A","A","A","A","A","A","A","A","A","A","A","A","A","A","A","A","A","A","A","A","A","A","A","A","A","A","A","A","A","A","A","A","A","A","A","A","A","A","A","A","A","A","A","A","A","A","A","A","A","A","A","A","A","A","A","A","A","A","A","A","A","A","A","A","A","A","A","A","A","A","A","A","A","A","A","A","A","A","A","A","A","A","A","A","A","A","A","A","A","A","A","A","A","A","A","A","A","A","A","A","A","A","A","A","A","A","A","A","A","A","A","A","A","A","A","A","A","A","A","A","A","A","A","A","A","A","A","A","A","A","A","A","A","A","A","A","A","A","A","A","A","A","A","A","A","A","A","A","A","A","A","A","A","A","A","A","A","A","A","A","A","A","A","A","A","A","A","A","A","A","A","A","A","A","A","A","A","A","A","A","A","A","A","A","A","A","A","A","A","A","A","A","A","A","A","A","A","A","A","A","A","A","A","A","A","A","A","A","A","A","A","A","A","A","A","A","A","A","A","A","A","A","A","A","A","A","A","A","A","A","A","A","A","A","A","A","A","A","A","A","A","A","A","A","A","A","A","A","A","A","A","A","A","A","A","A","A","A","A","A","A","A","A","A","A","A","A","A","A","A","A","A","A","A","A","A","A","A","A","A","A","A","A","A","A","A","A","A","A","A","A","A","A","A","A","A","A","A","A","A","A","A","A","A","A","A","A","A","A","A","A","A","A","A","A","A","A","A","A","A","A","A","A","A","A","A","A","A","A","A","A","A","A","A","A","A","A","A","A","A","A","A","A","A","A","A","A","A","A","A","A","A","A","A","A","A","A","A","A","A","A","A","A","A","A","A","A","A","A","A","A","A","A","A","A","A","A","A","A","A","A","A","A","A","A","A","A","A","A","A","A","A","A","A","A","A","A","A","A","A","A","A","A","A","A","A","A","A","A","A","A","A","A","A","A","A","A","A","A","A","A","A","A","A","A","A","A","A","A","A","A","A","A","A","A","A","A","A","A","A","A","A","A","A","A","A","A","A","A","A","A","A","A","A","A","A","A","A","A","A","A","A","A","A","A","A","A","A","A","A","A","A","A","A","A","A","A"],
  "atom_plddts": [56.64,57.59,49.93,50.07,58.44,60.15,62.71,63.94,67.33,66.24,64.72,64.95,64.86,62.53,59.19,57.86,58.25,56.87,54.87,56.54,59.58,68.72,64.15,63.17,69.56,72.94,74.62,75.6,76.11,74.83,76.2,76.79,76.71,76.93,75.09,75.76,76.28,75.56,75.01,75.49,75.95,76.48,77.39,71.74,69.19,68.86,72.35,73.31,73.99,74.5,74.21,73.18,74.82,75.34,75.17,75.77,75.1,75.61,76.16,75.8,75.59,75.57,75.56,75.66,76.28,72.91,70.99,70.49,73.12,73.25,73.65,74.14,73.88,72.97,74.48,74.82,75.08,75.65,75.35,75.85,76.48,76.14,76.0,75.88,75.8,75.85,76.38,68.41,66.32,66.09,68.63,65.24,66.21,66.66,66.57,65.61,63.65,61.22,63.14,60.61,59.17,57.14,57.34,56.79,54.09,56.45,70.02,65.1,65.3,70.61,71.97,73.87,74.9,75.03,73.95,75.09,75.22,75.61,76.04,75.21,75.64,76.35,75.93,75.46,75.65,75.86,76.08,76.78,72.68,70.59,70.69,73.4,73.93,74.35,74.78,74.4,73.48,75.2,75.79,75.61,76.21,75.69,76.18,76.69,76.43,76.32,76.33,76.26,76.31,76.76,71.6,70.79,70.08,71.17,70.98,70.67,71.46,70.81,70.08,71.3,71.64,71.25,71.75,71.66,72.14,72.58,72.47,72.31,72.05,72.0,71.77,72.31,65.25,65.59,64.7,62.7,59.53,59.43,59.45,59.25,58.2,56.95,55.56,57.43,56.23,57.63,58.07,57.97,57.4,56.51,56.5,57.26,55.36,57.18,51.35,50.08,49.39,51.15,49.73,49.93,49.06,51.07,50.27,48.53,47.69,48.04,45.69,43.84,43.03,42.42,41.98,40.61,42.27,42.5,38.75,37.5,41.99,42.56,43.39,41.25,45.5,43.74,43.63,41.06,42.38,39.88,36.84,36.27,35.66,34.05,33.12,33.87,35.68,36.6,45.42,41.83,40.77,45.74,46.0,47.72,47.71,50.33,49.2,48.01,47.11,47.51,45.79,42.93,42.26,41.93,41.25,40.02,41.84,49.34,44.15,43.52,49.63,49.75,50.86,50.21,52.35,50.93,51.15,49.21,51.1,49.41,47.28,47.86,47.23,45.76,44.68,45.1,47.02,47.58,48.1,44.24,43.66,48.23,47.72,49.35,50.26,50.74,49.33,49.37,49.27,50.25,50.33,50.31,51.3,51.44,51.04,50.44,50.16,50.62,50.46,51.49,50.55,47.26,47.58,50.15,51.33,52.75,54.43,54.02,52.47,52.72,52.51,53.01,53.71,53.84,54.5,55.22,54.94,54.3,53.83,53.78,53.57,54.83,52.23,50.46,50.22,52.23,51.03,50.57,48.66,52.41,51.55,49.94,47.74,48.58,46.23,42.87,41.51,40.59,39.78,37.97,40.09,42.88,66.37,62.55,62.94,67.56,69.34,70.46,71.92,71.52,70.31,71.81,72.53,72.1,72.61,71.62,72.29,72.84,72.44,71.93,71.91,72.17,72.58,73.31,69.61,67.21,66.88,69.97,70.41,70.34,71.49,70.4,69.66,71.23,71.79,71.4,72.06,72.16,72.69,73.28,73.12,72.92,72.71,72.65,72.81,73.23,71.09,69.9,69.34,70.71,70.57,70.04,70.73,69.79,68.94,70.22,70.4,70.68,71.25,71.82,72.19,72.81,72.77,72.62,72.33,72.15,71.97,72.39,64.42,63.43,63.37,64.44,61.17,60.86,60.59,60.86,60.02,57.53,55.6,57.22,54.49,52.83,50.91,50.55,50.22,47.91,50.24,68.57,64.44,64.47,69.08,70.5,71.62,73.01,72.95,71.97,73.01,73.4,73.39,73.82,72.99,73.46,74.17,73.82,73.3,73.31,73.49,73.81,74.51,73.17,71.15,71.14,73.72,74.06,74.72,75.22,75.08,74.17,75.82,76.32,76.03,76.63,76.03,76.54,77.01,76.71,76.58,76.59,76.51,76.56,77.03,73.9,72.45,72.12,73.95,73.67,74.07,74.61,74.16,73.42,75.09,75.62,75.32,75.95,75.66,76.12,76.57,76.23,76.12,76.09,75.91,75.88,76.37,71.24,69.83,69.32,70.01,70.42,70.31,71.44,70.55,69.31,70.69,69.78,70.85,71.06,71.07,70.96,71.8,71.59,70.8,70.91,70.96,70.52,71.76],
  "contact_probs": [[1.0,0.92,0.24,0.01,0.01,0.2,0.03,0.01,0.0,0.0,0.0,0.01,0.01,0.02,0.04,0.1,0.06,0.02,0.01,0.01,0.58,0.4,0.03,0.02],[0.92,1.0,1.0,0.12,0.02,0.26,0.04,0.02,0.01,0.0,0.01,0.01,0.02,0.03,0.04,0.03,0.01,0.01,0.0,0.0,0.29,0.88,0.66,0.04],[0.24,1.0,1.0,1.0,0.09,0.91,0.22,0.05,0.04,0.01,0.02,0.02,0.04,0.06,0.09,0.01,0.01,0.01,0.01,0.0,0.03,0.39,0.89,0.52],[0.01,0.12,1.0,1.0,0.11,0.71,0.91,0.34,0.24,0.11,0.1,0.09,0.13,0.13,0.18,0.0,0.0,0.01,0.01,0.0,0.01,0.03,0.29,0.71],[0.01,0.02,0.09,0.11,1.0,0.08,0.05,0.0,0.0,0.0,0.0,0.01,0.01,0.01,0.01,0.01,0.0,0.0,0.0,0.0,0.0,0.0,0.0,0.01],[0.2,0.26,0.91,0.71,0.08,1.0,1.0,0.08,0.01,0.0,0.0,0.0,0.01,0.05,0.44,0.26,0.32,0.03,0.01,0.0,0.0,0.01,0.01,0.0],[0.03,0.04,0.22,0.91,0.05,1.0,1.0,1.0,0.26,0.01,0.01,0.01,0.05,0.23,0.64,0.22,0.82,0.35,0.04,0.0,0.0,0.01,0.02,0.01],[0.01,0.02,0.05,0.34,0.0,0.08,1.0,1.0,0.97,0.29,0.2,0.13,0.24,0.39,0.52,0.03,0.44,0.75,0.25,0.0,0.01,0.02,0.03,0.04],[0.0,0.01,0.04,0.24,0.0,0.01,0.26,0.97,1.0,0.72,0.52,0.29,0.31,0.25,0.12,0.01,0.02,0.28,0.51,0.0,0.0,0.02,0.05,0.21],[0.0,0.0,0.01,0.11,0.0,0.0,0.01,0.29,0.72,1.0,0.61,0.22,0.2,0.11,0.04,0.01,0.01,0.05,0.25,0.01,0.0,0.01,0.08,0.29],[0.0,0.01,0.02,0.1,0.0,0.0,0.01,0.2,0.52,0.61,1.0,0.68,0.34,0.13,0.04,0.01,0.01,0.04,0.21,0.01,0.0,0.02,0.08,0.31],[0.01,0.01,0.02,0.09,0.01,0.0,0.01,0.13,0.29,0.22,0.68,1.0,0.64,0.28,0.06,0.01,0.01,0.06,0.19,0.01,0.0,0.02,0.08,0.29],[0.01,0.02,0.04,0.13,0.01,0.01,0.05,0.24,0.31,0.2,0.34,0.64,1.0,0.76,0.25,0.02,0.02,0.09,0.18,0.01,0.01,0.02,0.08,0.24],[0.02,0.03,0.06,0.13,0.01,0.05,0.23,0.39,0.25,0.11,0.13,0.28,0.76,1.0,0.91,0.07,0.15,0.26,0.18,0.0,0.01,0.03,0.07,0.14],[0.04,0.04,0.09,0.18,0.01,0.44,0.64,0.52,0.12,0.04,0.04,0.06,0.25,0.91,1.0,0.34,0.65,0.36,0.13,0.0,0.02,0.04,0.08,0.07],[0.1,0.03,0.01,0.0,0.01,0.26,0.22,0.03,0.01,0.01,0.01,0.01,0.02,0.07,0.34,1.0,0.55,0.18,0.01,0.01,0.08,0.02,0.01,0.01],[0.06,0.01,0.01,0.0,0.0,0.32,0.82,0.44,0.02,0.01,0.01,0.01,0.02,0.15,0.65,0.55,1.0,1.0,0.05,0.02,0.17,0.02,0.01,0.01],[0.02,0.01,0.01,0.01,0.0,0.03,0.35,0.75,0.28,0.05,0.04,0.06,0.09,0.26,0.36,0.18,1.0,1.0,1.0,0.11,0.91,0.24,0.03,0.02],[0.01,0.0,0.01,0.01,0.0,0.01,0.04,0.25,0.51,0.25,0.21,0.19,0.18,0.18,0.13,0.01,0.05,1.0,1.0,0.12,0.71,0.91,0.27,0.1],[0.01,0.0,0.0,0.0,0.0,0.0,0.0,0.0,0.0,0.01,0.01,0.01,0.01,0.0,0.0,0.01,0.02,0.11,0.12,1.0,0.07,0.04,0.0,0.0],[0.58,0.29,0.03,0.01,0.0,0.0,0.0,0.01,0.0,0.0,0.0,0.0,0.01,0.01,0.02,0.08,0.17,0.91,0.71,0.07,1.0,1.0,0.06,0.0],[0.4,0.88,0.39,0.03,0.0,0.01,0.01,0.02,0.02,0.01,0.02,0.02,0.02,0.03,0.04,0.02,0.02,0.24,0.91,0.04,1.0,1.0,1.0,0.19],[0.03,0.66,0.89,0.29,0.0,0.01,0.02,0.03,0.05,0.08,0.08,0.08,0.08,0.07,0.08,0.01,0.01,0.03,0.27,0.0,0.06,1.0,1.0,1.0],[0.02,0.04,0.52,0.71,0.01,0.0,0.01,0.04,0.21,0.29,0.31,0.29,0.24,0.14,0.07,0.01,0.01,0.02,0.1,0.0,0.0,0.19,1.0,1.0]],
  "pae": [[1.5,4.5,6.1,7.9,10.8,7.6,8.2,8.7,11.4,12.1,14.8,13.3,12.9,12.2,10.8,11.1,8.2,7.9,10.3,11.6,7.2,6.1,7.9,10.4],[3.3,0.9,1.5,2.9,5.9,2.9,3.4,4.4,6.2,11.0,12.3,11.0,10.3,9.3,7.7,10.8,3.3,3.6,4.4,6.8,3.1,2.6,2.9,4.4],[3.4,1.4,0.8,1.6,4.8,2.4,2.4,3.2,5.3,10.3,12.1,10.9,10.0,9.3,7.9,10.6,3.1,2.9,3.6,6.5,2.8,2.4,2.4,3.7],[4.3,2.3,1.6,0.9,4.2,3.2,2.9,3.2,5.5,10.0,11.7,10.6,9.6,9.3,7.5,10.4,3.6,3.6,4.3,7.5,3.7,2.9,2.9,3.6],[8.1,5.7,5.1,4.9,1.6,5.0,5.5,8.1,10.0,12.6,14.7,14.5,13.2,12.4,10.8,13.3,7.7,8.9,9.7,11.5,7.9,8.4,8.5,9.1],[5.4,2.7,2.3,2.6,3.9,0.9,1.4,2.2,4.4,8.9,10.3,10.2,9.3,9.6,7.3,9.9,3.0,3.1,4.2,7.1,3.5,3.3,3.4,4.0],[5.6,2.9,2.5,2.3,4.5,1.6,0.8,1.5,4.0,8.5,10.8,9.7,9.2,9.5,7.7,10.0,3.2,2.8,4.2,7.3,3.7,3.5,3.2,4.0],[6.8,4.7,4.4,3.3,6.6,3.4,2.0,0.9,3.2,8.1,10.0,10.3,9.7,9.8,7.6,11.5,4.7,4.5,5.0,8.9,6.0,5.2,4.6,5.9],[10.9,10.1,8.8,6.9,11.2,7.8,5.4,4.5,1.0,8.1,10.3,10.9,9.9,12.0,9.9,12.8,10.4,9.3,10.7,13.6,12.5,10.2,10.0,9.3],[18.7,18.9,17.6,15.2,17.0,14.8,13.2,10.4,8.2,1.6,10.7,9.5,11.1,13.7,14.0,16.4,18.1,16.6,15.9,17.6,20.0,18.0,16.8,15.6],[20.4,20.9,19.6,18.1,20.3,18.8,17.7,15.6,10.6,9.0,1.4,10.4,10.2,12.7,13.6,15.6,19.5,17.9,16.5,19.5,21.3,20.7,19.1,16.4],[17.3,18.6,17.3,16.0,17.4,17.7,15.9,14.5,9.3,7.4,10.4,1.5,8.2,9.1,10.8,14.0,17.0,16.1,14.6,17.9,18.5,16.6,17.0,14.7],[13.6,15.1,15.5,14.5,16.2,15.0,13.4,12.0,8.7,9.8,7.8,5.9,1.1,4.0,6.7,10.7,12.7,12.7,12.5,14.7,15.8,14.9,14.1,13.6],[12.2,13.8,14.1,13.5,14.1,12.0,11.3,9.8,8.9,10.2,9.6,6.0,3.6,1.0,3.6,10.0,10.4,10.6,11.0,13.7,14.3,13.7,12.8,12.6],[11.5,12.5,13.1,12.8,13.4,10.0,10.7,8.0,8.7,10.7,11.0,8.2,4.9,3.4,1.0,7.7,8.9,10.6,10.7,13.3,13.0,12.0,13.4,12.8],[16.2,16.9,16.8,16.1,16.2,12.5,11.4,12.7,14.0,14.6,15.5,15.2,13.7,9.3,8.8,1.7,9.9,12.1,15.8,16.1,15.8,17.4,17.9,17.2],[6.4,3.4,3.4,4.2,6.4,3.1,3.4,3.7,5.9,10.5,12.3,11.4,9.4,8.0,5.6,7.6,0.9,1.4,3.0,6.6,3.0,3.3,4.1,4.8],[5.1,2.9,2.9,3.2,5.6,3.0,2.5,3.3,5.0,9.9,11.5,10.7,8.9,8.7,6.6,8.6,1.6,0.8,1.6,5.1,2.4,2.2,2.7,3.5],[5.3,3.3,3.2,3.7,6.3,4.1,3.5,3.0,5.1,9.7,11.2,10.3,8.8,8.7,7.0,9.7,2.6,1.4,0.9,5.0,2.8,2.3,2.8,3.4],[9.7,9.5,11.7,12.2,12.3,11.7,11.0,10.0,11.0,14.2,15.2,14.7,13.4,13.5,11.9,13.8,8.7,5.7,7.8,1.8,6.7,6.3,10.8,12.5],[4.8,2.9,2.7,3.5,6.0,3.7,3.7,4.1,6.0,9.9,11.2,10.2,9.0,8.3,7.0,10.2,2.8,2.2,2.6,4.6,0.9,1.4,2.3,3.4],[4.6,2.3,2.1,2.4,5.3,2.9,2.8,3.1,5.2,9.8,11.3,10.0,9.3,8.6,6.4,10.3,2.3,1.9,2.0,5.2,1.3,0.8,1.3,2.2],[5.0,2.8,2.5,2.6,5.9,3.8,3.7,3.4,5.0,10.0,11.8,11.1,9.7,9.7,7.6,10.9,3.8,3.1,2.3,6.1,2.6,1.3,0.8,1.7],[7.0,4.8,3.7,3.6,7.7,5.9,5.7,4.8,5.9,9.9,12.2,10.1,9.6,9.3,7.9,10.9,6.0,4.8,3.5,7.9,5.2,2.9,1.6,1.0]],
  "token_chain_ids": ["A","A","A","A","A","A","A","A","A","A","A","A","A","A","A","A","A","A","A","A","A","A","A","A"],
  "token_res_ids": [1,2,3,4,5,6,7,8,9,10,11,12,13,14,15,16,17,18,19,20,21,22,23,24]
}