{
  "atom_chain_ids": ["A","A","A","A","A","A","A","A","A","A","A","A","A","A","A","A","A","A","A","A","A","A","A","A","A","A","A","A","A","A","A","A","A","A","A","A","A","A","A","A","A","A","A","A","A","A","A","A","A","A","A","A","A","A","A","A","A","A","A","A","A","A","A","A","A","A","A","A","A","A","A","A","A","A","A","A","A","A","A","A","A","A","A","A","A","A","A","A","A","A","A","A","A","A","A","A","A","A","A","A","A","A","A","A","A","A","A","A","A","A","A","A","A","A","A","A","A","A","A","A","A","A","A","A","A","A","A","A","A","A","A","A","A","A","A","A","A","A","A","A","A","A","A","A","A","A","A","A","A","A","A","A","A","A","A","A","A","A","A","A","A","A","A","A","A","A","A","A","A","A","A","A","A","A","A","A","A","A","A","A","A","A","A","A","A","A","A","A","A","A","A","A","A","A","A","A","A","A","A","A","A","A","A","A","A","A","A","A","A","A","A","A","A","A","A","A","A","A","A","A","A","A","A","A","A","A","A","A","A","A","A","A","A","A","A","A","A","A","A","A","A","A","A","A","A","A","A","A","A","A","A","A","A","A","A","A","A","A","A","A","A","A","A","A","A","A","A","A","A","A","A","A","A","A","A","A","A","A","A","A","A","A","A","A","A","A","A","A","A","A","A","A","A","A","A","A","A","A","A","A","A","A","A","A","A","A","A","A","A","A","A","A","A","A","A","A","A","A","A","A","A","A","A","A","A","A","A","A","A","A","A","A","A","A","A","A","A","A","A","A","A","A","A","A","A","A","A","A","A","A","A","A","A","A","A","A","A","A","A","A","A","A","A","A","A","A","A","A","A","A","A","A","A","A","A","A","A","A","A","A","A","A","A","A","A","A","A","A","A","A","A","A","A","A","A","A","A","A","A","A","A","A","A","A","A","A","A","A","A","A","A","A","A","A","A","A","A","A","A","A","A","A","A","A","A","A","A","A","A","A","A","A","A","A","A","A","A","A","A","A","A","A","A","A","A","A","A","A","A","A","A","A","A","A","A","A","A","A","A","A","A","A","A","A","A","A","A","A","A","A","A","A","A","A","A","A","A","A","A","A","A","A","A","A","A","A","A","A","A","A","A","A","A","A","A","A","A","A","A","A","A","A","A","A","A","A","A","A","A","A","A"],
  "atom_plddts": [54.04,54.89,47.67,47.35,55.74,56.93,58.73,59.53,63.33,62.57,60.64,60.88,60.39,57.87,54.76,53.19,53.29,52.03,50.11,52.04,55.02,66.75,62.48,61.36,67.04,70.16,71.65,73.29,73.81,72.43,73.73,74.25,74.01,74.15,72.11,72.65,73.23,72.49,71.74,72.18,72.73,73.24,74.57,70.27,67.48,66.95,70.79,72.06,73.05,73.81,73.55,72.46,73.8,74.2,74.08,74.65,73.78,74.19,74.83,74.49,74.1,74.09,74.15,74.25,75.05,71.89,69.87,69.32,72.11,72.43,72.89,73.53,73.23,72.29,73.67,73.95,74.22,74.78,74.41,74.87,75.53,75.21,74.97,74.86,74.83,74.89,75.49,66.19,64.22,64.09,66.53,63.35,63.84,64.11,64.28,63.29,61.26,58.66,60.29,57.49,55.64,53.39,53.23,52.71,49.99,52.73,67.72,62.62,62.86,68.37,69.89,71.62,73.06,73.14,72.01,73.28,73.52,73.71,74.2,73.3,73.75,74.52,74.11,73.51,73.68,73.95,74.28,75.0,71.71,69.16,69.27,72.57,73.37,74.04,74.6,74.25,73.28,75.06,75.68,75.44,76.08,75.49,76.0,76.56,76.3,76.16,76.16,76.12,76.28,76.71,71.8,70.76,70.21,71.54,71.41,71.27,72.03,71.45,70.65,72.02,72.33,72.03,72.58,72.42,72.82,73.29,73.17,73.01,72.83,72.76,72.58,73.09,66.49,66.76,66.07,64.24,61.29,61.29,61.88,61.24,60.2,59.31,57.67,59.74,58.81,60.01,60.15,60.28,59.72,58.75,58.81,59.51,57.64,59.59,49.76,48.57,47.95,49.51,48.46,48.59,47.75,49.68,48.73,47.21,46.26,46.65,44.53,42.62,41.87,41.31,40.9,39.66,41.21,42.81,39.2,38.08,42.3,42.85,43.74,41.65,45.62,43.84,43.7,41.34,42.73,40.35,37.44,37.01,36.41,34.82,33.9,34.58,36.38,37.32,42.92,39.51,38.37,43.01,43.16,44.9,44.89,47.6,46.35,45.47,44.15,44.79,43.4,40.47,39.89,39.73,39.07,38.0,39.54,45.56,40.74,39.77,45.75,45.82,47.0,46.07,48.79,47.48,47.62,45.77,47.6,45.83,43.48,43.86,43.3,41.86,40.89,41.24,43.12,43.88,46.86,43.17,42.39,46.77,46.04,47.71,48.38,49.19,47.81,47.8,47.4,48.57,48.39,48.36,49.22,49.42,48.93,48.28,47.98,48.44,48.29,49.51,48.18,45.11,45.44,47.82,48.63,50.23,51.54,51.44,49.87,50.12,49.89,50.63,51.23,51.23,51.99,52.62,52.35,51.8,51.24,51.19,51.08,52.2,49.53,48.15,47.81,49.05,47.94,47.45,45.51,49.67,48.87,47.56,45.25,45.9,43.51,40.0,38.56,37.6,36.71,35.08,37.16,39.95,65.06,61.31,61.72,66.12,68.09,69.16,70.82,70.29,69.05,70.5,71.14,70.67,71.18,70.24,70.82,71.4,71.03,70.45,70.39,70.68,71.04,71.84,68.54,66.62,66.29,68.62,68.7,68.52,70.0,68.7,67.98,69.26,69.78,69.49,70.13,70.38,70.8,71.41,71.29,70.99,70.76,70.75,70.8,71.26,69.28,68.36,67.72,68.69,68.55,67.9,68.85,67.71,66.89,67.89,67.99,68.36,68.91,69.6,69.89,70.5,70.49,70.22,69.92,69.82,69.61,70.04,64.03,63.22,63.1,64.0,60.54,60.08,59.93,60.0,59.26,56.85,54.91,56.73,54.28,52.99,51.29,51.13,50.96,48.7,50.68,68.4,64.31,64.28,68.88,70.23,71.25,72.66,72.58,71.59,72.68,73.09,73.01,73.47,72.66,73.11,73.81,73.47,72.91,72.96,73.15,73.46,74.16,72.69,70.62,70.61,73.17,73.61,74.33,74.86,74.71,73.75,75.36,75.8,75.55,76.14,75.54,76.0,76.49,76.23,76.04,76.06,75.99,76.03,76.55,74.66,73.2,72.97,74.56,74.33,75.08,75.32,75.04,74.08,75.53,75.81,75.92,76.48,76.18,76.48,76.99,76.69,76.49,76.51,76.37,76.2,76.84,71.22,69.67,69.05,69.92,70.16,70.01,71.17,70.25,68.99,70.4,69.46,70.61,70.88,71.05,70.94,71.83,71.63,70.84,70.95,70.98,70.55,71.73],
  "contact_probs": [[1.0,0.92,0.24,0.01,0.01,0.2,0.03,0.01,0.0,0.0,0.0,0.01,0.01,0.02,0.04,0.1,0.06,0.02,0.01,0.01,0.58,0.4,0.03,0.02],[0.92,1.0,1.0,0.12,0.02,0.26,0.04,0.02,0.01,0.0,0.01,0.01,0.02,0.03,0.04,0.03,0.01,0.01,0.0,0.0,0.29,0.88,0.66,0.04],[0.24,1.0,1.0,1.0,0.09,0.91,0.22,0.05,0.04,0.01,0.02,0.02,0.04,0.06,0.09,0.01,0.01,0.01,0.01,0.0,0.03,0.39,0.89,0.52],[0.01,0.12,1.0,1.0,0.11,0.71,0.91,0.34,0.24,0.11,0.1,0.09,0.13,0.13,0.18,0.0,0.0,0.01,0.01,0.0,0.01,0.03,0.29,0.71],[0.01,0.02,0.09,0.11,1.0,0.08,0.05,0.0,0.0,0.0,0.0,0.01,0.01,0.01,0.01,0.01,0.0,0.0,0.0,0.0,0.0,0.0,0.0,0.01],[0.2,0.26,0.91,0.71,0.08,1.0,1.0,0.08,0.01,0.0,0.0,0.0,0.01,0.05,0.44,0.26,0.32,0.03,0.01,0.0,0.0,0.01,0.01,0.0],[0.03,0.04,0.22,0.91,0.05,1.0,1.0,1.0,0.26,0.01,0.01,0.01,0.05,0.23,0.64,0.22,0.82,0.35,0.04,0.0,0.0,0.01,0.02,0.01],[0.01,0.02,0.05,0.34,0.0,0.08,1.0,1.0,0.97,0.29,0.2,0.13,0.24,0.39,0.52,0.03,0.44,0.75,0.25,0.0,0.01,0.02,0.03,0.04],[0.0,0.01,0.04,0.24,0.0,0.01,0.26,0.97,1.0,0.72,0.52,0.29,0.31,0.25,0.12,0.01,0.02,0.28,0.51,0.0,0.0,0.02,0.05,0.21],[0.0,0.0,0.01,0.11,0.0,0.0,0.01,0.29,0.72,1.0,0.61,0.22,0.2,0.11,0.04,0.01,0.01,0.05,0.25,0.01,0.0,0.01,0.08,0.29],[0.0,0.01,0.02,0.1,0.0,0.0,0.01,0.2,0.52,0.61,1.0,0.68,0.34,0.13,0.04,0.01,0.01,0.04,0.21,0.01,0.0,0.02,0.08,0.31],[0.01,0.01,0.02,0.09,0.01,0.0,0.01,0.13,0.29,0.22,0.68,1.0,0.64,0.28,0.06,0.01,0.01,0.06,0.19,0.01,0.0,0.02,0.08,0.29],[0.01,0.02,0.04,0.13,0.01,0.01,0.05,0.24,0.31,0.2,0.34,0.64,1.0,0.76,0.25,0.02,0.02,0.09,0.18,0.01,0.01,0.02,0.08,0.24],[0.02,0.03,0.06,0.13,0.01,0.05,0.23,0.39,0.25,0.11,0.13,0.28,0.76,1.0,0.91,0.07,0.15,0.26,0.18,0.0,0.01,0.03,0.07,0.14],[0.04,0.04,0.09,0.18,0.01,0.44,0.64,0.52,0.12,0.04,0.04,0.06,0.25,0.91,1.0,0.34,0.65,0.36,0.13,0.0,0.02,0.04,0.08,0.07],[0.1,0.03,0.01,0.0,0.01,0.26,0.22,0.03,0.01,0.01,0.01,0.01,0.02,0.07,0.34,1.0,0.55,0.18,0.01,0.01,0.08,0.02,0.01,0.01],[0.06,0.01,0.01,0.0,0.0,0.32,0.82,0.44,0.02,0.01,0.01,0.01,0.02,0.15,0.65,0.55,1.0,1.0,0.05,0.02,0.17,0.02,0.01,0.01],[0.02,0.01,0.01,0.01,0.0,0.03,0.35,0.75,0.28,0.05,0.04,0.06,0.09,0.26,0.36,0.18,1.0,1.0,1.0,0.11,0.91,0.24,0.03,0.02],[0.01,0.0,0.01,0.01,0.0,0.01,0.04,0.25,0.51,0.25,0.21,0.19,0.18,0.18,0.13,0.01,0.05,1.0,1.0,0.12,0.71,0.91,0.27,0.1],[0.01,0.0,0.0,0.0,0.0,0.0,0.0,0.0,0.0,0.01,0.01,0.01,0.01,0.0,0.0,0.01,0.02,0.11,0.12,1.0,0.07,0.04,0.0,0.0],[0.58,0.29,0.03,0.01,0.0,0.0,0.0,0.01,0.0,0.0,0.0,0.0,0.01,0.01,0.02,0.08,0.17,0.91,0.71,0.07,1.0,1.0,0.06,0.0],[0.4,0.88,0.39,0.03,0.0,0.01,0.01,0.02,0.02,0.01,0.02,0.02,0.02,0.03,0.04,0.02,0.02,0.24,0.91,0.04,1.0,1.0,1.0,0.19],[0.03,0.66,0.89,0.29,0.0,0.01,0.02,0.03,0.05,0.08,0.08,0.08,0.08,0.07,0.08,0.01,0.01,0.03,0.27,0.0,0.06,1.0,1.0,1.0],[0.02,0.04,0.52,0.71,0.01,0.0,0.01,0.04,0.21,0.29,0.31,0.29,0.24,0.14,0.07,0.01,0.01,0.02,0.1,0.0,0.0,0.19,1.0,1.0]],
  "pae": [[1.5,4.4,6.1,8.4,10.9,7.7,7.9,8.7,11.2,13.2,14.4,13.5,14.3,12.6,11.4,11.1,8.2,7.5,10.5,11.3,8.1,6.5,8.0,9.9],[2.9,0.9,1.6,3.2,6.4,3.3,3.5,4.3,6.6,11.2,11.8,11.8,11.1,9.8,8.1,11.6,3.7,3.5,4.5,7.1,3.4,2.9,3.4,4.5],[3.5,1.4,0.8,1.5,4.8,2.5,2.5,3.0,5.4,11.0,11.8,11.5,11.3,9.6,7.7,11.5,3.1,3.0,3.6,6.4,2.8,2.3,2.4,3.6],[4.3,2.2,1.5,0.9,4.1,3.4,3.1,3.2,5.5,9.8,11.1,10.8,10.7,9.3,7.2,10.8,3.6,3.7,4.2,7.2,3.7,2.9,3.0,3.5],[8.2,5.6,5.1,5.3,1.8,5.5,6.0,8.1,10.5,12.8,14.6,14.4,14.4,12.2,10.3,13.8,7.7,9.0,9.7,10.5,8.3,8.8,8.2,8.4],[5.4,3.0,2.4,2.6,4.0,0.9,1.3,2.2,4.2,9.0,10.2,10.7,10.4,9.9,6.7,10.9,2.7,3.2,4.0,6.8,3.5,3.3,3.4,4.0],[5.7,3.0,2.4,2.2,4.7,1.6,0.8,1.4,4.0,9.3,10.7,10.3,9.9,9.7,7.1,10.3,3.1,2.8,4.0,6.8,3.6,3.4,3.0,3.9],[6.6,4.6,4.0,3.3,6.4,3.3,1.8,0.9,3.3,9.5,10.3,10.8,10.8,9.3,7.6,12.1,4.2,4.0,5.1,8.4,5.8,4.9,4.3,5.4],[9.7,8.6,7.1,5.6,10.2,7.4,4.6,3.6,1.0,8.4,8.6,10.0,10.0,10.9,9.1,13.2,8.6,7.2,9.0,11.6,10.3,8.1,8.2,7.8],[17.1,17.2,16.7,14.2,16.7,14.0,13.4,10.3,7.9,1.4,7.1,8.0,9.6,11.8,11.8,15.3,17.7,15.3,14.9,18.0,18.9,16.9,16.0,15.1],[18.4,19.2,17.4,15.4,18.3,16.8,15.7,13.3,9.3,6.7,1.2,7.9,9.1,12.4,12.9,15.5,18.5,18.0,16.1,19.6,19.9,18.8,16.4,14.0],[16.4,18.1,16.8,15.2,17.6,16.9,15.4,14.4,9.3,7.5,6.9,1.4,8.3,8.9,10.8,14.1,16.8,16.5,14.5,17.3,19.1,17.2,16.0,15.0],[14.3,15.4,15.7,14.7,16.9,15.8,14.5,13.0,9.5,8.5,6.8,5.7,1.1,4.3,7.0,11.7,14.0,13.5,12.6,15.2,17.1,15.3,14.6,14.3],[11.9,13.2,13.4,12.5,13.9,12.2,10.7,10.6,8.7,10.2,9.5,6.3,4.3,1.0,3.5,10.7,9.9,10.4,9.7,13.0,13.7,12.6,11.6,12.0],[11.6,12.6,13.7,13.0,13.8,12.2,10.8,8.5,9.0,11.2,11.6,9.0,5.3,3.6,1.0,8.3,8.8,10.0,9.7,13.5,13.7,12.2,12.9,12.9],[16.9,17.7,17.5,17.3,18.7,14.3,12.9,13.9,15.5,15.5,16.3,15.3,16.1,9.9,9.6,1.7,10.7,11.4,15.2,16.1,16.2,17.5,18.5,18.9],[6.1,3.6,3.5,3.9,6.4,3.1,3.0,3.7,5.9,10.6,11.8,11.7,10.3,7.9,5.8,8.3,0.9,1.4,2.9,6.7,3.2,3.4,4.1,4.8],[4.9,2.9,2.7,3.0,5.5,2.9,2.3,3.0,4.8,10.4,11.3,11.2,10.4,9.1,6.6,9.5,1.6,0.8,1.5,5.0,2.3,2.1,2.6,3.4],[5.3,3.4,3.1,3.6,6.3,3.8,3.3,2.8,4.9,10.3,11.5,11.2,10.3,9.0,7.1,10.1,2.5,1.4,0.9,5.0,2.7,2.2,2.9,3.2],[9.4,9.0,10.2,11.6,11.8,12.1,10.7,9.3,11.0,15.0,16.2,14.7,14.7,13.3,11.8,13.9,8.7,5.5,7.3,1.8,6.7,5.9,10.1,12.8],[4.7,2.6,2.5,3.1,5.6,3.3,3.2,3.5,5.5,10.3,10.6,10.4,9.1,8.0,6.4,10.4,2.5,1.9,2.4,4.3,0.9,1.3,2.2,3.3],[4.7,2.3,2.1,2.4,5.6,3.0,2.7,3.1,5.0,10.5,11.4,10.7,10.0,9.0,6.5,10.4,2.3,1.9,2.0,5.0,1.3,0.8,1.3,2.2],[5.2,2.9,2.5,2.7,6.1,3.8,3.5,3.3,5.1,10.3,11.8,10.9,10.5,9.3,7.6,11.6,3.7,3.3,2.5,5.9,2.8,1.3,0.8,1.7],[7.0,4.6,3.5,3.6,7.8,5.9,5.4,4.7,6.0,10.7,12.5,12.0,11.0,10.0,8.0,11.8,5.9,5.0,3.7,7.4,5.5,2.9,1.6,1.0]],
  "token_chain_ids": ["A","A","A","A","A","A","A","A","A","A","A","A","A","A","A","A","A","A","A","A","A","A","A","A"],
  "token_res_ids": [1,2,3,4,5,6,7,8,9,10,11,12,13,14,15,16,17,18,19,20,21,22,23,24]
}