{
  "atom_chain_ids": ["A","A","A","A","A","A","A","A","A","A","A","A","A","A","A","A","A","A","A","A","A","A","A","A","A","A","A","A","A","A","A","A","A","A","A","A","A","A","A","A","A","A","A","A","A","A","A","A","A","A","A","A","A","A","A","A","A","A","A","A","A","A","A","A","A","A","A","A","A","A","A","A","A","A","A","A","A","A","A","A","A","A","A","A","A","A","A","A","A","A","A","A","A","A","A","A","A","A","A","A","A","A","A","A","A","A","A","A","A","A","A","A","A","A","A","A","A","A","A","A","A","A","A","A","A","A","A","A","A","A","A","A","A","A","A","A","A","A","A","A","A","A","A","A","A","A","A","A","A","A","A","A","A","A","A","A","A","A","A","A","A","A","A","A","A","A","A","A","A","A","A","A","A","A","A","A","A","A","A","A","A","A","A","A","A","A","A","A","A","A","A","A","A","A","A","A","A","A","A","A","A","A","A","A","A","A","A","A","A","A","A","A","A","A","A","A","A","A","A","A","A","A","A","A","A","A","A","A","A","A","A","A","A","A","A","A","A","A","A","A","A","A","A","A","A","A","A","A","A","A","A","A","A","A","A","A","A","A","A","A","A","A","A","A","A","A","A","A","A","A","A","A","A","A","A","A","A","A","A","A","A","A","A","A","A","A","A","A","A","A","A","A","A","A","A","A","A","A","A","A","A","A","A","A","A","A","A","A","A","A","A","A","A","A","A","A","A","A","A","A","A","A","A","A","A","A","A","A","A","A","A","A","A","A","A","A","A","A","A","A","A","A","A","A","A","A","A","A","A","A","A","A","A","A","A","A","A","A","A","A","A","A","A","A","A","A","A","A","A","A","A","A","A","A","A","A","A","A","A","A","A","A","A","A","A","A","A","A","A","A","A","A","A","A","A","A","A","A","A","A","A","A","A","A","A","A","A","A","A","A","A","A","A","A","A","A","A","A","A","A","A","A","A","A","A","A","A","A","A","A","A","A","A","A","A","A","A","A","A","A","A","A","A","A","A","A","A","A","A","A","A","A","A","A","A","A","A","A","A","A","A","A","A","A","A","A","A","A","A","A","A","A","A","A","A","A","A","A","A","A","A","A","A","A","A","A","A","A","A","A","A","A","A","A","A","A","A","A","A","A","A","A","A","A","A","A","A","A","A","A","A"],
  "atom_plddts": [55.59,56.59,49.2,49.24,57.44,58.92,61.27,62.23,65.79,64.84,63.06,63.3,63.07,60.65,57.4,56.0,56.28,54.97,53.0,54.7,57.71,67.77,63.49,62.49,68.26,71.45,73.12,74.42,74.96,73.61,74.93,75.52,75.38,75.58,73.6,74.21,74.76,74.04,73.4,73.83,74.33,74.85,75.97,70.22,67.41,66.97,70.9,72.27,73.16,73.91,73.62,72.62,74.06,74.59,74.37,74.97,74.04,74.51,75.12,74.77,74.42,74.41,74.47,74.63,75.38,72.49,70.37,69.86,72.77,73.11,73.73,74.2,74.01,73.04,74.44,74.72,75.05,75.59,75.15,75.61,76.27,75.94,75.72,75.63,75.59,75.67,76.27,65.55,63.63,63.51,66.0,62.89,63.38,63.52,63.86,62.91,60.81,58.34,59.87,57.07,55.08,52.91,52.73,52.29,49.67,52.31,68.89,64.04,64.33,69.55,71.04,72.93,74.19,74.34,73.23,74.37,74.51,74.83,75.25,74.19,74.6,75.33,74.9,74.3,74.49,74.76,75.01,75.84,71.18,68.85,68.83,72.03,72.94,73.6,74.2,73.82,72.95,74.46,75.13,74.8,75.37,74.58,75.1,75.62,75.34,75.09,75.11,75.15,75.29,75.85,69.82,69.21,68.3,69.19,68.85,68.46,69.48,68.74,68.04,68.86,69.2,68.81,69.31,69.35,69.81,70.3,70.24,69.96,69.6,69.6,69.3,69.9,65.61,65.76,64.86,63.31,60.09,59.99,60.15,59.73,58.73,57.5,55.8,57.79,56.54,57.85,58.04,58.14,57.52,56.47,56.5,57.25,55.22,57.38,51.85,50.58,49.92,51.62,50.15,50.26,49.44,51.21,50.36,48.71,47.72,48.19,45.87,44.06,43.23,42.65,42.22,40.82,42.47,44.74,40.9,39.81,44.32,44.77,45.65,43.94,47.31,45.66,45.55,43.04,44.53,42.28,39.43,39.09,38.47,36.9,35.87,36.58,38.4,39.19,47.16,43.68,42.78,47.58,47.8,49.42,49.53,51.65,50.5,49.33,48.57,49.07,47.45,44.75,44.1,43.79,43.14,41.88,43.63,49.08,43.87,43.07,49.26,49.33,50.5,49.83,52.04,50.7,50.96,49.03,50.87,49.12,46.94,47.48,46.83,45.33,44.24,44.68,46.63,47.25,49.1,45.32,44.6,49.12,48.17,49.71,50.58,51.34,49.92,49.82,49.5,50.52,50.41,50.56,51.46,51.67,51.22,50.51,50.26,50.68,50.4,51.69,52.35,49.14,49.24,51.86,52.66,54.07,55.99,55.63,54.03,54.2,53.91,54.49,55.18,55.42,56.1,56.93,56.66,55.94,55.43,55.34,55.06,56.48,54.67,52.6,52.45,54.93,53.59,53.25,51.19,54.64,53.77,51.77,49.55,50.32,47.75,44.12,42.52,41.43,40.46,38.51,40.96,44.0,65.83,62.01,62.43,66.87,68.58,69.74,71.3,70.93,69.67,71.03,71.67,71.28,71.78,70.82,71.44,72.04,71.67,71.08,71.02,71.31,71.62,72.48,69.01,66.82,66.46,69.28,69.64,69.61,70.95,69.82,69.14,70.48,71.0,70.62,71.25,71.25,71.74,72.35,72.2,71.9,71.67,71.67,71.76,72.3,70.04,68.95,68.29,69.45,69.23,68.56,69.46,68.4,67.62,68.7,68.86,69.14,69.69,70.4,70.75,71.37,71.37,71.17,70.85,70.71,70.5,70.89,63.8,62.93,62.86,63.86,60.57,60.18,59.9,60.2,59.4,56.87,54.99,56.67,54.04,52.46,50.71,50.43,50.21,47.98,50.1,67.71,63.47,63.53,68.35,70.02,71.06,72.59,72.57,71.65,72.71,73.29,73.05,73.5,72.52,73.05,73.74,73.36,72.81,72.83,73.03,73.45,74.15,71.48,69.25,69.19,72.09,72.68,73.28,74.06,73.8,72.98,74.66,75.3,74.74,75.37,74.69,75.25,75.74,75.47,75.25,75.24,75.19,75.35,75.82,73.62,72.04,71.69,73.67,73.6,74.21,74.68,74.33,73.5,75.1,75.58,75.33,75.93,75.51,75.94,76.41,76.08,75.9,75.9,75.77,75.75,76.3,70.15,68.67,68.19,68.93,69.38,69.21,70.41,69.48,68.24,69.6,68.65,69.7,69.89,69.88,69.75,70.58,70.39,69.52,69.63,69.74,69.29,70.56],
  "contact_probs": [[1.0,0.92,0.24,0.01,0.01,0.2,0.03,0.01,0.0,0.0,0.0,0.01,0.01,0.02,0.04,0.1,0.06,0.02,0.01,0.01,0.58,0.4,0.03,0.02],[0.92,1.0,1.0,0.12,0.02,0.26,0.04,0.02,0.01,0.0,0.01,0.01,0.02,0.03,0.04,0.03,0.01,0.01,0.0,0.0,0.29,0.88,0.66,0.04],[0.24,1.0,1.0,1.0,0.09,0.91,0.22,0.05,0.04,0.01,0.02,0.02,0.04,0.06,0.09,0.01,0.01,0.01,0.01,0.0,0.03,0.39,0.89,0.52],[0.01,0.12,1.0,1.0,0.11,0.71,0.91,0.34,0.24,0.11,0.1,0.09,0.13,0.13,0.18,0.0,0.0,0.01,0.01,0.0,0.01,0.03,0.29,0.71],[0.01,0.02,0.09,0.11,1.0,0.08,0.05,0.0,0.0,0.0,0.0,0.01,0.01,0.01,0.01,0.01,0.0,0.0,0.0,0.0,0.0,0.0,0.0,0.01],[0.2,0.26,0.91,0.71,0.08,1.0,1.0,0.08,0.01,0.0,0.0,0.0,0.01,0.05,0.44,0.26,0.32,0.03,0.01,0.0,0.0,0.01,0.01,0.0],[0.03,0.04,0.22,0.91,0.05,1.0,1.0,1.0,0.26,0.01,0.01,0.01,0.05,0.23,0.64,0.22,0.82,0.35,0.04,0.0,0.0,0.01,0.02,0.01],[0.01,0.02,0.05,0.34,0.0,0.08,1.0,1.0,0.97,0.29,0.2,0.13,0.24,0.39,0.52,0.03,0.44,0.75,0.25,0.0,0.01,0.02,0.03,0.04],[0.0,0.01,0.04,0.24,0.0,0.01,0.26,0.97,1.0,0.72,0.52,0.29,0.31,0.25,0.12,0.01,0.02,0.28,0.51,0.0,0.0,0.02,0.05,0.21],[0.0,0.0,0.01,0.11,0.0,0.0,0.01,0.29,0.72,1.0,0.61,0.22,0.2,0.11,0.04,0.01,0.01,0.05,0.25,0.01,0.0,0.01,0.08,0.29],[0.0,0.01,0.02,0.1,0.0,0.0,0.01,0.2,0.52,0.61,1.0,0.68,0.34,0.13,0.04,0.01,0.01,0.04,0.21,0.01,0.0,0.02,0.08,0.31],[0.01,0.01,0.02,0.09,0.01,0.0,0.01,0.13,0.29,0.22,0.68,1.0,0.64,0.28,0.06,0.01,0.01,0.06,0.19,0.01,0.0,0.02,0.08,0.29],[0.01,0.02,0.04,0.13,0.01,0.01,0.05,0.24,0.31,0.2,0.34,0.64,1.0,0.76,0.25,0.02,0.02,0.09,0.18,0.01,0.01,0.02,0.08,0.24],[0.02,0.03,0.06,0.13,0.01,0.05,0.23,0.39,0.25,0.11,0.13,0.28,0.76,1.0,0.91,0.07,0.15,0.26,0.18,0.0,0.01,0.03,0.07,0.14],[0.04,0.04,0.09,0.18,0.01,0.44,0.64,0.52,0.12,0.04,0.04,0.06,0.25,0.91,1.0,0.34,0.65,0.36,0.13,0.0,0.02,0.04,0.08,0.07],[0.1,0.03,0.01,0.0,0.01,0.26,0.22,0.03,0.01,0.01,0.01,0.01,0.02,0.07,0.34,1.0,0.55,0.18,0.01,0.01,0.08,0.02,0.01,0.01],[0.06,0.01,0.01,0.0,0.0,0.32,0.82,0.44,0.02,0.01,0.01,0.01,0.02,0.15,0.65,0.55,1.0,1.0,0.05,0.02,0.17,0.02,0.01,0.01],[0.02,0.01,0.01,0.01,0.0,0.03,0.35,0.75,0.28,0.05,0.04,0.06,0.09,0.26,0.36,0.18,1.0,1.0,1.0,0.11,0.91,0.24,0.03,0.02],[0.01,0.0,0.01,0.01,0.0,0.01,0.04,0.25,0.51,0.25,0.21,0.19,0.18,0.18,0.13,0.01,0.05,1.0,1.0,0.12,0.71,0.91,0.27,0.1],[0.01,0.0,0.0,0.0,0.0,0.0,0.0,0.0,0.0,0.01,0.01,0.01,0.01,0.0,0.0,0.01,0.02,0.11,0.12,1.0,0.07,0.04,0.0,0.0],[0.58,0.29,0.03,0.01,0.0,0.0,0.0,0.01,0.0,0.0,0.0,0.0,0.01,0.01,0.02,0.08,0.17,0.91,0.71,0.07,1.0,1.0,0.06,0.0],[0.4,0.88,0.39,0.03,0.0,0.01,0.01,0.02,0.02,0.01,0.02,0.02,0.02,0.03,0.04,0.02,0.02,0.24,0.91,0.04,1.0,1.0,1.0,0.19],[0.03,0.66,0.89,0.29,0.0,0.01,0.02,0.03,0.05,0.08,0.08,0.08,0.08,0.07,0.08,0.01,0.01,0.03,0.27,0.0,0.06,1.0,1.0,1.0],[0.02,0.04,0.52,0.71,0.01,0.0,0.01,0.04,0.21,0.29,0.31,0.29,0.24,0.14,0.07,0.01,0.01,0.02,0.1,0.0,0.0,0.19,1.0,1.0]],
  "pae": [[1.5,3.6,5.8,7.9,11.1,7.6,8.0,8.1,10.8,12.3,13.4,12.6,12.7,11.8,10.6,11.0,8.2,7.6,10.1,11.1,7.1,6.2,8.0,10.2],[3.1,0.9,1.6,3.2,6.8,3.2,3.6,4.6,6.6,11.0,11.7,10.8,10.5,9.4,7.8,10.9,3.6,3.7,5.0,6.9,3.3,3.0,3.3,4.7],[3.4,1.5,0.9,1.6,5.1,2.5,2.5,3.3,5.6,10.3,11.5,10.6,10.1,9.2,7.6,10.5,3.2,3.1,3.8,6.3,3.0,2.6,2.7,3.8],[4.2,2.3,1.5,0.9,4.4,3.4,3.0,3.3,5.8,10.0,10.9,10.4,9.8,9.0,7.3,9.9,3.6,3.5,4.2,7.1,3.6,3.1,3.0,3.6],[8.7,5.8,5.4,6.0,1.7,5.7,6.1,8.5,10.9,12.7,14.4,14.3,14.1,12.5,11.5,12.2,8.8,9.9,10.7,11.6,8.9,9.1,9.2,9.6],[5.4,3.0,2.4,2.8,4.4,0.9,1.4,2.4,4.6,9.2,10.1,10.2,9.3,9.1,6.7,9.7,3.0,3.3,4.4,7.0,3.8,3.6,3.4,4.3],[5.8,3.2,2.6,2.5,5.2,1.7,0.8,1.6,4.2,8.8,10.7,9.6,9.5,9.4,7.3,9.6,3.5,3.1,4.5,7.2,4.1,3.8,3.2,4.2],[6.8,4.7,4.2,3.3,7.2,3.4,1.9,0.9,3.3,8.6,10.7,10.1,9.7,9.0,7.0,11.2,4.6,4.8,5.3,8.8,5.3,5.0,4.3,5.9],[10.2,9.5,8.3,6.0,11.5,7.2,5.0,4.0,1.0,8.3,10.1,10.8,10.2,11.1,9.2,12.2,10.3,8.6,10.0,13.3,10.1,8.8,9.0,9.2],[18.2,18.1,17.2,14.4,16.5,14.8,12.9,9.7,7.9,1.6,10.5,9.4,11.4,13.6,13.8,15.2,18.2,16.6,16.0,18.8,19.7,18.1,16.8,14.9],[19.3,19.7,18.6,16.6,18.5,17.5,15.6,13.4,8.7,8.7,1.4,10.6,9.5,13.2,12.9,14.7,18.9,16.2,15.2,18.9,20.6,19.1,17.7,15.0],[16.4,17.0,16.6,15.1,16.4,16.7,15.0,13.1,9.1,7.9,10.0,1.5,7.3,8.6,10.2,13.0,16.4,15.3,14.2,17.7,17.9,16.5,16.1,14.4],[12.9,14.5,14.9,14.0,15.9,14.0,13.1,10.9,8.4,10.0,7.2,5.8,1.1,3.9,6.5,11.0,12.9,12.1,12.2,14.6,15.3,14.7,13.7,13.1],[11.7,13.5,13.8,12.8,13.6,11.2,10.7,8.5,9.0,10.6,9.4,5.8,3.8,1.0,3.3,9.8,10.2,9.6,10.9,13.4,13.3,13.3,12.4,12.5],[10.9,11.8,13.0,12.3,13.3,10.1,10.3,7.9,9.2,10.4,10.1,7.7,4.8,3.1,1.0,8.3,8.6,9.4,10.6,13.8,12.7,12.2,13.1,12.5],[15.8,16.5,16.7,16.3,16.6,12.1,10.8,11.9,13.6,14.7,15.3,14.7,14.5,9.8,9.1,1.7,10.7,11.4,15.9,16.6,15.5,16.7,17.7,17.6],[6.1,3.6,3.4,4.1,6.5,3.0,3.4,3.8,6.1,10.8,11.3,10.8,9.5,7.7,5.3,7.1,0.9,1.4,2.8,6.3,3.0,3.4,4.0,4.8],[4.8,3.0,2.8,3.0,5.8,2.9,2.4,3.4,5.1,10.4,11.0,10.5,9.2,8.5,6.4,8.4,1.6,0.8,1.5,5.1,2.4,2.2,2.6,3.3],[5.0,3.3,3.0,3.5,6.6,3.9,3.3,2.9,5.0,10.0,10.7,10.4,9.1,8.5,6.9,9.1,2.4,1.3,0.9,4.7,2.7,2.2,2.7,3.3],[9.1,9.3,11.6,11.9,13.1,12.4,11.8,9.8,10.9,14.8,14.5,14.3,13.8,13.4,12.1,13.8,9.5,5.7,8.2,1.8,6.7,6.0,10.6,12.8],[4.4,2.8,2.7,3.4,6.2,3.6,3.6,3.9,5.7,10.3,10.5,9.9,8.7,8.0,6.5,9.8,2.6,1.9,2.5,4.4,0.9,1.4,2.2,3.4],[4.6,2.4,2.2,2.5,5.9,3.1,2.9,3.2,5.4,10.0,10.7,10.1,9.0,8.6,6.3,10.1,2.4,1.9,2.0,5.0,1.4,0.8,1.3,2.3],[4.9,3.1,2.7,2.9,6.5,3.8,3.6,3.4,5.1,9.7,11.1,10.7,9.6,9.2,7.5,10.7,3.7,3.2,2.5,5.9,2.7,1.3,0.8,1.8],[7.0,5.2,4.0,3.8,8.6,6.1,6.0,4.8,6.4,10.1,11.5,9.9,9.9,9.4,7.7,10.8,6.1,5.0,3.8,7.6,5.7,3.1,1.6,1.0]],
  "token_chain_ids": ["A","A","A","A","A","A","A","A","A","A","A","A","A","A","A","A","A","A","A","A","A","A","A","A"],
  "token_res_ids": [1,2,3,4,5,6,7,8,9,10,11,12,13,14,15,16,17,18,19,20,21,22,23,24]
}