{
  "atom_chain_ids": ["A","A","A","A","A","A","A","A","A","A","A","A","A","A","A","A","A","A","A","A","A","A","A","A","A","A","A","A","A","A","A","A","A","A","A","A","A","A","A","A","A","A","A","A","A","A","A","A","A","A","A","A","A","A","A","A","A","A","A","A","A","A","A","A","A","A","A","A","A","A","A","A","A","A","A","A","A","A","A","A","A","A","A","A","A","A","A","A","A","A","A","A","A","A","A","A","A","A","A","A","A","A","A","A","A","A","A","A","A","A","A","A","A","A","A","A","A","A","A","A","A","A","A","A","A","A","A","A","A","A","A","A","A","A","A","A","A","A","A","A","A","A","A","A","A","A","A","A","A","A","A","A","A","A","A","A","A","A","A","A","A","A","A","A","A","A","A","A","A","A","A","A","A","A","A","A","A","A","A","A","A","A","A","A","A","A","A","A","A","A","A","A","A","A","A","A","A","A","A","A","A","A","A","A","A","A","A","A","A","A","A","A","A","A","A","A","A","A","A","A","A","A","A","A","A","A","A","A","A","A","A","A","A","A","A","A","A","A","A","A","A","A","A","A","A","A","A","A","A","A","A","A","A","A","A","A","A","A","A","A","A","A","A","A","A","A","A","A","A","A","A","A","A","A","A","A","A","A","A","A","A","A","A","A","A","A","A","A","A","A","A","A","A","A","A","A","A","A","A","A","A","A","A","A","A","A","A","A","A","A","A","A","A","A","A","A","A","A","A","A","A","A","A","A","A","A","A","A","A","A","A","A","A","A","A","A","A","A","A","A","A","A","A","A","A","A","A","A","A","A","A","A","A","A","A","A","A","A","A","A","A","A","A","A","A","A","A","A","A","A","A","A","A","A","A","A","A","A","A","A","A","A","A","A","A","A","A","A","A","A","A","A","A","A","A","A","A","A","A","A","A","A","A","A","A","A","A","A","A","A","A","A","A","A","A","A","A","A","A","A","A","A","A","A","A","A","A","A","A","A","A","A","A","A","A","A","A","A","A","A","A","A","A","A","A","A","A","A","A","A","A","A","A","A","A","A","A","A","A","A","A","A","A","A","A","A","A","A","A","A","A","A","A","A","A","A","A","A","A","A","A","A","A","A","A","A","A","A","A","A","A","A","A","A","A","A","A","A","A","A","A","A","A","A","A","A","A","A","A","A","A"],
  "atom_plddts": [53.55,54.56,47.44,47.19,55.46,56.73,58.71,59.34,63.06,62.32,60.34,60.54,60.04,57.68,54.82,53.41,53.54,52.37,50.46,52.18,55.1,66.92,62.2,61.34,67.65,70.89,72.2,73.63,74.03,72.72,74.22,74.85,74.58,74.8,73.01,73.65,74.23,73.54,72.87,73.29,73.79,74.37,75.41,70.65,67.9,67.52,71.37,72.42,73.08,73.87,73.49,72.48,74.2,74.78,74.49,75.12,74.43,74.94,75.55,75.18,74.94,74.91,74.91,75.1,75.69,71.59,69.49,68.92,71.89,72.23,72.56,73.29,72.95,72.08,73.62,74.04,74.11,74.71,74.38,74.91,75.56,75.24,75.06,74.93,74.89,75.03,75.52,67.35,65.59,65.3,67.4,63.97,64.54,65.05,64.68,63.71,61.78,59.01,61.04,58.57,57.38,55.2,55.37,54.82,52.01,54.48,67.18,62.31,62.6,67.68,68.86,70.12,71.65,71.5,70.47,71.8,72.18,72.24,72.77,72.32,72.77,73.52,73.17,72.63,72.79,72.99,73.29,73.86,70.89,68.78,68.85,71.64,72.25,72.41,73.16,72.47,71.67,73.49,74.21,73.78,74.41,74.06,74.57,75.08,74.87,74.72,74.7,74.65,74.76,75.15,71.29,70.37,69.76,70.77,70.53,70.33,71.22,70.56,69.79,70.96,71.12,70.94,71.46,71.47,71.84,72.34,72.28,72.06,71.84,71.79,71.52,72.09,68.14,68.43,67.52,65.57,62.33,62.25,62.78,62.18,61.14,60.11,58.21,60.56,59.54,60.82,60.89,61.06,60.48,59.44,59.54,60.27,58.29,60.33,48.78,47.95,47.1,48.29,46.76,46.76,45.7,47.82,46.89,45.36,44.23,44.61,42.37,40.76,39.99,39.49,39.03,37.83,39.3,42.76,38.93,37.72,42.3,42.98,43.95,42.0,46.13,44.44,44.45,41.88,43.27,40.88,37.63,37.07,36.46,34.81,33.78,34.54,36.45,37.45,42.61,39.34,38.07,42.51,42.76,44.35,44.24,47.06,45.89,45.25,43.75,44.26,42.86,39.87,39.27,39.15,38.6,37.52,39.02,48.85,43.42,42.79,49.27,49.37,50.72,50.26,52.21,50.78,50.95,48.87,50.74,49.16,46.87,47.3,46.76,45.26,44.1,44.6,46.54,46.97,49.77,45.74,45.1,49.66,48.99,50.59,51.81,52.15,50.66,50.64,50.23,51.35,51.31,51.35,52.14,52.4,51.92,51.15,50.94,51.39,51.14,52.6,50.11,46.96,47.32,49.68,50.77,52.26,53.92,53.57,51.91,52.15,52.02,52.59,53.3,53.36,54.07,54.77,54.5,53.89,53.37,53.35,53.18,54.38,53.22,51.16,50.97,53.26,52.04,51.68,50.28,53.48,52.59,51.06,48.76,49.88,47.77,44.57,43.24,42.4,41.56,39.64,41.75,44.44,66.18,62.19,62.62,67.28,69.05,70.31,71.84,71.47,70.22,71.74,72.38,72.04,72.58,71.67,72.3,72.86,72.44,71.92,71.95,72.22,72.61,73.35,68.93,66.7,66.37,69.11,69.29,69.25,70.65,69.49,68.8,70.18,70.74,70.38,71.05,71.22,71.68,72.29,72.15,71.87,71.69,71.66,71.75,72.21,71.15,69.87,69.26,70.72,70.6,70.34,71.04,70.29,69.43,70.55,70.53,70.92,71.47,71.82,72.11,72.77,72.73,72.47,72.22,72.09,71.86,72.41,67.14,66.3,66.01,66.87,63.11,63.01,62.64,62.33,61.53,59.06,56.88,59.07,56.48,55.53,53.62,53.56,53.26,50.79,52.93,66.02,61.64,61.73,66.61,68.02,68.5,70.25,69.91,69.12,70.19,71.02,70.55,71.04,70.58,71.13,71.81,71.47,70.92,70.94,71.12,71.59,72.13,70.76,68.86,68.74,71.32,71.64,71.67,72.64,72.01,71.24,73.16,73.81,73.09,73.71,73.4,73.99,74.44,74.23,74.08,74.0,73.93,74.08,74.43,73.21,71.99,71.66,73.11,72.6,72.83,73.53,72.89,72.09,73.84,74.29,74.0,74.64,74.6,75.03,75.49,75.21,75.08,75.02,74.84,74.75,75.21,70.34,68.87,68.32,68.97,69.27,69.07,70.38,69.38,68.21,69.56,68.58,69.66,69.89,70.06,69.93,70.76,70.59,69.74,69.87,69.95,69.48,70.68],
  "contact_probs": [[1.0,0.92,0.24,0.01,0.01,0.2,0.03,0.01,0.0,0.0,0.0,0.01,0.01,0.02,0.04,0.1,0.06,0.02,0.01,0.01,0.58,0.4,0.03,0.02],[0.92,1.0,1.0,0.12,0.02,0.26,0.04,0.02,0.01,0.0,0.01,0.01,0.02,0.03,0.04,0.03,0.01,0.01,0.0,0.0,0.29,0.88,0.66,0.04],[0.24,1.0,1.0,1.0,0.09,0.91,0.22,0.05,0.04,0.01,0.02,0.02,0.04,0.06,0.09,0.01,0.01,0.01,0.01,0.0,0.03,0.39,0.89,0.52],[0.01,0.12,1.0,1.0,0.11,0.71,0.91,0.34,0.24,0.11,0.1,0.09,0.13,0.13,0.18,0.0,0.0,0.01,0.01,0.0,0.01,0.03,0.29,0.71],[0.01,0.02,0.09,0.11,1.0,0.08,0.05,0.0,0.0,0.0,0.0,0.01,0.01,0.01,0.01,0.01,0.0,0.0,0.0,0.0,0.0,0.0,0.0,0.01],[0.2,0.26,0.91,0.71,0.08,1.0,1.0,0.08,0.01,0.0,0.0,0.0,0.01,0.05,0.44,0.26,0.32,0.03,0.01,0.0,0.0,0.01,0.01,0.0],[0.03,0.04,0.22,0.91,0.05,1.0,1.0,1.0,0.26,0.01,0.01,0.01,0.05,0.23,0.64,0.22,0.82,0.35,0.04,0.0,0.0,0.01,0.02,0.01],[0.01,0.02,0.05,0.34,0.0,0.08,1.0,1.0,0.97,0.29,0.2,0.13,0.24,0.39,0.52,0.03,0.44,0.75,0.25,0.0,0.01,0.02,0.03,0.04],[0.0,0.01,0.04,0.24,0.0,0.01,0.26,0.97,1.0,0.72,0.52,0.29,0.31,0.25,0.12,0.01,0.02,0.28,0.51,0.0,0.0,0.02,0.05,0.21],[0.0,0.0,0.01,0.11,0.0,0.0,0.01,0.29,0.72,1.0,0.61,0.22,0.2,0.11,0.04,0.01,0.01,0.05,0.25,0.01,0.0,0.01,0.08,0.29],[0.0,0.01,0.02,0.1,0.0,0.0,0.01,0.2,0.52,0.61,1.0,0.68,0.34,0.13,0.04,0.01,0.01,0.04,0.21,0.01,0.0,0.02,0.08,0.31],[0.01,0.01,0.02,0.09,0.01,0.0,0.01,0.13,0.29,0.22,0.68,1.0,0.64,0.28,0.06,0.01,0.01,0.06,0.19,0.01,0.0,0.02,0.08,0.29],[0.01,0.02,0.04,0.13,0.01,0.01,0.05,0.24,0.31,0.2,0.34,0.64,1.0,0.76,0.25,0.02,0.02,0.09,0.18,0.01,0.01,0.02,0.08,0.24],[0.02,0.03,0.06,0.13,0.01,0.05,0.23,0.39,0.25,0.11,0.13,0.28,0.76,1.0,0.91,0.07,0.15,0.26,0.18,0.0,0.01,0.03,0.07,0.14],[0.04,0.04,0.09,0.18,0.01,0.44,0.64,0.52,0.12,0.04,0.04,0.06,0.25,0.91,1.0,0.34,0.65,0.36,0.13,0.0,0.02,0.04,0.08,0.07],[0.1,0.03,0.01,0.0,0.01,0.26,0.22,0.03,0.01,0.01,0.01,0.01,0.02,0.07,0.34,1.0,0.55,0.18,0.01,0.01,0.08,0.02,0.01,0.01],[0.06,0.01,0.01,0.0,0.0,0.32,0.82,0.44,0.02,0.01,0.01,0.01,0.02,0.15,0.65,0.55,1.0,1.0,0.05,0.02,0.17,0.02,0.01,0.01],[0.02,0.01,0.01,0.01,0.0,0.03,0.35,0.75,0.28,0.05,0.04,0.06,0.09,0.26,0.36,0.18,1.0,1.0,1.0,0.11,0.91,0.24,0.03,0.02],[0.01,0.0,0.01,0.01,0.0,0.01,0.04,0.25,0.51,0.25,0.21,0.19,0.18,0.18,0.13,0.01,0.05,1.0,1.0,0.12,0.71,0.91,0.27,0.1],[0.01,0.0,0.0,0.0,0.0,0.0,0.0,0.0,0.0,0.01,0.01,0.01,0.01,0.0,0.0,0.01,0.02,0.11,0.12,1.0,0.07,0.04,0.0,0.0],[0.58,0.29,0.03,0.01,0.0,0.0,0.0,0.01,0.0,0.0,0.0,0.0,0.01,0.01,0.02,0.08,0.17,0.91,0.71,0.07,1.0,1.0,0.06,0.0],[0.4,0.88,0.39,0.03,0.0,0.01,0.01,0.02,0.02,0.01,0.02,0.02,0.02,0.03,0.04,0.02,0.02,0.24,0.91,0.04,1.0,1.0,1.0,0.19],[0.03,0.66,0.89,0.29,0.0,0.01,0.02,0.03,0.05,0.08,0.08,0.08,0.08,0.07,0.08,0.01,0.01,0.03,0.27,0.0,0.06,1.0,1.0,1.0],[0.02,0.04,0.52,0.71,0.01,0.0,0.01,0.04,0.21,0.29,0.31,0.29,0.24,0.14,0.07,0.01,0.01,0.02,0.1,0.0,0.0,0.19,1.0,1.0]],
  "pae": [[1.5,3.7,6.1,8.8,10.8,8.0,8.5,9.6,12.1,14.2,15.6,14.6,14.4,13.8,12.6,10.7,9.5,8.6,10.3,11.9,8.1,6.9,8.0,10.6],[3.2,0.9,1.6,3.1,5.9,3.0,3.4,4.9,6.2,11.6,11.9,11.2,9.9,9.3,7.7,10.1,3.7,3.5,4.6,6.7,3.2,2.9,3.2,4.6],[3.4,1.4,0.9,1.6,4.5,2.4,2.5,3.4,5.4,10.9,12.2,10.9,9.7,8.6,6.9,9.6,3.2,3.1,3.7,6.2,2.9,2.5,2.6,3.8],[4.2,2.2,1.5,0.9,3.9,2.9,2.7,3.2,5.4,10.2,11.7,10.7,9.4,8.7,6.7,9.3,3.5,3.5,4.0,7.0,3.5,3.0,2.9,3.5],[7.5,5.9,4.9,5.5,1.7,5.5,5.8,9.0,10.5,12.7,14.9,14.3,13.1,12.3,10.2,11.7,8.0,9.3,9.9,11.2,8.6,8.6,8.3,8.4],[5.6,2.8,2.5,2.5,4.0,0.9,1.4,2.4,4.7,10.0,10.6,10.2,9.3,8.8,6.4,9.0,2.9,3.4,4.1,6.7,3.6,3.5,3.4,4.1],[6.0,3.2,2.7,2.4,4.6,1.6,0.8,1.6,4.1,10.0,11.1,10.5,9.0,8.8,6.6,9.1,3.1,2.9,4.1,7.1,4.0,3.9,3.4,4.4],[7.2,5.1,4.4,3.5,6.6,3.6,2.0,0.9,3.2,9.3,9.8,10.5,9.5,8.5,6.8,10.4,4.7,4.5,5.1,8.6,6.0,5.9,4.6,5.9],[10.6,9.0,8.0,5.7,10.3,7.3,4.9,3.9,1.0,10.1,9.4,10.8,10.2,9.5,8.6,11.6,9.1,8.3,8.2,12.1,10.0,9.3,8.0,8.5],[20.9,20.6,19.1,16.4,18.6,17.1,15.1,11.3,10.2,1.8,9.2,8.7,10.0,12.7,14.7,16.5,19.5,18.1,16.1,20.2,20.6,19.5,17.5,15.7],[20.7,20.2,19.1,17.7,19.4,18.3,17.6,15.3,10.7,8.7,1.3,7.1,10.0,11.2,12.5,14.1,18.3,17.9,15.7,19.7,20.7,19.6,18.5,15.1],[18.6,19.7,17.9,16.4,18.0,16.9,15.4,13.6,10.0,8.1,8.0,1.5,7.6,7.7,10.0,13.1,17.0,16.5,14.1,18.0,19.0,18.6,17.2,15.5],[15.7,17.0,16.3,15.4,16.6,15.8,14.1,12.0,9.1,9.6,7.7,5.3,1.2,4.5,7.2,10.9,14.2,13.5,12.5,15.0,17.7,16.5,14.8,14.3],[13.0,14.6,14.6,13.5,13.9,11.6,10.4,8.9,9.0,10.4,9.0,6.3,4.5,1.0,3.8,9.4,10.6,10.1,10.3,13.2,15.3,13.9,12.1,12.2],[13.2,13.4,13.8,13.2,13.5,10.0,11.1,7.9,8.7,10.5,9.9,8.0,5.0,3.4,1.0,7.0,9.9,10.5,10.2,13.6,14.5,13.1,13.7,12.3],[16.4,16.1,15.8,16.2,16.2,12.3,10.8,12.1,13.4,14.3,14.7,12.6,12.9,8.2,8.2,1.6,9.9,11.2,14.6,16.1,15.0,17.2,17.3,16.1],[6.5,3.7,3.6,4.2,6.5,3.2,3.3,4.1,5.8,11.4,11.6,11.1,9.4,7.5,5.4,7.0,0.9,1.5,3.2,6.6,3.1,3.7,4.2,5.2],[5.3,3.1,3.1,3.2,5.7,3.0,2.5,3.5,4.8,11.0,11.4,10.3,9.1,8.5,6.5,7.9,1.6,0.8,1.7,5.0,2.5,2.4,2.9,3.9],[5.7,3.6,3.5,3.8,6.3,4.1,3.4,3.2,5.0,10.8,11.3,10.7,9.4,8.5,6.9,8.9,2.7,1.5,0.9,4.5,2.9,2.5,3.0,3.6],[9.5,9.0,10.5,11.5,11.9,11.4,10.7,9.7,10.3,14.1,15.2,13.9,13.0,12.8,11.1,12.6,8.3,5.2,6.3,1.9,6.1,5.8,9.9,11.7],[4.9,2.9,2.9,3.4,5.8,3.7,3.5,3.8,5.5,10.6,11.0,10.4,8.6,7.8,6.2,9.1,3.0,2.2,2.7,4.1,0.9,1.5,2.3,3.4],[4.9,2.4,2.3,2.6,5.5,3.1,2.9,3.2,5.3,10.7,10.9,10.5,9.0,8.1,6.0,9.6,2.5,2.0,2.0,4.8,1.4,0.8,1.3,2.2],[5.2,3.0,2.8,2.9,6.2,4.1,3.7,3.6,5.3,10.8,11.6,11.0,9.5,8.6,7.1,9.8,3.9,3.3,2.7,6.2,2.8,1.4,0.8,1.8],[7.1,4.8,3.8,3.5,7.4,6.1,5.3,4.8,6.1,11.6,12.2,12.1,10.1,9.5,7.6,10.9,6.0,4.9,3.5,7.9,5.2,2.9,1.6,1.0]],
  "token_chain_ids": ["A","A","A","A","A","A","A","A","A","A","A","A","A","A","A","A","A","A","A","A","A","A","A","A"],
  "token_res_ids": [1,2,3,4,5,6,7,8,9,10,11,12,13,14,15,16,17,18,19,20,21,22,23,24]
}