{
  "atom_chain_ids": ["A","A","A","A","A","A","A","A","A","A","A","A","A","A","A","A","A","A","A","A","A","A","A","A","A","A","A","A","A","A","A","A","A","A","A","A","A","A","A","A","A","A","A","A","A","A","A","A","A","A","A","A","A","A","A","A","A","A","A","A","A","A","A","A","A","A","A","A","A","A","A","A","A","A","A","A","A","A","A","A","A","A","A","A","A","A","A","A","A","A","A","A","A","A","A","A","A","A","A","A","A","A","A","A","A","A","A","A","A","A","A","A","A","A","A","A","A","A","A","A","A","A","A","A","A","A","A","A","A","A","A","A","A","A","A","A","A","A","A","A","A","A","A","A","A","A","A","A","A","A","A","A","A","A","A","A","A","A","A","A","A","A","A","A","A","A","A","A","A","A","A","A","A","A","A","A","A","A","A","A","A","A","A","A","A","A","A","A","A","A","A","A","A","A","A","A","A","A","A","A","A","A","A","A","A","A","A","A","A","A","A","A","A","A","A","A","A","A","A","A","A","A","A","A","A","A","A","A","A","A","A","A","A","A","A","A","A","A","A","A","A","A","A","A","A","A","A","A","A","A","A","A","A","A","A","A","A","A","A","A","A","A","A","A","A","A","A","A","A","A","A","A","A","A","A","A","A","A","A","A","A","A","A","A","A","A","A","A","A","A","A","A","A","A","A","A","A","A","A","A","A","A","A","A","A","A","A","A","A","A","A","A","A","A","A","A","A","A","A","A","A","A","A","A","A","A","A","A","A","A","A","A","A","A","A","A","A","A","A","A","A","A","A","A","A","A","A","A","A","A","A","A","A","A","A","A","A","A","A","A","A","A","A","A","A","A","A","A","A","A","A","A","A","A","A","A","A","A","A","A","A","A","A","A","A","A","A","A","A","A","A","A","A","A","A","A","A","A","A","A","A","A","A","A","A","A","A","A","A","A","A","A","A","A","A","A","A","A","A","A","A","A","A","A","A","A","A","A","A","A","A","A","A","A","A","A","A","A","A","A","A","A","A","A","A","A","A","A","A","A","A","A","A","A","A","A","A","A","A","A","A","A","A","A","A","A","A","A","A","A","A","A","A","A","A","A","A","A","A","A","A","A","A","A","A","A","A","A","A","A","A","A","A","A","A","A","A","A","A","A","A","A","A","A","A"],
  "atom_plddts": [47.05,48.21,42.84,42.31,48.66,49.4,50.1,50.27,52.51,52.69,51.07,50.09,50.54,49.14,47.17,46.07,45.96,45.33,43.68,44.87,47.29,58.93,55.66,56.19,59.41,61.12,61.46,64.13,62.78,61.55,62.63,62.96,62.41,63.09,63.28,63.78,64.59,64.47,63.81,63.45,63.54,63.66,64.46,59.77,58.19,57.88,59.2,59.72,59.53,61.82,60.63,59.12,59.79,58.86,59.46,60.21,60.79,61.02,62.15,62.15,61.45,60.88,60.74,60.28,61.21,44.6,43.41,42.33,43.83,43.33,42.93,40.91,43.85,43.06,43.17,41.14,41.81,39.99,38.32,37.54,37.21,36.52,35.47,36.65,38.6,39.24,36.48,35.55,39.21,40.14,40.81,39.36,42.83,41.11,41.07,39.35,39.65,38.29,36.07,35.42,35.25,34.34,33.5,34.55,36.25,47.49,43.12,43.93,47.82,50.58,51.63,53.26,52.67,51.1,51.3,51.37,51.38,52.38,52.06,52.6,53.35,53.21,52.52,52.09,52.29,52.21,53.21,54.85,52.03,51.5,54.28,53.74,54.48,53.99,54.86,54.14,52.99,51.19,53.11,51.93,50.78,50.43,49.98,49.2,47.79,48.94,51.06,63.21,59.96,59.8,63.49,65.39,65.43,67.56,66.27,65.24,66.39,66.41,66.25,66.84,66.98,67.31,68.18,68.11,67.37,67.19,67.3,67.26,68.11,64.94,63.76,62.93,64.18,64.62,64.32,66.03,64.65,63.43,64.62,63.91,64.47,64.99,65.64,65.88,66.74,66.79,66.35,65.85,65.83,65.52,66.07,60.23,58.51,58.03,59.71,57.16,57.35,55.36,56.27,55.43,53.82,51.44,53.82,51.93,51.14,50.29,49.63,48.91,47.14,49.01,51.22,50.75,46.09,45.95,51.11,51.9,51.95,51.45,53.12,52.11,51.38,49.5,51.12,49.69,47.57,46.63,46.29,45.35,43.61,45.14,47.17,54.96,49.85,49.63,55.22,54.69,56.19,55.97,57.04,56.58,55.87,54.29,56.7,55.49,53.52,52.93,52.55,51.67,49.85,51.45,53.69,60.36,57.22,57.37,60.26,61.83,62.06,64.56,63.35,62.07,63.12,62.67,62.8,63.42,63.62,63.96,64.81,64.68,63.95,63.67,63.8,63.62,64.49,64.46,62.4,62.07,64.13,65.59,65.46,67.2,65.95,65.03,66.12,65.53,65.86,66.42,66.52,66.73,67.69,67.66,66.97,66.55,66.58,66.37,67.2,57.64,54.78,54.22,57.16,55.33,56.53,54.95,56.08,55.13,53.39,51.68,53.85,51.81,50.01,49.23,48.78,47.98,46.45,47.95,50.04,52.61,47.16,46.51,51.99,52.79,53.65,54.95,55.25,53.73,54.0,51.33,52.64,52.23,51.99,51.75,52.59,51.99,50.51,50.86,51.41,50.43,53.31,46.03,43.79,42.46,45.35,45.91,45.93,43.92,47.27,46.06,45.51,43.41,44.03,41.93,39.26,38.1,37.32,36.23,35.02,36.88,39.25,51.06,45.7,45.18,51.57,51.65,53.29,53.15,54.57,53.87,53.29,52.51,54.42,53.35,51.26,51.03,50.74,50.0,48.51,49.56,51.79,57.18,52.53,53.12,57.69,59.42,60.31,62.79,61.55,60.31,61.23,60.87,60.86,61.52,61.67,62.01,62.99,62.77,62.02,61.66,61.73,61.88,63.02,60.8,58.09,58.01,60.82,62.27,62.3,64.12,62.82,61.95,62.53,61.98,62.07,62.73,63.15,63.39,64.35,64.31,63.69,63.2,63.2,62.94,63.8,58.07,55.39,55.33,57.7,55.84,56.19,54.48,56.43,56.1,53.96,51.94,53.12,50.61,49.05,48.0,47.55,46.79,44.98,46.61,49.04,60.11,57.05,57.39,60.38,61.94,61.96,64.28,62.87,61.79,62.46,62.48,62.35,62.99,63.17,63.47,64.48,64.41,63.83,63.29,63.34,63.44,64.14,60.44,58.84,58.6,60.29,60.62,60.52,62.82,61.68,60.55,61.24,60.76,61.04,61.68,61.96,62.41,63.23,63.13,62.69,62.1,62.07,61.87,62.58,53.7,52.67,52.22,52.9,52.77,52.26,50.4,52.43,51.91,50.0,48.25,48.47,46.24,45.03,43.78,43.39,42.73,41.14,42.59,44.72],
  "contact_probs": [[1.0,0.85,0.11,0.02,0.02,0.01,0.02,0.07,0.21,0.19,0.55,0.33,0.12,0.02,0.02,0.02,0.02,0.03,0.03,0.03,0.07,0.55,0.55,0.2],[0.85,1.0,0.99,0.16,0.21,0.07,0.03,0.38,0.61,0.12,0.44,0.15,0.06,0.03,0.01,0.03,0.02,0.02,0.04,0.04,0.03,0.31,0.83,0.51],[0.11,0.99,1.0,0.69,0.68,0.51,0.05,0.78,0.32,0.04,0.09,0.04,0.03,0.04,0.01,0.05,0.06,0.03,0.03,0.05,0.03,0.11,0.34,0.52],[0.02,0.16,0.69,1.0,0.41,0.34,0.15,0.35,0.11,0.03,0.02,0.01,0.01,0.02,0.03,0.12,0.07,0.04,0.02,0.05,0.03,0.03,0.05,0.14],[0.02,0.21,0.68,0.41,1.0,0.81,0.06,0.13,0.06,0.02,0.01,0.01,0.01,0.04,0.04,0.13,0.22,0.11,0.07,0.24,0.03,0.06,0.26,0.42],[0.01,0.07,0.51,0.34,0.81,1.0,0.52,0.82,0.2,0.01,0.01,0.01,0.07,0.49,0.19,0.56,0.38,0.26,0.2,0.21,0.03,0.04,0.05,0.06],[0.02,0.03,0.05,0.15,0.06,0.52,1.0,0.45,0.1,0.02,0.02,0.02,0.05,0.17,0.19,0.49,0.13,0.11,0.03,0.02,0.02,0.02,0.02,0.02],[0.07,0.38,0.78,0.35,0.13,0.82,0.45,1.0,0.98,0.12,0.35,0.12,0.35,0.54,0.11,0.34,0.06,0.04,0.04,0.02,0.02,0.03,0.03,0.01],[0.21,0.61,0.32,0.11,0.06,0.2,0.1,0.98,1.0,0.53,0.73,0.19,0.73,0.38,0.07,0.07,0.02,0.01,0.02,0.02,0.01,0.04,0.03,0.01],[0.19,0.12,0.04,0.03,0.02,0.01,0.02,0.12,0.53,1.0,0.51,0.16,0.09,0.04,0.03,0.01,0.01,0.01,0.01,0.01,0.02,0.02,0.02,0.03],[0.55,0.44,0.09,0.02,0.01,0.01,0.02,0.35,0.73,0.51,1.0,0.43,0.52,0.15,0.03,0.01,0.01,0.01,0.02,0.01,0.04,0.16,0.08,0.05],[0.33,0.15,0.04,0.01,0.01,0.01,0.02,0.12,0.19,0.16,0.43,1.0,0.62,0.11,0.02,0.02,0.01,0.02,0.11,0.07,0.15,0.3,0.13,0.06],[0.12,0.06,0.03,0.01,0.01,0.07,0.05,0.35,0.73,0.09,0.52,0.62,1.0,0.99,0.21,0.1,0.03,0.05,0.37,0.14,0.12,0.13,0.06,0.02],[0.02,0.03,0.04,0.02,0.04,0.49,0.17,0.54,0.38,0.04,0.15,0.11,0.99,1.0,0.58,0.61,0.15,0.27,0.77,0.15,0.07,0.05,0.04,0.01],[0.02,0.01,0.01,0.03,0.04,0.19,0.19,0.11,0.07,0.03,0.03,0.02,0.21,0.58,1.0,0.66,0.21,0.36,0.25,0.15,0.05,0.01,0.01,0.02],[0.02,0.03,0.05,0.12,0.13,0.56,0.49,0.34,0.07,0.01,0.01,0.02,0.1,0.61,0.66,1.0,0.49,0.44,0.25,0.15,0.03,0.05,0.02,0.02],[0.02,0.02,0.06,0.07,0.22,0.38,0.13,0.06,0.02,0.01,0.01,0.01,0.03,0.15,0.21,0.49,1.0,0.44,0.2,0.2,0.03,0.02,0.03,0.06],[0.03,0.02,0.03,0.04,0.11,0.26,0.11,0.04,0.01,0.01,0.01,0.02,0.05,0.27,0.36,0.44,0.44,1.0,0.35,0.12,0.04,0.03,0.03,0.04],[0.03,0.04,0.03,0.02,0.07,0.2,0.03,0.04,0.02,0.01,0.02,0.11,0.37,0.77,0.25,0.25,0.2,0.35,1.0,0.99,0.58,0.27,0.07,0.02],[0.03,0.04,0.05,0.05,0.24,0.21,0.02,0.02,0.02,0.01,0.01,0.07,0.14,0.15,0.15,0.15,0.2,0.12,0.99,1.0,0.75,0.92,0.33,0.07],[0.07,0.03,0.03,0.03,0.03,0.03,0.02,0.02,0.01,0.02,0.04,0.15,0.12,0.07,0.05,0.03,0.03,0.04,0.58,0.75,1.0,0.63,0.07,0.02],[0.55,0.31,0.11,0.03,0.06,0.04,0.02,0.03,0.04,0.02,0.16,0.3,0.13,0.05,0.01,0.05,0.02,0.03,0.27,0.92,0.63,1.0,0.99,0.29],[0.55,0.83,0.34,0.05,0.26,0.05,0.02,0.03,0.03,0.02,0.08,0.13,0.06,0.04,0.01,0.02,0.03,0.03,0.07,0.33,0.07,0.99,1.0,0.96],[0.2,0.51,0.52,0.14,0.42,0.06,0.02,0.01,0.01,0.03,0.05,0.06,0.02,0.01,0.02,0.02,0.06,0.04,0.02,0.07,0.02,0.29,0.96,1.0]],
  "pae": [[1.6,7.3,10.0,14.5,14.0,13.0,15.4,12.7,11.8,14.9,13.7,10.1,13.0,12.7,14.3,14.5,17.1,15.7,12.5,12.1,14.3,10.0,8.6,7.9],[6.7,1.0,2.8,9.4,8.9,6.3,9.0,5.8,6.1,9.4,10.1,8.6,6.1,6.7,9.1,8.5,11.7,9.5,6.2,6.2,8.4,5.6,5.8,7.7],[6.4,3.4,1.1,8.5,8.8,5.4,10.1,6.3,6.6,11.2,10.9,9.5,7.2,7.7,9.3,8.3,11.7,9.8,6.6,7.2,9.3,6.0,5.5,9.1],[18.5,17.6,14.4,1.7,12.5,11.3,17.0,17.2,18.2,20.2,19.6,19.9,19.1,18.6,18.1,15.7,16.7,15.4,16.4,17.6,16.8,18.6,18.0,19.3],[18.7,13.6,11.0,9.3,1.6,10.0,13.0,14.7,16.5,19.6,19.9,18.9,17.4,16.3,15.3,14.0,15.3,12.8,15.3,15.2,16.3,16.5,15.8,20.5],[12.6,12.2,8.6,8.8,8.2,1.2,7.9,7.8,10.1,13.3,14.1,13.1,12.5,11.7,10.3,9.0,11.7,10.2,10.3,11.9,12.2,12.2,12.7,14.3],[13.9,13.3,12.6,13.1,11.0,8.1,1.6,8.0,9.0,11.8,13.9,14.3,13.8,12.5,11.7,10.1,12.7,10.9,12.4,14.6,14.4,14.8,14.8,15.4],[8.2,5.4,5.8,11.1,9.8,4.9,5.1,1.0,2.5,6.2,7.7,8.0,5.2,5.2,8.4,7.5,10.2,8.9,5.8,6.5,8.6,6.2,6.3,8.6],[8.0,5.2,5.3,12.0,10.1,5.7,5.6,2.8,1.0,5.8,7.1,7.5,5.2,5.1,8.6,7.7,10.9,9.1,6.0,6.4,9.4,5.6,5.7,8.9],[13.4,14.5,15.8,17.4,16.7,14.8,13.7,10.7,10.6,1.5,7.8,9.0,8.8,11.5,12.0,13.9,17.0,15.0,14.5,15.9,17.5,15.3,14.6,16.5],[12.8,14.0,15.0,17.6,16.6,15.1,14.3,11.8,9.2,6.1,1.4,8.4,7.5,10.1,12.9,15.4,17.1,15.4,14.1,14.5,16.3,13.9,14.3,14.9],[12.3,14.3,14.2,16.7,16.4,14.8,14.4,12.4,9.4,8.6,7.5,1.6,7.0,8.7,11.5,14.3,15.7,14.1,13.5,14.5,15.5,14.0,12.8,15.0],[8.8,6.9,7.2,11.3,10.4,6.4,9.2,5.6,5.7,8.0,6.8,4.9,1.0,2.8,7.4,7.3,11.0,9.4,6.6,7.1,10.0,7.6,8.1,9.8],[8.4,5.6,6.0,11.0,9.9,6.0,8.5,4.9,4.7,7.8,7.4,5.1,3.1,1.0,5.7,5.9,10.1,8.6,5.8,5.6,9.2,5.9,6.4,9.1],[15.1,14.7,14.6,15.4,14.2,12.2,11.7,11.7,12.7,13.6,13.4,13.0,9.9,9.3,1.4,6.9,10.1,9.3,13.0,14.7,15.9,15.8,15.7,16.9],[14.0,13.8,13.3,13.4,12.5,9.5,10.1,9.7,12.0,12.7,13.2,12.9,10.7,8.4,6.3,1.2,7.1,6.5,9.6,13.3,14.3,15.5,15.6,17.0],[19.4,18.0,16.8,15.6,14.1,12.9,13.2,16.2,17.9,17.8,17.4,17.7,17.6,15.7,10.4,8.4,1.5,7.7,14.7,16.3,17.0,19.0,19.2,20.9],[16.5,15.3,14.3,14.2,13.6,10.9,12.8,14.4,15.3,16.6,15.6,15.2,15.2,12.3,9.6,8.1,7.6,1.4,9.5,10.0,12.6,15.5,16.4,17.2],[9.7,6.9,7.2,11.2,10.6,7.3,9.6,6.9,6.7,9.2,10.1,8.6,7.4,6.8,8.4,7.4,9.0,5.2,1.0,3.1,8.5,6.6,6.9,10.5],[8.0,5.7,5.7,10.5,9.9,6.4,8.8,6.0,5.9,9.0,9.0,8.1,6.2,5.1,8.3,7.5,10.2,6.1,2.9,1.0,6.1,5.4,5.0,9.2],[12.4,12.1,12.9,15.2,14.8,12.6,15.7,15.4,15.4,17.3,16.8,14.4,14.7,14.0,14.9,15.5,16.5,13.0,8.4,8.2,1.6,8.4,8.1,12.6],[7.3,4.5,5.3,10.6,9.9,6.3,8.8,5.5,5.2,9.3,9.0,8.0,6.1,5.6,9.3,8.5,11.1,8.8,4.5,3.7,5.8,0.9,2.4,5.7],[7.4,5.0,5.8,12.1,11.1,6.8,9.6,5.9,5.7,9.9,9.4,8.7,5.9,6.3,9.4,9.2,12.4,9.6,5.5,4.6,6.1,2.7,1.0,5.4],[9.5,9.3,11.7,18.1,15.6,13.1,15.0,12.2,11.9,16.0,14.3,12.7,12.7,13.8,14.9,14.8,18.1,15.1,13.9,13.0,13.0,9.4,8.6,2.0]],
  "token_chain_ids": ["A","A","A","A","A","A","A","A","A","A","A","A","A","A","A","A","A","A","A","A","A","A","A","A"],
  "token_res_ids": [1,2,3,4,5,6,7,8,9,10,11,12,13,14,15,16,17,18,19,20,21,22,23,24]
}