{
  "atom_chain_ids": ["A","A","A","A","A","A","A","A","A","A","A","A","A","A","A","A","A","A","A","A","A","A","A","A","A","A","A","A","A","A","A","A","A","A","A","A","A","A","A","A","A","A","A","A","A","A","A","A","A","A","A","A","A","A","A","A","A","A","A","A","A","A","A","A","A","A","A","A","A","A","A","A","A","A","A","A","A","A","A","A","A","A","A","A","A","A","A","A","A","A","A","A","A","A","A","A","A","A","A","A","A","A","A","A","A","A","A","A","A","A","A","A","A","A","A","A","A","A","A","A","A","A","A","A","A","A","A","A","A","A","A","A","A","A","A","A","A","A","A","A","A","A","A","A","A","A","A","A","A","A","A","A","A","A","A","A","A","A","A","A","A","A","A","A","A","A","A","A","A","A","A","A","A","A","A","A","A","A","A","A","A","A","A","A","A","A","A","A","A","A","A","A","A","A","A","A","A","A","A","A","A","A","A","A","A","A","A","A","A","A","A","A","A","A","A","A","A","A","A","A","A","A","A","A","A","A","A","A","A","A","A","A","A","A","A","A","A","A","A","A","A","A","A","A","A","A","A","A","A","A","A","A","A","A","A","A","A","A","A","A","A","A","A","A","A","A","A","A","A","A","A","A","A","A","A","A","A","A","A","A","A","A","A","A","A","A","A","A","A","A","A","A","A","A","A","A","A","A","A","A","A","A","A","A","A","A","A","A","A","A","A","A","A","A","A","A","A","A","A","A","A","A","A","A","A","A","A","A","A","A","A","A","A","A","A","A","A","A","A","A","A","A","A","A","A","A","A","A","A","A","A","A","A","A","A","A","A","A","A","A","A","A","A","A","A","A","A","A","A","A","A","A","A","A","A","A","A","A","A","A","A","A","A","A","A","A","A","A","A","A","A","A","A","A","A","A","A","A","A","A","A","A","A","A","A","A","A","A","A","A","A","A","A","A","A","A","A","A","A","A","A","A","A","A","A","A","A","A","A","A","A","A","A","A","A","A","A","A","A","A","A","A","A","A","A","A","A","A","A","A","A","A","A","A","A","A","A","A","A","A","A","A","A","A","A","A","A","A","A","A","A","A","A","A","A","A","A","A","A","A","A","A","A","A","A","A","A","A","A","A","A","A","A","A","A","A","A","A","A","A","A","A","A","A","A"],
  "atom_plddts": [49.88,50.29,44.29,43.95,50.57,51.99,53.57,54.26,55.83,55.7,54.38,53.97,54.43,53.36,51.49,50.74,50.54,49.86,48.19,49.3,51.7,57.28,53.73,54.45,57.91,60.14,60.5,62.95,61.58,60.24,61.27,61.77,61.01,61.68,61.81,62.27,63.08,62.87,62.26,61.9,62.03,62.22,63.03,62.42,60.26,59.65,62.2,63.62,63.46,65.42,64.08,62.71,63.85,63.48,63.55,64.2,64.68,64.99,65.91,65.82,65.23,64.77,64.75,64.59,65.34,54.99,53.72,52.96,54.31,53.01,53.06,50.22,52.19,51.58,50.47,48.01,49.61,47.56,46.05,45.05,44.44,43.67,42.03,43.81,46.25,53.34,49.74,49.59,53.51,53.77,54.89,54.66,55.9,54.89,53.9,52.3,54.25,53.35,51.53,50.72,50.7,49.89,48.21,49.47,51.44,52.62,47.8,48.57,52.69,55.12,55.86,58.21,57.18,55.78,55.96,56.19,56.17,57.04,57.16,57.5,58.35,58.21,57.28,57.08,57.26,57.01,58.15,54.83,51.87,51.37,54.25,54.04,54.83,54.43,55.16,54.56,53.57,51.71,53.55,52.43,51.15,50.67,50.22,49.44,47.91,49.22,51.37,61.74,59.1,59.06,61.99,63.94,63.76,66.1,64.64,63.61,64.48,64.49,64.33,64.91,65.05,65.33,66.2,66.11,65.38,65.11,65.26,65.16,65.98,62.77,61.9,61.09,61.97,62.52,62.15,63.94,62.55,61.21,62.13,61.31,61.9,62.45,63.09,63.24,64.17,64.14,63.69,63.15,63.16,62.79,63.38,54.71,53.62,52.99,53.8,51.69,51.18,49.31,50.77,49.73,48.89,46.63,48.41,46.56,45.97,45.32,44.57,43.82,42.41,43.96,46.11,46.21,41.85,41.57,46.53,47.64,48.08,47.71,49.29,48.16,48.03,46.61,48.11,47.31,45.57,45.22,44.98,44.21,42.89,43.75,45.46,50.14,45.59,44.94,50.42,50.29,51.33,50.18,53.12,52.4,51.85,50.13,52.09,50.36,47.7,46.98,46.35,45.43,43.7,45.42,48.13,53.84,50.28,51.31,53.93,55.67,56.24,58.65,57.68,56.07,56.68,56.58,56.55,57.3,57.44,57.93,58.65,58.47,57.87,57.51,57.69,57.56,58.46,59.74,57.97,57.9,59.41,60.67,60.46,62.6,61.39,60.29,60.79,59.88,60.28,60.87,61.04,61.19,62.24,62.13,61.39,60.91,60.99,60.57,61.51,49.46,47.4,46.2,48.35,46.94,46.93,44.88,47.31,46.33,45.47,43.93,44.99,42.81,41.41,40.88,40.31,39.69,38.56,39.72,41.63,47.13,42.2,41.4,46.56,47.42,48.35,48.76,49.71,48.05,48.29,46.06,47.32,46.93,46.71,46.83,47.49,46.95,45.92,45.93,46.53,45.84,48.04,42.13,39.74,38.22,41.49,41.55,41.73,39.91,43.57,42.15,42.05,40.55,41.23,39.49,37.56,37.0,36.62,35.68,34.78,35.84,37.78,39.68,35.99,34.67,39.5,40.15,40.74,39.09,43.39,42.13,41.69,40.59,40.62,38.64,35.75,34.84,34.43,33.51,32.66,34.1,36.43,47.82,43.42,44.92,48.73,50.58,51.65,53.52,52.78,51.25,51.58,51.55,51.58,52.49,52.29,52.97,53.81,53.63,53.21,52.54,52.47,52.79,53.73,56.93,54.04,54.6,57.21,59.13,59.18,60.87,59.5,58.42,58.75,58.63,58.43,59.18,59.61,59.89,60.84,60.72,60.21,59.65,59.69,59.43,60.29,50.97,48.47,48.26,50.57,49.42,49.65,47.39,50.37,49.63,47.84,46.39,46.67,44.21,42.81,42.11,41.52,40.76,39.55,40.86,43.08,58.67,55.56,56.04,59.08,60.8,60.59,62.71,61.18,60.1,60.67,61.18,60.78,61.44,61.87,62.25,63.09,62.94,62.51,61.99,62.1,62.24,62.81,61.8,59.94,59.53,61.8,62.6,62.16,64.15,62.8,61.67,62.73,62.77,62.69,63.27,63.81,64.28,64.87,64.71,64.38,63.94,63.99,63.98,64.45,60.62,57.89,57.85,59.66,59.78,60.15,60.32,60.15,59.69,58.0,56.58,58.3,57.31,56.77,55.7,55.98,55.36,53.65,54.73,56.36],
  "contact_probs": [[1.0,0.85,0.11,0.02,0.02,0.01,0.02,0.07,0.21,0.19,0.55,0.33,0.12,0.02,0.02,0.02,0.02,0.03,0.03,0.03,0.07,0.55,0.55,0.2],[0.85,1.0,0.99,0.16,0.21,0.07,0.03,0.38,0.61,0.12,0.44,0.15,0.06,0.03,0.01,0.03,0.02,0.02,0.04,0.04,0.03,0.31,0.83,0.51],[0.11,0.99,1.0,0.69,0.68,0.51,0.05,0.78,0.32,0.04,0.09,0.04,0.03,0.04,0.01,0.05,0.06,0.03,0.03,0.05,0.03,0.11,0.34,0.52],[0.02,0.16,0.69,1.0,0.41,0.34,0.15,0.35,0.11,0.03,0.02,0.01,0.01,0.02,0.03,0.12,0.07,0.04,0.02,0.05,0.03,0.03,0.05,0.14],[0.02,0.21,0.68,0.41,1.0,0.81,0.06,0.13,0.06,0.02,0.01,0.01,0.01,0.04,0.04,0.13,0.22,0.11,0.07,0.24,0.03,0.06,0.26,0.42],[0.01,0.07,0.51,0.34,0.81,1.0,0.52,0.82,0.2,0.01,0.01,0.01,0.07,0.49,0.19,0.56,0.38,0.26,0.2,0.21,0.03,0.04,0.05,0.06],[0.02,0.03,0.05,0.15,0.06,0.52,1.0,0.45,0.1,0.02,0.02,0.02,0.05,0.17,0.19,0.49,0.13,0.11,0.03,0.02,0.02,0.02,0.02,0.02],[0.07,0.38,0.78,0.35,0.13,0.82,0.45,1.0,0.98,0.12,0.35,0.12,0.35,0.54,0.11,0.34,0.06,0.04,0.04,0.02,0.02,0.03,0.03,0.01],[0.21,0.61,0.32,0.11,0.06,0.2,0.1,0.98,1.0,0.53,0.73,0.19,0.73,0.38,0.07,0.07,0.02,0.01,0.02,0.02,0.01,0.04,0.03,0.01],[0.19,0.12,0.04,0.03,0.02,0.01,0.02,0.12,0.53,1.0,0.51,0.16,0.09,0.04,0.03,0.01,0.01,0.01,0.01,0.01,0.02,0.02,0.02,0.03],[0.55,0.44,0.09,0.02,0.01,0.01,0.02,0.35,0.73,0.51,1.0,0.43,0.52,0.15,0.03,0.01,0.01,0.01,0.02,0.01,0.04,0.16,0.08,0.05],[0.33,0.15,0.04,0.01,0.01,0.01,0.02,0.12,0.19,0.16,0.43,1.0,0.62,0.11,0.02,0.02,0.01,0.02,0.11,0.07,0.15,0.3,0.13,0.06],[0.12,0.06,0.03,0.01,0.01,0.07,0.05,0.35,0.73,0.09,0.52,0.62,1.0,0.99,0.21,0.1,0.03,0.05,0.37,0.14,0.12,0.13,0.06,0.02],[0.02,0.03,0.04,0.02,0.04,0.49,0.17,0.54,0.38,0.04,0.15,0.11,0.99,1.0,0.58,0.61,0.15,0.27,0.77,0.15,0.07,0.05,0.04,0.01],[0.02,0.01,0.01,0.03,0.04,0.19,0.19,0.11,0.07,0.03,0.03,0.02,0.21,0.58,1.0,0.66,0.21,0.36,0.25,0.15,0.05,0.01,0.01,0.02],[0.02,0.03,0.05,0.12,0.13,0.56,0.49,0.34,0.07,0.01,0.01,0.02,0.1,0.61,0.66,1.0,0.49,0.44,0.25,0.15,0.03,0.05,0.02,0.02],[0.02,0.02,0.06,0.07,0.22,0.38,0.13,0.06,0.02,0.01,0.01,0.01,0.03,0.15,0.21,0.49,1.0,0.44,0.2,0.2,0.03,0.02,0.03,0.06],[0.03,0.02,0.03,0.04,0.11,0.26,0.11,0.04,0.01,0.01,0.01,0.02,0.05,0.27,0.36,0.44,0.44,1.0,0.35,0.12,0.04,0.03,0.03,0.04],[0.03,0.04,0.03,0.02,0.07,0.2,0.03,0.04,0.02,0.01,0.02,0.11,0.37,0.77,0.25,0.25,0.2,0.35,1.0,0.99,0.58,0.27,0.07,0.02],[0.03,0.04,0.05,0.05,0.24,0.21,0.02,0.02,0.02,0.01,0.01,0.07,0.14,0.15,0.15,0.15,0.2,0.12,0.99,1.0,0.75,0.92,0.33,0.07],[0.07,0.03,0.03,0.03,0.03,0.03,0.02,0.02,0.01,0.02,0.04,0.15,0.12,0.07,0.05,0.03,0.03,0.04,0.58,0.75,1.0,0.63,0.07,0.02],[0.55,0.31,0.11,0.03,0.06,0.04,0.02,0.03,0.04,0.02,0.16,0.3,0.13,0.05,0.01,0.05,0.02,0.03,0.27,0.92,0.63,1.0,0.99,0.29],[0.55,0.83,0.34,0.05,0.26,0.05,0.02,0.03,0.03,0.02,0.08,0.13,0.06,0.04,0.01,0.02,0.03,0.03,0.07,0.33,0.07,0.99,1.0,0.96],[0.2,0.51,0.52,0.14,0.42,0.06,0.02,0.01,0.01,0.03,0.05,0.06,0.02,0.01,0.02,0.02,0.06,0.04,0.02,0.07,0.02,0.29,0.96,1.0]],
  "pae": [[1.5,5.4,8.3,10.9,10.8,9.6,13.5,10.2,9.7,11.4,7.6,11.7,9.7,9.4,15.3,12.6,16.1,17.3,11.3,10.3,14.6,8.8,8.5,8.4],[6.1,1.0,3.6,7.2,7.2,6.1,9.5,6.0,5.7,9.7,7.6,10.4,7.0,6.4,12.5,9.5,12.9,13.6,8.1,7.6,10.1,6.3,6.6,6.3],[5.7,3.1,1.0,6.7,6.4,5.1,9.3,5.2,5.1,9.0,8.0,10.5,6.6,5.9,12.1,9.3,12.8,13.3,6.5,6.5,9.9,5.6,5.6,5.9],[12.1,9.4,8.6,1.5,10.8,12.4,14.5,13.6,15.1,14.2,13.2,14.3,14.7,15.3,17.0,16.2,17.0,17.4,14.7,14.9,16.0,15.1,13.5,12.0],[11.0,9.1,6.9,7.0,1.4,6.4,9.7,9.8,11.7,13.1,12.7,13.9,12.3,12.8,14.2,12.5,14.6,14.6,10.9,11.8,12.8,11.3,11.2,10.7],[9.3,7.4,6.5,7.4,5.9,1.1,5.4,5.5,7.1,11.5,11.3,12.4,9.0,9.0,12.5,10.0,12.1,12.3,8.1,8.9,10.9,9.2,9.2,8.2],[12.5,12.8,11.4,11.8,9.9,7.1,1.5,7.8,8.5,12.4,12.7,13.2,12.9,12.4,15.5,11.0,10.9,14.7,11.3,13.4,13.9,13.9,13.7,13.3],[7.5,5.3,5.1,8.2,6.7,4.6,4.8,0.9,2.4,8.2,7.6,9.0,5.4,5.7,10.6,8.5,10.5,11.6,6.4,6.6,8.9,6.1,6.0,6.6],[7.8,4.8,5.3,8.6,7.0,5.1,5.3,3.0,1.0,7.9,7.2,8.7,5.5,5.7,11.5,8.9,10.9,12.0,6.7,7.0,10.2,5.8,6.0,6.8],[11.7,12.3,11.7,12.9,15.0,14.3,14.8,10.6,9.4,1.5,9.4,10.6,11.2,13.8,18.2,16.1,17.4,20.1,16.2,17.5,18.6,16.0,15.2,15.1],[8.4,11.5,12.3,12.5,13.7,14.6,15.1,11.4,9.0,8.2,1.4,9.9,10.5,12.2,17.1,15.1,17.3,18.7,15.1,16.2,17.2,15.1,14.9,14.1],[10.8,13.5,13.1,13.4,14.5,14.4,14.2,11.5,9.1,10.1,8.1,1.5,9.0,9.4,16.0,14.3,17.5,18.6,14.7,16.3,17.1,15.9,16.2,16.0],[8.9,7.2,7.5,9.8,9.0,6.8,10.1,6.6,6.8,9.8,7.8,5.6,1.1,4.0,11.8,6.9,12.3,13.4,7.8,8.6,10.8,7.4,8.4,8.9],[8.3,6.4,6.9,9.4,8.5,6.4,9.4,5.9,6.3,8.9,8.5,6.7,4.1,1.0,9.0,6.7,10.6,12.5,7.4,6.6,9.6,7.0,7.7,8.2],[15.9,17.4,16.7,17.5,16.8,15.5,14.8,16.3,16.5,18.3,17.0,16.5,13.5,12.7,1.5,13.9,13.9,13.6,14.7,16.3,12.1,16.1,17.7,18.9],[13.3,15.1,15.6,15.0,14.6,10.5,9.9,12.2,14.1,16.3,14.4,15.1,10.0,8.2,9.6,1.3,8.4,10.3,10.7,13.3,13.1,15.5,16.4,16.9],[18.6,18.9,17.8,18.3,17.6,14.6,12.1,17.1,17.3,19.5,18.3,17.6,15.7,13.9,14.0,11.5,1.4,11.3,15.2,16.6,15.6,18.5,18.9,20.6],[19.3,19.9,19.5,19.2,17.7,15.4,16.5,18.2,18.9,21.1,20.7,19.8,18.8,16.7,13.3,14.5,11.1,1.6,12.5,12.8,13.4,17.6,18.4,20.8],[9.0,6.9,8.2,10.0,8.2,7.1,10.1,8.4,7.9,11.9,11.2,12.5,10.7,8.6,11.3,8.8,10.5,7.9,1.1,3.0,6.6,5.3,7.0,8.8],[8.1,6.4,7.0,9.8,7.4,7.1,9.3,7.0,7.3,11.0,10.3,10.7,7.7,5.2,11.2,9.2,11.5,8.0,2.9,1.0,6.0,5.1,5.3,7.4],[14.0,14.0,13.7,14.7,11.6,12.1,14.7,14.0,15.0,17.6,17.1,16.6,14.1,11.6,11.3,13.4,15.8,14.7,8.4,7.5,1.5,9.5,10.3,12.9],[7.2,4.6,5.1,8.5,7.0,6.2,8.7,5.8,5.4,9.7,8.9,9.9,6.5,5.5,10.7,9.3,11.3,11.6,4.7,3.4,5.5,0.9,2.1,4.3],[7.5,4.6,4.8,8.5,7.0,5.9,8.9,5.3,5.3,9.4,8.7,10.3,6.1,5.8,12.1,8.8,12.4,12.8,5.2,3.8,6.4,2.2,0.9,3.6],[8.8,8.0,8.1,10.8,9.1,8.9,12.3,8.8,9.0,12.1,10.8,13.5,10.1,9.0,15.0,12.6,15.7,16.3,10.0,9.1,11.4,6.2,5.0,1.6]],
  "token_chain_ids": ["A","A","A","A","A","A","A","A","A","A","A","A","A","A","A","A","A","A","A","A","A","A","A","A"],
  "token_res_ids": [1,2,3,4,5,6,7,8,9,10,11,12,13,14,15,16,17,18,19,20,21,22,23,24]
}