{
  "atom_chain_ids": ["A","A","A","A","A","A","A","A","A","A","A","A","A","A","A","A","A","A","A","A","A","A","A","A","A","A","A","A","A","A","A","A","A","A","A","A","A","A","A","A","A","A","A","A","A","A","A","A","A","A","A","A","A","A","A","A","A","A","A","A","A","A","A","A","A","A","A","A","A","A","A","A","A","A","A","A","A","A","A","A","A","A","A","A","A","A","A","A","A","A","A","A","A","A","A","A","A","A","A","A","A","A","A","A","A","A","A","A","A","A","A","A","A","A","A","A","A","A","A","A","A","A","A","A","A","A","A","A","A","A","A","A","A","A","A","A","A","A","A","A","A","A","A","A","A","A","A","A","A","A","A","A","A","A","A","A","A","A","A","A","A","A","A","A","A","A","A","A","A","A","A","A","A","A","A","A","A","A","A","A","A","A","A","A","A","A","A","A","A","A","A","A","A","A","A","A","A","A","A","A","A","A","A","A","A","A","A","A","A","A","A","A","A","A","A","A","A","A","A","A","A","A","A","A","A","A","A","A","A","A","A","A","A","A","A","A","A","A","A","A","A","A","A","A","A","A","A","A","A","A","A","A","A","A","A","A","A","A","A","A","A","A","A","A","A","A","A","A","A","A","A","A","A","A","A","A","A","A","A","A","A","A","A","A","A","A","A","A","A","A","A","A","A","A","A","A","A","A","A","A","A","A","A","A","A","A","A","A","A","A","A","A","A","A","A","A","A","A","A","A","A","A","A","A","A","A","A","A","A","A","A","A","A","A","A","A","A","A","A","A","A","A","A","A","A","A","A","A","A","A","A","A","A","A","A","A","A","A","A","A","A","A","A","A","A","A","A","A","A","A","A","A","A","A","A","A","A","A","A","A","A","A","A","A","A","A","A","A","A","A","A","A","A","A","A","A","A","A","A","A","A","A","A","A","A","A","A","A","A","A","A","A","A","A","A","A","A","A","A","A","A","A","A","A","A","A","A","A","A","A","A","A","A","A","A","A","A","A","A","A","A","A","A","A","A","A","A","A","A","A","A","A","A","A","A","A","A","A","A","A","A","A","A","A","A","A","A","A","A","A","A","A","A","A","A","A","A","A","A","A","A","A","A","A","A","A","A","A","A","A","A","A","A","A","A","A","A","A","A","A","A","A","A","A","A"],
  "atom_plddts": [57.99,58.37,50.8,51.18,58.35,60.13,62.25,63.67,65.55,65.05,64.27,63.69,64.39,62.9,60.4,59.09,59.3,58.47,56.06,57.95,60.48,64.65,60.76,60.65,65.1,67.24,68.41,70.21,69.4,68.24,70.04,70.05,69.74,70.25,70.03,70.56,71.4,71.19,70.57,70.36,70.38,70.61,71.59,68.26,65.96,65.04,67.74,68.95,69.68,70.86,70.02,68.78,70.05,69.22,69.9,70.44,70.58,70.77,71.77,71.71,71.14,70.74,70.58,70.21,71.34,62.85,60.37,59.77,62.48,60.41,61.57,59.01,60.38,59.98,58.01,55.01,57.44,55.12,52.95,51.4,51.02,50.17,47.84,50.17,52.91,48.13,44.71,44.08,48.58,49.4,49.79,47.66,51.16,49.87,48.56,46.47,46.89,44.57,41.4,40.0,39.27,38.14,36.69,38.83,41.43,56.41,50.39,50.7,56.45,58.45,59.64,62.2,61.63,60.41,61.07,60.88,60.95,61.65,61.73,61.9,63.01,62.91,61.68,61.7,61.82,61.64,63.17,54.19,51.34,50.67,53.9,53.54,54.07,52.4,54.4,53.69,52.4,50.12,51.46,49.52,47.43,46.58,45.92,44.99,43.31,45.09,47.7,66.29,63.1,62.7,66.48,68.13,68.52,70.09,69.07,68.04,69.39,69.18,69.3,69.82,69.83,70.14,71.05,71.0,70.35,70.14,70.18,70.11,70.99,68.32,66.7,65.94,67.61,68.11,68.38,69.61,68.53,67.4,68.84,67.96,68.64,69.14,69.53,69.7,70.64,70.74,70.33,69.85,69.73,69.39,70.11,62.31,60.74,60.33,61.64,59.11,59.72,57.86,58.19,57.43,55.69,53.24,55.84,54.09,53.39,52.37,51.86,51.06,49.17,51.16,53.33,52.44,48.08,48.05,52.91,54.02,54.32,53.82,55.26,54.32,53.32,51.16,52.65,50.95,48.05,46.67,46.28,45.14,43.26,45.22,47.55,51.88,47.0,46.38,52.34,52.36,53.52,52.15,54.99,54.43,53.63,51.55,53.07,50.84,47.55,46.2,45.37,44.13,42.21,44.68,47.76,64.34,60.75,60.35,64.16,65.57,66.21,68.17,67.18,66.1,67.53,66.96,67.31,67.86,68.01,68.34,69.3,69.2,68.52,68.29,68.33,68.24,69.11,67.09,65.11,64.59,66.63,67.6,67.6,68.99,67.9,67.07,68.35,67.66,68.16,68.68,68.85,69.09,70.01,70.01,69.39,69.04,69.01,68.74,69.55,61.59,59.55,58.81,60.66,57.82,58.78,56.66,57.27,56.53,54.63,52.3,55.02,52.81,51.56,50.52,50.14,49.37,47.57,49.26,51.32,54.63,49.23,48.6,53.93,54.62,55.56,56.88,56.86,55.38,55.65,53.03,54.38,53.96,53.84,53.53,54.42,53.8,52.29,52.69,53.23,52.18,55.05,48.68,46.0,44.72,48.01,48.49,48.4,45.99,49.56,48.73,47.79,45.65,46.21,43.65,40.47,38.97,37.9,36.63,35.26,37.63,40.48,53.63,48.23,47.73,54.16,53.89,55.22,54.79,56.6,56.17,55.37,54.04,55.9,54.27,51.67,50.86,50.61,49.74,47.91,49.51,52.04,57.74,52.37,52.96,58.36,60.33,61.7,64.34,63.42,62.26,63.38,62.75,62.69,63.31,63.17,63.56,64.73,64.5,63.63,63.22,63.16,63.46,64.9,61.83,59.11,58.9,62.0,63.5,63.62,65.37,64.11,63.31,64.0,63.65,63.5,64.12,64.37,64.75,65.73,65.67,65.12,64.55,64.49,64.33,65.21,63.56,60.05,60.18,63.48,61.95,63.32,61.2,63.05,62.62,60.1,57.95,59.07,55.86,52.89,51.15,50.72,49.65,47.53,49.81,52.89,63.61,60.28,60.24,63.92,65.43,65.6,67.46,66.2,65.28,66.47,66.61,66.46,67.03,67.29,67.76,68.62,68.59,68.12,67.68,67.66,67.9,68.46,65.8,63.49,63.02,65.8,66.45,66.47,68.24,67.04,66.03,67.55,67.56,67.54,68.1,68.51,69.03,69.69,69.56,69.26,68.83,68.73,68.8,69.28,66.26,63.26,62.97,65.32,65.17,66.25,66.27,66.14,65.65,63.96,62.24,64.19,63.06,61.72,60.28,61.04,60.44,58.4,59.55,61.18],
  "contact_probs": [[1.0,0.85,0.11,0.02,0.02,0.01,0.02,0.07,0.21,0.19,0.55,0.33,0.12,0.02,0.02,0.02,0.02,0.03,0.03,0.03,0.07,0.55,0.55,0.2],[0.85,1.0,0.99,0.16,0.21,0.07,0.03,0.38,0.61,0.12,0.44,0.15,0.06,0.03,0.01,0.03,0.02,0.02,0.04,0.04,0.03,0.31,0.83,0.51],[0.11,0.99,1.0,0.69,0.68,0.51,0.05,0.78,0.32,0.04,0.09,0.04,0.03,0.04,0.01,0.05,0.06,0.03,0.03,0.05,0.03,0.11,0.34,0.52],[0.02,0.16,0.69,1.0,0.41,0.34,0.15,0.35,0.11,0.03,0.02,0.01,0.01,0.02,0.03,0.12,0.07,0.04,0.02,0.05,0.03,0.03,0.05,0.14],[0.02,0.21,0.68,0.41,1.0,0.81,0.06,0.13,0.06,0.02,0.01,0.01,0.01,0.04,0.04,0.13,0.22,0.11,0.07,0.24,0.03,0.06,0.26,0.42],[0.01,0.07,0.51,0.34,0.81,1.0,0.52,0.82,0.2,0.01,0.01,0.01,0.07,0.49,0.19,0.56,0.38,0.26,0.2,0.21,0.03,0.04,0.05,0.06],[0.02,0.03,0.05,0.15,0.06,0.52,1.0,0.45,0.1,0.02,0.02,0.02,0.05,0.17,0.19,0.49,0.13,0.11,0.03,0.02,0.02,0.02,0.02,0.02],[0.07,0.38,0.78,0.35,0.13,0.82,0.45,1.0,0.98,0.12,0.35,0.12,0.35,0.54,0.11,0.34,0.06,0.04,0.04,0.02,0.02,0.03,0.03,0.01],[0.21,0.61,0.32,0.11,0.06,0.2,0.1,0.98,1.0,0.53,0.73,0.19,0.73,0.38,0.07,0.07,0.02,0.01,0.02,0.02,0.01,0.04,0.03,0.01],[0.19,0.12,0.04,0.03,0.02,0.01,0.02,0.12,0.53,1.0,0.51,0.16,0.09,0.04,0.03,0.01,0.01,0.01,0.01,0.01,0.02,0.02,0.02,0.03],[0.55,0.44,0.09,0.02,0.01,0.01,0.02,0.35,0.73,0.51,1.0,0.43,0.52,0.15,0.03,0.01,0.01,0.01,0.02,0.01,0.04,0.16,0.08,0.05],[0.33,0.15,0.04,0.01,0.01,0.01,0.02,0.12,0.19,0.16,0.43,1.0,0.62,0.11,0.02,0.02,0.01,0.02,0.11,0.07,0.15,0.3,0.13,0.06],[0.12,0.06,0.03,0.01,0.01,0.07,0.05,0.35,0.73,0.09,0.52,0.62,1.0,0.99,0.21,0.1,0.03,0.05,0.37,0.14,0.12,0.13,0.06,0.02],[0.02,0.03,0.04,0.02,0.04,0.49,0.17,0.54,0.38,0.04,0.15,0.11,0.99,1.0,0.58,0.61,0.15,0.27,0.77,0.15,0.07,0.05,0.04,0.01],[0.02,0.01,0.01,0.03,0.04,0.19,0.19,0.11,0.07,0.03,0.03,0.02,0.21,0.58,1.0,0.66,0.21,0.36,0.25,0.15,0.05,0.01,0.01,0.02],[0.02,0.03,0.05,0.12,0.13,0.56,0.49,0.34,0.07,0.01,0.01,0.02,0.1,0.61,0.66,1.0,0.49,0.44,0.25,0.15,0.03,0.05,0.02,0.02],[0.02,0.02,0.06,0.07,0.22,0.38,0.13,0.06,0.02,0.01,0.01,0.01,0.03,0.15,0.21,0.49,1.0,0.44,0.2,0.2,0.03,0.02,0.03,0.06],[0.03,0.02,0.03,0.04,0.11,0.26,0.11,0.04,0.01,0.01,0.01,0.02,0.05,0.27,0.36,0.44,0.44,1.0,0.35,0.12,0.04,0.03,0.03,0.04],[0.03,0.04,0.03,0.02,0.07,0.2,0.03,0.04,0.02,0.01,0.02,0.11,0.37,0.77,0.25,0.25,0.2,0.35,1.0,0.99,0.58,0.27,0.07,0.02],[0.03,0.04,0.05,0.05,0.24,0.21,0.02,0.02,0.02,0.01,0.01,0.07,0.14,0.15,0.15,0.15,0.2,0.12,0.99,1.0,0.75,0.92,0.33,0.07],[0.07,0.03,0.03,0.03,0.03,0.03,0.02,0.02,0.01,0.02,0.04,0.15,0.12,0.07,0.05,0.03,0.03,0.04,0.58,0.75,1.0,0.63,0.07,0.02],[0.55,0.31,0.11,0.03,0.06,0.04,0.02,0.03,0.04,0.02,0.16,0.3,0.13,0.05,0.01,0.05,0.02,0.03,0.27,0.92,0.63,1.0,0.99,0.29],[0.55,0.83,0.34,0.05,0.26,0.05,0.02,0.03,0.03,0.02,0.08,0.13,0.06,0.04,0.01,0.02,0.03,0.03,0.07,0.33,0.07,0.99,1.0,0.96],[0.2,0.51,0.52,0.14,0.42,0.06,0.02,0.01,0.01,0.03,0.05,0.06,0.02,0.01,0.02,0.02,0.06,0.04,0.02,0.07,0.02,0.29,0.96,1.0]],
  "pae": [[1.5,4.4,6.8,10.0,12.2,9.6,12.8,8.8,8.1,9.8,10.4,12.1,9.2,8.7,11.6,12.0,14.8,12.6,9.1,8.3,11.8,7.0,6.8,8.3],[3.7,1.0,2.4,5.7,8.5,5.3,8.4,4.4,4.3,7.9,8.1,9.9,5.2,5.1,7.6,7.1,10.9,8.5,5.4,5.5,8.5,4.7,4.8,4.9],[4.1,2.7,0.9,4.4,7.9,4.0,8.1,3.9,4.2,7.2,7.6,10.0,5.1,5.1,7.3,6.5,10.9,8.0,5.1,5.0,8.1,4.8,4.6,5.0],[10.6,8.4,7.6,1.5,9.8,8.0,11.3,11.0,12.2,11.9,13.1,14.7,13.2,12.4,12.3,12.4,14.4,13.0,12.4,12.2,13.9,11.8,10.3,9.8],[17.1,14.1,11.3,8.8,1.5,10.5,11.6,13.2,15.0,16.7,16.9,18.3,17.6,17.1,14.1,13.7,14.7,13.8,15.4,15.6,17.4,17.7,16.3,15.2],[8.7,7.9,6.2,6.1,6.3,1.1,6.8,5.9,6.9,10.3,11.0,11.7,9.2,9.1,8.3,8.1,10.8,8.7,8.9,8.5,10.7,8.4,8.2,8.6],[15.3,14.9,13.4,11.6,9.7,8.4,1.6,8.9,11.4,13.4,14.7,15.9,15.6,13.8,11.7,11.0,13.1,12.0,14.1,15.2,16.3,16.4,14.9,14.3],[5.8,4.7,4.2,6.2,8.4,3.5,5.8,0.9,2.0,6.2,7.3,8.8,4.9,4.4,7.0,6.4,9.8,7.5,5.3,5.5,7.9,5.7,5.3,5.8],[6.3,4.3,4.7,6.6,8.7,4.8,6.3,2.3,1.0,6.3,7.0,8.5,4.9,4.2,7.3,6.9,10.1,7.8,5.4,5.6,8.1,5.3,5.4,6.2],[12.4,12.4,13.0,12.8,15.7,14.8,15.3,10.9,11.4,1.6,8.4,10.1,12.7,14.4,14.5,15.4,16.8,15.1,15.1,16.5,18.2,15.8,16.1,16.2],[11.5,11.8,13.0,13.0,15.3,14.0,16.1,12.6,11.0,6.0,1.5,9.0,11.5,13.4,14.4,14.9,18.1,15.8,15.4,16.3,15.8,14.1,15.0,15.8],[13.3,14.8,15.9,15.8,17.8,16.6,18.1,14.9,11.6,8.8,7.6,1.6,11.3,11.7,15.7,16.6,18.9,16.6,16.2,16.8,17.2,16.6,17.3,17.7],[6.6,5.8,6.2,8.1,10.9,6.6,9.2,4.9,5.1,7.9,7.7,7.0,1.0,2.1,6.9,6.8,10.4,8.4,5.2,6.2,8.3,5.4,6.2,7.5],[6.4,5.2,5.8,7.9,10.0,6.1,8.3,4.9,4.7,8.0,8.5,8.0,3.0,1.0,5.3,5.5,9.6,7.1,4.9,4.9,7.4,5.1,5.7,6.8],[12.3,12.3,12.3,12.6,13.3,10.3,11.6,11.4,11.8,14.7,14.7,14.1,9.1,8.3,1.4,5.6,8.8,7.4,10.1,11.6,12.8,13.1,13.8,13.4],[11.7,12.2,12.1,11.5,12.6,7.9,9.5,9.6,11.2,13.8,13.3,14.0,10.3,8.0,5.1,1.1,6.6,5.9,8.9,10.4,12.0,12.6,12.9,12.4],[19.1,17.5,16.0,16.0,14.7,13.5,12.8,16.1,16.5,19.2,18.8,18.9,17.1,14.3,9.5,8.2,1.5,10.1,13.3,15.3,16.3,18.6,18.3,17.2],[14.2,13.7,13.5,13.7,14.6,10.7,12.8,14.9,14.3,16.1,16.4,16.2,12.5,10.9,7.1,6.5,7.3,1.3,8.3,7.8,11.6,13.4,13.3,13.4],[7.2,5.6,6.5,8.5,10.7,6.5,9.7,6.5,6.6,10.1,10.8,11.8,6.8,5.7,6.3,6.4,9.5,4.7,1.0,2.8,6.2,4.7,6.0,6.9],[6.0,5.0,5.3,8.0,9.5,5.9,9.6,5.8,5.6,9.8,10.1,10.9,5.4,4.3,7.3,7.0,10.2,5.6,2.6,1.0,5.2,4.0,4.4,5.5],[11.6,12.8,13.4,12.7,15.9,13.7,15.7,13.3,13.2,15.9,16.5,16.9,12.3,10.5,12.1,14.1,16.0,13.2,7.9,7.3,1.6,7.2,6.9,10.7],[4.6,4.0,4.3,6.9,9.9,5.2,8.5,5.0,4.7,8.2,8.1,10.1,4.3,4.4,7.5,6.8,10.6,7.4,4.2,2.9,5.0,0.9,1.9,3.4],[4.8,3.9,4.0,6.6,9.3,5.1,8.4,4.6,4.6,7.8,7.7,10.2,4.6,4.6,7.3,6.8,11.0,7.8,4.3,3.3,5.0,2.1,0.9,3.1],[6.7,7.3,7.1,8.6,11.5,8.1,12.1,8.6,8.0,10.4,10.7,12.4,8.1,8.0,10.2,9.4,14.1,11.0,8.4,7.4,9.4,4.3,3.2,1.6]],
  "token_chain_ids": ["A","A","A","A","A","A","A","A","A","A","A","A","A","A","A","A","A","A","A","A","A","A","A","A"],
  "token_res_ids": [1,2,3,4,5,6,7,8,9,10,11,12,13,14,15,16,17,18,19,20,21,22,23,24]
}