{
  "atom_chain_ids": ["A","B","C","D","D","D","D","D","D","D","D","D","D","D","D","D","D","D","D","D","D","D","D","D","D","D","D","D","D","D","D","D","D","D","D","D","D","D","D","D","D","D","D","D","D","D","D","D","D","D","D","D","D","D","D","D","D","D","D","D","D","D","D","D","D","D","D","D","D","D","D","D","D","D","D","D","D","D","D","D","D","D","D","D","D","D","D","D","D","D","D","D","D","D","D","D","D","D","D","D","D","D","D","D","D","D","D","D","D","D","D","D","D","D","D","D","D","D","D","D","D","D","D","D","D","D","D","D","D","D","D","D","D","D","D","D","D","D","D","D","D","D","D","D","D","D","D","D","D","D","D","D","D","D","D","D","D","D","D","D","D","D","D","D","D","D","D","D","D","D","D","D","D","D","D","D","D","D","D","D","D","D","D","D","D","D","D","D","D","D","D","D","D","D","D","D","D","D","D","D","D","D","D","D","D","D","D","D","D","D","D","D","D","D","D","D","D","D","D","D","D","D","D","D","D","D","D","D","D","D","D","D","D","D","D","D","D","D","D","D","D","D","D","D","D","D","D","D","D","D","D","D","D","D","D","D","D","D","D","D","D","D","D","D","D","D","D","D","D","D","D","D","D","D","D","D","D","D","D","D","D","D","D","D","D","D","D","D","D","D","D","D","D","D","D","D","D","D","D","D","D","D","D","D","D","D","D","D","D","D","D","D","D","D","D","D","D","D","D","D","D","D","D","D","D","D","D","D","D","D","D","D","D","D","D","D","D","D","D","D","D","D","D","D","D","D","D","D","D","D","D","D","D","D","D","D","D","D","D","D","D","D","D","D","D","D","D","D","D","D","D","D","D","D","D","D","D","D","D","D","D","D","D","D","D","D","D","D","D","D","D","D","D","D","D","D","D","D","D","D","D","D","D","D","D","D","D","D","D","D","D","D","D","D","D","D","D","D","D","D","D","D","D","D","D","D","D","D","D","D","D","D","D","D","D","D","D","D","D","D","D","D","D","D","D","D","D","D","D","D","D","D","D","D","D","D","D","D","D","D","D","D","D","D","D","D","D","D","D","D","D","D","D","D","D","D","D","D","D","D","D","D","D","D","D","D","D","D","D","D","D","D","D","D","D","D","D","D","D","D","D","D","D","D","D","D","D","D","D","D","D","D","D","D","D","D","D","D","D","D","D","D","D","D","D","D","D","D","D","D","D","D","D","D","D","D","D","D","D","D","D","D","D","D","D","D","D","D","D","D","D","D","D","D","D","D","D","D","D","D","D"],
  "atom_plddts": [86.53,87.77,86.68,67.53,68.79,63.2,62.41,67.84,72.14,73.74,74.86,75.62,74.94,75.6,76.22,76.26,76.54,76.03,77.04,77.43,76.47,76.02,76.26,76.45,77.04,78.24,80.92,76.97,75.84,81.46,82.59,84.77,84.43,84.93,84.24,84.76,85.48,86.08,86.3,85.51,85.96,86.21,85.57,85.59,85.92,85.92,86.04,86.54,82.52,79.71,79.05,82.68,82.88,84.79,84.39,84.84,84.18,84.67,85.13,85.87,86.08,85.37,85.71,85.98,85.35,85.41,85.66,85.57,85.58,86.19,83.04,80.42,79.48,82.29,82.18,84.01,83.97,84.24,83.43,83.75,83.77,85.05,85.21,84.34,84.58,85.11,84.43,84.34,84.58,84.36,84.21,85.31,71.52,68.3,67.45,70.75,68.28,70.84,68.99,71.82,70.51,66.92,64.55,66.64,62.57,58.73,58.33,56.64,53.46,51.81,53.95,56.94,54.01,59.8,74.78,70.34,68.84,73.38,71.37,72.92,72.13,73.65,71.73,71.6,69.29,70.93,67.74,63.41,62.95,62.75,59.16,57.06,58.3,60.5,62.49,79.22,75.57,74.81,79.18,80.04,82.3,82.38,82.98,82.18,82.69,82.96,83.82,83.97,82.8,83.08,83.53,82.72,82.51,82.96,82.98,83.01,84.01,81.61,78.87,78.34,81.82,81.84,83.54,83.14,83.66,82.94,83.51,83.99,84.77,85.03,84.38,84.7,85.06,84.5,84.54,84.75,84.58,84.54,85.19,81.29,78.86,78.68,81.32,81.24,82.97,82.51,83.1,82.24,82.99,83.35,84.01,84.26,83.5,83.83,84.21,83.6,83.64,83.8,83.64,83.58,84.29,80.14,77.76,76.86,79.54,79.21,80.83,80.77,81.39,80.09,80.73,80.87,82.14,82.42,81.2,81.58,82.26,81.48,81.32,81.5,81.29,81.07,82.41,72.26,68.68,68.82,72.37,68.95,71.05,67.42,70.56,68.66,64.49,66.04,66.4,62.86,60.66,60.38,58.39,57.02,56.18,57.43,61.48,67.88,63.74,60.98,64.88,63.63,64.44,61.3,65.23,62.3,60.78,57.43,59.31,55.53,51.17,50.57,49.4,46.49,44.58,46.4,49.07,50.58,67.85,62.29,60.76,68.22,67.4,69.18,69.67,71.89,70.53,68.64,68.1,69.56,67.39,63.53,61.79,61.92,60.28,57.69,60.82,72.15,67.2,65.19,71.31,70.62,72.29,72.31,73.76,71.88,71.35,69.8,70.82,68.25,64.17,64.08,64.01,60.69,58.57,59.87,62.16,64.24,80.47,76.75,74.79,80.22,80.73,83.05,83.23,83.77,83.01,83.5,83.83,84.53,84.68,83.55,84.07,84.52,83.63,83.53,83.84,83.81,84.09,84.99,82.49,79.63,78.99,82.8,83.15,84.9,84.47,84.98,84.41,84.87,85.41,86.01,86.23,85.42,85.78,86.09,85.52,85.56,85.8,85.66,85.77,86.35,82.42,79.98,79.58,82.45,82.46,84.12,83.47,83.96,83.26,83.79,84.22,84.95,85.21,84.65,84.99,85.39,84.91,85.03,85.14,84.89,84.8,85.45,81.17,78.43,77.37,80.76,80.37,82.07,82.11,82.29,81.45,81.89,82.12,83.29,83.57,83.09,83.5,84.08,83.58,83.64,83.8,83.46,83.27,84.14,62.12,58.67,58.73,62.58,59.25,60.64,57.38,60.23,59.01,54.96,55.31,55.48,52.07,49.71,49.28,47.25,45.99,44.59,46.45,50.32,56.08,52.6,50.73,54.23,53.1,54.02,50.63,55.15,52.66,50.77,48.42,49.79,46.56,43.17,42.58,41.4,39.18,37.86,39.18,41.53,43.01,56.83,52.4,51.04,57.19,56.16,58.01,57.54,59.57,58.96,55.56,55.81,56.82,54.51,51.37,50.29,49.36,47.88,45.92,48.67,58.23,53.48,52.88,58.9,58.69,59.66,59.75,62.02,61.05,59.69,58.6,58.47,55.62,51.91,52.06,50.81,48.33,46.67,47.98,50.54,52.37,77.11,72.84,70.85,76.98,78.12,80.84,81.25,81.62,80.82,81.04,81.25,82.32,82.53,81.36,81.88,82.59,81.73,81.52,81.82,81.8,81.96,83.16,79.52,76.25,75.94,80.03,80.69,82.36,82.15,82.56,81.85,82.73,83.18,83.69,84.18,83.55,84.01,84.52,84.0,84.1,84.14,83.89,84.08,84.63,80.61,77.82,77.62,80.89,81.23,82.69,82.44,82.87,82.03,83.02,83.5,84.01,84.47,83.98,84.44,84.88,84.41,84.55,84.58,84.31,84.42,84.87,80.15,77.18,76.16,80.0,80.08,81.44,81.75,81.91,81.12,82.1,82.53,83.17,83.52,83.01,83.44,83.94,83.32,83.32,83.55,83.34,83.48,84.12],
  "contact_probs": [[1.0,1.0,0.98,0.01,0.84,1.0,0.99,0.04,0.33,1.0,0.99,0.73,0.02,0.0,0.0,0.0,0.0,0.02,0.81,1.0,0.99,0.03,0.25,0.49,0.2,0.99,0.99,0.76,0.02],[1.0,1.0,1.0,0.74,1.0,0.99,0.55,0.01,0.01,0.79,1.0,0.99,0.68,0.01,0.01,0.05,0.02,0.88,1.0,0.99,0.65,0.0,0.01,0.05,0.02,0.83,0.99,0.99,0.86],[0.98,1.0,1.0,1.0,0.98,0.86,0.02,0.0,0.0,0.02,0.89,0.99,0.99,0.06,0.45,0.62,0.38,0.99,0.99,0.55,0.03,0.0,0.0,0.0,0.0,0.02,0.83,0.99,0.99],[0.01,0.74,1.0,1.0,1.0,0.01,0.0,0.0,0.0,0.0,0.79,0.97,0.17,0.1,0.54,0.21,0.53,0.15,0.04,0.02,0.01,0.0,0.0,0.0,0.0,0.0,0.0,0.01,0.0],[0.84,1.0,0.98,1.0,1.0,1.0,0.01,0.0,0.01,0.75,0.97,0.13,0.01,0.0,0.04,0.04,0.32,0.95,0.18,0.05,0.02,0.0,0.0,0.0,0.0,0.0,0.01,0.01,0.0],[1.0,0.99,0.86,0.01,1.0,1.0,1.0,0.04,0.39,0.96,0.11,0.01,0.01,0.0,0.0,0.0,0.01,0.77,0.93,0.39,0.02,0.0,0.0,0.03,0.0,0.01,0.01,0.0,0.0],[0.99,0.55,0.02,0.0,0.01,1.0,1.0,0.42,0.62,0.37,0.01,0.01,0.0,0.0,0.0,0.0,0.0,0.0,0.51,0.94,0.27,0.04,0.2,0.32,0.02,0.01,0.0,0.0,0.0],[0.04,0.01,0.0,0.0,0.0,0.04,0.42,1.0,0.54,0.04,0.0,0.0,0.0,0.0,0.0,0.0,0.0,0.0,0.0,0.01,0.03,0.03,0.11,0.15,0.03,0.0,0.0,0.0,0.0],[0.33,0.01,0.0,0.0,0.01,0.39,0.62,0.54,1.0,0.68,0.08,0.0,0.0,0.0,0.0,0.0,0.0,0.0,0.0,0.0,0.03,0.04,0.19,0.36,0.18,0.05,0.0,0.0,0.0],[1.0,0.79,0.02,0.0,0.75,0.96,0.37,0.04,0.68,1.0,1.0,0.01,0.0,0.0,0.0,0.0,0.0,0.0,0.0,0.0,0.01,0.0,0.03,0.33,0.26,0.13,0.01,0.01,0.0],[0.99,1.0,0.89,0.79,0.97,0.11,0.01,0.0,0.08,1.0,1.0,1.0,0.03,0.0,0.0,0.0,0.0,0.0,0.02,0.02,0.01,0.0,0.0,0.05,0.12,0.95,0.24,0.02,0.02],[0.73,0.99,0.99,0.97,0.13,0.01,0.01,0.0,0.0,0.01,1.0,1.0,1.0,0.16,0.54,0.12,0.01,0.01,0.02,0.01,0.0,0.0,0.0,0.0,0.01,0.71,0.95,0.2,0.01],[0.02,0.68,0.99,0.17,0.01,0.01,0.0,0.0,0.0,0.0,0.03,1.0,1.0,0.62,0.79,0.63,0.04,0.01,0.01,0.0,0.0,0.0,0.0,0.0,0.0,0.0,0.59,0.94,0.16],[0.0,0.01,0.06,0.1,0.0,0.0,0.0,0.0,0.0,0.0,0.0,0.16,0.62,1.0,0.62,0.25,0.06,0.01,0.0,0.0,0.0,0.0,0.01,0.0,0.0,0.0,0.01,0.03,0.08],[0.0,0.01,0.45,0.54,0.04,0.0,0.0,0.0,0.0,0.0,0.0,0.54,0.79,0.62,1.0,0.68,0.28,0.03,0.0,0.0,0.0,0.0,0.0,0.0,0.0,0.0,0.0,0.06,0.2],[0.0,0.05,0.62,0.21,0.04,0.0,0.0,0.0,0.0,0.0,0.0,0.12,0.63,0.25,0.68,1.0,0.47,0.37,0.05,0.0,0.0,0.0,0.0,0.0,0.0,0.0,0.0,0.48,0.61],[0.0,0.02,0.38,0.53,0.32,0.01,0.0,0.0,0.0,0.0,0.0,0.01,0.04,0.06,0.28,0.47,1.0,0.82,0.15,0.0,0.0,0.0,0.0,0.0,0.0,0.0,0.0,0.02,0.14],[0.02,0.88,0.99,0.15,0.95,0.77,0.0,0.0,0.0,0.0,0.0,0.01,0.01,0.01,0.03,0.37,0.82,1.0,1.0,0.04,0.0,0.0,0.0,0.0,0.0,0.01,0.04,0.02,0.36],[0.81,1.0,0.99,0.04,0.18,0.93,0.51,0.0,0.0,0.0,0.02,0.02,0.01,0.0,0.0,0.05,0.15,1.0,1.0,1.0,0.05,0.0,0.0,0.0,0.0,0.02,0.04,0.22,0.94],[1.0,0.99,0.55,0.02,0.05,0.39,0.94,0.01,0.0,0.0,0.02,0.01,0.0,0.0,0.0,0.0,0.0,0.04,1.0,1.0,1.0,0.09,0.22,0.12,0.01,0.02,0.11,0.9,0.42],[0.99,0.65,0.03,0.01,0.02,0.02,0.27,0.03,0.03,0.01,0.01,0.0,0.0,0.0,0.0,0.0,0.0,0.0,0.05,1.0,1.0,0.46,0.62,0.47,0.13,0.16,0.88,0.25,0.01],[0.03,0.0,0.0,0.0,0.0,0.0,0.04,0.03,0.04,0.0,0.0,0.0,0.0,0.0,0.0,0.0,0.0,0.0,0.0,0.09,0.46,1.0,0.54,0.17,0.05,0.03,0.02,0.01,0.0],[0.25,0.01,0.0,0.0,0.0,0.0,0.2,0.11,0.19,0.03,0.0,0.0,0.0,0.01,0.0,0.0,0.0,0.0,0.0,0.22,0.62,0.54,1.0,0.66,0.23,0.2,0.06,0.0,0.0],[0.49,0.05,0.0,0.0,0.0,0.03,0.32,0.15,0.36,0.33,0.05,0.0,0.0,0.0,0.0,0.0,0.0,0.0,0.0,0.12,0.47,0.17,0.66,1.0,0.49,0.54,0.17,0.0,0.0],[0.2,0.02,0.0,0.0,0.0,0.0,0.02,0.03,0.18,0.26,0.12,0.01,0.0,0.0,0.0,0.0,0.0,0.0,0.0,0.01,0.13,0.05,0.23,0.49,1.0,0.63,0.16,0.0,0.0],[0.99,0.83,0.02,0.0,0.0,0.01,0.01,0.0,0.05,0.13,0.95,0.71,0.0,0.0,0.0,0.0,0.0,0.01,0.02,0.02,0.16,0.03,0.2,0.54,0.63,1.0,1.0,0.07,0.0],[0.99,0.99,0.83,0.0,0.01,0.01,0.0,0.0,0.0,0.01,0.24,0.95,0.59,0.01,0.0,0.0,0.0,0.04,0.04,0.11,0.88,0.02,0.06,0.17,0.16,1.0,1.0,1.0,0.05],[0.76,0.99,0.99,0.01,0.01,0.0,0.0,0.0,0.0,0.01,0.02,0.2,0.94,0.03,0.06,0.48,0.02,0.02,0.22,0.9,0.25,0.01,0.0,0.0,0.0,0.07,1.0,1.0,1.0],[0.02,0.86,0.99,0.0,0.0,0.0,0.0,0.0,0.0,0.0,0.02,0.01,0.16,0.08,0.2,0.61,0.14,0.36,0.94,0.42,0.01,0.0,0.0,0.0,0.0,0.0,0.05,1.0,1.0]],
  "pae": [[0.8,1.7,2.5,4.1,2.8,2.1,2.4,7.4,6.3,2.2,2.1,2.7,3.7,9.5,8.8,7.2,6.6,3.3,2.6,2.1,2.4,10.2,9.7,9.2,8.4,2.1,2.0,2.7,3.1],[1.7,0.8,1.7,2.7,1.8,1.7,2.4,6.7,5.6,2.2,1.7,1.8,2.5,7.1,7.4,5.4,4.6,2.2,1.8,1.9,2.3,9.6,9.9,9.1,8.0,2.1,1.7,1.7,2.1],[3.0,2.2,0.8,3.0,2.6,3.0,4.1,9.0,8.0,3.8,3.1,2.7,2.9,7.4,7.4,5.7,5.3,2.8,2.7,3.3,4.0,11.3,11.8,10.4,9.6,3.8,3.3,2.5,2.3],[3.9,2.8,2.6,0.9,2.6,3.0,5.0,8.3,7.0,4.8,3.3,3.2,3.0,7.6,6.5,4.8,4.3,2.9,3.5,5.1,7.0,11.9,12.4,10.6,10.4,4.6,3.9,3.8,3.4],[2.6,1.8,1.9,1.2,0.8,1.3,2.7,5.6,5.3,3.2,2.1,1.9,2.4,7.0,6.3,5.1,4.1,1.9,1.9,2.6,3.3,9.4,9.1,8.2,7.7,3.2,2.4,2.3,2.2],[2.0,1.8,2.3,1.9,1.2,0.8,1.8,4.8,4.5,2.4,1.7,2.3,2.8,7.2,6.7,5.1,4.1,2.1,2.0,2.0,2.7,9.2,8.5,7.6,6.9,2.7,2.3,2.4,2.3],[2.3,2.7,2.8,3.1,1.9,1.4,0.9,4.3,3.6,2.2,2.2,2.9,4.1,7.6,7.3,5.8,5.1,2.8,2.4,2.3,2.3,9.8,9.6,8.2,7.4,2.8,2.9,3.1,3.2],[9.5,9.6,9.5,10.8,9.3,6.7,5.8,1.1,4.5,6.4,8.8,11.1,11.3,12.6,12.8,12.2,11.0,11.1,9.7,9.4,9.1,9.2,8.8,8.5,8.8,9.7,10.6,11.9,11.8],[5.7,6.5,7.1,8.6,6.1,4.8,3.1,3.5,1.0,6.0,5.4,7.1,8.5,10.9,10.8,10.4,9.7,9.2,6.7,6.6,6.9,8.9,10.0,9.3,8.1,7.6,7.5,7.6,9.3],[2.1,2.4,3.0,3.3,2.5,2.0,2.1,4.7,3.7,0.9,1.5,2.4,3.1,7.1,7.2,5.6,5.2,3.3,2.6,2.6,2.8,9.1,9.1,7.9,7.3,2.1,2.5,2.8,3.5],[1.8,1.7,2.2,2.6,1.8,1.8,2.3,5.4,4.0,1.2,0.8,1.3,2.1,6.0,6.6,5.5,4.7,2.7,2.1,2.2,2.4,9.4,9.2,7.8,6.6,2.0,1.7,2.1,2.6],[2.5,1.9,2.2,2.5,1.8,2.5,3.2,5.8,4.9,2.0,1.3,0.8,1.5,5.2,6.1,5.3,4.5,2.7,2.3,2.6,2.8,10.0,9.6,8.1,6.9,2.7,1.9,2.0,2.4],[3.2,2.7,2.5,2.7,2.8,3.8,4.9,7.7,6.3,3.1,1.9,1.7,0.9,4.4,4.7,4.4,4.3,3.0,3.0,3.4,4.2,10.9,10.3,8.9,8.3,3.5,2.8,2.4,2.4],[12.8,12.1,11.6,11.4,11.0,11.8,14.5,16.4,14.6,12.5,11.3,8.5,10.0,1.1,5.0,6.3,7.0,11.8,12.9,13.9,15.1,17.2,15.6,15.4,14.8,13.9,12.9,12.7,10.7],[12.5,10.3,10.5,9.4,10.7,12.4,16.1,15.9,14.8,13.5,10.9,10.7,7.5,3.7,1.1,5.7,5.1,9.1,12.2,13.7,16.4,17.7,17.6,15.6,16.5,14.0,11.7,12.2,9.8],[8.4,8.4,7.4,6.7,7.1,8.4,10.0,14.4,11.3,10.4,8.5,7.5,6.5,3.7,3.0,1.2,4.6,4.9,6.2,8.6,12.1,14.6,14.8,14.6,14.6,12.1,9.4,8.8,5.4],[7.7,6.9,5.9,6.4,5.9,6.2,7.8,11.0,10.5,8.9,7.9,8.3,7.6,6.4,4.7,4.5,1.1,3.9,5.8,9.0,10.0,13.7,13.0,12.9,12.1,11.0,10.3,8.9,6.0],[3.3,2.8,2.5,2.9,2.2,2.7,3.5,7.3,6.4,3.9,3.0,3.0,3.1,5.9,5.8,3.4,2.7,0.9,1.4,2.7,3.8,10.1,9.9,9.2,9.1,5.1,3.5,2.7,2.3],[2.3,1.8,2.1,2.8,1.9,1.8,2.5,6.2,5.1,2.5,2.2,2.3,2.7,6.1,6.1,5.0,3.4,1.5,0.8,1.3,2.0,8.4,8.5,8.2,7.2,2.7,2.1,1.9,2.0],[2.0,2.0,2.5,3.4,2.3,1.8,2.2,5.5,4.9,2.4,2.3,2.5,2.8,6.5,6.3,5.0,3.8,1.8,1.2,0.8,1.5,7.8,8.0,8.2,6.9,2.3,2.0,2.1,2.3],[2.2,2.6,3.0,4.5,3.1,2.5,2.2,5.8,4.7,2.7,2.9,2.9,3.7,7.7,7.3,5.3,4.8,2.6,1.9,1.3,0.8,6.5,8.4,7.7,7.3,2.3,2.4,2.5,2.8],[13.9,14.7,15.2,16.5,14.0,13.4,11.2,8.9,9.7,14.5,14.6,14.7,16.6,16.8,18.3,17.2,17.7,15.6,13.9,11.8,10.5,1.2,6.2,8.1,7.6,12.8,13.3,13.8,14.5],[12.5,14.2,15.4,18.8,14.2,14.0,11.8,10.2,10.5,12.8,14.0,14.4,16.9,17.1,18.3,16.3,18.1,16.7,13.7,13.0,10.4,5.5,1.1,7.1,7.4,11.3,12.8,13.0,16.3],[11.3,11.8,13.1,14.5,13.9,12.7,10.6,8.7,10.4,11.7,11.4,12.7,14.7,16.1,16.2,15.3,16.7,15.1,13.2,12.4,9.6,6.1,5.9,1.3,7.1,8.8,10.4,12.1,15.0],[8.6,9.8,11.0,13.7,12.4,11.7,11.2,9.1,10.5,9.2,8.7,9.5,12.3,15.2,14.7,15.5,15.3,14.2,12.5,12.2,10.7,9.0,6.6,6.4,1.2,7.2,9.5,11.6,14.5],[2.2,2.6,3.4,4.0,3.4,3.1,3.1,7.0,5.8,2.6,2.4,2.6,3.9,8.5,7.9,5.7,5.8,4.4,3.4,3.1,2.5,8.7,8.5,6.4,5.2,0.9,1.5,2.4,3.1],[2.0,1.8,2.5,2.8,2.5,2.4,2.8,6.3,5.4,2.4,1.9,1.8,2.5,6.9,6.3,5.8,4.7,2.8,2.2,2.1,2.3,9.0,8.9,7.8,6.2,1.5,0.8,1.2,1.8],[2.5,1.8,1.9,2.8,2.4,2.6,3.1,6.4,5.4,2.9,2.1,1.7,2.3,6.4,6.6,5.4,4.6,2.4,2.0,2.2,2.6,10.0,9.3,7.9,6.6,2.0,1.2,0.8,1.4],[2.9,2.4,2.2,2.9,2.7,3.3,4.1,7.3,6.3,3.7,2.8,2.3,2.2,6.5,6.6,4.7,4.4,2.3,2.2,2.9,3.5,10.6,9.9,8.3,7.5,2.9,1.7,1.3,0.9]],
  "token_chain_ids": ["A","B","C","D","D","D","D","D","D","D","D","D","D","D","D","D","D","D","D","D","D","D","D","D","D","D","D","D","D"],
  "token_res_ids": [1,1,1,1,2,3,4,5,6,7,8,9,10,11,12,13,14,15,16,17,18,19,20,21,22,23,24,25,26]
}