{
  "atom_chain_ids": ["A","B","C","D","D","D","D","D","D","D","D","D","D","D","D","D","D","D","D","D","D","D","D","D","D","D","D","D","D","D","D","D","D","D","D","D","D","D","D","D","D","D","D","D","D","D","D","D","D","D","D","D","D","D","D","D","D","D","D","D","D","D","D","D","D","D","D","D","D","D","D","D","D","D","D","D","D","D","D","D","D","D","D","D","D","D","D","D","D","D","D","D","D","D","D","D","D","D","D","D","D","D","D","D","D","D","D","D","D","D","D","D","D","D","D","D","D","D","D","D","D","D","D","D","D","D","D","D","D","D","D","D","D","D","D","D","D","D","D","D","D","D","D","D","D","D","D","D","D","D","D","D","D","D","D","D","D","D","D","D","D","D","D","D","D","D","D","D","D","D","D","D","D","D","D","D","D","D","D","D","D","D","D","D","D","D","D","D","D","D","D","D","D","D","D","D","D","D","D","D","D","D","D","D","D","D","D","D","D","D","D","D","D","D","D","D","D","D","D","D","D","D","D","D","D","D","D","D","D","D","D","D","D","D","D","D","D","D","D","D","D","D","D","D","D","D","D","D","D","D","D","D","D","D","D","D","D","D","D","D","D","D","D","D","D","D","D","D","D","D","D","D","D","D","D","D","D","D","D","D","D","D","D","D","D","D","D","D","D","D","D","D","D","D","D","D","D","D","D","D","D","D","D","D","D","D","D","D","D","D","D","D","D","D","D","D","D","D","D","D","D","D","D","D","D","D","D","D","D","D","D","D","D","D","D","D","D","D","D","D","D","D","D","D","D","D","D","D","D","D","D","D","D","D","D","D","D","D","D","D","D","D","D","D","D","D","D","D","D","D","D","D","D","D","D","D","D","D","D","D","D","D","D","D","D","D","D","D","D","D","D","D","D","D","D","D","D","D","D","D","D","D","D","D","D","D","D","D","D","D","D","D","D","D","D","D","D","D","D","D","D","D","D","D","D","D","D","D","D","D","D","D","D","D","D","D","D","D","D","D","D","D","D","D","D","D","D","D","D","D","D","D","D","D","D","D","D","D","D","D","D","D","D","D","D","D","D","D","D","D","D","D","D","D","D","D","D","D","D","D","D","D","D","D","D","D","D","D","D","D","D","D","D","D","D","D","D","D","D","D","D","D","D","D","D","D","D","D","D","D","D","D","D","D","D","D","D","D","D","D","D","D","D","D","D","D","D","D","D","D","D","D","D","D","D","D","D","D","D","D","D","D","D","D","D","D","D","D","D","D","D","D","D","D","D","D","D","D","D","D","D"],
  "atom_plddts": [85.68,87.31,86.43,71.42,73.18,66.97,66.0,72.43,77.21,80.25,80.84,81.72,80.78,81.56,82.02,82.72,82.92,82.28,83.27,83.51,82.53,82.42,82.68,82.85,83.31,84.11,81.66,77.97,77.07,82.19,83.05,85.1,84.77,85.22,84.57,85.09,85.67,86.29,86.47,85.76,86.12,86.37,85.8,85.8,86.11,86.11,86.2,86.66,83.26,80.61,80.04,83.39,83.42,85.26,84.89,85.29,84.7,85.16,85.44,86.22,86.38,85.65,85.88,86.15,85.55,85.55,85.82,85.76,85.72,86.36,82.9,80.31,79.38,82.26,82.06,83.99,83.98,84.29,83.51,83.85,83.73,85.04,85.19,84.22,84.38,84.92,84.2,84.03,84.31,84.17,84.02,85.16,73.83,70.92,70.15,72.87,70.25,72.97,71.52,73.73,72.42,69.41,66.86,69.4,65.75,62.25,61.75,60.39,57.12,55.38,57.59,60.41,57.44,63.46,74.84,70.87,69.42,73.29,71.11,72.79,71.85,73.28,71.39,71.19,68.63,70.52,67.37,63.22,62.61,62.41,58.94,56.73,58.07,60.35,61.89,79.29,75.14,74.46,79.54,80.64,82.89,83.01,83.53,82.81,83.42,83.61,84.45,84.64,83.6,83.88,84.33,83.59,83.4,83.82,83.86,83.96,84.79,81.36,78.42,77.99,81.7,82.0,83.81,83.46,83.99,83.31,83.99,84.42,85.17,85.46,84.73,85.06,85.44,84.89,84.92,85.1,84.94,85.0,85.58,81.34,78.6,78.46,81.54,81.76,83.68,83.28,83.9,83.11,83.88,84.26,84.84,85.08,84.24,84.6,84.96,84.36,84.38,84.55,84.43,84.51,85.12,80.87,77.87,77.09,80.66,80.53,82.44,82.46,83.13,82.05,82.63,82.78,83.92,84.14,82.95,83.32,83.91,83.17,83.04,83.3,83.15,83.15,84.23,73.45,69.49,69.59,73.65,70.14,72.03,68.64,71.69,69.9,65.93,67.01,67.66,63.93,61.46,60.91,59.07,57.53,56.53,57.96,62.0,70.91,67.34,64.5,67.5,65.88,66.7,63.6,66.92,63.92,62.32,58.45,60.65,56.79,52.39,51.48,50.46,47.42,45.36,47.31,49.99,50.97,70.7,65.37,63.47,70.63,69.6,71.74,71.59,73.89,72.19,70.05,69.05,71.08,68.68,64.25,62.39,62.53,60.65,58.05,61.19,72.67,67.59,65.63,71.99,71.29,73.06,73.19,74.74,72.84,72.3,70.81,71.86,69.19,64.9,64.86,64.72,61.26,59.17,60.49,62.85,65.28,80.34,76.62,74.82,80.09,80.56,82.91,83.09,83.62,82.88,83.3,83.57,84.29,84.44,83.35,83.82,84.28,83.44,83.33,83.64,83.6,83.83,84.73,82.4,79.53,79.03,82.61,82.97,84.89,84.48,85.03,84.41,84.76,85.16,85.85,86.02,85.1,85.39,85.71,85.1,85.05,85.36,85.28,85.33,86.04,82.77,80.31,79.95,82.71,82.66,84.38,83.76,84.25,83.54,84.02,84.33,85.13,85.37,84.82,85.08,85.49,85.03,85.08,85.23,85.01,84.88,85.57,81.18,78.51,77.52,80.65,80.14,81.97,82.0,82.19,81.29,81.74,81.8,83.11,83.4,82.91,83.24,83.88,83.38,83.35,83.51,83.19,82.94,83.91,62.04,59.42,59.6,62.56,59.04,60.0,56.77,59.06,58.12,54.83,54.26,54.68,51.21,48.57,47.55,45.69,44.58,42.85,45.16,48.82,53.54,50.73,49.06,52.17,51.08,51.61,49.18,53.35,51.35,49.61,47.16,48.83,45.94,42.64,42.07,41.08,39.1,37.71,38.85,41.14,42.51,54.99,49.85,48.77,55.74,55.01,56.8,56.92,58.47,58.03,55.1,55.13,56.16,54.1,51.13,49.98,49.16,47.69,45.59,48.35,64.18,58.75,58.44,65.16,64.9,66.26,67.17,68.79,67.66,67.19,66.26,66.54,64.01,60.16,60.54,59.83,56.86,55.05,56.34,58.76,61.11,77.57,73.56,71.73,77.41,78.48,81.09,81.47,81.88,81.13,81.32,81.53,82.49,82.65,81.32,81.78,82.46,81.58,81.31,81.67,81.71,81.78,83.07,80.56,77.27,76.96,80.93,81.69,83.5,83.24,83.71,82.99,83.8,84.1,84.75,85.18,84.46,84.86,85.32,84.8,84.86,84.93,84.7,84.87,85.45,80.88,77.96,77.73,81.08,81.51,83.2,82.96,83.47,82.63,83.49,83.87,84.44,84.84,84.26,84.68,85.11,84.6,84.68,84.76,84.55,84.65,85.18,79.91,76.92,75.86,79.67,79.76,81.33,81.67,81.89,81.06,81.94,82.27,83.0,83.33,82.7,83.1,83.64,83.01,82.94,83.18,82.99,83.1,83.85],
  "contact_probs": [[1.0,1.0,0.98,0.01,0.84,1.0,0.99,0.04,0.33,1.0,0.99,0.73,0.02,0.0,0.0,0.0,0.0,0.02,0.81,1.0,0.99,0.03,0.25,0.49,0.2,0.99,0.99,0.76,0.02],[1.0,1.0,1.0,0.74,1.0,0.99,0.55,0.01,0.01,0.79,1.0,0.99,0.68,0.01,0.01,0.05,0.02,0.88,1.0,0.99,0.65,0.0,0.01,0.05,0.02,0.83,0.99,0.99,0.86],[0.98,1.0,1.0,1.0,0.98,0.86,0.02,0.0,0.0,0.02,0.89,0.99,0.99,0.06,0.45,0.62,0.38,0.99,0.99,0.55,0.03,0.0,0.0,0.0,0.0,0.02,0.83,0.99,0.99],[0.01,0.74,1.0,1.0,1.0,0.01,0.0,0.0,0.0,0.0,0.79,0.97,0.17,0.1,0.54,0.21,0.53,0.15,0.04,0.02,0.01,0.0,0.0,0.0,0.0,0.0,0.0,0.01,0.0],[0.84,1.0,0.98,1.0,1.0,1.0,0.01,0.0,0.01,0.75,0.97,0.13,0.01,0.0,0.04,0.04,0.32,0.95,0.18,0.05,0.02,0.0,0.0,0.0,0.0,0.0,0.01,0.01,0.0],[1.0,0.99,0.86,0.01,1.0,1.0,1.0,0.04,0.39,0.96,0.11,0.01,0.01,0.0,0.0,0.0,0.01,0.77,0.93,0.39,0.02,0.0,0.0,0.03,0.0,0.01,0.01,0.0,0.0],[0.99,0.55,0.02,0.0,0.01,1.0,1.0,0.42,0.62,0.37,0.01,0.01,0.0,0.0,0.0,0.0,0.0,0.0,0.51,0.94,0.27,0.04,0.2,0.32,0.02,0.01,0.0,0.0,0.0],[0.04,0.01,0.0,0.0,0.0,0.04,0.42,1.0,0.54,0.04,0.0,0.0,0.0,0.0,0.0,0.0,0.0,0.0,0.0,0.01,0.03,0.03,0.11,0.15,0.03,0.0,0.0,0.0,0.0],[0.33,0.01,0.0,0.0,0.01,0.39,0.62,0.54,1.0,0.68,0.08,0.0,0.0,0.0,0.0,0.0,0.0,0.0,0.0,0.0,0.03,0.04,0.19,0.36,0.18,0.05,0.0,0.0,0.0],[1.0,0.79,0.02,0.0,0.75,0.96,0.37,0.04,0.68,1.0,1.0,0.01,0.0,0.0,0.0,0.0,0.0,0.0,0.0,0.0,0.01,0.0,0.03,0.33,0.26,0.13,0.01,0.01,0.0],[0.99,1.0,0.89,0.79,0.97,0.11,0.01,0.0,0.08,1.0,1.0,1.0,0.03,0.0,0.0,0.0,0.0,0.0,0.02,0.02,0.01,0.0,0.0,0.05,0.12,0.95,0.24,0.02,0.02],[0.73,0.99,0.99,0.97,0.13,0.01,0.01,0.0,0.0,0.01,1.0,1.0,1.0,0.16,0.54,0.12,0.01,0.01,0.02,0.01,0.0,0.0,0.0,0.0,0.01,0.71,0.95,0.2,0.01],[0.02,0.68,0.99,0.17,0.01,0.01,0.0,0.0,0.0,0.0,0.03,1.0,1.0,0.62,0.79,0.63,0.04,0.01,0.01,0.0,0.0,0.0,0.0,0.0,0.0,0.0,0.59,0.94,0.16],[0.0,0.01,0.06,0.1,0.0,0.0,0.0,0.0,0.0,0.0,0.0,0.16,0.62,1.0,0.62,0.25,0.06,0.01,0.0,0.0,0.0,0.0,0.01,0.0,0.0,0.0,0.01,0.03,0.08],[0.0,0.01,0.45,0.54,0.04,0.0,0.0,0.0,0.0,0.0,0.0,0.54,0.79,0.62,1.0,0.68,0.28,0.03,0.0,0.0,0.0,0.0,0.0,0.0,0.0,0.0,0.0,0.06,0.2],[0.0,0.05,0.62,0.21,0.04,0.0,0.0,0.0,0.0,0.0,0.0,0.12,0.63,0.25,0.68,1.0,0.47,0.37,0.05,0.0,0.0,0.0,0.0,0.0,0.0,0.0,0.0,0.48,0.61],[0.0,0.02,0.38,0.53,0.32,0.01,0.0,0.0,0.0,0.0,0.0,0.01,0.04,0.06,0.28,0.47,1.0,0.82,0.15,0.0,0.0,0.0,0.0,0.0,0.0,0.0,0.0,0.02,0.14],[0.02,0.88,0.99,0.15,0.95,0.77,0.0,0.0,0.0,0.0,0.0,0.01,0.01,0.01,0.03,0.37,0.82,1.0,1.0,0.04,0.0,0.0,0.0,0.0,0.0,0.01,0.04,0.02,0.36],[0.81,1.0,0.99,0.04,0.18,0.93,0.51,0.0,0.0,0.0,0.02,0.02,0.01,0.0,0.0,0.05,0.15,1.0,1.0,1.0,0.05,0.0,0.0,0.0,0.0,0.02,0.04,0.22,0.94],[1.0,0.99,0.55,0.02,0.05,0.39,0.94,0.01,0.0,0.0,0.02,0.01,0.0,0.0,0.0,0.0,0.0,0.04,1.0,1.0,1.0,0.09,0.22,0.12,0.01,0.02,0.11,0.9,0.42],[0.99,0.65,0.03,0.01,0.02,0.02,0.27,0.03,0.03,0.01,0.01,0.0,0.0,0.0,0.0,0.0,0.0,0.0,0.05,1.0,1.0,0.46,0.62,0.47,0.13,0.16,0.88,0.25,0.01],[0.03,0.0,0.0,0.0,0.0,0.0,0.04,0.03,0.04,0.0,0.0,0.0,0.0,0.0,0.0,0.0,0.0,0.0,0.0,0.09,0.46,1.0,0.54,0.17,0.05,0.03,0.02,0.01,0.0],[0.25,0.01,0.0,0.0,0.0,0.0,0.2,0.11,0.19,0.03,0.0,0.0,0.0,0.01,0.0,0.0,0.0,0.0,0.0,0.22,0.62,0.54,1.0,0.66,0.23,0.2,0.06,0.0,0.0],[0.49,0.05,0.0,0.0,0.0,0.03,0.32,0.15,0.36,0.33,0.05,0.0,0.0,0.0,0.0,0.0,0.0,0.0,0.0,0.12,0.47,0.17,0.66,1.0,0.49,0.54,0.17,0.0,0.0],[0.2,0.02,0.0,0.0,0.0,0.0,0.02,0.03,0.18,0.26,0.12,0.01,0.0,0.0,0.0,0.0,0.0,0.0,0.0,0.01,0.13,0.05,0.23,0.49,1.0,0.63,0.16,0.0,0.0],[0.99,0.83,0.02,0.0,0.0,0.01,0.01,0.0,0.05,0.13,0.95,0.71,0.0,0.0,0.0,0.0,0.0,0.01,0.02,0.02,0.16,0.03,0.2,0.54,0.63,1.0,1.0,0.07,0.0],[0.99,0.99,0.83,0.0,0.01,0.01,0.0,0.0,0.0,0.01,0.24,0.95,0.59,0.01,0.0,0.0,0.0,0.04,0.04,0.11,0.88,0.02,0.06,0.17,0.16,1.0,1.0,1.0,0.05],[0.76,0.99,0.99,0.01,0.01,0.0,0.0,0.0,0.0,0.01,0.02,0.2,0.94,0.03,0.06,0.48,0.02,0.02,0.22,0.9,0.25,0.01,0.0,0.0,0.0,0.07,1.0,1.0,1.0],[0.02,0.86,0.99,0.0,0.0,0.0,0.0,0.0,0.0,0.0,0.02,0.01,0.16,0.08,0.2,0.61,0.14,0.36,0.94,0.42,0.01,0.0,0.0,0.0,0.0,0.0,0.05,1.0,1.0]],
  "pae": [[0.8,1.8,2.5,3.6,2.8,2.1,2.4,5.7,5.5,2.2,2.1,2.8,3.7,9.1,9.1,7.5,6.7,3.3,2.9,2.1,2.3,10.1,9.8,9.0,6.4,2.1,2.1,2.9,3.3],[1.6,0.8,1.6,2.3,1.8,1.8,2.2,5.1,4.9,2.0,1.7,1.8,2.4,6.7,7.3,5.6,4.6,2.0,1.8,1.7,2.1,9.1,9.3,8.4,6.0,2.0,1.7,1.7,2.0],[2.8,2.1,0.8,2.4,2.4,2.7,3.7,7.6,7.4,3.6,2.8,2.5,2.6,7.0,7.0,5.6,5.0,2.4,2.6,3.0,3.7,11.1,10.7,9.7,8.0,3.5,3.0,2.4,2.2],[3.2,2.6,2.4,0.9,1.5,2.3,3.5,5.7,5.6,3.3,2.7,2.3,2.4,6.7,5.7,4.8,4.0,2.3,2.7,3.8,5.1,10.4,10.8,9.2,7.2,3.4,3.0,2.7,2.8],[2.4,1.9,2.0,1.2,0.8,1.1,2.0,4.2,4.1,2.0,1.8,1.6,2.2,6.6,6.2,5.2,4.0,1.7,1.7,2.0,2.6,9.2,8.7,7.5,5.7,2.5,2.1,1.9,1.9],[1.8,1.8,2.2,1.6,1.0,0.8,1.3,4.0,3.8,1.8,1.6,1.9,2.5,6.7,6.5,5.3,3.9,1.9,1.7,1.6,2.1,8.6,8.2,7.2,5.5,2.1,2.0,1.9,2.1],[2.1,2.5,2.7,2.7,1.7,1.3,0.8,3.6,3.2,2.0,2.2,2.8,3.5,7.3,6.9,6.0,4.8,2.6,2.4,2.1,2.1,8.6,8.7,7.6,5.8,2.6,2.7,2.7,3.2],[8.2,8.7,8.5,9.6,6.7,5.2,5.1,1.1,4.8,5.9,8.0,10.2,11.2,12.4,12.0,11.9,10.8,10.0,8.8,8.9,8.8,11.8,11.9,8.5,9.9,9.3,9.8,10.2,11.2],[6.3,7.4,8.0,8.7,6.9,4.6,3.9,3.0,1.1,6.1,5.7,8.2,9.5,11.4,11.2,10.6,10.2,9.2,8.2,7.7,7.4,10.0,11.9,7.4,8.7,7.4,8.2,8.4,10.1],[2.0,2.3,2.9,2.9,2.2,1.9,1.9,4.0,3.3,0.9,1.3,2.1,2.8,6.7,7.0,5.9,5.0,3.0,2.4,2.3,2.4,8.4,8.3,7.5,5.2,1.9,2.3,2.5,3.4],[1.7,1.7,2.2,2.4,1.7,1.7,2.1,4.5,3.5,1.2,0.8,1.2,1.8,5.8,6.4,5.5,4.4,2.4,2.0,2.0,2.1,8.8,8.4,7.5,5.0,1.7,1.6,1.9,2.5],[2.3,1.9,2.1,2.1,1.8,2.2,2.8,4.8,4.6,1.8,1.3,0.8,1.3,5.1,6.0,5.7,4.3,2.4,2.2,2.2,2.4,8.9,8.4,7.5,5.0,2.1,1.7,1.7,2.2],[2.9,2.6,2.4,2.4,2.4,3.4,4.0,6.0,5.5,2.7,1.8,1.4,0.9,4.5,4.6,4.8,4.4,2.7,2.8,2.9,3.3,9.9,10.0,8.8,5.9,2.9,2.5,1.9,2.2],[12.1,11.1,11.6,10.9,10.8,12.1,14.3,15.7,14.3,12.4,10.2,9.3,10.7,1.1,5.5,5.9,6.7,12.4,12.5,13.0,12.7,16.4,15.9,14.2,14.8,11.9,12.3,11.6,11.7],[12.6,10.6,11.0,10.1,11.2,12.3,15.8,16.0,15.1,14.6,10.9,10.8,7.8,4.1,1.1,5.8,5.2,10.2,12.3,13.7,16.4,18.0,17.0,15.3,16.2,14.4,11.7,12.0,11.3],[9.9,8.8,8.2,7.5,7.3,9.7,12.0,13.9,12.8,10.8,8.6,9.1,7.5,3.7,3.3,1.2,4.2,5.5,7.8,9.1,11.6,14.8,14.4,13.1,13.2,11.7,8.2,8.9,6.1],[7.1,6.4,5.9,6.8,5.5,6.3,8.1,10.6,10.1,8.3,7.5,8.4,7.7,6.1,4.8,4.1,1.1,4.1,5.5,8.8,9.7,13.5,13.4,11.4,11.2,9.7,8.4,8.6,6.7],[2.9,2.5,2.2,2.5,1.8,2.3,3.1,4.8,5.2,3.1,2.7,2.5,2.6,5.5,6.2,3.7,2.4,0.8,1.2,1.9,2.7,9.5,9.6,8.4,6.7,3.9,2.7,2.1,2.1],[2.2,1.7,2.0,2.5,1.8,1.8,2.5,4.4,4.5,2.4,2.2,2.2,2.5,6.0,6.1,5.1,3.3,1.3,0.8,1.2,1.9,8.5,8.5,7.9,6.1,2.6,2.0,1.7,1.9],[1.9,1.8,2.3,2.9,2.1,1.7,2.1,4.2,4.0,2.2,2.1,2.3,2.5,6.0,6.5,5.2,3.5,1.6,1.1,0.8,1.4,7.6,7.4,7.4,5.6,2.2,1.8,1.7,2.2],[1.9,2.3,2.7,3.6,2.7,2.0,2.0,4.3,4.2,2.4,2.5,2.5,2.9,6.8,6.9,5.5,4.4,2.2,1.7,1.1,0.8,6.8,7.4,7.1,5.6,2.0,2.0,2.1,2.5],[15.0,15.7,16.4,18.1,16.7,16.5,15.1,14.2,14.9,17.4,16.1,16.3,17.5,18.4,20.2,18.0,19.7,17.6,16.0,13.7,13.0,1.4,5.7,11.3,11.8,13.9,13.7,15.3,17.0],[14.7,16.8,17.3,18.0,16.5,16.1,14.8,13.9,13.8,15.0,15.3,15.7,17.3,19.4,20.4,18.6,20.4,18.2,16.4,15.6,12.1,6.1,1.2,10.6,10.2,13.0,12.8,14.5,16.1],[13.4,14.0,15.4,14.9,14.3,14.6,12.9,8.6,10.0,11.5,12.6,12.8,14.6,15.4,16.9,16.4,18.2,17.3,14.5,14.3,13.3,9.9,7.7,1.6,8.5,8.4,11.4,13.4,15.4],[8.2,8.2,8.9,11.7,10.7,11.7,12.1,10.9,11.9,9.2,7.1,7.9,9.1,12.4,12.9,11.8,13.8,12.1,10.1,10.6,9.6,10.9,8.2,5.9,1.3,4.3,5.0,8.8,11.4],[2.0,2.4,2.9,3.5,3.0,2.8,2.9,5.9,5.0,2.4,2.1,2.3,3.0,7.0,7.2,5.8,5.7,3.9,3.1,2.9,2.2,8.1,7.6,5.8,3.3,0.9,1.3,2.0,2.9],[1.8,1.7,2.2,2.4,2.1,2.1,2.4,5.0,4.6,2.1,1.8,1.6,2.0,6.6,6.1,5.9,4.3,2.3,2.0,1.7,1.9,8.4,7.5,6.7,4.5,1.3,0.8,1.1,1.7],[2.3,1.8,2.0,2.4,2.2,2.4,2.8,5.3,4.7,2.8,2.1,1.7,1.9,6.5,6.1,5.7,4.4,2.2,1.9,1.9,2.4,9.0,8.0,7.3,5.0,1.8,1.1,0.8,1.3],[2.8,2.4,2.0,2.8,2.7,3.1,3.7,6.0,5.8,3.6,3.0,2.5,2.1,6.4,6.5,5.2,4.4,2.1,2.2,2.6,3.0,9.8,9.3,8.3,5.7,2.7,1.8,1.2,0.9]],
  "token_chain_ids": ["A","B","C","D","D","D","D","D","D","D","D","D","D","D","D","D","D","D","D","D","D","D","D","D","D","D","D","D","D"],
  "token_res_ids": [1,1,1,1,2,3,4,5,6,7,8,9,10,11,12,13,14,15,16,17,18,19,20,21,22,23,24,25,26]
}