{
  "atom_chain_ids": ["A","B","C","D","D","D","D","D","D","D","D","D","D","D","D","D","D","D","D","D","D","D","D","D","D","D","D","D","D","D","D","D","D","D","D","D","D","D","D","D","D","D","D","D","D","D","D","D","D","D","D","D","D","D","D","D","D","D","D","D","D","D","D","D","D","D","D","D","D","D","D","D","D","D","D","D","D","D","D","D","D","D","D","D","D","D","D","D","D","D","D","D","D","D","D","D","D","D","D","D","D","D","D","D","D","D","D","D","D","D","D","D","D","D","D","D","D","D","D","D","D","D","D","D","D","D","D","D","D","D","D","D","D","D","D","D","D","D","D","D","D","D","D","D","D","D","D","D","D","D","D","D","D","D","D","D","D","D","D","D","D","D","D","D","D","D","D","D","D","D","D","D","D","D","D","D","D","D","D","D","D","D","D","D","D","D","D","D","D","D","D","D","D","D","D","D","D","D","D","D","D","D","D","D","D","D","D","D","D","D","D","D","D","D","D","D","D","D","D","D","D","D","D","D","D","D","D","D","D","D","D","D","D","D","D","D","D","D","D","D","D","D","D","D","D","D","D","D","D","D","D","D","D","D","D","D","D","D","D","D","D","D","D","D","D","D","D","D","D","D","D","D","D","D","D","D","D","D","D","D","D","D","D","D","D","D","D","D","D","D","D","D","D","D","D","D","D","D","D","D","D","D","D","D","D","D","D","D","D","D","D","D","D","D","D","D","D","D","D","D","D","D","D","D","D","D","D","D","D","D","D","D","D","D","D","D","D","D","D","D","D","D","D","D","D","D","D","D","D","D","D","D","D","D","D","D","D","D","D","D","D","D","D","D","D","D","D","D","D","D","D","D","D","D","D","D","D","D","D","D","D","D","D","D","D","D","D","D","D","D","D","D","D","D","D","D","D","D","D","D","D","D","D","D","D","D","D","D","D","D","D","D","D","D","D","D","D","D","D","D","D","D","D","D","D","D","D","D","D","D","D","D","D","D","D","D","D","D","D","D","D","D","D","D","D","D","D","D","D","D","D","D","D","D","D","D","D","D","D","D","D","D","D","D","D","D","D","D","D","D","D","D","D","D","D","D","D","D","D","D","D","D","D","D","D","D","D","D","D","D","D","D","D","D","D","D","D","D","D","D","D","D","D","D","D","D","D","D","D","D","D","D","D","D","D","D","D","D","D","D","D","D","D","D","D","D","D","D","D","D","D","D","D","D","D","D","D","D","D","D","D","D","D","D","D","D","D","D","D","D","D","D","D","D","D","D","D","D","D","D","D"],
  "atom_plddts": [87.77,88.87,88.14,73.58,74.49,68.07,66.78,73.91,78.56,81.35,81.66,82.35,81.5,82.24,82.63,83.38,83.58,83.3,84.2,84.45,83.6,83.6,83.88,84.02,84.28,84.89,83.63,79.89,78.66,84.03,84.86,86.71,86.44,86.84,86.26,86.75,87.29,87.92,88.08,87.54,87.93,88.12,87.62,87.68,87.95,87.91,88.02,88.35,85.35,82.94,82.3,85.36,85.34,86.89,86.6,86.92,86.35,86.87,87.15,87.92,88.06,87.51,87.79,87.98,87.47,87.56,87.77,87.65,87.64,88.1,84.55,82.12,81.22,83.72,83.43,85.17,85.21,85.36,84.64,84.98,84.93,86.24,86.4,85.78,85.98,86.46,85.84,85.8,86.02,85.77,85.65,86.58,74.95,72.43,71.54,73.57,70.95,73.84,72.14,74.19,72.81,69.56,66.76,69.46,65.76,62.43,61.82,60.48,57.29,55.5,57.63,60.4,57.24,63.24,77.62,74.08,72.33,75.72,73.43,75.25,74.66,75.54,73.74,73.63,70.96,73.15,70.33,66.42,65.73,66.07,62.57,60.24,61.39,63.29,64.58,81.82,78.2,77.33,81.69,82.38,84.46,84.5,84.93,84.31,84.77,84.96,85.86,85.95,85.07,85.28,85.64,84.9,84.76,85.21,85.22,85.23,86.06,84.37,81.91,81.14,84.27,84.27,85.86,85.52,85.98,85.31,85.77,86.11,86.97,87.13,86.62,86.92,87.18,86.66,86.74,86.92,86.73,86.7,87.26,84.49,82.09,81.75,84.3,84.28,85.97,85.62,86.12,85.39,85.86,86.1,86.83,86.93,86.31,86.57,86.81,86.25,86.3,86.49,86.36,86.33,86.94,84.28,81.69,80.76,83.62,83.17,84.78,84.78,85.28,84.37,84.73,84.79,86.0,86.12,85.28,85.57,86.03,85.34,85.32,85.58,85.34,85.22,86.22,69.44,67.08,66.9,68.92,65.14,66.24,62.29,64.51,63.38,59.16,58.77,59.52,55.6,53.16,51.77,49.83,48.65,46.96,49.29,53.17,71.29,65.96,63.58,69.88,69.07,70.18,69.55,71.48,69.29,70.02,68.72,69.6,67.49,64.24,64.74,64.39,61.73,60.07,61.26,63.1,65.16,72.97,68.36,65.81,71.84,69.97,71.3,71.27,72.62,71.06,68.47,67.29,69.72,67.59,64.25,62.38,62.92,61.23,58.49,61.21,73.03,67.92,65.59,72.06,71.46,73.01,72.8,74.42,72.43,71.54,69.65,70.97,68.03,63.18,62.94,62.81,59.16,56.84,58.34,60.9,63.06,82.44,78.28,76.22,82.4,83.07,85.29,85.44,85.84,85.33,85.78,86.05,86.72,86.84,86.11,86.55,86.9,86.16,86.16,86.45,86.41,86.73,87.3,85.12,82.48,81.75,85.16,85.41,87.03,86.67,87.13,86.6,86.97,87.34,88.02,88.15,87.47,87.77,88.0,87.48,87.55,87.77,87.62,87.73,88.22,85.1,82.76,82.25,84.93,84.9,86.4,85.88,86.29,85.64,86.13,86.4,87.22,87.41,87.01,87.3,87.62,87.21,87.36,87.44,87.18,87.12,87.63,83.14,80.49,79.37,82.51,81.91,83.6,83.6,83.69,82.89,83.29,83.36,84.67,84.91,84.72,85.03,85.58,85.15,85.25,85.37,84.99,84.76,85.55,58.66,55.25,55.42,59.73,56.94,58.1,55.51,58.05,57.1,53.9,53.92,54.06,51.08,48.46,47.87,46.14,45.05,43.49,45.48,48.97,49.72,45.98,44.85,49.25,48.97,50.07,47.15,52.1,49.93,48.66,46.01,47.0,43.88,39.76,38.63,37.46,35.08,33.73,35.06,37.53,39.44,53.44,48.53,47.49,54.11,53.48,55.32,55.38,57.25,56.78,54.08,54.13,54.97,52.84,49.61,48.34,47.41,45.95,43.88,46.79,60.77,55.66,55.09,61.57,61.02,61.88,62.51,64.11,63.18,62.17,60.76,61.02,58.34,54.61,54.55,53.66,50.97,49.01,50.46,52.98,54.7,79.82,75.74,73.87,79.52,80.42,82.96,83.21,83.47,82.86,83.07,83.25,84.23,84.39,83.47,83.87,84.44,83.71,83.58,83.9,83.83,83.96,84.93,82.96,79.81,79.34,83.04,83.5,85.11,84.83,85.23,84.55,85.26,85.47,86.22,86.56,86.16,86.53,86.93,86.5,86.64,86.68,86.39,86.57,86.99,83.45,80.84,80.47,83.28,83.5,85.04,84.67,85.13,84.31,85.09,85.39,86.13,86.48,86.21,86.61,87.0,86.59,86.78,86.75,86.44,86.54,86.93,82.76,80.02,78.88,82.35,82.11,83.57,83.83,83.98,83.26,84.08,84.37,85.22,85.49,85.2,85.6,86.03,85.45,85.54,85.7,85.42,85.53,86.11],
  "contact_probs": [[1.0,1.0,0.98,0.01,0.84,1.0,0.99,0.04,0.33,1.0,0.99,0.73,0.02,0.0,0.0,0.0,0.0,0.02,0.81,1.0,0.99,0.03,0.25,0.49,0.2,0.99,0.99,0.76,0.02],[1.0,1.0,1.0,0.74,1.0,0.99,0.55,0.01,0.01,0.79,1.0,0.99,0.68,0.01,0.01,0.05,0.02,0.88,1.0,0.99,0.65,0.0,0.01,0.05,0.02,0.83,0.99,0.99,0.86],[0.98,1.0,1.0,1.0,0.98,0.86,0.02,0.0,0.0,0.02,0.89,0.99,0.99,0.06,0.45,0.62,0.38,0.99,0.99,0.55,0.03,0.0,0.0,0.0,0.0,0.02,0.83,0.99,0.99],[0.01,0.74,1.0,1.0,1.0,0.01,0.0,0.0,0.0,0.0,0.79,0.97,0.17,0.1,0.54,0.21,0.53,0.15,0.04,0.02,0.01,0.0,0.0,0.0,0.0,0.0,0.0,0.01,0.0],[0.84,1.0,0.98,1.0,1.0,1.0,0.01,0.0,0.01,0.75,0.97,0.13,0.01,0.0,0.04,0.04,0.32,0.95,0.18,0.05,0.02,0.0,0.0,0.0,0.0,0.0,0.01,0.01,0.0],[1.0,0.99,0.86,0.01,1.0,1.0,1.0,0.04,0.39,0.96,0.11,0.01,0.01,0.0,0.0,0.0,0.01,0.77,0.93,0.39,0.02,0.0,0.0,0.03,0.0,0.01,0.01,0.0,0.0],[0.99,0.55,0.02,0.0,0.01,1.0,1.0,0.42,0.62,0.37,0.01,0.01,0.0,0.0,0.0,0.0,0.0,0.0,0.51,0.94,0.27,0.04,0.2,0.32,0.02,0.01,0.0,0.0,0.0],[0.04,0.01,0.0,0.0,0.0,0.04,0.42,1.0,0.54,0.04,0.0,0.0,0.0,0.0,0.0,0.0,0.0,0.0,0.0,0.01,0.03,0.03,0.11,0.15,0.03,0.0,0.0,0.0,0.0],[0.33,0.01,0.0,0.0,0.01,0.39,0.62,0.54,1.0,0.68,0.08,0.0,0.0,0.0,0.0,0.0,0.0,0.0,0.0,0.0,0.03,0.04,0.19,0.36,0.18,0.05,0.0,0.0,0.0],[1.0,0.79,0.02,0.0,0.75,0.96,0.37,0.04,0.68,1.0,1.0,0.01,0.0,0.0,0.0,0.0,0.0,0.0,0.0,0.0,0.01,0.0,0.03,0.33,0.26,0.13,0.01,0.01,0.0],[0.99,1.0,0.89,0.79,0.97,0.11,0.01,0.0,0.08,1.0,1.0,1.0,0.03,0.0,0.0,0.0,0.0,0.0,0.02,0.02,0.01,0.0,0.0,0.05,0.12,0.95,0.24,0.02,0.02],[0.73,0.99,0.99,0.97,0.13,0.01,0.01,0.0,0.0,0.01,1.0,1.0,1.0,0.16,0.54,0.12,0.01,0.01,0.02,0.01,0.0,0.0,0.0,0.0,0.01,0.71,0.95,0.2,0.01],[0.02,0.68,0.99,0.17,0.01,0.01,0.0,0.0,0.0,0.0,0.03,1.0,1.0,0.62,0.79,0.63,0.04,0.01,0.01,0.0,0.0,0.0,0.0,0.0,0.0,0.0,0.59,0.94,0.16],[0.0,0.01,0.06,0.1,0.0,0.0,0.0,0.0,0.0,0.0,0.0,0.16,0.62,1.0,0.62,0.25,0.06,0.01,0.0,0.0,0.0,0.0,0.01,0.0,0.0,0.0,0.01,0.03,0.08],[0.0,0.01,0.45,0.54,0.04,0.0,0.0,0.0,0.0,0.0,0.0,0.54,0.79,0.62,1.0,0.68,0.28,0.03,0.0,0.0,0.0,0.0,0.0,0.0,0.0,0.0,0.0,0.06,0.2],[0.0,0.05,0.62,0.21,0.04,0.0,0.0,0.0,0.0,0.0,0.0,0.12,0.63,0.25,0.68,1.0,0.47,0.37,0.05,0.0,0.0,0.0,0.0,0.0,0.0,0.0,0.0,0.48,0.61],[0.0,0.02,0.38,0.53,0.32,0.01,0.0,0.0,0.0,0.0,0.0,0.01,0.04,0.06,0.28,0.47,1.0,0.82,0.15,0.0,0.0,0.0,0.0,0.0,0.0,0.0,0.0,0.02,0.14],[0.02,0.88,0.99,0.15,0.95,0.77,0.0,0.0,0.0,0.0,0.0,0.01,0.01,0.01,0.03,0.37,0.82,1.0,1.0,0.04,0.0,0.0,0.0,0.0,0.0,0.01,0.04,0.02,0.36],[0.81,1.0,0.99,0.04,0.18,0.93,0.51,0.0,0.0,0.0,0.02,0.02,0.01,0.0,0.0,0.05,0.15,1.0,1.0,1.0,0.05,0.0,0.0,0.0,0.0,0.02,0.04,0.22,0.94],[1.0,0.99,0.55,0.02,0.05,0.39,0.94,0.01,0.0,0.0,0.02,0.01,0.0,0.0,0.0,0.0,0.0,0.04,1.0,1.0,1.0,0.09,0.22,0.12,0.01,0.02,0.11,0.9,0.42],[0.99,0.65,0.03,0.01,0.02,0.02,0.27,0.03,0.03,0.01,0.01,0.0,0.0,0.0,0.0,0.0,0.0,0.0,0.05,1.0,1.0,0.46,0.62,0.47,0.13,0.16,0.88,0.25,0.01],[0.03,0.0,0.0,0.0,0.0,0.0,0.04,0.03,0.04,0.0,0.0,0.0,0.0,0.0,0.0,0.0,0.0,0.0,0.0,0.09,0.46,1.0,0.54,0.17,0.05,0.03,0.02,0.01,0.0],[0.25,0.01,0.0,0.0,0.0,0.0,0.2,0.11,0.19,0.03,0.0,0.0,0.0,0.01,0.0,0.0,0.0,0.0,0.0,0.22,0.62,0.54,1.0,0.66,0.23,0.2,0.06,0.0,0.0],[0.49,0.05,0.0,0.0,0.0,0.03,0.32,0.15,0.36,0.33,0.05,0.0,0.0,0.0,0.0,0.0,0.0,0.0,0.0,0.12,0.47,0.17,0.66,1.0,0.49,0.54,0.17,0.0,0.0],[0.2,0.02,0.0,0.0,0.0,0.0,0.02,0.03,0.18,0.26,0.12,0.01,0.0,0.0,0.0,0.0,0.0,0.0,0.0,0.01,0.13,0.05,0.23,0.49,1.0,0.63,0.16,0.0,0.0],[0.99,0.83,0.02,0.0,0.0,0.01,0.01,0.0,0.05,0.13,0.95,0.71,0.0,0.0,0.0,0.0,0.0,0.01,0.02,0.02,0.16,0.03,0.2,0.54,0.63,1.0,1.0,0.07,0.0],[0.99,0.99,0.83,0.0,0.01,0.01,0.0,0.0,0.0,0.01,0.24,0.95,0.59,0.01,0.0,0.0,0.0,0.04,0.04,0.11,0.88,0.02,0.06,0.17,0.16,1.0,1.0,1.0,0.05],[0.76,0.99,0.99,0.01,0.01,0.0,0.0,0.0,0.0,0.01,0.02,0.2,0.94,0.03,0.06,0.48,0.02,0.02,0.22,0.9,0.25,0.01,0.0,0.0,0.0,0.07,1.0,1.0,1.0],[0.02,0.86,0.99,0.0,0.0,0.0,0.0,0.0,0.0,0.0,0.02,0.01,0.16,0.08,0.2,0.61,0.14,0.36,0.94,0.42,0.01,0.0,0.0,0.0,0.0,0.0,0.05,1.0,1.0]],
  "pae": [[0.8,1.6,2.2,3.4,2.5,1.9,2.0,5.3,4.5,1.9,1.8,2.4,3.1,9.6,5.6,5.9,5.7,3.1,2.5,1.9,2.0,9.6,10.7,9.0,7.0,1.8,1.8,2.5,3.0],[1.6,0.8,1.5,2.3,1.7,1.7,2.1,5.1,4.2,1.9,1.5,1.6,2.2,8.3,4.1,4.3,4.1,2.1,1.7,1.7,2.0,9.4,10.6,8.6,7.0,1.8,1.6,1.6,1.9],[2.6,2.0,0.8,2.4,2.3,2.6,3.4,7.2,6.3,3.4,2.5,2.2,2.6,9.3,4.4,4.7,4.7,2.5,2.4,2.6,3.5,11.1,11.8,9.9,9.0,3.3,2.7,2.1,2.0],[3.0,2.3,2.1,0.9,1.3,2.0,3.0,5.8,4.9,3.1,2.4,2.1,2.2,7.6,3.6,3.8,3.6,2.2,2.3,3.3,4.6,11.0,11.4,9.3,8.3,3.3,2.8,2.6,2.4],[2.2,1.7,1.7,1.1,0.8,1.1,1.6,4.0,3.6,1.9,1.6,1.5,1.7,7.6,3.7,4.0,3.5,1.4,1.5,1.8,2.2,9.1,9.5,7.7,6.9,2.2,1.8,1.7,1.6],[1.8,1.8,2.1,1.4,1.0,0.8,1.2,3.7,3.4,1.7,1.5,1.8,2.1,7.6,3.8,4.1,3.5,1.7,1.5,1.5,1.8,8.5,9.0,7.5,6.4,2.0,1.8,1.8,1.8],[1.9,2.2,2.4,2.3,1.4,1.2,0.8,3.5,2.7,1.7,1.9,2.4,2.9,8.1,4.4,4.5,4.3,2.3,2.0,1.9,1.8,9.6,9.3,8.0,6.6,2.3,2.4,2.4,2.6],[7.8,8.9,8.9,9.1,6.5,4.5,4.5,1.1,4.3,5.2,7.8,9.1,10.1,12.1,10.7,10.6,10.3,10.1,8.2,8.2,8.8,10.4,11.0,6.7,7.3,9.3,9.4,10.7,10.5],[4.9,5.8,6.5,6.6,5.1,4.5,2.7,3.2,1.0,4.1,4.6,6.4,7.7,10.4,8.3,8.8,7.9,8.1,6.5,6.1,6.7,9.0,11.0,6.0,6.3,7.2,6.4,7.0,8.2],[1.9,2.2,2.6,2.5,1.9,1.7,1.7,4.0,2.7,0.8,1.2,1.9,2.4,7.6,4.1,4.5,4.5,2.7,2.2,2.0,2.1,9.0,9.1,7.4,6.5,1.8,2.0,2.3,2.9],[1.6,1.6,2.0,2.0,1.5,1.6,1.8,4.0,2.9,1.2,0.8,1.2,1.5,6.8,3.6,4.2,3.9,2.1,1.8,1.7,1.8,9.0,9.0,7.6,5.9,1.5,1.4,1.7,2.1],[2.1,1.8,1.9,1.9,1.6,1.9,2.4,4.5,3.7,1.7,1.1,0.8,1.2,6.6,3.6,4.2,4.0,2.2,1.9,1.9,2.0,9.3,9.2,7.8,5.8,1.9,1.5,1.6,1.9],[2.6,2.5,2.3,2.1,2.1,2.7,3.3,5.6,4.8,2.3,1.6,1.2,0.8,6.4,2.9,4.0,4.5,2.4,2.4,2.6,3.0,10.0,10.4,8.5,6.6,2.5,2.3,1.8,2.0],[14.5,13.8,12.6,14.0,14.4,15.1,15.7,16.6,15.1,15.5,11.9,8.9,8.0,1.4,9.4,8.3,10.5,13.1,13.6,14.4,16.7,14.3,13.7,15.0,15.5,14.7,11.3,11.5,10.9],[9.5,8.3,8.0,7.7,9.5,9.9,11.2,13.1,13.1,10.4,7.2,7.4,4.3,6.4,1.0,4.5,5.0,6.4,7.9,9.7,11.1,13.6,14.0,13.5,12.7,11.0,8.6,9.4,7.2],[9.7,8.5,7.4,6.3,7.1,8.6,9.8,13.1,11.5,10.0,7.8,7.3,5.9,6.9,3.4,1.2,3.6,4.5,6.0,8.0,10.5,12.8,13.5,13.0,13.2,11.0,8.6,8.0,5.7],[9.1,8.1,6.5,7.2,6.1,7.0,8.5,11.0,11.6,9.5,8.1,9.3,8.5,9.9,5.2,4.8,1.1,5.7,5.1,8.9,11.0,13.1,14.6,13.0,12.8,12.0,10.6,9.0,6.5],[2.9,2.7,2.3,2.4,1.9,2.2,2.7,5.2,4.8,3.2,2.7,2.5,2.4,7.6,3.9,3.3,2.6,0.9,1.3,2.1,2.7,9.2,10.5,8.8,8.4,4.0,2.9,2.3,2.1],[2.1,1.8,2.0,2.2,1.6,1.6,2.1,4.3,3.9,2.3,2.0,2.0,2.0,7.6,3.7,4.3,3.2,1.3,0.8,1.1,1.6,8.2,9.4,8.0,7.3,2.3,1.9,1.6,1.7],[1.9,1.9,2.2,2.6,1.8,1.5,1.7,4.0,3.6,2.1,2.0,2.0,2.2,8.0,3.7,4.2,3.7,1.5,1.1,0.8,1.2,7.2,8.3,7.8,6.6,1.9,1.7,1.6,1.8],[1.9,2.4,2.5,3.3,2.6,2.0,1.8,4.2,3.6,2.2,2.3,2.3,2.5,8.6,4.1,4.6,4.4,2.1,1.5,1.0,0.8,6.5,8.4,7.4,6.6,1.8,1.7,1.8,2.3],[15.8,16.0,16.2,18.5,15.5,14.5,13.6,11.3,11.7,16.6,17.4,17.6,18.3,14.4,17.5,16.3,18.4,17.2,13.0,11.7,13.2,1.3,8.7,7.3,10.4,14.2,13.9,15.0,15.8],[16.9,17.7,18.0,20.3,20.4,18.8,17.3,13.6,13.5,17.3,19.2,19.2,20.5,17.3,19.5,19.0,21.9,21.9,19.4,17.5,14.6,8.2,1.4,8.4,9.7,14.9,14.8,15.5,20.2],[13.3,13.5,15.3,15.1,13.5,13.9,13.1,8.1,8.5,11.5,13.0,14.5,15.1,15.0,15.9,15.4,17.7,17.9,15.3,15.0,14.0,7.0,7.3,1.4,6.4,10.6,13.3,14.1,15.8],[8.9,8.7,10.9,11.9,11.4,12.2,11.3,8.0,8.5,8.4,8.1,9.5,12.0,13.5,13.7,13.5,14.6,13.2,12.1,11.6,11.5,10.1,8.2,5.2,1.3,7.7,7.5,11.8,13.3],[1.9,2.3,2.8,3.2,2.8,2.6,2.5,5.5,4.4,2.2,2.0,2.1,2.8,8.6,4.5,5.0,5.4,3.7,2.9,2.7,2.0,8.1,8.2,6.8,4.9,0.9,1.3,2.0,2.5],[1.6,1.6,2.1,2.1,1.9,1.9,2.0,4.7,4.0,1.9,1.5,1.4,1.7,7.4,3.4,4.3,4.0,2.2,1.8,1.6,1.7,8.5,8.4,7.5,5.9,1.2,0.8,1.1,1.5],[2.1,1.7,1.7,2.2,2.0,2.2,2.4,5.0,4.3,2.5,1.9,1.5,1.6,7.4,3.6,4.4,4.1,2.1,1.7,1.7,2.0,8.9,8.9,8.0,6.0,1.7,1.1,0.8,1.2],[2.4,2.1,1.8,2.3,2.0,2.5,3.0,5.5,4.8,3.1,2.3,1.9,1.8,7.8,3.4,4.0,4.1,1.8,1.7,2.2,2.5,9.4,9.7,8.5,6.7,2.3,1.5,1.1,0.8]],
  "token_chain_ids": ["A","B","C","D","D","D","D","D","D","D","D","D","D","D","D","D","D","D","D","D","D","D","D","D","D","D","D","D","D"],
  "token_res_ids": [1,1,1,1,2,3,4,5,6,7,8,9,10,11,12,13,14,15,16,17,18,19,20,21,22,23,24,25,26]
}