{
  "atom_chain_ids": ["A","B","C","D","D","D","D","D","D","D","D","D","D","D","D","D","D","D","D","D","D","D","D","D","D","D","D","D","D","D","D","D","D","D","D","D","D","D","D","D","D","D","D","D","D","D","D","D","D","D","D","D","D","D","D","D","D","D","D","D","D","D","D","D","D","D","D","D","D","D","D","D","D","D","D","D","D","D","D","D","D","D","D","D","D","D","D","D","D","D","D","D","D","D","D","D","D","D","D","D","D","D","D","D","D","D","D","D","D","D","D","D","D","D","D","D","D","D","D","D","D","D","D","D","D","D","D","D","D","D","D","D","D","D","D","D","D","D","D","D","D","D","D","D","D","D","D","D","D","D","D","D","D","D","D","D","D","D","D","D","D","D","D","D","D","D","D","D","D","D","D","D","D","D","D","D","D","D","D","D","D","D","D","D","D","D","D","D","D","D","D","D","D","D","D","D","D","D","D","D","D","D","D","D","D","D","D","D","D","D","D","D","D","D","D","D","D","D","D","D","D","D","D","D","D","D","D","D","D","D","D","D","D","D","D","D","D","D","D","D","D","D","D","D","D","D","D","D","D","D","D","D","D","D","D","D","D","D","D","D","D","D","D","D","D","D","D","D","D","D","D","D","D","D","D","D","D","D","D","D","D","D","D","D","D","D","D","D","D","D","D","D","D","D","D","D","D","D","D","D","D","D","D","D","D","D","D","D","D","D","D","D","D","D","D","D","D","D","D","D","D","D","D","D","D","D","D","D","D","D","D","D","D","D","D","D","D","D","D","D","D","D","D","D","D","D","D","D","D","D","D","D","D","D","D","D","D","D","D","D","D","D","D","D","D","D","D","D","D","D","D","D","D","D","D","D","D","D","D","D","D","D","D","D","D","D","D","D","D","D","D","D","D","D","D","D","D","D","D","D","D","D","D","D","D","D","D","D","D","D","D","D","D","D","D","D","D","D","D","D","D","D","D","D","D","D","D","D","D","D","D","D","D","D","D","D","D","D","D","D","D","D","D","D","D","D","D","D","D","D","D","D","D","D","D","D","D","D","D","D","D","D","D","D","D","D","D","D","D","D","D","D","D","D","D","D","D","D","D","D","D","D","D","D","D","D","D","D","D","D","D","D","D","D","D","D","D","D","D","D","D","D","D","D","D","D","D","D","D","D","D","D","D","D","D","D","D","D","D","D","D","D","D","D","D","D","D","D","D","D","D","D","D","D","D","D","D","D","D","D","D","D","D","D","D","D","D","D","D","D","D","D","D","D","D","D","D","D","D","D","D"],
  "atom_plddts": [87.19,88.6,87.13,73.71,76.07,69.78,68.32,75.26,79.86,83.48,83.88,84.74,83.89,84.48,84.85,85.71,85.76,85.25,86.18,86.27,85.26,85.3,85.58,85.78,86.21,86.83,84.36,81.02,79.8,84.48,85.12,87.12,86.85,87.29,86.65,87.05,87.59,88.32,88.42,87.77,88.12,88.28,87.69,87.74,88.02,88.0,88.1,88.53,85.26,82.57,81.76,85.23,85.31,87.07,86.78,87.18,86.57,86.97,87.28,88.1,88.19,87.57,87.85,88.03,87.44,87.52,87.75,87.68,87.71,88.23,84.93,82.45,81.59,84.23,84.17,85.82,85.82,86.06,85.36,85.76,85.83,87.04,87.17,86.33,86.56,86.96,86.27,86.24,86.5,86.31,86.27,87.18,78.13,74.58,73.53,76.8,74.51,77.78,76.25,78.42,76.94,74.38,72.15,74.47,70.99,67.47,67.33,66.07,62.27,60.87,62.92,65.53,63.13,68.97,79.5,75.49,73.75,77.52,75.78,77.89,77.0,78.19,76.19,76.3,74.15,75.95,73.02,68.74,68.5,68.51,64.73,62.86,63.76,65.76,67.81,81.9,78.09,77.18,81.85,82.84,84.96,85.03,85.52,84.87,85.39,85.64,86.54,86.64,85.71,85.99,86.31,85.55,85.46,85.88,85.88,85.99,86.76,83.65,80.97,80.33,83.8,83.94,85.59,85.26,85.78,85.13,85.72,86.17,86.96,87.16,86.52,86.86,87.13,86.59,86.68,86.84,86.68,86.77,87.26,83.77,81.16,80.85,83.72,83.86,85.64,85.24,85.84,85.05,85.73,86.1,86.8,86.97,86.27,86.63,86.9,86.32,86.42,86.56,86.38,86.48,87.02,83.5,80.39,79.37,83.16,83.06,84.8,84.84,85.43,84.51,84.93,85.1,86.21,86.3,85.31,85.69,86.12,85.37,85.37,85.65,85.46,85.51,86.43,73.55,69.49,69.35,73.46,69.84,71.73,67.98,71.2,69.19,64.83,66.15,66.65,62.69,60.41,60.0,57.87,56.21,55.29,56.66,61.07,74.32,71.03,67.91,70.06,68.26,69.26,66.17,68.95,65.84,64.45,60.64,62.88,58.96,54.88,54.0,53.05,49.92,47.86,49.79,52.41,53.25,67.85,62.57,60.91,67.87,67.05,68.86,69.02,71.28,69.81,67.57,67.08,68.67,66.51,62.86,61.32,61.34,59.69,57.26,60.24,74.1,68.48,66.49,73.41,73.09,75.14,75.05,76.77,74.74,74.26,73.13,73.9,71.22,67.01,67.32,67.03,63.52,61.78,62.92,65.23,68.01,82.85,79.23,77.26,82.27,82.59,84.97,85.02,85.56,84.76,85.17,85.42,86.34,86.42,85.47,85.95,86.33,85.47,85.47,85.72,85.6,85.84,86.71,84.17,81.24,80.44,84.27,84.69,86.48,86.08,86.64,86.03,86.4,86.87,87.57,87.73,86.96,87.32,87.56,86.98,87.05,87.29,87.15,87.29,87.83,84.19,81.73,81.18,84.05,84.01,85.6,85.0,85.5,84.81,85.29,85.69,86.48,86.7,86.25,86.59,86.93,86.49,86.65,86.73,86.46,86.4,86.96,83.34,80.55,79.59,82.77,82.41,84.21,84.23,84.49,83.65,84.06,84.21,85.5,85.69,85.21,85.59,86.07,85.53,85.62,85.81,85.48,85.35,86.16,71.18,67.92,67.8,70.86,66.6,68.12,64.56,66.67,65.46,60.89,60.63,61.14,56.86,54.64,53.61,51.37,49.67,48.05,50.36,54.54,65.1,59.49,57.7,64.77,64.38,65.76,64.69,66.93,64.92,64.1,62.5,63.38,60.55,56.8,56.87,56.03,52.96,51.02,52.52,55.02,57.27,59.77,54.83,53.48,60.22,59.02,60.87,60.23,62.41,61.59,58.57,58.43,59.53,56.69,53.11,51.51,50.39,48.6,46.42,49.93,66.03,59.78,59.25,67.15,67.43,69.33,69.8,71.86,70.45,69.99,69.32,69.22,66.3,62.13,62.77,61.91,58.59,57.04,58.2,60.66,63.64,80.09,76.21,74.42,79.82,80.73,83.2,83.44,83.79,83.18,83.4,83.76,84.68,84.79,83.65,84.1,84.61,83.75,83.66,84.01,83.97,84.1,85.16,82.42,79.2,78.68,82.68,83.33,84.99,84.69,85.21,84.53,85.26,85.61,86.26,86.61,85.98,86.39,86.76,86.24,86.39,86.45,86.2,86.42,86.9,83.09,80.31,79.83,83.02,83.37,84.96,84.64,85.2,84.36,85.16,85.59,86.25,86.59,86.13,86.57,86.92,86.43,86.61,86.62,86.35,86.47,86.92,82.43,79.29,78.19,82.11,82.39,84.11,84.37,84.7,83.89,84.65,85.07,85.89,86.12,85.59,86.04,86.42,85.75,85.81,86.02,85.82,86.06,86.66],
  "contact_probs": [[1.0,1.0,0.98,0.01,0.84,1.0,0.99,0.04,0.33,1.0,0.99,0.73,0.02,0.0,0.0,0.0,0.0,0.02,0.81,1.0,0.99,0.03,0.25,0.49,0.2,0.99,0.99,0.76,0.02],[1.0,1.0,1.0,0.74,1.0,0.99,0.55,0.01,0.01,0.79,1.0,0.99,0.68,0.01,0.01,0.05,0.02,0.88,1.0,0.99,0.65,0.0,0.01,0.05,0.02,0.83,0.99,0.99,0.86],[0.98,1.0,1.0,1.0,0.98,0.86,0.02,0.0,0.0,0.02,0.89,0.99,0.99,0.06,0.45,0.62,0.38,0.99,0.99,0.55,0.03,0.0,0.0,0.0,0.0,0.02,0.83,0.99,0.99],[0.01,0.74,1.0,1.0,1.0,0.01,0.0,0.0,0.0,0.0,0.79,0.97,0.17,0.1,0.54,0.21,0.53,0.15,0.04,0.02,0.01,0.0,0.0,0.0,0.0,0.0,0.0,0.01,0.0],[0.84,1.0,0.98,1.0,1.0,1.0,0.01,0.0,0.01,0.75,0.97,0.13,0.01,0.0,0.04,0.04,0.32,0.95,0.18,0.05,0.02,0.0,0.0,0.0,0.0,0.0,0.01,0.01,0.0],[1.0,0.99,0.86,0.01,1.0,1.0,1.0,0.04,0.39,0.96,0.11,0.01,0.01,0.0,0.0,0.0,0.01,0.77,0.93,0.39,0.02,0.0,0.0,0.03,0.0,0.01,0.01,0.0,0.0],[0.99,0.55,0.02,0.0,0.01,1.0,1.0,0.42,0.62,0.37,0.01,0.01,0.0,0.0,0.0,0.0,0.0,0.0,0.51,0.94,0.27,0.04,0.2,0.32,0.02,0.01,0.0,0.0,0.0],[0.04,0.01,0.0,0.0,0.0,0.04,0.42,1.0,0.54,0.04,0.0,0.0,0.0,0.0,0.0,0.0,0.0,0.0,0.0,0.01,0.03,0.03,0.11,0.15,0.03,0.0,0.0,0.0,0.0],[0.33,0.01,0.0,0.0,0.01,0.39,0.62,0.54,1.0,0.68,0.08,0.0,0.0,0.0,0.0,0.0,0.0,0.0,0.0,0.0,0.03,0.04,0.19,0.36,0.18,0.05,0.0,0.0,0.0],[1.0,0.79,0.02,0.0,0.75,0.96,0.37,0.04,0.68,1.0,1.0,0.01,0.0,0.0,0.0,0.0,0.0,0.0,0.0,0.0,0.01,0.0,0.03,0.33,0.26,0.13,0.01,0.01,0.0],[0.99,1.0,0.89,0.79,0.97,0.11,0.01,0.0,0.08,1.0,1.0,1.0,0.03,0.0,0.0,0.0,0.0,0.0,0.02,0.02,0.01,0.0,0.0,0.05,0.12,0.95,0.24,0.02,0.02],[0.73,0.99,0.99,0.97,0.13,0.01,0.01,0.0,0.0,0.01,1.0,1.0,1.0,0.16,0.54,0.12,0.01,0.01,0.02,0.01,0.0,0.0,0.0,0.0,0.01,0.71,0.95,0.2,0.01],[0.02,0.68,0.99,0.17,0.01,0.01,0.0,0.0,0.0,0.0,0.03,1.0,1.0,0.62,0.79,0.63,0.04,0.01,0.01,0.0,0.0,0.0,0.0,0.0,0.0,0.0,0.59,0.94,0.16],[0.0,0.01,0.06,0.1,0.0,0.0,0.0,0.0,0.0,0.0,0.0,0.16,0.62,1.0,0.62,0.25,0.06,0.01,0.0,0.0,0.0,0.0,0.01,0.0,0.0,0.0,0.01,0.03,0.08],[0.0,0.01,0.45,0.54,0.04,0.0,0.0,0.0,0.0,0.0,0.0,0.54,0.79,0.62,1.0,0.68,0.28,0.03,0.0,0.0,0.0,0.0,0.0,0.0,0.0,0.0,0.0,0.06,0.2],[0.0,0.05,0.62,0.21,0.04,0.0,0.0,0.0,0.0,0.0,0.0,0.12,0.63,0.25,0.68,1.0,0.47,0.37,0.05,0.0,0.0,0.0,0.0,0.0,0.0,0.0,0.0,0.48,0.61],[0.0,0.02,0.38,0.53,0.32,0.01,0.0,0.0,0.0,0.0,0.0,0.01,0.04,0.06,0.28,0.47,1.0,0.82,0.15,0.0,0.0,0.0,0.0,0.0,0.0,0.0,0.0,0.02,0.14],[0.02,0.88,0.99,0.15,0.95,0.77,0.0,0.0,0.0,0.0,0.0,0.01,0.01,0.01,0.03,0.37,0.82,1.0,1.0,0.04,0.0,0.0,0.0,0.0,0.0,0.01,0.04,0.02,0.36],[0.81,1.0,0.99,0.04,0.18,0.93,0.51,0.0,0.0,0.0,0.02,0.02,0.01,0.0,0.0,0.05,0.15,1.0,1.0,1.0,0.05,0.0,0.0,0.0,0.0,0.02,0.04,0.22,0.94],[1.0,0.99,0.55,0.02,0.05,0.39,0.94,0.01,0.0,0.0,0.02,0.01,0.0,0.0,0.0,0.0,0.0,0.04,1.0,1.0,1.0,0.09,0.22,0.12,0.01,0.02,0.11,0.9,0.42],[0.99,0.65,0.03,0.01,0.02,0.02,0.27,0.03,0.03,0.01,0.01,0.0,0.0,0.0,0.0,0.0,0.0,0.0,0.05,1.0,1.0,0.46,0.62,0.47,0.13,0.16,0.88,0.25,0.01],[0.03,0.0,0.0,0.0,0.0,0.0,0.04,0.03,0.04,0.0,0.0,0.0,0.0,0.0,0.0,0.0,0.0,0.0,0.0,0.09,0.46,1.0,0.54,0.17,0.05,0.03,0.02,0.01,0.0],[0.25,0.01,0.0,0.0,0.0,0.0,0.2,0.11,0.19,0.03,0.0,0.0,0.0,0.01,0.0,0.0,0.0,0.0,0.0,0.22,0.62,0.54,1.0,0.66,0.23,0.2,0.06,0.0,0.0],[0.49,0.05,0.0,0.0,0.0,0.03,0.32,0.15,0.36,0.33,0.05,0.0,0.0,0.0,0.0,0.0,0.0,0.0,0.0,0.12,0.47,0.17,0.66,1.0,0.49,0.54,0.17,0.0,0.0],[0.2,0.02,0.0,0.0,0.0,0.0,0.02,0.03,0.18,0.26,0.12,0.01,0.0,0.0,0.0,0.0,0.0,0.0,0.0,0.01,0.13,0.05,0.23,0.49,1.0,0.63,0.16,0.0,0.0],[0.99,0.83,0.02,0.0,0.0,0.01,0.01,0.0,0.05,0.13,0.95,0.71,0.0,0.0,0.0,0.0,0.0,0.01,0.02,0.02,0.16,0.03,0.2,0.54,0.63,1.0,1.0,0.07,0.0],[0.99,0.99,0.83,0.0,0.01,0.01,0.0,0.0,0.0,0.01,0.24,0.95,0.59,0.01,0.0,0.0,0.0,0.04,0.04,0.11,0.88,0.02,0.06,0.17,0.16,1.0,1.0,1.0,0.05],[0.76,0.99,0.99,0.01,0.01,0.0,0.0,0.0,0.0,0.01,0.02,0.2,0.94,0.03,0.06,0.48,0.02,0.02,0.22,0.9,0.25,0.01,0.0,0.0,0.0,0.07,1.0,1.0,1.0],[0.02,0.86,0.99,0.0,0.0,0.0,0.0,0.0,0.0,0.0,0.02,0.01,0.16,0.08,0.2,0.61,0.14,0.36,0.94,0.42,0.01,0.0,0.0,0.0,0.0,0.0,0.05,1.0,1.0]],
  "pae": [[0.8,1.7,2.4,3.5,2.7,2.0,2.1,5.3,5.4,2.1,2.0,2.6,3.4,9.0,8.5,7.7,6.2,3.1,2.6,2.1,2.2,9.0,8.2,8.0,7.3,1.9,2.0,2.7,3.2],[1.6,0.8,1.6,2.2,1.7,1.7,2.1,4.9,4.8,1.9,1.7,1.7,2.1,6.9,6.9,6.0,4.2,1.9,1.7,1.8,2.1,8.5,8.1,8.0,7.0,1.9,1.6,1.6,2.0],[2.6,2.0,0.8,2.2,2.2,2.8,3.6,7.0,6.9,3.5,2.8,2.3,2.5,6.7,6.4,5.8,4.7,2.4,2.4,2.9,3.7,10.2,9.8,9.8,8.7,3.5,2.9,2.1,2.0],[2.9,2.4,2.1,0.9,1.4,2.1,3.0,5.1,5.3,2.9,2.3,1.9,2.0,6.9,5.3,4.9,3.7,2.1,2.6,3.7,4.6,9.6,9.5,8.6,8.1,3.0,2.5,2.4,2.3],[2.2,1.7,1.8,1.1,0.8,1.0,1.9,3.9,4.2,1.9,1.7,1.5,1.9,6.7,6.1,5.3,3.5,1.5,1.5,2.0,2.4,8.7,7.5,7.1,6.7,2.1,1.8,1.7,1.8],[1.8,1.7,2.1,1.5,1.0,0.8,1.3,3.8,3.7,1.7,1.5,1.8,2.2,6.8,6.0,5.3,3.6,1.7,1.6,1.6,2.0,7.9,6.8,6.4,6.4,1.9,1.9,1.9,2.0],[2.0,2.3,2.5,2.3,1.4,1.1,0.8,3.3,3.0,1.8,1.9,2.5,3.2,7.1,6.5,6.0,4.2,2.2,2.1,2.0,1.9,7.4,7.3,6.7,6.2,2.3,2.4,2.5,2.7],[7.3,7.8,7.9,8.3,5.8,4.4,4.6,1.1,4.0,5.2,7.2,8.8,9.9,11.1,11.1,11.4,10.4,8.4,7.6,8.2,7.7,10.7,9.7,7.4,9.0,8.3,8.6,9.9,9.9],[4.9,5.4,6.1,6.7,4.2,4.3,2.7,2.8,1.0,4.5,4.4,6.4,7.6,9.7,9.6,9.8,8.1,6.8,5.9,6.8,6.4,9.5,9.9,6.2,7.7,6.7,6.7,6.5,8.2],[1.9,2.2,2.7,2.7,2.0,1.6,1.7,3.6,2.7,0.8,1.2,2.0,2.6,6.9,6.7,5.7,4.4,2.7,2.2,2.2,2.3,7.7,6.9,6.3,6.2,1.8,2.1,2.3,3.2],[1.7,1.6,2.0,2.1,1.5,1.5,1.9,4.0,3.4,1.0,0.8,1.1,1.7,5.8,5.7,5.7,4.1,2.1,1.8,1.9,2.0,8.0,6.9,6.8,6.1,1.5,1.4,1.7,2.2],[2.2,1.8,1.9,1.8,1.6,2.0,2.5,4.5,4.2,1.7,1.1,0.8,1.2,5.2,5.6,5.9,4.1,2.1,1.9,2.1,2.3,8.2,7.4,7.1,5.9,1.9,1.6,1.5,1.9],[2.5,2.3,2.1,2.0,1.9,2.7,3.4,5.1,5.0,2.3,1.6,1.2,0.8,4.4,4.3,4.8,4.1,2.2,2.2,2.6,2.9,9.0,8.2,8.1,6.4,2.4,2.1,1.7,1.8],[12.4,12.2,11.5,10.4,10.1,12.1,14.6,16.5,14.7,12.5,9.4,8.4,10.7,1.1,5.2,5.9,7.1,12.5,11.9,13.9,13.3,15.6,15.3,14.4,14.8,12.5,12.7,11.3,10.0],[11.8,10.4,10.6,8.8,9.4,11.3,15.2,14.7,13.9,12.5,10.2,9.3,6.5,4.2,1.1,5.4,5.2,8.9,11.1,13.4,15.8,15.8,15.1,15.0,15.3,14.0,11.7,10.9,9.3],[10.3,10.2,9.2,7.1,7.1,9.9,12.6,14.5,13.9,11.2,8.9,8.4,7.9,3.8,3.3,1.2,4.9,5.8,7.0,10.4,12.9,14.8,13.9,12.7,13.8,12.4,9.9,9.7,5.8],[7.0,6.0,5.5,6.0,4.9,5.3,6.6,9.6,9.6,7.7,7.0,8.2,7.3,6.8,5.0,4.3,1.1,3.4,4.2,8.0,9.4,11.1,11.1,11.1,10.9,9.6,9.4,7.8,6.0],[2.7,2.4,2.0,2.3,1.7,2.1,2.7,4.7,5.2,3.2,2.6,2.2,2.4,5.6,5.9,3.7,2.3,0.8,1.2,1.8,2.6,8.4,8.2,8.2,7.5,3.7,2.6,2.1,2.0],[2.1,1.6,1.8,2.3,1.7,1.7,2.2,4.2,4.8,2.3,2.1,2.0,2.2,6.2,6.0,5.2,3.0,1.2,0.8,1.2,1.8,7.5,6.9,7.4,6.8,2.4,2.0,1.6,1.8],[1.9,1.8,2.1,2.6,1.8,1.6,1.8,4.0,4.4,2.1,2.0,2.1,2.3,6.3,6.4,5.4,3.3,1.5,1.1,0.8,1.3,6.5,6.4,6.7,6.3,2.1,1.8,1.7,2.0],[2.0,2.2,2.5,3.3,2.3,2.0,1.8,4.0,4.1,2.3,2.3,2.4,2.7,6.8,7.0,5.6,4.1,2.2,1.6,1.1,0.8,6.3,6.0,6.8,6.5,1.9,1.9,1.9,2.2],[13.7,13.7,14.0,16.0,15.3,16.4,14.7,14.5,15.1,16.5,15.5,15.3,15.6,15.7,15.7,15.3,17.1,16.5,13.5,11.1,11.9,1.5,11.6,10.3,12.5,13.9,13.1,12.9,13.7],[10.6,12.4,13.3,14.8,13.1,12.8,11.5,9.4,10.6,11.2,11.3,12.8,14.7,15.6,15.0,14.1,15.9,14.3,11.8,11.9,8.6,8.6,1.2,7.3,7.1,9.5,10.5,11.7,13.9],[11.2,12.3,13.6,13.9,12.1,12.1,10.9,7.2,8.0,10.9,11.6,11.8,14.4,15.2,15.3,14.0,15.9,13.8,12.1,13.1,10.9,9.1,6.9,1.5,6.7,8.0,11.2,12.7,15.2],[7.8,8.0,8.6,10.2,9.4,10.7,11.5,9.0,10.3,8.7,7.1,7.5,8.0,12.3,11.7,12.3,13.4,11.4,9.5,11.7,9.8,10.4,7.3,4.3,1.2,4.1,5.7,8.1,10.7],[1.9,2.2,2.7,2.8,2.5,2.5,2.6,4.7,4.6,2.1,1.9,2.0,2.7,6.8,6.9,6.0,5.0,3.3,2.6,2.5,2.0,7.4,5.9,5.2,3.9,0.8,1.2,1.7,2.4],[1.7,1.6,2.1,2.1,1.9,2.0,2.3,4.4,4.4,2.0,1.7,1.6,1.9,6.8,5.4,6.1,3.9,2.3,1.9,1.8,1.9,7.4,6.6,6.6,5.2,1.2,0.8,1.1,1.5],[2.3,1.7,1.9,2.1,2.0,2.2,2.8,4.8,4.7,2.7,2.0,1.6,1.7,6.6,5.6,5.9,4.1,2.1,1.8,2.0,2.3,8.0,7.2,7.0,5.7,1.7,1.1,0.8,1.2],[2.6,2.1,1.9,2.3,2.2,2.7,3.5,5.5,5.5,3.3,2.6,2.0,1.9,6.7,6.1,5.4,3.9,1.9,2.0,2.5,2.9,8.8,7.7,8.0,6.1,2.5,1.5,1.1,0.9]],
  "token_chain_ids": ["A","B","C","D","D","D","D","D","D","D","D","D","D","D","D","D","D","D","D","D","D","D","D","D","D","D","D","D","D"],
  "token_res_ids": [1,1,1,1,2,3,4,5,6,7,8,9,10,11,12,13,14,15,16,17,18,19,20,21,22,23,24,25,26]
}