{
  "atom_chain_ids": ["A","B","C","D","D","D","D","D","D","D","D","D","D","D","D","D","D","D","D","D","D","D","D","D","D","D","D","D","D","D","D","D","D","D","D","D","D","D","D","D","D","D","D","D","D","D","D","D","D","D","D","D","D","D","D","D","D","D","D","D","D","D","D","D","D","D","D","D","D","D","D","D","D","D","D","D","D","D","D","D","D","D","D","D","D","D","D","D","D","D","D","D","D","D","D","D","D","D","D","D","D","D","D","D","D","D","D","D","D","D","D","D","D","D","D","D","D","D","D","D","D","D","D","D","D","D","D","D","D","D","D","D","D","D","D","D","D","D","D","D","D","D","D","D","D","D","D","D","D","D","D","D","D","D","D","D","D","D","D","D","D","D","D","D","D","D","D","D","D","D","D","D","D","D","D","D","D","D","D","D","D","D","D","D","D","D","D","D","D","D","D","D","D","D","D","D","D","D","D","D","D","D","D","D","D","D","D","D","D","D","D","D","D","D","D","D","D","D","D","D","D","D","D","D","D","D","D","D","D","D","D","D","D","D","D","D","D","D","D","D","D","D","D","D","D","D","D","D","D","D","D","D","D","D","D","D","D","D","D","D","D","D","D","D","D","D","D","D","D","D","D","D","D","D","D","D","D","D","D","D","D","D","D","D","D","D","D","D","D","D","D","D","D","D","D","D","D","D","D","D","D","D","D","D","D","D","D","D","D","D","D","D","D","D","D","D","D","D","D","D","D","D","D","D","D","D","D","D","D","D","D","D","D","D","D","D","D","D","D","D","D","D","D","D","D","D","D","D","D","D","D","D","D","D","D","D","D","D","D","D","D","D","D","D","D","D","D","D","D","D","D","D","D","D","D","D","D","D","D","D","D","D","D","D","D","D","D","D","D","D","D","D","D","D","D","D","D","D","D","D","D","D","D","D","D","D","D","D","D","D","D","D","D","D","D","D","D","D","D","D","D","D","D","D","D","D","D","D","D","D","D","D","D","D","D","D","D","D","D","D","D","D","D","D","D","D","D","D","D","D","D","D","D","D","D","D","D","D","D","D","D","D","D","D","D","D","D","D","D","D","D","D","D","D","D","D","D","D","D","D","D","D","D","D","D","D","D","D","D","D","D","D","D","D","D","D","D","D","D","D","D","D","D","D","D","D","D","D","D","D","D","D","D","D","D","D","D","D","D","D","D","D","D","D","D","D","D","D","D","D","D","D","D","D","D","D","D","D","D","D","D","D","D","D","D","D","D","D","D","D","D","D","D","D","D","D","D","D","D","D","D"],
  "atom_plddts": [85.7,87.11,86.02,68.41,69.74,63.89,63.07,68.95,73.5,75.32,76.34,77.19,76.51,77.34,78.1,78.26,78.63,78.09,79.23,79.6,78.57,78.25,78.49,78.65,79.29,80.3,80.14,76.32,75.48,80.91,81.94,83.93,83.55,84.02,83.36,84.03,84.76,85.31,85.58,84.8,85.23,85.52,84.92,84.94,85.27,85.25,85.35,85.82,82.07,79.21,78.57,82.36,82.5,84.31,83.93,84.33,83.68,84.22,84.64,85.41,85.64,85.0,85.33,85.63,85.03,85.1,85.34,85.22,85.2,85.8,81.51,78.98,77.94,80.67,80.51,82.37,82.24,82.6,81.71,81.97,82.0,83.37,83.57,82.53,82.79,83.41,82.67,82.52,82.74,82.51,82.26,83.56,71.0,68.38,67.51,70.1,67.46,69.89,68.0,70.85,69.55,65.86,63.24,65.48,61.29,57.37,56.81,55.06,51.94,50.23,52.42,55.48,52.35,58.34,72.13,67.63,66.2,70.94,69.13,70.46,69.34,71.26,69.18,68.99,66.63,67.96,64.5,60.0,59.42,58.85,55.21,53.13,54.56,57.05,59.08,78.27,74.26,73.45,78.39,79.56,81.96,82.14,82.74,81.9,82.49,82.83,83.63,83.81,82.61,82.96,83.42,82.6,82.39,82.81,82.85,82.98,83.95,81.34,78.61,78.1,81.62,81.66,83.31,82.93,83.42,82.72,83.43,83.93,84.66,84.97,84.36,84.7,85.08,84.54,84.6,84.78,84.59,84.58,85.16,81.59,79.2,79.02,81.69,81.71,83.39,82.92,83.47,82.65,83.51,83.95,84.57,84.85,84.17,84.55,84.9,84.34,84.43,84.56,84.36,84.35,84.92,81.43,78.67,77.84,81.14,80.87,82.37,82.41,82.95,81.85,82.54,82.72,83.89,84.14,83.18,83.55,84.13,83.43,83.38,83.62,83.39,83.31,84.3,72.66,68.89,69.0,72.67,69.07,71.08,66.72,70.53,68.28,63.8,65.24,65.68,61.63,59.46,59.15,56.94,55.56,54.84,56.08,60.44,71.57,68.13,65.5,68.16,66.66,67.63,64.52,67.78,64.91,63.81,60.49,62.4,58.61,54.33,53.77,52.61,49.64,47.68,49.5,52.16,53.53,64.66,59.49,57.64,64.65,63.73,65.1,64.38,68.0,66.69,63.61,63.37,64.54,61.97,58.23,56.7,56.2,54.77,52.5,55.69,67.63,62.54,60.92,67.23,66.94,68.33,67.53,70.1,68.12,67.37,65.92,66.4,63.32,58.84,58.85,57.92,54.78,52.82,54.36,57.04,59.22,79.88,76.1,74.12,79.65,80.25,82.46,82.67,83.18,82.35,82.91,83.24,83.98,84.17,83.14,83.67,84.17,83.29,83.21,83.48,83.41,83.67,84.57,81.43,78.44,77.77,81.88,82.33,84.13,83.71,84.22,83.62,84.06,84.64,85.23,85.46,84.59,84.97,85.31,84.71,84.74,85.0,84.88,84.94,85.6,82.03,79.6,79.11,82.06,82.07,83.62,82.99,83.44,82.73,83.32,83.86,84.51,84.82,84.32,84.7,85.11,84.65,84.81,84.89,84.6,84.48,85.11,80.95,78.18,77.05,80.57,80.22,81.87,81.94,82.11,81.28,81.8,82.07,83.17,83.46,82.95,83.38,83.97,83.45,83.49,83.66,83.34,83.15,84.03,65.17,60.98,61.44,66.15,62.94,64.98,61.66,64.45,63.03,58.92,59.83,59.95,56.51,53.86,53.33,51.23,49.66,48.34,50.39,54.53,59.48,55.3,53.37,57.81,56.85,57.83,54.67,58.66,56.1,54.18,51.55,52.7,49.4,45.72,45.05,43.88,41.41,39.84,41.37,43.81,45.2,53.31,48.6,47.13,53.69,52.71,54.6,53.58,56.86,56.27,53.07,53.03,53.64,50.78,47.16,45.72,44.5,43.0,41.1,44.34,64.79,58.84,58.31,65.77,65.94,67.7,67.82,69.89,68.49,67.71,66.61,66.66,63.5,59.13,59.3,58.3,54.84,53.07,54.52,57.25,59.93,77.49,73.8,71.98,77.27,78.3,80.68,81.02,81.36,80.61,80.92,81.33,82.2,82.41,81.18,81.71,82.38,81.52,81.34,81.64,81.6,81.66,82.89,79.38,76.1,75.65,80.05,80.7,82.1,81.93,82.27,81.58,82.65,83.13,83.57,84.1,83.55,84.05,84.55,84.02,84.18,84.19,83.92,84.12,84.59,80.52,77.84,77.59,80.93,81.26,82.47,82.21,82.6,81.79,82.98,83.59,83.98,84.49,84.05,84.57,85.0,84.51,84.74,84.72,84.42,84.54,84.91,79.87,76.91,76.07,79.85,80.14,81.37,81.7,81.87,81.06,82.21,82.77,83.33,83.72,83.12,83.6,84.05,83.4,83.42,83.68,83.48,83.65,84.28],
  "contact_probs": [[1.0,1.0,0.98,0.01,0.84,1.0,0.99,0.04,0.33,1.0,0.99,0.73,0.02,0.0,0.0,0.0,0.0,0.02,0.81,1.0,0.99,0.03,0.25,0.49,0.2,0.99,0.99,0.76,0.02],[1.0,1.0,1.0,0.74,1.0,0.99,0.55,0.01,0.01,0.79,1.0,0.99,0.68,0.01,0.01,0.05,0.02,0.88,1.0,0.99,0.65,0.0,0.01,0.05,0.02,0.83,0.99,0.99,0.86],[0.98,1.0,1.0,1.0,0.98,0.86,0.02,0.0,0.0,0.02,0.89,0.99,0.99,0.06,0.45,0.62,0.38,0.99,0.99,0.55,0.03,0.0,0.0,0.0,0.0,0.02,0.83,0.99,0.99],[0.01,0.74,1.0,1.0,1.0,0.01,0.0,0.0,0.0,0.0,0.79,0.97,0.17,0.1,0.54,0.21,0.53,0.15,0.04,0.02,0.01,0.0,0.0,0.0,0.0,0.0,0.0,0.01,0.0],[0.84,1.0,0.98,1.0,1.0,1.0,0.01,0.0,0.01,0.75,0.97,0.13,0.01,0.0,0.04,0.04,0.32,0.95,0.18,0.05,0.02,0.0,0.0,0.0,0.0,0.0,0.01,0.01,0.0],[1.0,0.99,0.86,0.01,1.0,1.0,1.0,0.04,0.39,0.96,0.11,0.01,0.01,0.0,0.0,0.0,0.01,0.77,0.93,0.39,0.02,0.0,0.0,0.03,0.0,0.01,0.01,0.0,0.0],[0.99,0.55,0.02,0.0,0.01,1.0,1.0,0.42,0.62,0.37,0.01,0.01,0.0,0.0,0.0,0.0,0.0,0.0,0.51,0.94,0.27,0.04,0.2,0.32,0.02,0.01,0.0,0.0,0.0],[0.04,0.01,0.0,0.0,0.0,0.04,0.42,1.0,0.54,0.04,0.0,0.0,0.0,0.0,0.0,0.0,0.0,0.0,0.0,0.01,0.03,0.03,0.11,0.15,0.03,0.0,0.0,0.0,0.0],[0.33,0.01,0.0,0.0,0.01,0.39,0.62,0.54,1.0,0.68,0.08,0.0,0.0,0.0,0.0,0.0,0.0,0.0,0.0,0.0,0.03,0.04,0.19,0.36,0.18,0.05,0.0,0.0,0.0],[1.0,0.79,0.02,0.0,0.75,0.96,0.37,0.04,0.68,1.0,1.0,0.01,0.0,0.0,0.0,0.0,0.0,0.0,0.0,0.0,0.01,0.0,0.03,0.33,0.26,0.13,0.01,0.01,0.0],[0.99,1.0,0.89,0.79,0.97,0.11,0.01,0.0,0.08,1.0,1.0,1.0,0.03,0.0,0.0,0.0,0.0,0.0,0.02,0.02,0.01,0.0,0.0,0.05,0.12,0.95,0.24,0.02,0.02],[0.73,0.99,0.99,0.97,0.13,0.01,0.01,0.0,0.0,0.01,1.0,1.0,1.0,0.16,0.54,0.12,0.01,0.01,0.02,0.01,0.0,0.0,0.0,0.0,0.01,0.71,0.95,0.2,0.01],[0.02,0.68,0.99,0.17,0.01,0.01,0.0,0.0,0.0,0.0,0.03,1.0,1.0,0.62,0.79,0.63,0.04,0.01,0.01,0.0,0.0,0.0,0.0,0.0,0.0,0.0,0.59,0.94,0.16],[0.0,0.01,0.06,0.1,0.0,0.0,0.0,0.0,0.0,0.0,0.0,0.16,0.62,1.0,0.62,0.25,0.06,0.01,0.0,0.0,0.0,0.0,0.01,0.0,0.0,0.0,0.01,0.03,0.08],[0.0,0.01,0.45,0.54,0.04,0.0,0.0,0.0,0.0,0.0,0.0,0.54,0.79,0.62,1.0,0.68,0.28,0.03,0.0,0.0,0.0,0.0,0.0,0.0,0.0,0.0,0.0,0.06,0.2],[0.0,0.05,0.62,0.21,0.04,0.0,0.0,0.0,0.0,0.0,0.0,0.12,0.63,0.25,0.68,1.0,0.47,0.37,0.05,0.0,0.0,0.0,0.0,0.0,0.0,0.0,0.0,0.48,0.61],[0.0,0.02,0.38,0.53,0.32,0.01,0.0,0.0,0.0,0.0,0.0,0.01,0.04,0.06,0.28,0.47,1.0,0.82,0.15,0.0,0.0,0.0,0.0,0.0,0.0,0.0,0.0,0.02,0.14],[0.02,0.88,0.99,0.15,0.95,0.77,0.0,0.0,0.0,0.0,0.0,0.01,0.01,0.01,0.03,0.37,0.82,1.0,1.0,0.04,0.0,0.0,0.0,0.0,0.0,0.01,0.04,0.02,0.36],[0.81,1.0,0.99,0.04,0.18,0.93,0.51,0.0,0.0,0.0,0.02,0.02,0.01,0.0,0.0,0.05,0.15,1.0,1.0,1.0,0.05,0.0,0.0,0.0,0.0,0.02,0.04,0.22,0.94],[1.0,0.99,0.55,0.02,0.05,0.39,0.94,0.01,0.0,0.0,0.02,0.01,0.0,0.0,0.0,0.0,0.0,0.04,1.0,1.0,1.0,0.09,0.22,0.12,0.01,0.02,0.11,0.9,0.42],[0.99,0.65,0.03,0.01,0.02,0.02,0.27,0.03,0.03,0.01,0.01,0.0,0.0,0.0,0.0,0.0,0.0,0.0,0.05,1.0,1.0,0.46,0.62,0.47,0.13,0.16,0.88,0.25,0.01],[0.03,0.0,0.0,0.0,0.0,0.0,0.04,0.03,0.04,0.0,0.0,0.0,0.0,0.0,0.0,0.0,0.0,0.0,0.0,0.09,0.46,1.0,0.54,0.17,0.05,0.03,0.02,0.01,0.0],[0.25,0.01,0.0,0.0,0.0,0.0,0.2,0.11,0.19,0.03,0.0,0.0,0.0,0.01,0.0,0.0,0.0,0.0,0.0,0.22,0.62,0.54,1.0,0.66,0.23,0.2,0.06,0.0,0.0],[0.49,0.05,0.0,0.0,0.0,0.03,0.32,0.15,0.36,0.33,0.05,0.0,0.0,0.0,0.0,0.0,0.0,0.0,0.0,0.12,0.47,0.17,0.66,1.0,0.49,0.54,0.17,0.0,0.0],[0.2,0.02,0.0,0.0,0.0,0.0,0.02,0.03,0.18,0.26,0.12,0.01,0.0,0.0,0.0,0.0,0.0,0.0,0.0,0.01,0.13,0.05,0.23,0.49,1.0,0.63,0.16,0.0,0.0],[0.99,0.83,0.02,0.0,0.0,0.01,0.01,0.0,0.05,0.13,0.95,0.71,0.0,0.0,0.0,0.0,0.0,0.01,0.02,0.02,0.16,0.03,0.2,0.54,0.63,1.0,1.0,0.07,0.0],[0.99,0.99,0.83,0.0,0.01,0.01,0.0,0.0,0.0,0.01,0.24,0.95,0.59,0.01,0.0,0.0,0.0,0.04,0.04,0.11,0.88,0.02,0.06,0.17,0.16,1.0,1.0,1.0,0.05],[0.76,0.99,0.99,0.01,0.01,0.0,0.0,0.0,0.0,0.01,0.02,0.2,0.94,0.03,0.06,0.48,0.02,0.02,0.22,0.9,0.25,0.01,0.0,0.0,0.0,0.07,1.0,1.0,1.0],[0.02,0.86,0.99,0.0,0.0,0.0,0.0,0.0,0.0,0.0,0.02,0.01,0.16,0.08,0.2,0.61,0.14,0.36,0.94,0.42,0.01,0.0,0.0,0.0,0.0,0.0,0.05,1.0,1.0]],
  "pae": [[0.8,1.9,2.6,4.1,3.1,2.4,2.4,6.4,6.1,2.3,2.2,2.9,3.6,9.6,9.0,8.3,7.8,3.4,3.0,2.3,2.4,10.1,9.8,9.6,7.3,2.2,2.3,2.9,3.4],[1.8,0.8,1.7,2.7,2.0,1.9,2.5,6.1,5.8,2.2,1.9,1.9,2.5,7.8,7.6,6.5,5.7,2.3,2.0,2.0,2.2,9.4,9.7,9.4,7.4,2.2,1.9,1.8,2.2],[3.2,2.5,0.8,3.2,2.8,3.4,4.6,8.9,8.5,4.0,3.4,2.8,3.1,8.4,7.8,6.6,6.6,3.1,2.9,3.5,4.2,11.5,11.4,10.8,9.2,4.0,3.3,2.8,2.5],[4.3,3.4,2.8,1.0,2.3,3.5,5.6,8.7,8.2,5.0,3.7,2.6,3.5,8.3,6.5,6.2,5.4,3.4,3.6,5.9,7.0,12.6,11.9,11.4,9.5,5.5,4.4,4.0,3.9],[2.8,2.1,2.1,1.3,0.8,1.4,3.1,5.6,6.0,2.9,2.1,2.1,2.5,7.4,6.6,5.8,4.8,2.1,2.1,3.0,3.4,10.0,9.3,8.7,7.3,3.6,2.8,2.4,2.3],[2.1,1.9,2.3,1.9,1.2,0.8,1.9,4.7,4.8,2.2,1.8,2.4,2.7,7.8,6.8,5.8,4.7,2.1,2.0,2.1,2.5,9.2,7.8,7.6,6.7,2.8,2.5,2.4,2.5],[2.5,2.9,3.2,3.5,2.1,1.7,0.9,4.2,3.8,2.5,2.7,3.3,4.5,9.0,8.2,7.2,6.9,3.3,3.3,2.8,2.5,10.0,8.7,8.4,6.8,3.3,3.4,3.2,4.3],[9.5,10.7,10.3,11.9,9.0,6.9,5.9,1.1,5.0,6.7,10.2,11.8,12.6,14.3,14.3,13.8,12.8,11.8,10.7,10.3,10.3,10.4,8.6,7.9,9.7,10.8,12.9,12.8,12.7],[6.8,7.7,8.7,9.1,8.2,6.1,3.9,3.7,1.1,7.1,7.0,8.3,10.0,13.1,12.7,12.3,11.1,10.8,9.4,8.4,8.1,10.0,9.3,7.3,8.7,9.2,9.2,9.3,10.9],[2.2,2.7,3.2,4.0,3.0,2.4,2.4,4.9,3.8,0.9,1.5,2.4,3.1,7.7,7.3,6.6,6.3,3.5,2.8,2.7,2.9,9.3,8.6,7.9,6.8,2.2,2.9,2.8,3.7],[1.8,1.7,2.2,2.7,1.8,1.9,2.5,5.2,4.2,1.3,0.8,1.3,1.9,5.9,6.2,6.2,5.0,2.7,2.2,2.2,2.2,9.0,8.5,7.9,6.2,1.7,1.7,2.0,2.6],[2.5,2.0,2.1,2.6,2.0,2.5,3.2,5.5,5.1,2.0,1.2,0.8,1.4,5.2,5.8,6.2,5.0,2.7,2.4,2.6,2.6,9.4,8.9,8.3,6.1,2.4,1.9,1.9,2.4],[3.2,2.7,2.6,2.7,2.6,3.4,4.5,6.8,6.5,2.9,1.8,1.4,0.9,4.8,4.8,5.4,5.2,2.9,3.0,3.2,3.4,9.7,9.7,9.7,6.7,3.0,2.8,2.1,2.4],[12.6,12.3,12.2,12.2,10.8,12.4,13.6,16.9,15.4,12.9,10.5,8.5,10.2,1.1,5.0,5.7,6.9,12.9,14.0,15.6,15.0,15.5,15.1,15.3,15.6,13.5,14.0,11.7,11.2],[11.5,10.9,10.9,10.1,10.5,12.2,15.1,16.7,14.8,12.1,10.1,10.4,6.8,4.0,1.1,5.2,5.1,9.7,11.7,13.7,15.9,16.8,16.8,16.9,15.4,13.8,11.8,11.0,9.2],[12.0,11.4,10.7,8.7,8.7,10.8,12.8,16.2,15.1,12.4,10.0,9.5,8.5,4.3,3.0,1.1,5.4,7.7,8.8,13.2,14.2,16.0,15.8,16.0,15.6,15.8,11.3,11.4,7.3],[10.8,9.9,8.8,8.7,8.6,9.2,12.1,14.6,13.8,12.8,10.2,10.0,10.1,7.2,5.4,5.2,1.1,7.6,8.0,12.8,13.2,15.6,15.2,16.1,13.8,14.5,12.8,11.2,8.8],[3.5,3.0,2.6,3.2,2.6,3.0,4.1,7.3,7.1,4.6,3.2,3.0,3.3,6.6,5.6,4.2,3.3,0.9,1.6,2.8,3.5,10.0,9.9,10.0,7.8,5.4,3.6,2.6,2.6],[2.6,2.0,2.3,3.1,2.2,2.1,2.9,5.7,5.7,3.0,2.5,2.6,2.9,6.8,6.1,5.8,4.0,1.7,0.8,1.4,2.0,8.6,8.6,9.2,7.2,3.0,2.3,2.1,2.4],[2.2,2.1,2.7,3.6,2.5,1.9,2.4,5.1,5.2,2.7,2.4,2.7,2.8,6.9,6.6,6.1,4.6,1.9,1.2,0.8,1.5,7.2,7.8,8.2,6.8,2.6,2.1,2.1,2.7],[2.3,2.6,3.0,4.2,3.0,2.4,2.2,5.0,5.1,2.8,2.8,2.9,3.4,7.9,7.2,6.3,5.8,2.6,1.8,1.3,0.8,6.4,8.0,8.3,6.6,2.3,2.3,2.5,3.0],[13.3,13.3,13.1,15.3,13.6,12.5,11.8,9.1,11.0,13.7,14.0,13.6,15.2,15.8,17.2,15.2,15.9,14.2,12.7,10.7,11.1,1.2,7.6,6.1,7.2,12.7,11.9,14.1,14.7],[11.9,13.9,15.0,17.1,13.3,13.2,10.7,8.7,9.5,11.9,14.3,13.7,15.6,16.2,17.6,15.5,17.2,15.8,12.8,12.1,10.5,6.0,1.1,5.2,6.7,11.6,12.1,12.9,15.7],[12.6,13.9,15.2,16.5,14.5,13.8,11.5,6.9,8.4,11.5,12.9,14.8,16.5,16.2,18.2,16.8,17.9,18.3,15.1,14.2,12.7,8.5,5.8,1.4,7.3,9.3,12.5,15.5,17.1],[8.1,7.9,8.6,10.8,11.2,11.5,11.5,10.0,10.3,8.8,7.4,8.1,10.3,13.4,12.0,12.4,13.6,11.7,10.5,10.3,10.4,8.0,6.4,5.7,1.2,5.2,6.8,9.3,11.3],[2.3,2.6,3.2,4.2,3.9,3.2,3.3,6.3,6.2,2.7,2.3,2.5,3.6,8.2,8.2,6.6,7.5,4.6,3.4,3.6,2.6,8.5,8.2,7.0,4.0,0.9,1.5,2.3,3.4],[2.0,1.9,2.4,3.0,2.5,2.5,2.8,5.7,5.4,2.4,2.0,1.7,2.2,7.3,5.9,6.3,5.5,2.8,2.2,2.0,2.1,8.9,8.7,8.5,5.3,1.5,0.8,1.2,1.8],[2.6,1.9,2.1,2.9,2.4,2.7,3.2,6.0,5.6,2.9,2.2,1.7,2.0,7.1,6.2,6.1,5.3,2.4,2.0,2.3,2.5,9.3,9.1,8.8,6.0,1.9,1.2,0.8,1.3],[3.3,2.6,2.3,3.1,2.7,3.4,4.7,7.3,7.1,4.0,3.1,2.5,2.3,7.4,6.5,5.8,5.8,2.4,2.6,3.2,3.3,10.4,9.8,10.1,6.8,3.1,1.8,1.3,0.9]],
  "token_chain_ids": ["A","B","C","D","D","D","D","D","D","D","D","D","D","D","D","D","D","D","D","D","D","D","D","D","D","D","D","D","D"],
  "token_res_ids": [1,1,1,1,2,3,4,5,6,7,8,9,10,11,12,13,14,15,16,17,18,19,20,21,22,23,24,25,26]
}