{
  "atom_chain_ids": ["A","A","A","A","A","A","A","A","A","A","A","A","A","A","A","A","A","A","A","A","A","A","A","A","A","A","A","A","A","A","A","A","A","A","A","A","A","A","A","A","A","A","A","A","A","A","A","A","A","A","A","A","A","A","A","A","A","A","A","A","A","A","A","A","A","A","A","A","A","A","A","A","A","A","A","A","A","A","A","A","A","A","A","A","A","A","A","A","A","A","A","A","A","A","A","A","A","A","A","A","A","A","A","A","A","A","A","A","A","A","A","A","A","A","A","A","A","A","A","A","A","A","A","A","A","A","A","A","A","A","A","A","A","A","A","A","A","A","A","A","A","A","A","A","A","A","A","A","A","A","A","A","A","A","A","A","A","A","A","A","A","A","A","A","A","A","A","A","A","A","A","A","A","A","A","A","A","A","A","A","A","A","A","A","A","A","A","A","A","A","A","A","A","A","A","A","A","A","A","A","A","A","A","A","A","A","A","A","A","A","A","A","A","A","A","A","A","A","A","A","A","A","A","A","A","A","A","A","A","A","A","A","A","A","A","A","A","A","A","A","A","A","A","A","A","A","A","A","A","A","A","A","A","A","A","A","A","A","A","A","A","A","A","A","A","A","A","A","A","A","A","A","A","A","A","A","A","A","A","A","A","A","A","A","A","A","A","A","A","A","A","A","A","A","A","A","A","A","A","A","A","A","A","A","A","A","A","A","A","A","A","A","A","A","A","A","A","A","A","A","A","A","A","A","A","A","A","A","A","A","A","A","A","A","A","A","A","A","A","A","A","A","A","A","A","A","A","A","A","A","A","A","A","A","A","A","A","A","A","A","A","A","A","A","A","A","A","A","A","A","A","A","A","A","A","A","A","A","A","A","A","A","A","A","A","A","A","A","A","A","A","A","A","A","A","A","A","A","A","A","A","A","A","A","A","A","A","A","A","A","A","A","A","A","A","A","A","A","A","A","A","A","A","A","A","A","A","A","A","A","A","A","A","A","A","A","A","A","A","A","A","A","A","A","A","A","A","A","A","A","A","A","A","A","A","A","A","A","A","A","A","A","A","A","A","A","A","A","A","A","A","A","A","A","A","A","A","A","A","A","A","A","A","A","A","A","A","A","A","A","A"],
  "atom_plddts": [42.13,42.51,37.4,35.73,43.28,42.82,45.03,43.5,47.6,46.71,45.88,44.04,45.07,42.76,40.61,40.18,39.9,38.49,37.73,38.25,40.2,43.08,44.73,39.72,39.69,45.49,45.93,48.32,49.73,49.89,48.72,48.64,48.43,49.29,49.61,49.04,49.88,50.42,50.05,49.52,48.96,49.2,49.24,50.27,45.42,42.53,43.77,45.57,46.24,48.26,49.96,49.27,48.06,47.78,47.77,48.43,49.19,48.92,49.48,50.26,49.98,49.67,49.02,48.67,48.63,49.53,44.38,42.91,43.24,43.81,43.95,44.94,45.0,45.24,44.02,43.81,43.33,44.22,43.87,44.18,44.7,45.21,44.82,44.66,43.95,43.76,43.26,44.64,41.25,39.31,38.04,41.08,40.76,41.48,40.04,43.37,41.78,42.44,41.59,41.64,40.3,37.5,37.09,36.82,36.38,35.57,36.63,38.4,40.35,36.05,34.99,40.84,40.55,42.17,41.07,45.24,43.48,42.9,41.37,43.2,41.53,38.7,38.48,38.46,37.11,36.33,36.57,38.13,39.05,45.02,40.99,40.87,45.29,45.45,47.92,49.39,49.77,48.58,48.38,48.34,49.09,49.44,48.67,49.5,49.94,49.58,49.15,48.55,48.78,48.75,49.87,48.35,45.43,46.72,48.6,49.73,51.62,53.45,52.72,51.51,51.0,51.45,51.37,52.49,52.28,52.75,53.71,53.47,53.17,52.51,52.22,52.04,53.01,50.21,48.23,48.55,49.39,49.87,51.07,51.51,50.84,49.55,49.19,49.16,50.13,50.16,50.55,51.04,51.72,51.42,50.99,50.37,50.3,49.57,51.14,46.88,44.67,44.32,46.96,46.67,48.14,48.01,49.97,49.3,47.72,47.38,46.97,45.25,42.16,41.42,40.98,41.04,40.15,41.51,47.87,42.6,42.65,48.4,48.8,50.51,52.26,51.85,50.97,50.72,50.12,51.11,51.19,50.33,50.86,51.4,50.88,50.11,49.84,50.1,49.94,51.54,48.63,45.4,46.05,48.64,49.78,51.66,52.81,52.37,51.17,50.74,51.11,51.34,52.17,52.08,52.63,53.54,53.29,52.94,52.26,51.98,51.63,52.82,48.19,45.61,44.8,48.16,47.9,49.14,48.61,51.39,50.61,48.89,48.19,48.59,46.36,42.79,41.92,41.42,41.21,40.18,41.78,47.54,42.44,42.12,48.47,49.16,50.82,51.77,51.61,50.87,50.47,49.89,50.96,50.48,49.0,49.49,49.91,49.23,48.37,48.14,48.78,47.98,50.1,49.44,46.04,47.41,49.89,50.76,52.79,54.98,53.98,52.81,52.5,52.73,52.63,53.54,53.13,53.42,54.49,54.23,53.83,53.21,53.04,52.79,53.89,51.03,48.86,49.75,51.44,51.51,53.02,54.93,54.36,53.38,52.65,52.69,53.02,53.79,53.52,53.95,55.11,54.96,54.44,53.63,53.32,52.85,54.06,48.64,46.39,45.92,48.08,48.18,49.5,49.15,49.68,48.2,47.97,47.09,47.64,46.93,46.76,47.0,47.59,46.97,46.28,45.86,45.99,44.92,47.39,47.36,44.97,44.08,47.12,46.52,47.8,45.66,49.16,47.94,47.27,45.94,46.74,44.5,41.47,41.1,40.24,38.94,38.21,38.95,40.59,40.83,41.59,37.94,36.59,41.07,41.12,42.71,42.18,45.15,44.81,43.54,41.9,42.75,41.16,37.87,36.86,36.7,36.09,35.03,36.62,47.0,42.66,43.03,47.42,48.24,50.03,52.11,51.4,50.61,50.17,49.69,50.71,50.95,49.85,50.28,50.91,50.42,49.67,49.31,49.57,49.24,50.85,48.71,46.59,47.85,48.45,49.78,51.92,53.87,53.2,51.99,51.42,51.52,51.67,52.74,52.49,52.73,53.73,53.42,53.03,52.46,52.3,52.0,52.97,49.68,48.4,49.01,49.18,49.92,51.07,51.88,51.39,50.57,50.17,49.76,50.52,50.88,51.07,51.52,52.34,52.17,51.68,50.92,50.69,50.26,51.39,48.73,47.53,47.13,48.87,48.56,47.98,47.08,48.57,47.69,47.26,46.12,46.46,44.84,43.46,42.88,42.44,42.05,40.97,42.03,43.61],
  "contact_probs": [[1.0,0.72,0.17,0.03,0.01,0.04,0.06,0.13,0.2,0.08,0.07,0.07,0.05,0.33,0.27,0.09,0.06,0.06,0.08,0.14,0.09,0.05,0.06],[0.72,1.0,0.97,0.14,0.03,0.14,0.25,0.23,0.13,0.04,0.07,0.05,0.03,0.34,0.49,0.19,0.04,0.01,0.06,0.25,0.17,0.07,0.03],[0.17,0.97,1.0,0.96,0.12,0.36,0.52,0.46,0.22,0.02,0.04,0.06,0.01,0.13,0.26,0.19,0.08,0.01,0.06,0.3,0.18,0.11,0.02],[0.03,0.14,0.96,1.0,0.35,0.56,0.56,0.51,0.26,0.02,0.03,0.05,0.02,0.04,0.08,0.15,0.1,0.03,0.07,0.25,0.21,0.12,0.05],[0.01,0.03,0.12,0.35,1.0,0.47,0.12,0.04,0.02,0.01,0.01,0.01,0.01,0.01,0.01,0.01,0.02,0.03,0.05,0.07,0.02,0.02,0.02],[0.04,0.14,0.36,0.56,0.47,1.0,0.62,0.17,0.03,0.01,0.03,0.02,0.01,0.03,0.02,0.02,0.03,0.04,0.12,0.42,0.27,0.05,0.04],[0.06,0.25,0.52,0.56,0.12,0.62,1.0,0.95,0.12,0.09,0.22,0.09,0.02,0.04,0.03,0.02,0.01,0.01,0.06,0.33,0.6,0.26,0.06],[0.13,0.23,0.46,0.51,0.04,0.17,0.95,1.0,0.95,0.2,0.61,0.23,0.02,0.05,0.03,0.03,0.01,0.01,0.02,0.09,0.37,0.5,0.16],[0.2,0.13,0.22,0.26,0.02,0.03,0.12,0.95,1.0,0.36,0.67,0.45,0.05,0.08,0.05,0.04,0.03,0.02,0.02,0.06,0.15,0.23,0.28],[0.08,0.04,0.02,0.02,0.01,0.01,0.09,0.2,0.36,1.0,0.47,0.14,0.03,0.13,0.03,0.01,0.01,0.0,0.01,0.02,0.01,0.03,0.06],[0.07,0.07,0.04,0.03,0.01,0.03,0.22,0.61,0.67,0.47,1.0,0.89,0.18,0.41,0.15,0.04,0.02,0.0,0.01,0.05,0.08,0.11,0.09],[0.07,0.05,0.06,0.05,0.01,0.02,0.09,0.23,0.45,0.14,0.89,1.0,0.36,0.62,0.67,0.42,0.09,0.01,0.01,0.05,0.23,0.34,0.25],[0.05,0.03,0.01,0.02,0.01,0.01,0.02,0.02,0.05,0.03,0.18,0.36,1.0,0.25,0.14,0.05,0.02,0.01,0.01,0.01,0.02,0.04,0.05],[0.33,0.34,0.13,0.04,0.01,0.03,0.04,0.05,0.08,0.13,0.41,0.62,0.25,1.0,0.95,0.15,0.03,0.01,0.03,0.09,0.05,0.04,0.03],[0.27,0.49,0.26,0.08,0.01,0.02,0.03,0.03,0.05,0.03,0.15,0.67,0.14,0.95,1.0,0.99,0.22,0.05,0.1,0.35,0.25,0.09,0.03],[0.09,0.19,0.19,0.15,0.01,0.02,0.02,0.03,0.04,0.01,0.04,0.42,0.05,0.15,0.99,1.0,0.94,0.17,0.2,0.58,0.58,0.23,0.06],[0.06,0.04,0.08,0.1,0.02,0.03,0.01,0.01,0.03,0.01,0.02,0.09,0.02,0.03,0.22,0.94,1.0,0.38,0.25,0.37,0.56,0.34,0.15],[0.06,0.01,0.01,0.03,0.03,0.04,0.01,0.01,0.02,0.0,0.0,0.01,0.01,0.01,0.05,0.17,0.38,1.0,0.4,0.12,0.04,0.02,0.02],[0.08,0.06,0.06,0.07,0.05,0.12,0.06,0.02,0.02,0.01,0.01,0.01,0.01,0.03,0.1,0.2,0.25,0.4,1.0,0.4,0.13,0.02,0.02],[0.14,0.25,0.3,0.25,0.07,0.42,0.33,0.09,0.06,0.02,0.05,0.05,0.01,0.09,0.35,0.58,0.37,0.12,0.4,1.0,0.95,0.11,0.02],[0.09,0.17,0.18,0.21,0.02,0.27,0.6,0.37,0.15,0.01,0.08,0.23,0.02,0.05,0.25,0.58,0.56,0.04,0.13,0.95,1.0,0.98,0.3],[0.05,0.07,0.11,0.12,0.02,0.05,0.26,0.5,0.23,0.03,0.11,0.34,0.04,0.04,0.09,0.23,0.34,0.02,0.02,0.11,0.98,1.0,0.78],[0.06,0.03,0.02,0.05,0.02,0.04,0.06,0.16,0.28,0.06,0.09,0.25,0.05,0.03,0.03,0.06,0.15,0.02,0.02,0.02,0.3,0.78,1.0]],
  "pae": [[1.4,6.6,9.4,11.5,13.0,11.5,13.6,13.3,15.3,18.1,13.4,13.6,15.5,10.4,11.3,12.8,15.7,18.9,14.4,10.1,11.7,13.8,16.2],[6.4,1.2,4.9,7.7,10.3,9.5,8.5,9.9,11.7,15.6,9.4,9.3,12.8,8.1,9.9,11.1,13.9,16.5,13.5,9.3,11.1,12.9,12.5],[7.0,3.5,1.0,4.1,7.1,6.9,7.5,8.9,11.1,14.7,9.7,10.3,13.0,9.6,10.0,12.2,15.1,18.0,14.6,11.2,10.8,13.1,11.9],[9.1,6.3,3.5,1.0,6.7,7.2,7.6,11.9,13.5,18.4,12.6,13.5,17.5,12.9,13.0,14.6,18.5,21.3,17.5,13.5,13.4,15.3,16.1],[13.1,10.2,7.3,7.6,1.5,7.4,8.7,12.8,14.7,17.3,16.4,15.2,19.2,17.0,16.2,16.9,19.3,23.1,19.7,15.5,15.4,16.3,17.8],[12.5,10.4,9.9,7.7,6.1,1.2,8.1,9.4,13.0,15.7,14.2,14.9,17.2,15.3,15.1,13.7,17.5,22.5,18.8,13.4,13.1,14.8,15.1],[11.6,8.7,8.4,8.3,8.0,5.9,1.1,2.8,6.5,13.0,8.6,9.9,14.5,10.5,11.0,12.7,14.9,17.2,15.1,11.1,9.7,9.1,10.8],[11.6,8.8,9.0,10.2,10.3,6.7,4.0,0.9,3.9,11.0,6.9,6.6,11.3,7.9,7.9,9.5,10.8,13.9,12.4,9.7,8.2,8.2,10.0],[13.5,10.1,10.8,12.0,13.6,10.2,5.7,3.0,1.0,9.0,5.4,5.8,11.1,9.6,8.7,10.1,12.3,14.4,12.8,10.4,9.3,8.8,10.2],[18.7,17.4,17.5,17.5,19.1,17.5,15.3,12.1,10.8,1.9,11.2,11.7,13.3,15.9,16.9,17.2,17.6,21.6,19.1,18.0,16.7,16.2,15.4],[11.2,9.2,9.8,12.3,14.0,12.4,9.0,9.2,5.3,8.5,1.1,3.4,7.6,6.2,6.1,8.8,10.4,12.9,11.9,11.5,10.4,9.9,10.9],[10.8,8.9,9.7,12.2,14.0,12.4,10.0,7.8,6.6,8.8,3.1,1.0,6.8,6.4,5.7,8.4,10.0,13.3,11.7,10.5,9.2,9.2,10.7],[14.9,13.2,14.4,16.5,19.4,17.3,14.6,14.6,14.3,12.4,9.2,8.3,2.0,9.3,7.9,12.2,13.1,16.5,13.9,15.4,14.5,14.4,14.9],[10.7,8.0,9.7,12.3,13.9,11.8,8.6,7.7,7.9,11.7,5.9,4.5,5.2,1.1,2.5,4.3,6.0,10.1,9.9,7.9,7.5,8.7,10.0],[9.5,7.3,8.8,11.7,13.5,11.8,8.6,6.2,7.4,10.7,5.5,4.7,5.4,2.8,0.9,2.7,4.8,8.5,9.6,9.6,7.1,7.4,9.4],[8.8,8.4,9.7,11.7,13.0,11.8,8.3,6.2,8.0,11.6,5.7,5.5,6.6,4.0,2.5,0.9,3.6,7.9,9.2,9.3,6.9,7.4,9.7],[11.3,10.3,12.0,14.2,16.0,14.5,10.4,9.3,11.5,14.3,8.3,6.6,8.6,6.5,4.4,3.0,1.1,7.7,7.8,10.3,8.3,7.6,10.3],[15.7,15.9,16.6,18.5,20.5,17.7,16.8,17.2,17.5,18.7,16.2,14.8,17.1,15.4,12.7,8.3,8.7,1.5,8.5,13.5,14.7,13.0,15.4],[15.0,15.4,15.7,18.3,20.0,17.4,16.8,17.1,17.0,19.6,16.9,15.2,17.3,14.7,12.3,10.8,10.7,10.0,1.7,11.3,11.5,13.9,15.9],[12.3,11.2,12.5,13.8,16.3,12.3,9.1,10.0,9.6,14.2,9.5,8.2,12.5,10.2,8.2,7.6,9.2,9.7,7.0,1.0,3.1,5.0,7.8],[11.8,10.1,11.4,13.6,14.7,11.8,9.2,8.7,9.4,13.1,8.8,7.7,11.9,9.0,7.5,7.3,9.2,9.5,7.0,3.2,0.9,2.8,6.0],[12.2,10.4,13.3,13.7,14.2,12.5,9.6,9.2,9.6,13.8,8.4,7.3,12.3,8.8,8.2,7.9,9.3,11.3,9.3,4.5,3.1,0.9,5.5],[15.4,13.7,14.3,15.1,17.3,15.3,13.0,12.7,11.7,16.6,12.4,11.3,16.2,13.9,12.7,12.3,11.4,16.8,13.9,11.4,7.3,6.1,2.2]],
  "token_chain_ids": ["A","A","A","A","A","A","A","A","A","A","A","A","A","A","A","A","A","A","A","A","A","A","A"],
  "token_res_ids": [1,2,3,4,5,6,7,8,9,10,11,12,13,14,15,16,17,18,19,20,21,22,23]
}