{
  "atom_chain_ids": ["A","A","A","A","A","A","A","A","A","A","A","A","A","A","A","A","A","A","A","A","A","A","A","A","A","A","A","A","A","A","A","A","A","A","A","A","A","A","A","A","A","A","A","A","A","A","A","A","A","A","A","A","A","A","A","A","A","A","A","A","A","A","A","A","A","A","A","A","A","A","A","A","A","A","A","A","A","A","A","A","A","A","A","A","A","A","A","A","A","A","A","A","A","A","A","A","A","A","A","A","A","A","A","A","A","A","A","A","A","A","A","A","A","A","A","A","A","A","A","A","A","A","A","A","A","A","A","A","A","A","A","A","A","A","A","A","A","A","A","A","A","A","A","A","A","A","A","A","A","A","A","A","A","A","A","A","A","A","A","A","A","A","A","A","A","A","A","A","A","A","A","A","A","A","A","A","A","A","A","A","A","A","A","A","A","A","A","A","A","A","A","A","A","A","A","A","A","A","A","A","A","A","A","A","A","A","A","A","A","A","A","A","A","A","A","A","A","A","A","A","A","A","A","A","A","A","A","A","A","A","A","A","A","A","A","A","A","A","A","A","A","A","A","A","A","A","A","A","A","A","A","A","A","A","A","A","A","A","A","A","A","A","A","A","A","A","A","A","A","A","A","A","A","A","A","A","A","A","A","A","A","A","A","A","A","A","A","A","A","A","A","A","A","A","A","A","A","A","A","A","A","A","A","A","A","A","A","A","A","A","A","A","A","A","A","A","A","A","A","A","A","A","A","A","A","A","A","A","A","A","A","A","A","A","A","A","A","A","A","A","A","A","A","A","A","A","A","A","A","A","A","A","A","A","A","A","A","A","A","A","A","A","A","A","A","A","A","A","A","A","A","A","A","A","A","A","A","A","A","A","A","A","A","A","A","A","A","A","A","A","A","A","A","A","A","A","A","A","A","A","A","A","A","A","A","A","A","A","A","A","A","A","A","A","A","A","A","A","A","A","A","A","A","A","A","A","A","A","A","A","A","A","A","A","A","A","A","A","A","A","A","A","A","A","A","A","A","A","A","A","A","A","A","A","A","A","A","A","A","A","A","A","A","A","A","A","A","A","A","A","A","A","A","A","A","A","A","A","A","A","A","A","A","A","A","A","A","A","A","A","A"],
  "atom_plddts": [43.24,43.74,38.62,37.17,44.5,44.22,46.28,44.82,48.77,48.0,47.17,45.16,46.11,43.67,41.47,40.93,40.56,39.08,38.21,38.84,40.8,43.71,47.84,42.78,42.83,48.3,48.7,50.77,52.87,52.76,51.59,51.43,51.18,52.03,52.35,51.97,52.74,53.39,53.06,52.39,51.85,52.09,51.98,53.26,51.17,47.77,48.75,51.2,51.97,53.52,56.29,55.03,53.94,53.63,53.99,54.27,55.08,55.03,55.67,56.59,56.4,55.85,55.21,55.02,54.9,55.98,52.71,50.84,51.03,51.93,51.87,52.5,53.43,52.81,51.59,51.2,50.75,52.05,51.99,52.56,53.1,53.81,53.6,53.18,52.48,52.42,51.63,53.0,43.11,40.52,39.16,42.91,42.74,43.58,41.87,45.78,44.26,44.49,43.72,43.28,41.4,37.72,36.88,36.25,35.67,34.68,36.5,38.89,41.31,36.88,35.65,41.64,41.61,43.3,41.73,46.67,44.87,44.29,42.57,43.98,41.85,38.69,38.17,37.83,36.22,35.38,35.91,37.66,38.7,47.26,42.78,42.81,47.77,48.22,50.35,52.29,52.21,51.06,50.95,51.31,51.83,52.42,51.81,52.82,53.25,53.03,52.51,51.93,52.14,52.17,53.19,53.84,50.94,51.73,54.13,54.85,56.14,58.82,57.54,56.7,56.01,56.69,56.48,57.5,57.32,57.76,58.92,58.77,58.17,57.54,57.32,57.08,58.3,53.98,52.14,52.36,53.12,53.25,54.26,55.02,54.23,53.09,52.49,52.55,53.52,53.6,54.03,54.47,55.29,55.09,54.54,53.89,53.84,52.98,54.58,52.73,50.27,50.29,53.46,52.11,53.29,53.11,54.3,53.85,51.82,51.82,51.81,49.85,47.24,46.47,46.04,46.17,45.02,46.44,52.11,46.6,46.6,52.65,52.84,54.12,56.23,55.83,55.0,54.81,53.96,54.96,54.86,54.0,54.41,55.13,54.58,53.58,53.41,53.59,53.27,55.36,52.72,49.35,49.83,52.8,53.87,55.59,57.43,56.87,55.89,55.28,55.69,55.65,56.51,56.37,56.78,57.9,57.69,57.14,56.47,56.25,55.85,57.26,51.28,48.95,48.39,51.38,50.56,51.49,50.6,53.1,52.32,50.25,49.25,49.63,46.87,43.28,42.04,41.32,40.99,39.83,41.83,51.36,45.55,45.37,52.39,52.96,54.41,56.16,56.02,55.28,54.95,54.58,55.53,55.15,53.61,54.17,54.73,54.1,53.08,52.87,53.54,52.77,54.98,53.61,49.96,51.05,54.3,55.32,57.04,59.88,58.63,57.64,57.4,57.85,57.36,58.29,57.73,58.1,59.33,59.16,58.51,57.85,57.76,57.55,58.85,55.51,53.43,54.03,55.95,55.87,57.15,59.33,58.38,57.53,56.67,56.94,57.14,57.96,57.7,58.21,59.48,59.39,58.77,57.85,57.61,57.07,58.36,53.53,50.87,50.47,53.03,52.68,53.95,54.07,54.29,52.96,52.6,51.95,52.67,52.02,51.94,52.28,53.0,52.46,51.66,51.13,51.38,50.27,52.59,49.54,46.92,46.13,49.48,48.61,50.0,47.59,50.97,49.86,49.01,47.57,48.22,45.77,42.71,42.3,41.3,39.84,39.01,39.89,41.7,41.9,46.07,41.47,40.15,45.89,45.93,47.48,47.31,49.41,49.03,47.65,46.34,47.25,45.61,42.59,41.55,41.24,40.55,39.2,41.06,48.17,43.5,43.84,48.91,49.46,50.92,53.41,52.95,52.25,51.79,51.43,52.29,52.51,51.43,52.02,52.74,52.33,51.42,51.01,51.25,50.87,52.59,49.88,47.42,48.48,49.82,50.92,52.96,55.14,54.51,53.37,52.85,53.23,53.2,54.28,54.07,54.57,55.56,55.37,54.91,54.21,54.03,53.81,54.79,51.28,49.81,50.23,50.79,51.25,52.26,53.13,52.72,51.92,51.41,51.19,51.82,52.11,52.55,53.13,53.94,53.85,53.3,52.43,52.24,51.73,52.8,50.93,48.91,48.74,51.24,51.02,50.78,50.2,51.23,50.56,49.64,48.86,49.24,47.77,46.49,45.99,45.63,45.24,44.05,45.07,46.86],
  "contact_probs": [[1.0,0.72,0.17,0.03,0.01,0.04,0.06,0.13,0.2,0.08,0.07,0.07,0.05,0.33,0.27,0.09,0.06,0.06,0.08,0.14,0.09,0.05,0.06],[0.72,1.0,0.97,0.14,0.03,0.14,0.25,0.23,0.13,0.04,0.07,0.05,0.03,0.34,0.49,0.19,0.04,0.01,0.06,0.25,0.17,0.07,0.03],[0.17,0.97,1.0,0.96,0.12,0.36,0.52,0.46,0.22,0.02,0.04,0.06,0.01,0.13,0.26,0.19,0.08,0.01,0.06,0.3,0.18,0.11,0.02],[0.03,0.14,0.96,1.0,0.35,0.56,0.56,0.51,0.26,0.02,0.03,0.05,0.02,0.04,0.08,0.15,0.1,0.03,0.07,0.25,0.21,0.12,0.05],[0.01,0.03,0.12,0.35,1.0,0.47,0.12,0.04,0.02,0.01,0.01,0.01,0.01,0.01,0.01,0.01,0.02,0.03,0.05,0.07,0.02,0.02,0.02],[0.04,0.14,0.36,0.56,0.47,1.0,0.62,0.17,0.03,0.01,0.03,0.02,0.01,0.03,0.02,0.02,0.03,0.04,0.12,0.42,0.27,0.05,0.04],[0.06,0.25,0.52,0.56,0.12,0.62,1.0,0.95,0.12,0.09,0.22,0.09,0.02,0.04,0.03,0.02,0.01,0.01,0.06,0.33,0.6,0.26,0.06],[0.13,0.23,0.46,0.51,0.04,0.17,0.95,1.0,0.95,0.2,0.61,0.23,0.02,0.05,0.03,0.03,0.01,0.01,0.02,0.09,0.37,0.5,0.16],[0.2,0.13,0.22,0.26,0.02,0.03,0.12,0.95,1.0,0.36,0.67,0.45,0.05,0.08,0.05,0.04,0.03,0.02,0.02,0.06,0.15,0.23,0.28],[0.08,0.04,0.02,0.02,0.01,0.01,0.09,0.2,0.36,1.0,0.47,0.14,0.03,0.13,0.03,0.01,0.01,0.0,0.01,0.02,0.01,0.03,0.06],[0.07,0.07,0.04,0.03,0.01,0.03,0.22,0.61,0.67,0.47,1.0,0.89,0.18,0.41,0.15,0.04,0.02,0.0,0.01,0.05,0.08,0.11,0.09],[0.07,0.05,0.06,0.05,0.01,0.02,0.09,0.23,0.45,0.14,0.89,1.0,0.36,0.62,0.67,0.42,0.09,0.01,0.01,0.05,0.23,0.34,0.25],[0.05,0.03,0.01,0.02,0.01,0.01,0.02,0.02,0.05,0.03,0.18,0.36,1.0,0.25,0.14,0.05,0.02,0.01,0.01,0.01,0.02,0.04,0.05],[0.33,0.34,0.13,0.04,0.01,0.03,0.04,0.05,0.08,0.13,0.41,0.62,0.25,1.0,0.95,0.15,0.03,0.01,0.03,0.09,0.05,0.04,0.03],[0.27,0.49,0.26,0.08,0.01,0.02,0.03,0.03,0.05,0.03,0.15,0.67,0.14,0.95,1.0,0.99,0.22,0.05,0.1,0.35,0.25,0.09,0.03],[0.09,0.19,0.19,0.15,0.01,0.02,0.02,0.03,0.04,0.01,0.04,0.42,0.05,0.15,0.99,1.0,0.94,0.17,0.2,0.58,0.58,0.23,0.06],[0.06,0.04,0.08,0.1,0.02,0.03,0.01,0.01,0.03,0.01,0.02,0.09,0.02,0.03,0.22,0.94,1.0,0.38,0.25,0.37,0.56,0.34,0.15],[0.06,0.01,0.01,0.03,0.03,0.04,0.01,0.01,0.02,0.0,0.0,0.01,0.01,0.01,0.05,0.17,0.38,1.0,0.4,0.12,0.04,0.02,0.02],[0.08,0.06,0.06,0.07,0.05,0.12,0.06,0.02,0.02,0.01,0.01,0.01,0.01,0.03,0.1,0.2,0.25,0.4,1.0,0.4,0.13,0.02,0.02],[0.14,0.25,0.3,0.25,0.07,0.42,0.33,0.09,0.06,0.02,0.05,0.05,0.01,0.09,0.35,0.58,0.37,0.12,0.4,1.0,0.95,0.11,0.02],[0.09,0.17,0.18,0.21,0.02,0.27,0.6,0.37,0.15,0.01,0.08,0.23,0.02,0.05,0.25,0.58,0.56,0.04,0.13,0.95,1.0,0.98,0.3],[0.05,0.07,0.11,0.12,0.02,0.05,0.26,0.5,0.23,0.03,0.11,0.34,0.04,0.04,0.09,0.23,0.34,0.02,0.02,0.11,0.98,1.0,0.78],[0.06,0.03,0.02,0.05,0.02,0.04,0.06,0.16,0.28,0.06,0.09,0.25,0.05,0.03,0.03,0.06,0.15,0.02,0.02,0.02,0.3,0.78,1.0]],
  "pae": [[1.4,5.9,8.3,11.9,16.4,14.1,12.8,12.9,14.0,16.2,12.9,12.7,14.2,10.5,10.3,11.0,12.4,15.9,13.9,10.1,10.5,13.0,14.9],[5.1,1.1,3.7,6.5,12.7,12.4,8.7,8.7,10.6,12.3,9.8,9.0,11.5,8.5,8.6,9.0,9.7,12.8,11.3,6.9,8.4,10.7,11.2],[6.4,4.0,1.0,4.2,8.9,9.9,7.3,7.2,8.2,11.1,8.2,8.5,10.5,8.9,7.9,8.4,10.3,12.3,11.3,7.9,7.2,8.0,10.6],[7.1,4.4,2.9,1.0,9.3,9.1,6.6,7.1,7.6,11.5,9.6,10.2,12.5,10.2,9.1,10.3,10.1,15.0,13.0,8.9,7.7,8.9,10.9],[17.5,15.9,13.5,13.4,1.5,8.9,11.4,15.0,16.0,18.2,18.0,17.6,21.5,19.1,17.3,18.0,18.8,23.0,20.5,18.1,17.1,17.8,17.9],[16.5,13.2,13.7,10.1,7.2,1.3,10.7,10.6,12.9,14.2,15.0,14.9,18.3,16.5,15.6,16.6,16.9,23.1,19.1,14.8,13.7,15.5,15.0],[11.1,8.4,7.2,6.3,10.8,6.7,1.1,3.1,5.5,9.9,6.0,7.4,12.2,9.3,8.4,11.0,11.9,16.2,13.8,9.8,9.9,9.8,10.9],[10.4,7.6,6.4,7.1,11.6,8.4,3.8,1.0,3.1,8.3,5.2,5.2,9.7,6.7,6.8,8.7,8.9,12.6,11.1,9.7,7.8,9.3,10.2],[11.6,10.0,8.1,7.2,14.8,10.9,5.4,2.5,1.1,7.8,5.0,5.6,10.8,8.1,7.4,9.3,9.9,14.0,11.9,10.7,9.1,9.4,10.5],[16.4,15.8,15.2,15.1,20.3,16.3,14.0,8.4,9.4,2.0,10.5,11.0,13.2,15.1,15.8,15.5,16.0,21.4,17.8,16.2,14.7,15.4,15.7],[9.9,7.7,7.4,9.1,14.4,12.1,7.9,5.3,4.6,6.0,1.1,3.0,8.8,6.0,6.7,7.8,10.3,12.9,11.7,10.7,9.3,11.1,10.9],[9.1,7.1,6.7,8.5,14.3,12.0,7.4,4.6,4.6,6.2,2.5,1.0,6.5,4.9,5.5,7.3,8.8,11.6,10.4,8.5,8.4,9.6,9.8],[14.7,13.6,13.2,14.7,21.6,17.6,15.6,14.3,13.4,11.5,8.5,8.5,1.9,9.2,9.7,12.3,13.5,17.7,15.7,14.8,14.6,15.7,16.0],[9.0,6.9,7.7,8.4,14.3,12.6,7.5,5.6,6.0,10.0,5.4,4.0,5.5,1.0,2.5,4.4,5.7,9.7,9.4,7.0,7.1,8.7,10.1],[8.3,6.6,6.7,8.0,14.1,12.0,7.1,4.9,6.0,9.5,5.1,4.7,5.7,2.7,0.9,2.7,4.5,7.9,8.5,6.4,6.0,8.1,9.4],[8.2,6.9,7.6,8.5,13.8,12.5,7.4,5.5,6.9,9.7,5.6,5.0,7.0,3.9,2.6,0.9,3.3,7.0,7.4,5.8,5.6,7.6,9.2],[9.4,8.1,8.5,9.8,16.0,14.0,9.9,8.4,8.9,12.1,7.4,5.9,9.4,6.4,4.2,2.8,1.2,7.1,7.0,6.2,5.8,7.3,9.0],[15.6,14.1,14.3,15.0,21.8,19.1,16.3,16.3,15.9,19.1,15.6,14.1,16.4,14.9,13.2,7.5,8.5,1.5,8.3,11.3,12.7,13.3,15.1],[14.7,13.7,15.0,15.2,20.6,18.6,16.8,16.6,15.6,18.8,16.7,14.9,16.8,15.6,12.4,10.1,8.5,9.0,1.6,10.2,9.7,13.7,13.6],[10.3,7.1,8.2,10.3,17.1,15.1,10.5,9.8,9.3,13.5,9.7,8.5,11.9,9.1,7.3,6.2,6.2,8.9,6.1,1.1,3.7,5.8,8.4],[9.6,7.2,7.4,9.3,15.8,13.2,10.6,9.0,9.1,12.7,9.2,7.8,11.6,8.4,7.1,6.6,6.8,8.5,5.9,3.5,1.0,3.3,6.7],[10.2,8.0,7.0,8.0,16.2,13.6,11.2,9.4,9.9,14.3,10.3,8.7,13.0,9.0,7.4,6.9,6.6,10.7,8.1,5.6,3.0,1.0,5.5],[13.5,11.0,9.0,11.7,18.8,14.9,11.9,10.6,10.6,15.9,11.8,10.6,15.6,12.3,10.4,9.8,8.9,14.2,11.9,10.4,6.4,6.0,2.1]],
  "token_chain_ids": ["A","A","A","A","A","A","A","A","A","A","A","A","A","A","A","A","A","A","A","A","A","A","A"],
  "token_res_ids": [1,2,3,4,5,6,7,8,9,10,11,12,13,14,15,16,17,18,19,20,21,22,23]
}