{
  "atom_chain_ids": ["A","A","A","A","A","A","A","A","A","A","A","A","A","A","A","A","A","A","A","A","A","A","A","A","A","A","A","A","A","A","A","A","A","A","A","A","A","A","A","A","A","A","A","A","A","A","A","A","A","A","A","A","A","A","A","A","A","A","A","A","A","A","A","A","A","A","A","A","A","A","A","A","A","A","A","A","A","A","A","A","A","A","A","A","A","A","A","A","A","A","A","A","A","A","A","A","A","A","A","A","A","A","A","A","A","A","A","A","A","A","A","A","A","A","A","A","A","A","A","A","A","A","A","A","A","A","A","A","A","A","A","A","A","A","A","A","A","A","A","A","A","A","A","A","A","A","A","A","A","A","A","A","A","A","A","A","A","A","A","A","A","A","A","A","A","A","A","A","A","A","A","A","A","A","A","A","A","A","A","A","A","A","A","A","A","A","A","A","A","A","A","A","A","A","A","A","A","A","A","A","A","A","A","A","A","A","A","A","A","A","A","A","A","A","A","A","A","A","A","A","A","A","A","A","A","A","A","A","A","A","A","A","A","A","A","A","A","A","A","A","A","A","A","A","A","A","A","A","A","A","A","A","A","A","A","A","A","A","A","A","A","A","A","A","A","A","A","A","A","A","A","A","A","A","A","A","A","A","A","A","A","A","A","A","A","A","A","A","A","A","A","A","A","A","A","A","A","A","A","A","A","A","A","A","A","A","A","A","A","A","A","A","A","A","A","A","A","A","A","A","A","A","A","A","A","A","A","A","A","A","A","A","A","A","A","A","A","A","A","A","A","A","A","A","A","A","A","A","A","A","A","A","A","A","A","A","A","A","A","A","A","A","A","A","A","A","A","A","A","A","A","A","A","A","A","A","A","A","A","A","A","A","A","A","A","A","A","A","A","A","A","A","A","A","A","A","A","A","A","A","A","A","A","A","A","A","A","A","A","A","A","A","A","A","A","A","A","A","A","A","A","A","A","A","A","A","A","A","A","A","A","A","A","A","A","A","A","A","A","A","A","A","A","A","A","A","A","A","A","A","A","A","A","A","A","A","A","A","A","A","A","A","A","A","A","A","A","A","A","A","A","A","A","A","A","A","A","A","A","A","A","A","A","A","A","A","A","A","A","A","A"],
  "atom_plddts": [41.97,42.55,37.53,36.05,43.42,43.12,45.14,43.64,47.93,47.06,46.14,44.37,45.29,42.9,40.76,40.36,40.02,38.61,37.88,38.4,40.3,43.21,44.41,39.55,39.42,45.12,45.29,47.48,48.82,49.08,47.92,47.84,47.62,48.49,48.71,48.3,49.16,49.72,49.37,48.81,48.21,48.44,48.46,49.52,44.67,41.68,42.81,44.83,45.34,47.25,48.73,48.1,46.88,46.7,46.7,47.48,48.17,48.0,48.68,49.4,49.14,48.89,48.15,47.76,47.82,48.67,43.69,41.74,42.18,43.47,43.69,44.87,45.12,45.41,44.21,43.87,43.53,44.32,44.11,44.22,44.79,45.34,44.94,44.75,44.01,43.85,43.46,44.8,42.28,40.5,39.33,42.09,41.67,42.34,40.87,44.04,42.47,43.04,42.26,42.43,41.03,38.28,37.88,37.57,37.12,36.3,37.37,39.19,42.57,38.02,36.91,42.9,42.62,44.38,43.27,47.24,45.58,45.13,43.52,45.37,43.62,40.75,40.56,40.34,38.88,37.96,38.31,40.1,41.03,46.73,42.85,43.08,47.34,47.87,49.92,51.58,51.67,50.43,50.18,50.35,50.85,51.36,50.73,51.56,51.98,51.68,51.24,50.7,50.93,50.78,51.82,51.73,48.96,49.91,52.03,52.78,54.29,56.38,55.42,54.38,53.78,54.3,54.05,55.06,55.06,55.44,56.47,56.24,55.82,55.23,55.05,54.78,55.82,52.81,50.92,51.03,51.94,52.07,53.0,53.47,52.73,51.52,51.03,51.07,51.97,52.03,52.69,53.18,53.9,53.69,53.18,52.56,52.55,51.72,53.18,46.61,44.36,44.18,46.98,46.54,47.92,47.55,49.23,48.56,46.9,46.58,46.39,44.78,42.07,41.44,41.08,41.02,40.07,41.32,47.15,41.91,41.88,47.62,47.95,49.68,51.29,51.0,50.18,49.98,49.48,50.46,50.51,49.62,50.23,50.73,50.22,49.49,49.18,49.43,49.36,50.92,47.22,44.02,44.68,47.37,48.3,50.16,50.94,50.64,49.37,49.03,49.57,49.78,50.59,50.65,51.39,52.2,51.97,51.74,50.95,50.65,50.45,51.48,45.8,43.37,42.51,45.67,45.52,46.82,46.09,49.4,48.54,46.62,45.69,45.82,43.37,39.65,38.64,38.04,37.69,36.72,38.51,48.37,43.34,43.07,49.23,49.93,51.57,52.74,52.59,51.87,51.45,51.13,52.08,51.67,50.15,50.74,51.11,50.45,49.63,49.37,50.03,49.32,51.38,49.79,46.57,47.96,50.26,51.27,53.22,55.49,54.45,53.31,53.02,53.43,53.1,54.05,53.61,53.96,55.02,54.77,54.4,53.74,53.58,53.39,54.43,51.06,49.04,49.9,51.34,51.41,52.78,54.62,53.95,52.99,52.28,52.48,52.76,53.53,53.42,53.94,55.03,54.9,54.45,53.58,53.25,52.83,53.93,49.25,46.77,46.25,48.68,48.59,49.75,49.43,49.89,48.51,48.39,47.6,48.15,47.42,47.33,47.68,48.28,47.73,47.04,46.52,46.62,45.6,47.96,49.5,46.65,45.81,49.4,48.53,49.79,47.8,50.97,49.83,49.09,47.62,48.69,46.35,43.43,43.13,42.21,40.78,39.9,40.73,42.52,42.72,45.59,41.59,40.25,45.11,45.03,46.39,46.26,48.98,48.69,47.2,45.77,46.62,44.68,41.44,40.29,39.93,39.32,38.05,40.0,47.64,43.3,43.71,48.17,48.8,50.46,52.63,51.95,51.19,50.7,50.39,51.38,51.6,50.64,51.2,51.81,51.36,50.6,50.2,50.49,50.13,51.65,50.39,48.11,48.98,50.25,51.29,53.35,55.43,54.9,53.78,53.18,53.43,53.4,54.4,54.23,54.62,55.59,55.34,54.85,54.24,54.11,53.87,54.9,50.48,49.13,49.33,49.92,50.62,51.64,52.45,52.19,51.4,50.98,50.69,51.11,51.48,51.78,52.29,53.1,53.01,52.5,51.67,51.47,51.03,52.05,50.23,48.45,47.98,50.55,50.22,49.73,48.68,50.2,49.51,48.68,47.84,48.12,46.36,45.02,44.54,44.05,43.66,42.52,43.61,45.37],
  "contact_probs": [[1.0,0.72,0.17,0.03,0.01,0.04,0.06,0.13,0.2,0.08,0.07,0.07,0.05,0.33,0.27,0.09,0.06,0.06,0.08,0.14,0.09,0.05,0.06],[0.72,1.0,0.97,0.14,0.03,0.14,0.25,0.23,0.13,0.04,0.07,0.05,0.03,0.34,0.49,0.19,0.04,0.01,0.06,0.25,0.17,0.07,0.03],[0.17,0.97,1.0,0.96,0.12,0.36,0.52,0.46,0.22,0.02,0.04,0.06,0.01,0.13,0.26,0.19,0.08,0.01,0.06,0.3,0.18,0.11,0.02],[0.03,0.14,0.96,1.0,0.35,0.56,0.56,0.51,0.26,0.02,0.03,0.05,0.02,0.04,0.08,0.15,0.1,0.03,0.07,0.25,0.21,0.12,0.05],[0.01,0.03,0.12,0.35,1.0,0.47,0.12,0.04,0.02,0.01,0.01,0.01,0.01,0.01,0.01,0.01,0.02,0.03,0.05,0.07,0.02,0.02,0.02],[0.04,0.14,0.36,0.56,0.47,1.0,0.62,0.17,0.03,0.01,0.03,0.02,0.01,0.03,0.02,0.02,0.03,0.04,0.12,0.42,0.27,0.05,0.04],[0.06,0.25,0.52,0.56,0.12,0.62,1.0,0.95,0.12,0.09,0.22,0.09,0.02,0.04,0.03,0.02,0.01,0.01,0.06,0.33,0.6,0.26,0.06],[0.13,0.23,0.46,0.51,0.04,0.17,0.95,1.0,0.95,0.2,0.61,0.23,0.02,0.05,0.03,0.03,0.01,0.01,0.02,0.09,0.37,0.5,0.16],[0.2,0.13,0.22,0.26,0.02,0.03,0.12,0.95,1.0,0.36,0.67,0.45,0.05,0.08,0.05,0.04,0.03,0.02,0.02,0.06,0.15,0.23,0.28],[0.08,0.04,0.02,0.02,0.01,0.01,0.09,0.2,0.36,1.0,0.47,0.14,0.03,0.13,0.03,0.01,0.01,0.0,0.01,0.02,0.01,0.03,0.06],[0.07,0.07,0.04,0.03,0.01,0.03,0.22,0.61,0.67,0.47,1.0,0.89,0.18,0.41,0.15,0.04,0.02,0.0,0.01,0.05,0.08,0.11,0.09],[0.07,0.05,0.06,0.05,0.01,0.02,0.09,0.23,0.45,0.14,0.89,1.0,0.36,0.62,0.67,0.42,0.09,0.01,0.01,0.05,0.23,0.34,0.25],[0.05,0.03,0.01,0.02,0.01,0.01,0.02,0.02,0.05,0.03,0.18,0.36,1.0,0.25,0.14,0.05,0.02,0.01,0.01,0.01,0.02,0.04,0.05],[0.33,0.34,0.13,0.04,0.01,0.03,0.04,0.05,0.08,0.13,0.41,0.62,0.25,1.0,0.95,0.15,0.03,0.01,0.03,0.09,0.05,0.04,0.03],[0.27,0.49,0.26,0.08,0.01,0.02,0.03,0.03,0.05,0.03,0.15,0.67,0.14,0.95,1.0,0.99,0.22,0.05,0.1,0.35,0.25,0.09,0.03],[0.09,0.19,0.19,0.15,0.01,0.02,0.02,0.03,0.04,0.01,0.04,0.42,0.05,0.15,0.99,1.0,0.94,0.17,0.2,0.58,0.58,0.23,0.06],[0.06,0.04,0.08,0.1,0.02,0.03,0.01,0.01,0.03,0.01,0.02,0.09,0.02,0.03,0.22,0.94,1.0,0.38,0.25,0.37,0.56,0.34,0.15],[0.06,0.01,0.01,0.03,0.03,0.04,0.01,0.01,0.02,0.0,0.0,0.01,0.01,0.01,0.05,0.17,0.38,1.0,0.4,0.12,0.04,0.02,0.02],[0.08,0.06,0.06,0.07,0.05,0.12,0.06,0.02,0.02,0.01,0.01,0.01,0.01,0.03,0.1,0.2,0.25,0.4,1.0,0.4,0.13,0.02,0.02],[0.14,0.25,0.3,0.25,0.07,0.42,0.33,0.09,0.06,0.02,0.05,0.05,0.01,0.09,0.35,0.58,0.37,0.12,0.4,1.0,0.95,0.11,0.02],[0.09,0.17,0.18,0.21,0.02,0.27,0.6,0.37,0.15,0.01,0.08,0.23,0.02,0.05,0.25,0.58,0.56,0.04,0.13,0.95,1.0,0.98,0.3],[0.05,0.07,0.11,0.12,0.02,0.05,0.26,0.5,0.23,0.03,0.11,0.34,0.04,0.04,0.09,0.23,0.34,0.02,0.02,0.11,0.98,1.0,0.78],[0.06,0.03,0.02,0.05,0.02,0.04,0.06,0.16,0.28,0.06,0.09,0.25,0.05,0.03,0.03,0.06,0.15,0.02,0.02,0.02,0.3,0.78,1.0]],
  "pae": [[1.2,4.6,7.7,10.4,12.9,11.2,13.3,12.2,14.2,18.4,10.1,12.2,14.4,8.0,10.1,13.1,15.1,18.4,14.5,12.6,12.8,14.3,16.1],[5.8,1.1,4.3,6.1,10.4,10.8,9.8,10.2,12.4,16.2,9.6,10.2,12.9,9.0,10.6,13.1,15.0,18.5,14.5,11.7,11.9,14.1,13.3],[6.9,3.9,1.0,4.5,8.6,8.6,9.2,9.7,12.0,16.0,9.4,10.6,13.2,9.8,10.8,13.0,15.8,18.2,15.0,11.4,11.3,13.5,13.2],[8.5,6.2,4.3,1.0,7.2,7.3,8.0,12.4,14.1,18.6,12.4,13.8,16.7,13.3,13.8,14.9,17.1,20.1,17.1,12.1,13.1,15.9,15.5],[12.0,10.3,7.1,7.5,1.5,7.3,8.1,12.9,14.8,18.5,15.9,15.0,17.5,14.8,15.8,16.3,17.8,21.2,17.2,13.7,13.6,16.2,16.4],[11.8,10.4,8.2,6.9,6.8,1.2,7.4,8.4,12.5,16.3,14.3,14.9,16.5,14.5,14.4,13.9,16.4,19.4,15.4,11.2,11.0,13.6,14.5],[12.0,9.0,8.6,8.2,7.5,5.8,1.1,2.8,6.6,13.4,8.8,10.5,13.4,10.5,10.1,11.8,12.8,15.4,12.9,8.5,7.4,9.2,10.5],[12.2,9.9,9.8,10.8,10.6,7.4,3.6,0.9,3.6,10.3,7.1,7.4,10.8,7.8,7.3,8.9,9.0,12.3,11.0,6.7,6.6,7.4,9.0],[13.3,10.9,11.2,12.5,13.1,10.1,5.9,2.7,1.1,8.6,6.1,6.7,12.0,9.8,8.5,9.7,11.2,14.0,12.0,8.1,7.5,8.0,9.4],[17.7,16.8,17.4,17.5,19.3,18.3,16.4,11.9,11.0,2.0,11.9,12.4,12.8,16.1,17.0,16.6,16.6,19.7,17.5,16.9,16.0,15.8,15.7],[12.4,10.1,10.5,13.7,14.2,13.0,10.5,9.2,6.2,8.0,1.1,3.3,8.6,6.5,7.1,10.0,10.0,12.7,12.5,10.3,11.0,10.4,11.4],[10.2,8.5,9.4,13.2,13.8,13.3,10.9,7.4,6.8,8.8,3.0,1.0,6.7,6.3,5.9,7.9,9.3,13.4,11.2,10.3,9.2,9.3,10.5],[14.3,14.7,14.9,16.8,18.7,17.2,16.4,15.8,15.0,11.5,9.5,9.9,2.0,9.8,9.3,12.9,14.1,18.6,16.3,15.5,15.2,16.1,16.0],[11.6,9.0,10.2,12.4,14.0,12.5,9.4,7.9,8.3,11.9,6.4,5.4,6.3,1.0,2.8,5.1,6.1,9.9,10.1,7.6,7.9,9.1,10.2],[9.9,8.4,9.4,12.5,13.6,12.3,9.1,6.6,7.9,11.1,5.6,5.2,6.0,3.0,0.9,3.1,4.9,8.3,8.7,7.4,6.6,7.7,10.0],[9.9,9.0,10.0,12.8,13.4,12.3,8.7,6.7,8.2,11.6,6.4,5.9,7.6,4.4,2.7,0.9,3.4,7.3,7.1,7.3,6.0,8.0,9.9],[12.3,11.5,12.3,14.4,15.2,13.7,10.8,9.7,11.3,13.1,8.3,6.7,9.3,6.3,4.6,2.7,1.1,7.9,5.7,7.2,6.9,8.2,10.3],[18.5,17.6,17.9,19.4,20.3,18.4,17.5,17.9,17.8,18.9,16.8,15.2,17.1,15.7,12.9,7.1,7.4,1.5,8.3,12.5,13.0,13.0,16.2],[16.4,15.7,15.7,17.2,18.2,16.0,14.9,15.1,15.3,17.3,16.2,14.0,15.6,13.8,11.2,7.6,7.8,8.6,1.4,9.1,8.1,11.1,14.6],[12.8,10.3,11.4,12.7,13.6,11.1,7.2,7.6,7.3,12.7,8.4,8.5,11.6,8.2,7.0,6.5,7.3,9.1,6.4,1.1,3.0,4.5,7.3],[12.7,10.6,10.9,12.7,13.6,11.1,7.4,7.1,7.3,12.3,8.6,8.5,11.8,8.2,7.2,6.7,7.2,9.4,7.0,2.9,0.9,2.5,5.9],[12.6,10.8,12.0,12.6,13.1,11.5,8.2,7.7,7.7,12.5,8.2,8.2,12.1,8.9,7.9,7.1,7.7,10.2,8.6,3.8,2.8,0.9,5.3],[15.1,13.1,13.0,14.2,15.9,14.4,11.4,11.0,9.7,14.3,11.5,11.1,15.1,12.6,10.8,10.0,9.8,15.1,11.8,9.1,6.0,5.2,2.0]],
  "token_chain_ids": ["A","A","A","A","A","A","A","A","A","A","A","A","A","A","A","A","A","A","A","A","A","A","A"],
  "token_res_ids": [1,2,3,4,5,6,7,8,9,10,11,12,13,14,15,16,17,18,19,20,21,22,23]
}