{
  "atom_chain_ids": ["A","A","A","A","A","A","A","A","A","A","A","A","A","A","A","A","A","A","A","A","A","A","A","A","A","A","A","A","A","A","A","A","A","A","A","A","A","A","A","A","A","A","A","A","A","A","A","A","A","A","A","A","A","A","A","A","A","A","A","A","A","A","A","A","A","A","A","A","A","A","A","A","A","A","A","A","A","A","A","A","A","A","A","A","A","A","A","A","A","A","A","A","A","A","A","A","A","A","A","A","A","A","A","A","A","A","A","A","A","A","A","A","A","A","A","A","A","A","A","A","A","A","A","A","A","A","A","A","A","A","A","A","A","A","A","A","A","A","A","A","A","A","A","A","A","A","A","A","A","A","A","A","A","A","A","A","A","A","A","A","A","A","A","A","A","A","A","A","A","A","A","A","A","A","A","A","A","A","A","A","A","A","A","A","A","A","A","A","A","A","A","A","A","A","A","A","A","A","A","A","A","A","A","A","A","A","A","A","A","A","A","A","A","A","A","A","A","A","A","A","A","A","A","A","A","A","A","A","A","A","A","A","A","A","A","A","A","A","A","A","A","A","A","A","A","A","A","A","A","A","A","A","A","A","A","A","A","A","A","A","A","A","A","A","A","A","A","A","A","A","A","A","A","A","A","A","A","A","A","A","A","A","A","A","A","A","A","A","A","A","A","A","A","A","A","A","A","A","A","A","A","A","A","A","A","A","A","A","A","A","A","A","A","A","A","A","A","A","A","A","A","A","A","A","A","A","A","A","A","A","A","A","A","A","A","A","A","A","A","A","A","A","A","A","A","A","A","A","A","A","A","A","A","A","A","A","A","A","A","A","A","A","A","A","A","A","A","A","A","A","A","A","A","A","A","A","A","A","A","A","A","A","A","A","A","A","A","A","A","A","A","A","A","A","A","A","A","A","A","A","A","A","A","A","A","A","A","A","A","A","A","A","A","A","A","A","A","A","A","A","A","A","A","A","A","A","A","A","A","A","A","A","A","A","A","A","A","A","A","A","A","A","A","A","A","A","A","A","A","A","A","A","A","A","A","A","A","A","A","A","A","A","A","A","A","A","A","A","A","A","A","A","A","A","A","A","A","A","A","A","A","A","A","A","A","A","A","A","A","A","A"],
  "atom_plddts": [38.54,39.01,34.99,33.33,39.76,38.97,40.42,38.83,43.13,42.28,41.27,39.45,40.24,38.15,35.88,35.01,35.04,33.76,33.17,33.65,35.08,37.62,47.23,42.44,42.58,47.8,48.0,49.88,51.65,51.46,50.32,50.21,50.2,51.06,51.33,51.16,52.15,52.71,52.46,51.93,51.26,51.42,51.42,52.39,50.19,46.97,48.02,50.47,50.97,52.49,54.93,53.85,52.72,52.28,52.73,53.06,53.85,53.95,54.71,55.63,55.47,54.96,54.2,53.92,53.79,54.83,52.38,50.12,50.31,51.81,51.53,52.6,53.48,53.27,52.0,51.36,50.94,52.18,51.95,52.5,53.07,53.81,53.47,52.96,52.24,52.24,51.4,53.09,48.29,45.61,44.75,48.64,47.82,48.57,46.98,49.66,48.35,48.18,47.61,48.23,46.65,43.96,43.6,43.06,42.63,41.52,42.91,45.06,47.77,42.37,41.27,48.02,47.82,49.96,49.18,52.44,50.72,50.59,48.64,50.74,48.93,46.08,46.0,45.58,43.93,42.7,43.32,45.39,46.15,50.78,46.38,46.59,51.48,51.69,53.42,55.75,55.68,54.51,54.38,54.62,55.05,55.52,55.06,55.89,56.46,56.23,55.55,55.07,55.28,55.08,56.42,55.22,52.38,53.05,55.59,56.38,57.71,60.02,58.77,57.74,57.15,57.84,57.58,58.53,58.56,58.95,60.07,59.88,59.33,58.71,58.58,58.28,59.45,55.61,53.66,53.77,54.81,54.72,55.61,56.28,55.46,54.23,53.64,53.69,54.68,54.75,55.41,55.88,56.67,56.48,55.91,55.29,55.29,54.42,55.93,49.93,47.75,47.78,50.52,49.64,50.84,50.43,51.95,51.33,49.4,49.13,49.03,47.14,44.37,43.55,43.09,43.08,42.0,43.47,50.72,44.9,44.96,51.2,51.45,52.95,55.11,54.54,53.59,53.53,53.04,54.0,54.07,53.38,53.97,54.58,54.08,53.15,52.93,53.19,53.07,54.83,51.96,48.71,49.39,52.12,53.03,54.77,56.27,55.66,54.53,54.0,54.73,54.84,55.67,55.69,56.34,57.35,57.16,56.75,55.96,55.73,55.42,56.66,50.06,47.19,46.66,50.47,50.03,51.25,50.67,52.91,52.0,50.03,49.09,49.86,47.48,43.95,42.91,42.35,41.91,40.69,42.51,52.3,46.62,46.49,53.25,53.82,55.3,57.04,56.87,56.0,55.64,55.37,56.26,55.86,54.39,54.93,55.46,54.79,53.77,53.6,54.29,53.51,55.76,54.73,51.32,52.24,55.22,56.37,58.19,60.81,59.65,58.5,58.38,58.86,58.36,59.21,58.77,59.19,60.33,60.14,59.55,58.85,58.78,58.56,59.85,55.86,53.96,54.34,56.07,55.92,57.22,59.1,58.29,57.37,56.6,56.77,57.14,57.86,57.81,58.35,59.45,59.35,58.76,57.9,57.72,57.14,58.36,53.26,50.45,49.93,52.75,52.45,53.56,53.38,53.85,52.46,52.14,51.19,51.87,51.05,50.98,51.25,51.98,51.38,50.45,49.97,50.18,48.96,51.64,51.85,48.94,48.22,51.96,50.79,52.17,50.02,53.06,52.04,51.14,49.6,50.64,48.1,45.08,44.73,43.68,42.08,41.11,42.09,44.06,44.25,46.21,41.8,40.41,45.89,45.78,47.25,47.19,49.82,49.49,47.99,46.57,47.43,45.48,42.27,41.11,40.71,40.04,38.68,40.73,49.72,44.67,44.95,50.41,50.9,52.42,55.24,54.58,53.84,53.41,53.22,54.06,54.31,53.29,53.88,54.63,54.2,53.19,52.85,53.17,52.81,54.6,52.14,49.75,50.58,52.14,53.26,55.19,57.52,56.72,55.55,54.93,55.4,55.3,56.32,56.21,56.68,57.77,57.61,57.04,56.32,56.15,55.86,57.04,52.56,50.64,50.84,52.07,52.8,54.06,55.16,55.01,54.19,53.6,53.33,53.82,54.17,54.44,55.02,55.87,55.76,55.1,54.26,54.08,53.61,54.91,52.22,50.29,50.06,52.66,52.21,51.79,50.88,52.19,51.57,50.41,49.68,50.12,48.35,46.94,46.43,45.98,45.59,44.42,45.49,47.29],
  "contact_probs": [[1.0,0.72,0.17,0.03,0.01,0.04,0.06,0.13,0.2,0.08,0.07,0.07,0.05,0.33,0.27,0.09,0.06,0.06,0.08,0.14,0.09,0.05,0.06],[0.72,1.0,0.97,0.14,0.03,0.14,0.25,0.23,0.13,0.04,0.07,0.05,0.03,0.34,0.49,0.19,0.04,0.01,0.06,0.25,0.17,0.07,0.03],[0.17,0.97,1.0,0.96,0.12,0.36,0.52,0.46,0.22,0.02,0.04,0.06,0.01,0.13,0.26,0.19,0.08,0.01,0.06,0.3,0.18,0.11,0.02],[0.03,0.14,0.96,1.0,0.35,0.56,0.56,0.51,0.26,0.02,0.03,0.05,0.02,0.04,0.08,0.15,0.1,0.03,0.07,0.25,0.21,0.12,0.05],[0.01,0.03,0.12,0.35,1.0,0.47,0.12,0.04,0.02,0.01,0.01,0.01,0.01,0.01,0.01,0.01,0.02,0.03,0.05,0.07,0.02,0.02,0.02],[0.04,0.14,0.36,0.56,0.47,1.0,0.62,0.17,0.03,0.01,0.03,0.02,0.01,0.03,0.02,0.02,0.03,0.04,0.12,0.42,0.27,0.05,0.04],[0.06,0.25,0.52,0.56,0.12,0.62,1.0,0.95,0.12,0.09,0.22,0.09,0.02,0.04,0.03,0.02,0.01,0.01,0.06,0.33,0.6,0.26,0.06],[0.13,0.23,0.46,0.51,0.04,0.17,0.95,1.0,0.95,0.2,0.61,0.23,0.02,0.05,0.03,0.03,0.01,0.01,0.02,0.09,0.37,0.5,0.16],[0.2,0.13,0.22,0.26,0.02,0.03,0.12,0.95,1.0,0.36,0.67,0.45,0.05,0.08,0.05,0.04,0.03,0.02,0.02,0.06,0.15,0.23,0.28],[0.08,0.04,0.02,0.02,0.01,0.01,0.09,0.2,0.36,1.0,0.47,0.14,0.03,0.13,0.03,0.01,0.01,0.0,0.01,0.02,0.01,0.03,0.06],[0.07,0.07,0.04,0.03,0.01,0.03,0.22,0.61,0.67,0.47,1.0,0.89,0.18,0.41,0.15,0.04,0.02,0.0,0.01,0.05,0.08,0.11,0.09],[0.07,0.05,0.06,0.05,0.01,0.02,0.09,0.23,0.45,0.14,0.89,1.0,0.36,0.62,0.67,0.42,0.09,0.01,0.01,0.05,0.23,0.34,0.25],[0.05,0.03,0.01,0.02,0.01,0.01,0.02,0.02,0.05,0.03,0.18,0.36,1.0,0.25,0.14,0.05,0.02,0.01,0.01,0.01,0.02,0.04,0.05],[0.33,0.34,0.13,0.04,0.01,0.03,0.04,0.05,0.08,0.13,0.41,0.62,0.25,1.0,0.95,0.15,0.03,0.01,0.03,0.09,0.05,0.04,0.03],[0.27,0.49,0.26,0.08,0.01,0.02,0.03,0.03,0.05,0.03,0.15,0.67,0.14,0.95,1.0,0.99,0.22,0.05,0.1,0.35,0.25,0.09,0.03],[0.09,0.19,0.19,0.15,0.01,0.02,0.02,0.03,0.04,0.01,0.04,0.42,0.05,0.15,0.99,1.0,0.94,0.17,0.2,0.58,0.58,0.23,0.06],[0.06,0.04,0.08,0.1,0.02,0.03,0.01,0.01,0.03,0.01,0.02,0.09,0.02,0.03,0.22,0.94,1.0,0.38,0.25,0.37,0.56,0.34,0.15],[0.06,0.01,0.01,0.03,0.03,0.04,0.01,0.01,0.02,0.0,0.0,0.01,0.01,0.01,0.05,0.17,0.38,1.0,0.4,0.12,0.04,0.02,0.02],[0.08,0.06,0.06,0.07,0.05,0.12,0.06,0.02,0.02,0.01,0.01,0.01,0.01,0.03,0.1,0.2,0.25,0.4,1.0,0.4,0.13,0.02,0.02],[0.14,0.25,0.3,0.25,0.07,0.42,0.33,0.09,0.06,0.02,0.05,0.05,0.01,0.09,0.35,0.58,0.37,0.12,0.4,1.0,0.95,0.11,0.02],[0.09,0.17,0.18,0.21,0.02,0.27,0.6,0.37,0.15,0.01,0.08,0.23,0.02,0.05,0.25,0.58,0.56,0.04,0.13,0.95,1.0,0.98,0.3],[0.05,0.07,0.11,0.12,0.02,0.05,0.26,0.5,0.23,0.03,0.11,0.34,0.04,0.04,0.09,0.23,0.34,0.02,0.02,0.11,0.98,1.0,0.78],[0.06,0.03,0.02,0.05,0.02,0.04,0.06,0.16,0.28,0.06,0.09,0.25,0.05,0.03,0.03,0.06,0.15,0.02,0.02,0.02,0.3,0.78,1.0]],
  "pae": [[1.3,10.8,12.9,14.5,16.3,17.2,16.8,16.3,17.4,18.7,14.1,15.0,13.0,13.6,15.4,16.8,19.1,22.4,18.4,17.9,18.6,19.3,18.1],[8.5,1.1,2.8,5.0,8.0,8.7,8.4,8.6,9.9,13.3,7.3,7.1,12.1,7.8,8.3,10.8,12.6,15.4,12.5,10.2,10.4,12.6,11.3],[8.7,3.1,0.9,3.4,6.8,7.3,8.2,7.6,9.9,13.3,7.3,7.9,12.0,7.4,7.9,10.6,13.2,15.4,12.9,10.0,9.7,12.2,11.0],[11.3,4.9,2.9,1.0,6.4,6.2,6.9,8.9,10.5,14.9,8.9,9.3,13.4,9.3,9.4,11.6,13.5,15.5,13.1,9.7,9.6,12.0,12.3],[14.7,10.1,5.6,5.4,1.4,6.3,6.4,9.8,11.1,15.6,12.9,12.0,15.3,12.6,12.8,13.1,14.7,18.0,14.2,10.2,10.1,12.2,13.8],[14.8,10.4,7.5,6.2,4.8,1.1,5.8,6.2,9.2,13.1,11.1,11.1,13.6,11.9,11.3,11.4,12.5,15.3,11.6,8.8,8.3,10.6,11.3],[13.0,7.9,7.0,6.0,5.9,4.4,1.0,2.3,5.0,11.6,7.0,7.7,11.8,8.3,7.8,8.3,9.6,12.0,10.3,6.3,5.1,6.7,8.7],[12.3,7.6,6.4,7.1,7.4,4.4,2.8,0.9,2.7,9.7,5.2,5.4,9.5,6.3,5.9,7.0,7.9,10.2,9.2,5.5,5.7,6.7,7.5],[13.4,8.4,8.3,8.6,10.2,7.2,4.8,2.5,1.0,8.1,4.1,4.9,9.9,7.3,6.3,7.2,8.9,11.9,10.0,6.7,6.4,6.6,8.1],[16.0,15.0,15.5,13.3,17.9,15.7,13.7,9.6,9.4,2.0,10.3,10.6,12.5,14.7,16.3,14.6,15.0,18.9,15.7,15.4,14.1,15.2,14.0],[12.3,7.8,8.4,10.1,11.7,9.7,8.4,8.2,5.0,7.3,1.1,3.2,7.7,5.2,5.7,8.2,9.7,11.5,10.6,8.7,8.9,9.3,9.5],[10.9,6.2,6.9,8.3,11.2,8.8,8.4,5.7,4.4,7.8,2.7,1.0,6.4,4.8,4.8,6.2,8.2,11.1,10.0,8.0,7.6,8.4,8.7],[14.0,12.1,12.3,12.9,16.6,14.3,13.5,12.6,11.5,12.1,8.4,8.7,1.9,7.7,7.6,11.0,11.2,15.3,13.8,12.5,12.4,13.6,13.2],[11.1,6.1,6.9,7.5,10.3,8.1,6.7,5.6,5.8,10.4,5.0,3.8,4.7,1.0,2.2,4.0,5.4,8.7,8.3,5.8,6.1,7.8,8.3],[10.2,5.9,6.3,7.2,9.7,7.5,6.0,4.9,5.4,9.4,4.7,3.9,5.0,2.2,0.9,2.3,4.2,7.5,7.3,5.7,5.2,6.5,8.0],[11.4,7.0,7.6,8.5,11.6,8.6,6.8,5.6,6.3,10.6,5.3,4.8,6.8,3.8,2.4,0.9,3.1,6.7,6.6,6.2,5.7,7.5,8.5],[13.9,10.2,10.1,10.9,13.2,11.5,9.2,9.0,9.5,13.7,8.0,6.5,9.5,6.3,4.6,2.7,1.1,6.9,5.1,7.2,6.4,8.0,9.4],[19.0,15.8,14.8,16.0,18.1,14.2,14.7,15.6,15.2,18.6,15.1,14.1,16.4,14.6,12.5,6.2,7.2,1.4,8.0,10.8,11.6,12.4,14.3],[17.4,14.2,13.6,13.6,15.8,12.4,12.2,13.6,12.7,16.8,14.2,12.5,15.0,13.7,10.6,6.9,7.3,8.3,1.3,8.4,7.6,9.8,11.8],[14.0,9.2,9.5,9.8,10.5,7.3,6.3,7.1,6.6,12.2,7.8,7.2,10.8,7.8,6.3,6.1,6.9,8.1,5.2,1.0,2.8,4.3,6.3],[13.6,8.9,8.2,9.0,9.4,7.4,5.7,6.0,5.8,11.3,7.0,6.8,10.9,7.1,6.3,5.7,6.9,8.1,5.5,2.2,0.9,2.5,4.9],[13.5,9.6,9.6,9.4,10.2,7.7,6.0,6.9,6.7,12.4,7.6,6.7,11.4,7.7,7.1,6.6,7.6,10.3,7.6,3.5,2.7,0.9,3.7],[16.1,12.3,11.2,11.6,13.5,10.8,8.9,9.3,8.3,14.2,10.3,9.5,14.0,11.0,9.8,8.8,8.9,13.5,10.8,8.1,5.3,4.4,1.9]],
  "token_chain_ids": ["A","A","A","A","A","A","A","A","A","A","A","A","A","A","A","A","A","A","A","A","A","A","A"],
  "token_res_ids": [1,2,3,4,5,6,7,8,9,10,11,12,13,14,15,16,17,18,19,20,21,22,23]
}