{
  "atom_chain_ids": ["A","A","A","A","A","A","A","A","A","A","A","A","A","A","A","A","A","A","A","A","A","A","A","A","A","A","A","A","A","A","A","A","A","A","A","A","A","A","A","A","A","A","A","A","A","A","A","A","A","A","A","A","A","A","A","A","A","A","A","A","A","A","A","A","A","A","A","A","A","A","A","A","A","A","A","A","A","A","A","A","A","A","A","A","A","A","A","A","A","A","A","A","A","A","A","A","A","A","A","A","A","A","A","A","A","A","A","A","A","A","A","A","A","A","A","A","A","A","A","A","A","A","A","A","A","A","A","A","A","A","A","A","A","A","A","A","A","A","A","A","A","A","A","A","A","A","A","A","A","A","A","A","A","A","A","A","A","A","A","A","A","A","A","A","A","A","A","A","A","A","A","A","A","A","A","A","A","A","A","A","A","A","A","A","A","A","A","A","A","A","A","A","A","A","A","A","A","A","A","A","A","A","A","A","A","A","A","A","A","A","A","A","A","A","A","A","A","A","A","A","A","A","A","A","A","A","A","A","A","A","A","A","A","A","A","A","A","A","A","A","A","A","A","A","A","A","A","A","A","A","A","A","A","A","A","A","A","A","A","A","A","A","A","A","A","A","A","A","A","A","A","A","A","A","A","A","A","A","A","A","A","A","A","A","A","A","A","A","A","A","A","A","A","A","A","A","A","A","A","A","A","A","A","A","A","A","A","A","A","A","A","A","A","A","A","A","A","A","A","A","A","A","A","A","A","A","A","A","A","A","A","A","A","A","A","A","A","A","A","A","A","A","A","A","A","A","A","A","A","A","A","A","A","A","A","A","A","A","A","A","A","A","A","A","A","A","A","A","A","A","A","A","A","A","A","A","A","A","A","A","A","A","A","A","A","A","A","A","A","A","A","A","A","A","A","A","A","A","A","A","A","A","A","A","A","A","A","A","A","A","A","A","A","A","A","A","A","A","A","A","A","A","A","A","A","A","A","A","A","A","A","A","A","A","A","A","A","A","A","A","A","A","A","A","A","A","A","A","A","A","A","A","A","A","A","A","A","A","A","A","A","A","A","A","A","A","A","A","A","A","A","A","A","A","A","A","A","A","A","A","A","A","A","A","A","A","A","A","A","A","A"],
  "atom_plddts": [42.08,42.69,37.63,36.08,43.56,43.08,45.18,43.7,47.78,46.91,46.01,44.19,45.29,42.97,40.82,40.38,40.1,38.72,37.97,38.49,40.41,43.25,45.78,40.82,40.82,46.47,46.69,48.82,50.5,50.58,49.47,49.32,49.17,49.99,50.3,49.93,50.78,51.36,51.05,50.44,49.88,50.09,50.11,51.18,47.73,44.66,45.8,47.86,48.51,50.2,52.2,51.17,49.95,49.66,49.87,50.4,51.17,51.14,51.74,52.56,52.34,51.98,51.32,51.06,50.97,51.85,47.24,45.34,45.73,46.77,46.85,47.81,48.15,48.03,46.8,46.46,46.05,47.21,47.0,47.43,48.03,48.61,48.29,48.06,47.31,47.21,46.67,47.93,43.71,41.65,40.51,43.72,43.15,43.86,42.31,45.16,43.61,44.12,43.32,43.78,42.45,39.93,39.66,39.33,38.89,38.0,39.0,40.79,42.1,37.5,36.33,42.43,42.16,43.9,42.85,46.67,45.03,44.58,42.86,44.84,43.1,40.28,40.07,39.93,38.5,37.6,37.91,39.6,40.53,46.31,42.35,42.38,46.82,47.18,49.26,50.99,51.07,49.96,49.79,49.86,50.49,50.94,50.19,51.03,51.5,51.24,50.75,50.17,50.34,50.27,51.41,50.8,47.96,49.09,51.1,51.95,53.37,55.65,54.53,53.45,52.86,53.35,53.24,54.34,54.22,54.59,55.69,55.51,55.07,54.44,54.17,53.9,54.95,53.52,51.53,51.7,52.71,52.74,53.61,54.25,53.44,52.3,51.84,51.79,52.78,52.84,53.41,53.86,54.66,54.49,53.9,53.28,53.25,52.37,53.91,49.95,47.49,47.36,50.49,49.59,50.71,50.46,51.77,51.26,49.55,49.32,49.35,47.56,44.89,44.15,43.81,43.86,42.69,44.04,49.04,43.33,43.24,49.49,49.68,51.23,53.17,52.82,51.99,51.88,51.29,52.34,52.37,51.56,52.17,52.72,52.25,51.37,51.13,51.4,51.31,52.98,50.19,46.84,47.53,50.35,51.25,53.01,54.37,53.83,52.72,52.2,52.8,52.97,53.83,53.82,54.44,55.4,55.2,54.79,54.07,53.84,53.5,54.69,47.37,44.61,43.87,47.43,47.3,48.57,47.89,50.76,49.9,48.01,46.94,47.24,44.77,40.95,39.85,39.2,38.78,37.7,39.63,49.89,44.3,43.96,50.75,51.32,52.92,54.39,54.26,53.57,53.19,52.81,53.86,53.45,51.87,52.42,52.87,52.22,51.22,51.04,51.75,51.02,53.23,51.99,48.45,49.66,52.4,53.37,55.22,57.86,56.7,55.61,55.41,55.75,55.5,56.41,55.9,56.24,57.4,57.2,56.66,55.99,55.87,55.65,56.85,54.56,52.61,53.12,54.68,54.89,56.16,58.26,57.33,56.37,55.65,55.71,56.02,56.79,56.65,57.02,58.19,58.09,57.48,56.67,56.51,55.93,57.16,50.74,48.31,47.85,50.18,50.0,51.18,51.02,51.37,49.99,49.75,48.86,49.65,48.99,48.89,49.2,49.88,49.35,48.59,48.09,48.27,47.11,49.46,49.49,46.8,45.97,49.37,48.4,49.63,47.4,50.71,49.65,48.91,47.29,48.28,45.88,42.89,42.47,41.53,40.1,39.19,40.11,41.95,42.05,42.81,38.65,37.09,42.28,42.41,44.03,43.49,46.38,46.02,44.72,42.92,43.67,41.91,38.5,37.33,37.09,36.44,35.26,37.14,46.9,42.09,42.13,47.3,47.79,49.77,52.07,51.76,51.05,50.69,50.32,51.32,51.58,50.38,50.94,51.53,51.09,50.17,49.85,50.22,50.0,51.61,50.07,47.83,48.76,49.84,50.78,52.74,54.84,54.18,53.01,52.41,52.54,52.73,53.73,53.63,53.96,54.97,54.76,54.23,53.64,53.47,53.16,54.22,51.46,49.78,50.05,50.97,51.54,52.67,53.7,53.48,52.73,52.19,51.78,52.46,52.78,53.04,53.57,54.42,54.32,53.64,52.85,52.69,52.18,53.41,49.94,48.36,48.03,50.16,49.83,49.29,48.28,49.72,48.98,48.3,47.15,47.53,45.82,44.41,43.79,43.34,42.93,41.75,42.89,44.56],
  "contact_probs": [[1.0,0.72,0.17,0.03,0.01,0.04,0.06,0.13,0.2,0.08,0.07,0.07,0.05,0.33,0.27,0.09,0.06,0.06,0.08,0.14,0.09,0.05,0.06],[0.72,1.0,0.97,0.14,0.03,0.14,0.25,0.23,0.13,0.04,0.07,0.05,0.03,0.34,0.49,0.19,0.04,0.01,0.06,0.25,0.17,0.07,0.03],[0.17,0.97,1.0,0.96,0.12,0.36,0.52,0.46,0.22,0.02,0.04,0.06,0.01,0.13,0.26,0.19,0.08,0.01,0.06,0.3,0.18,0.11,0.02],[0.03,0.14,0.96,1.0,0.35,0.56,0.56,0.51,0.26,0.02,0.03,0.05,0.02,0.04,0.08,0.15,0.1,0.03,0.07,0.25,0.21,0.12,0.05],[0.01,0.03,0.12,0.35,1.0,0.47,0.12,0.04,0.02,0.01,0.01,0.01,0.01,0.01,0.01,0.01,0.02,0.03,0.05,0.07,0.02,0.02,0.02],[0.04,0.14,0.36,0.56,0.47,1.0,0.62,0.17,0.03,0.01,0.03,0.02,0.01,0.03,0.02,0.02,0.03,0.04,0.12,0.42,0.27,0.05,0.04],[0.06,0.25,0.52,0.56,0.12,0.62,1.0,0.95,0.12,0.09,0.22,0.09,0.02,0.04,0.03,0.02,0.01,0.01,0.06,0.33,0.6,0.26,0.06],[0.13,0.23,0.46,0.51,0.04,0.17,0.95,1.0,0.95,0.2,0.61,0.23,0.02,0.05,0.03,0.03,0.01,0.01,0.02,0.09,0.37,0.5,0.16],[0.2,0.13,0.22,0.26,0.02,0.03,0.12,0.95,1.0,0.36,0.67,0.45,0.05,0.08,0.05,0.04,0.03,0.02,0.02,0.06,0.15,0.23,0.28],[0.08,0.04,0.02,0.02,0.01,0.01,0.09,0.2,0.36,1.0,0.47,0.14,0.03,0.13,0.03,0.01,0.01,0.0,0.01,0.02,0.01,0.03,0.06],[0.07,0.07,0.04,0.03,0.01,0.03,0.22,0.61,0.67,0.47,1.0,0.89,0.18,0.41,0.15,0.04,0.02,0.0,0.01,0.05,0.08,0.11,0.09],[0.07,0.05,0.06,0.05,0.01,0.02,0.09,0.23,0.45,0.14,0.89,1.0,0.36,0.62,0.67,0.42,0.09,0.01,0.01,0.05,0.23,0.34,0.25],[0.05,0.03,0.01,0.02,0.01,0.01,0.02,0.02,0.05,0.03,0.18,0.36,1.0,0.25,0.14,0.05,0.02,0.01,0.01,0.01,0.02,0.04,0.05],[0.33,0.34,0.13,0.04,0.01,0.03,0.04,0.05,0.08,0.13,0.41,0.62,0.25,1.0,0.95,0.15,0.03,0.01,0.03,0.09,0.05,0.04,0.03],[0.27,0.49,0.26,0.08,0.01,0.02,0.03,0.03,0.05,0.03,0.15,0.67,0.14,0.95,1.0,0.99,0.22,0.05,0.1,0.35,0.25,0.09,0.03],[0.09,0.19,0.19,0.15,0.01,0.02,0.02,0.03,0.04,0.01,0.04,0.42,0.05,0.15,0.99,1.0,0.94,0.17,0.2,0.58,0.58,0.23,0.06],[0.06,0.04,0.08,0.1,0.02,0.03,0.01,0.01,0.03,0.01,0.02,0.09,0.02,0.03,0.22,0.94,1.0,0.38,0.25,0.37,0.56,0.34,0.15],[0.06,0.01,0.01,0.03,0.03,0.04,0.01,0.01,0.02,0.0,0.0,0.01,0.01,0.01,0.05,0.17,0.38,1.0,0.4,0.12,0.04,0.02,0.02],[0.08,0.06,0.06,0.07,0.05,0.12,0.06,0.02,0.02,0.01,0.01,0.01,0.01,0.03,0.1,0.2,0.25,0.4,1.0,0.4,0.13,0.02,0.02],[0.14,0.25,0.3,0.25,0.07,0.42,0.33,0.09,0.06,0.02,0.05,0.05,0.01,0.09,0.35,0.58,0.37,0.12,0.4,1.0,0.95,0.11,0.02],[0.09,0.17,0.18,0.21,0.02,0.27,0.6,0.37,0.15,0.01,0.08,0.23,0.02,0.05,0.25,0.58,0.56,0.04,0.13,0.95,1.0,0.98,0.3],[0.05,0.07,0.11,0.12,0.02,0.05,0.26,0.5,0.23,0.03,0.11,0.34,0.04,0.04,0.09,0.23,0.34,0.02,0.02,0.11,0.98,1.0,0.78],[0.06,0.03,0.02,0.05,0.02,0.04,0.06,0.16,0.28,0.06,0.09,0.25,0.05,0.03,0.03,0.06,0.15,0.02,0.02,0.02,0.3,0.78,1.0]],
  "pae": [[1.3,5.8,6.5,10.0,12.2,11.8,13.5,12.4,13.1,16.3,8.9,11.6,13.2,9.3,9.9,12.5,14.7,19.1,17.1,13.3,14.2,14.8,15.4],[5.6,1.1,3.4,6.2,10.1,10.4,8.8,8.5,10.4,13.5,7.6,7.9,11.8,8.1,8.6,10.8,13.1,16.8,15.6,11.5,10.7,12.9,11.5],[6.4,3.3,0.9,4.1,8.1,8.4,8.3,8.5,10.4,13.0,7.4,9.1,11.8,8.4,9.1,11.4,14.2,17.7,15.4,11.4,11.4,12.4,11.2],[7.6,4.9,3.4,1.0,6.8,6.2,6.8,10.5,12.1,15.4,9.7,11.1,13.9,10.5,11.8,13.7,15.8,20.2,18.5,12.8,12.2,13.6,12.1],[13.2,10.7,7.0,8.0,1.5,8.8,8.4,13.7,14.1,16.7,15.1,15.8,17.3,15.4,15.4,16.2,17.6,22.4,19.4,14.5,13.9,15.5,15.6],[13.4,11.5,9.0,7.1,6.5,1.2,6.5,8.8,12.8,15.0,13.9,14.9,16.9,15.3,15.2,14.2,17.0,22.1,19.9,13.0,12.2,12.8,12.9],[12.3,9.7,9.4,8.1,7.9,6.0,1.1,2.9,6.2,12.4,8.7,9.7,13.6,10.9,10.5,11.4,13.5,16.9,15.3,9.5,8.3,8.6,9.0],[11.7,9.2,9.0,10.4,10.8,7.4,4.2,1.0,3.7,9.7,6.7,7.0,10.4,8.1,7.5,9.0,10.0,13.0,12.2,8.6,8.1,8.1,8.6],[12.7,9.2,10.3,11.3,13.0,9.3,6.0,3.0,1.1,7.3,5.7,6.1,11.4,9.6,7.9,9.4,11.2,13.7,12.1,9.7,9.1,8.4,8.6],[17.2,14.8,16.5,16.6,19.6,17.4,14.7,9.5,9.2,2.0,10.8,11.2,14.0,16.6,16.9,17.2,16.8,21.2,18.9,17.4,15.9,16.6,14.8],[11.7,8.3,9.0,11.6,13.4,12.8,11.5,8.2,5.9,7.1,1.1,3.6,8.2,6.9,6.4,10.7,11.1,12.8,12.1,10.7,10.7,11.2,10.5],[10.2,7.1,8.0,10.4,13.1,12.0,10.7,7.3,6.2,7.2,3.1,1.0,6.8,5.7,5.4,7.9,10.2,13.1,12.2,9.6,10.1,10.5,10.1],[13.6,13.4,13.7,14.6,18.2,16.8,16.0,15.2,13.9,11.8,8.9,10.4,2.0,9.4,8.6,12.3,12.6,17.6,15.0,14.9,14.3,15.4,15.1],[10.4,7.3,8.5,9.9,13.2,11.8,9.0,7.7,7.5,11.3,5.8,5.0,5.2,1.1,2.9,4.7,6.1,9.8,9.9,8.0,8.3,9.3,9.6],[9.5,7.3,7.4,10.7,12.9,11.5,7.8,6.1,6.9,10.2,5.6,4.7,5.6,2.7,0.9,2.8,4.8,8.4,9.1,7.3,6.8,7.8,9.0],[9.4,8.0,8.3,10.8,12.8,11.5,7.8,5.7,7.0,9.8,5.2,4.8,6.6,3.6,2.3,0.9,3.4,7.9,8.9,7.1,6.0,7.8,8.9],[11.3,10.7,10.5,12.5,15.0,13.6,10.7,8.6,10.3,12.6,8.0,6.3,8.5,6.1,4.2,3.1,1.2,7.8,8.0,7.9,7.7,8.5,9.3],[18.0,16.2,16.4,17.9,19.9,17.6,16.9,17.4,17.0,18.1,15.7,14.5,15.2,15.1,12.2,8.0,9.2,1.5,7.8,12.8,14.3,14.1,15.0],[18.0,16.8,15.6,17.6,19.4,17.2,16.8,16.6,17.0,19.4,17.5,15.5,17.2,16.4,12.4,10.1,10.0,9.4,1.6,10.7,11.0,13.6,15.6],[12.5,10.8,11.0,12.8,14.6,12.4,9.0,9.2,8.3,13.1,9.1,8.2,11.6,9.1,7.0,6.5,7.9,9.9,7.3,1.1,3.2,4.9,6.9],[12.7,10.5,9.9,11.6,14.1,11.6,8.1,7.1,7.6,12.0,8.5,7.7,11.6,8.2,7.3,7.2,8.2,10.3,7.5,2.9,0.9,3.0,5.2],[12.5,10.7,10.6,11.1,13.5,11.1,8.2,8.1,7.7,12.4,8.7,8.1,12.0,8.9,7.9,7.5,8.8,11.6,9.7,4.4,3.1,1.0,4.5],[14.7,13.2,11.9,13.4,15.8,13.8,10.2,9.6,9.5,14.1,10.9,10.6,15.3,12.5,10.7,10.6,10.6,15.7,13.8,10.0,6.4,5.5,2.1]],
  "token_chain_ids": ["A","A","A","A","A","A","A","A","A","A","A","A","A","A","A","A","A","A","A","A","A","A","A"],
  "token_res_ids": [1,2,3,4,5,6,7,8,9,10,11,12,13,14,15,16,17,18,19,20,21,22,23]
}