{
  "atom_chain_ids": ["A","B","B","B","B","B","B","B","B","B","B","B","B","B","B","B","B","B","B","B","B","B","B","B","B","B","B","B","B","B","B","B","B","B","B","B","B","B","B","B","B","B","B","B","B","B","B","B","B","B","B","B","B","B","B","B","B","B","B","B","B","B","B","B","B","B","B","B","B","B","B","B","B","B","B","B","B","B","B","B","B","B","B","B","B","B","B","B","B","B","B","B","B","B","B","B","B","B","B","B","B","B","B","B","B","B","B","B","B","B","B","B","B","B","B","B","B","B","B","B","B","B","B","B","B","B","B","B","B","B","B","B","B","B","B","B","B","B","B","B","B","B","B","B","B","B","B","B","B","B","B","B","B","B","B","B","B","B","B","B","B","B","B","B","B","B","B","B","B","B","B","B","B","B","B","B","B","B","B","B","B","B","B","B","B","B","B","B","B","B","B","B","B","B","B","B","B","B","B","B","B","B","B","B","B","B","B","B","B","B","B","B","B","B","B","B","B","B","B","B","B","B","B","B","B","B","B","B","B","B","B","B","B","B","B","B","B","B","B","B","B","B","B","B","B","B","B","B","B","B","B","B","B","B","B","B","B","B","B","B","B","B","B","B","B","B","B","B","B","B","B","B","B","B","B","B","B","B","B","B","B","B","B","B","B","B","B","B","B","B","B","B","B","B","B","B","B","B","B","B","B","B","B","B","B","B","B","B","B","B","B","B","B","B","B","B","B","B","B","B","B","B","B","B","B","B","B","B","B","B","B","B","B","B","B","B","B","B","B","B","B","B","B","B","B","B","B","B","B","B","B","B","B","B","B","B","B","B","B","B","B","B","B","B","B","B","B","B","B","B","B","B","B","B","B","B","B","B","B","B","B","B","B","B","B","B","B","B","B","B","B","B","B","B","B","B","B","B","B","B","B","B","B","B","B","B","B","B","B","B","B","B","B","B","B","B","B","B"],
  "atom_plddts": [82.74,68.31,69.02,64.26,64.53,68.68,73.27,75.36,75.81,76.43,75.3,76.35,76.81,77.22,77.54,76.42,77.19,77.56,77.06,76.52,76.73,77.0,77.17,78.23,73.23,70.44,69.52,73.58,74.85,76.48,76.61,76.66,75.85,77.08,77.45,77.61,77.97,76.89,77.47,77.97,77.43,77.23,77.28,77.33,77.36,78.2,72.63,71.62,71.24,71.18,67.79,69.25,69.73,68.55,67.75,66.38,65.47,67.67,66.89,66.99,65.78,66.4,66.22,64.8,65.69,65.07,62.38,62.15,64.63,61.97,63.13,62.11,63.03,62.2,59.25,57.54,59.6,56.73,53.42,51.71,50.71,49.16,47.35,49.77,52.96,57.57,53.58,54.05,58.29,57.44,58.81,58.63,59.57,59.48,57.11,55.83,57.05,54.82,50.91,49.7,48.8,47.26,45.84,47.97,50.85,64.1,59.3,58.84,63.76,64.03,65.72,67.24,67.42,66.34,66.96,64.72,65.98,65.0,61.69,61.34,62.27,60.42,58.25,58.98,60.38,61.26,71.91,68.76,68.25,71.91,73.49,75.54,75.9,76.18,75.1,76.01,76.26,76.86,77.24,75.91,76.34,76.99,76.54,76.14,76.23,76.32,76.18,77.35,75.64,73.88,72.91,75.38,75.36,77.21,77.26,77.52,76.34,77.23,77.31,77.97,78.13,77.07,77.4,78.01,77.41,77.09,77.19,77.24,76.98,78.14,72.65,71.18,70.79,71.93,69.58,71.58,71.79,71.05,69.96,69.09,69.15,70.57,70.35,70.62,70.0,70.36,70.23,69.3,70.06,71.0,67.81,66.74,70.16,68.87,70.54,70.39,71.0,69.73,68.03,66.7,68.51,66.94,64.19,62.73,63.36,62.47,60.43,61.7,63.87,64.1,60.1,60.39,64.56,64.05,65.52,65.3,66.5,65.4,63.51,63.58,64.72,63.21,61.03,60.27,59.96,59.14,57.42,58.97,61.4,66.02,62.28,61.59,64.85,65.69,66.6,67.36,67.9,66.63,68.04,65.82,67.0,66.43,63.95,63.69,64.69,63.59,61.58,62.31,63.39,63.47,70.02,66.96,66.26,70.24,72.19,73.64,74.22,74.32,73.01,74.4,74.47,74.68,75.09,73.89,74.29,75.08,74.74,74.36,74.36,74.41,74.24,75.4,72.29,71.29,69.97,71.87,72.5,73.03,73.46,72.94,72.12,73.25,73.39,73.62,74.06,73.42,73.78,74.54,74.27,74.03,73.84,73.76,73.34,74.32,66.26,65.27,64.85,65.51,63.51,64.6,65.25,63.6,63.0,61.64,60.66,62.12,61.43,60.72,59.29,59.71,59.4,57.69,59.14,55.22,51.71,51.88,55.76,55.23,55.75,54.54,56.36,55.58,53.73,52.27,53.32,50.8,47.14,45.71,44.38,42.86,41.26,43.82,47.2,50.55,46.52,46.34,51.23,51.3,51.94,51.02,52.96,52.84,51.16,49.84,50.7,48.28,44.28,43.0,41.89,40.33,38.88,41.12,44.29,64.38,60.43,59.25,63.42,63.91,65.17,66.58,66.58,65.69,66.73,63.5,65.27,64.31,60.95,60.26,61.43,59.67,57.12,58.01,59.41,59.88,68.52,64.94,63.96,68.89,71.42,72.87,73.85,73.47,72.44,73.97,74.55,74.4,75.09,74.2,74.87,75.57,75.26,74.92,74.88,74.89,75.13,75.95,73.93,72.11,70.63,73.56,74.65,75.31,75.59,75.36,74.16,75.46,75.47,76.18,76.51,75.73,76.0,76.79,76.51,76.13,76.23,76.21,76.0,77.04],
  "contact_probs": [[1.0,0.99,0.99,0.77,0.04,0.02,0.17,0.99,0.99,0.9,0.33,0.18,0.82,0.99,0.99,0.81,0.08,0.04,0.5,0.99,0.98],[0.99,1.0,1.0,0.34,0.01,0.01,0.02,0.4,0.5,0.29,0.43,0.5,0.84,0.22,0.08,0.02,0.01,0.0,0.0,0.0,0.01],[0.99,1.0,1.0,0.99,0.12,0.04,0.58,0.87,0.27,0.03,0.02,0.04,0.33,0.33,0.2,0.31,0.08,0.02,0.01,0.01,0.0],[0.77,0.34,0.99,1.0,0.62,0.2,0.86,0.77,0.06,0.01,0.0,0.0,0.0,0.06,0.46,0.62,0.34,0.21,0.32,0.02,0.0],[0.04,0.01,0.12,0.62,1.0,0.46,0.49,0.07,0.01,0.0,0.0,0.0,0.0,0.01,0.16,0.39,0.38,0.29,0.23,0.02,0.0],[0.02,0.01,0.04,0.2,0.46,1.0,0.62,0.11,0.02,0.0,0.0,0.0,0.0,0.0,0.02,0.17,0.23,0.46,0.28,0.06,0.01],[0.17,0.02,0.58,0.86,0.49,0.62,1.0,0.88,0.06,0.0,0.0,0.0,0.0,0.0,0.02,0.43,0.31,0.51,0.51,0.08,0.01],[0.99,0.4,0.87,0.77,0.07,0.11,0.88,1.0,1.0,0.27,0.01,0.01,0.01,0.01,0.02,0.21,0.09,0.23,0.6,0.22,0.06],[0.99,0.5,0.27,0.06,0.01,0.02,0.06,1.0,1.0,0.98,0.64,0.12,0.1,0.02,0.01,0.02,0.01,0.02,0.13,0.5,0.3],[0.9,0.29,0.03,0.01,0.0,0.0,0.0,0.27,0.98,1.0,0.9,0.47,0.63,0.15,0.01,0.02,0.0,0.0,0.01,0.45,0.86],[0.33,0.43,0.02,0.0,0.0,0.0,0.0,0.01,0.64,0.9,1.0,0.79,0.76,0.14,0.0,0.0,0.0,0.0,0.0,0.02,0.43],[0.18,0.5,0.04,0.0,0.0,0.0,0.0,0.01,0.12,0.47,0.79,1.0,0.88,0.25,0.02,0.01,0.0,0.0,0.01,0.02,0.22],[0.82,0.84,0.33,0.0,0.0,0.0,0.0,0.01,0.1,0.63,0.76,0.88,1.0,0.96,0.18,0.01,0.0,0.0,0.0,0.04,0.37],[0.99,0.22,0.33,0.06,0.01,0.0,0.0,0.01,0.02,0.15,0.14,0.25,0.96,1.0,1.0,0.37,0.02,0.01,0.01,0.33,0.5],[0.99,0.08,0.2,0.46,0.16,0.02,0.02,0.02,0.01,0.01,0.0,0.02,0.18,1.0,1.0,0.97,0.23,0.05,0.42,0.82,0.27],[0.81,0.02,0.31,0.62,0.39,0.17,0.43,0.21,0.02,0.02,0.0,0.01,0.01,0.37,0.97,1.0,0.52,0.34,0.83,0.76,0.09],[0.08,0.01,0.08,0.34,0.38,0.23,0.31,0.09,0.01,0.0,0.0,0.0,0.0,0.02,0.23,0.52,1.0,0.5,0.41,0.14,0.01],[0.04,0.0,0.02,0.21,0.29,0.46,0.51,0.23,0.02,0.0,0.0,0.0,0.0,0.01,0.05,0.34,0.5,1.0,0.74,0.13,0.01],[0.5,0.0,0.01,0.32,0.23,0.28,0.51,0.6,0.13,0.01,0.0,0.01,0.0,0.01,0.42,0.83,0.41,0.74,1.0,0.95,0.12],[0.99,0.0,0.01,0.02,0.02,0.06,0.08,0.22,0.5,0.45,0.02,0.02,0.04,0.33,0.82,0.76,0.14,0.13,0.95,1.0,1.0],[0.98,0.01,0.0,0.0,0.0,0.01,0.01,0.06,0.3,0.86,0.43,0.22,0.37,0.5,0.27,0.09,0.01,0.01,0.12,1.0,1.0]],
  "pae": [[0.8,3.1,2.8,4.1,9.1,10.8,6.8,2.9,2.7,3.9,6.5,7.7,4.9,3.1,3.2,6.2,11.5,11.3,5.6,2.7,2.7],[3.0,1.0,2.0,3.3,7.6,9.8,6.5,4.6,4.0,4.3,6.5,6.6,4.7,4.1,4.9,6.5,11.6,11.7,6.5,4.8,4.8],[2.4,1.6,0.9,2.6,6.7,8.3,5.4,3.5,3.1,4.1,6.2,6.4,4.6,3.7,3.6,6.3,10.6,10.4,6.0,3.8,4.0],[4.5,4.7,2.7,1.1,6.6,7.8,5.2,5.5,6.0,7.2,8.5,8.6,6.2,6.3,5.5,7.0,11.0,12.8,8.6,6.3,7.3],[10.2,11.6,10.4,7.1,1.4,9.2,6.6,10.3,10.7,11.8,13.7,13.6,12.3,12.0,12.1,10.2,10.7,12.1,11.0,12.1,12.4],[12.5,12.8,11.0,8.8,6.0,1.2,6.8,9.7,12.6,13.5,15.3,15.1,14.8,14.0,12.9,10.7,8.7,11.9,11.7,13.2,14.5],[6.6,7.8,6.5,5.2,5.9,5.4,1.1,5.8,6.5,8.7,10.3,10.7,8.8,8.7,7.8,7.4,8.3,9.9,7.9,8.1,9.5],[2.9,4.6,3.5,4.3,7.4,6.8,4.3,0.9,1.9,3.6,5.4,6.9,5.2,5.4,5.4,6.0,9.9,10.2,6.7,3.7,4.3],[3.5,3.7,3.3,4.0,7.4,8.5,4.2,1.8,0.9,2.7,4.9,6.5,5.0,4.8,5.0,6.8,11.3,10.6,6.5,3.8,3.7],[5.4,6.6,6.2,6.8,9.7,11.4,6.8,4.7,3.5,1.1,6.4,6.0,5.7,6.7,7.8,8.4,12.2,12.6,8.7,6.3,5.9],[9.0,8.3,8.6,9.7,12.7,14.7,10.9,8.8,8.5,5.0,1.3,6.6,5.9,8.3,10.0,10.5,13.2,15.4,11.0,9.0,6.5],[10.5,8.6,10.0,11.4,14.3,16.6,13.0,11.1,12.9,7.1,7.0,1.3,5.9,6.9,11.3,11.4,15.3,16.1,14.3,12.8,9.7],[7.0,6.8,6.5,9.0,12.4,13.9,11.0,8.8,10.2,6.9,7.0,5.2,1.1,4.5,5.9,9.5,13.1,14.0,12.3,10.7,9.5],[4.1,4.9,3.8,5.8,8.9,11.3,7.0,6.0,7.2,6.0,6.8,5.3,3.2,0.9,2.1,6.2,10.0,11.3,7.4,5.1,5.5],[3.1,5.0,4.2,5.0,8.8,11.1,6.4,5.0,5.5,5.9,6.5,6.1,3.5,2.0,0.9,5.0,10.3,10.3,7.3,5.1,5.1],[6.6,8.1,7.2,6.9,9.9,11.6,8.3,7.9,10.8,9.8,10.1,10.9,9.1,7.5,6.5,1.1,7.1,9.7,7.0,6.6,9.7],[15.8,16.4,15.3,14.7,11.8,10.0,13.2,14.7,16.3,15.0,16.0,18.6,16.2,15.7,15.1,10.5,1.2,9.7,9.1,12.5,15.6],[15.8,16.3,13.7,12.5,10.9,9.3,12.0,14.4,16.7,15.4,17.3,18.6,17.2,16.9,16.0,10.3,6.5,1.2,9.0,12.9,16.0],[6.0,8.5,7.3,7.1,9.6,9.7,6.4,5.4,7.1,7.1,8.7,10.9,8.9,9.7,6.6,6.6,8.4,7.0,1.1,4.3,6.3],[3.1,5.5,5.1,4.9,8.8,10.3,6.7,4.2,4.9,5.2,7.3,8.1,6.1,5.3,5.2,6.8,10.1,9.0,3.7,0.9,2.1],[2.8,4.5,4.2,5.0,8.6,10.3,6.2,4.0,3.4,4.4,6.9,7.5,5.5,4.5,3.5,6.1,10.3,9.2,4.6,1.5,0.9]],
  "token_chain_ids": ["A","B","B","B","B","B","B","B","B","B","B","B","B","B","B","B","B","B","B","B","B"],
  "token_res_ids": [1,1,2,3,4,5,6,7,8,9,10,11,12,13,14,15,16,17,18,19,20]
}