{
  "atom_chain_ids": ["A","B","B","B","B","B","B","B","B","B","B","B","B","B","B","B","B","B","B","B","B","B","B","B","B","B","B","B","B","B","B","B","B","B","B","B","B","B","B","B","B","B","B","B","B","B","B","B","B","B","B","B","B","B","B","B","B","B","B","B","B","B","B","B","B","B","B","B","B","B","B","B","B","B","B","B","B","B","B","B","B","B","B","B","B","B","B","B","B","B","B","B","B","B","B","B","B","B","B","B","B","B","B","B","B","B","B","B","B","B","B","B","B","B","B","B","B","B","B","B","B","B","B","B","B","B","B","B","B","B","B","B","B","B","B","B","B","B","B","B","B","B","B","B","B","B","B","B","B","B","B","B","B","B","B","B","B","B","B","B","B","B","B","B","B","B","B","B","B","B","B","B","B","B","B","B","B","B","B","B","B","B","B","B","B","B","B","B","B","B","B","B","B","B","B","B","B","B","B","B","B","B","B","B","B","B","B","B","B","B","B","B","B","B","B","B","B","B","B","B","B","B","B","B","B","B","B","B","B","B","B","B","B","B","B","B","B","B","B","B","B","B","B","B","B","B","B","B","B","B","B","B","B","B","B","B","B","B","B","B","B","B","B","B","B","B","B","B","B","B","B","B","B","B","B","B","B","B","B","B","B","B","B","B","B","B","B","B","B","B","B","B","B","B","B","B","B","B","B","B","B","B","B","B","B","B","B","B","B","B","B","B","B","B","B","B","B","B","B","B","B","B","B","B","B","B","B","B","B","B","B","B","B","B","B","B","B","B","B","B","B","B","B","B","B","B","B","B","B","B","B","B","B","B","B","B","B","B","B","B","B","B","B","B","B","B","B","B","B","B","B","B","B","B","B","B","B","B","B","B","B","B","B","B","B","B","B","B","B","B","B","B","B","B","B","B","B","B","B","B","B","B","B","B","B","B","B","B","B","B","B","B","B","B","B","B","B","B"],
  "atom_plddts": [84.98,68.44,69.37,63.98,64.29,69.07,74.04,76.33,76.74,77.52,76.42,77.46,78.02,78.51,78.8,77.83,78.76,79.07,78.44,78.03,78.26,78.54,78.74,79.76,74.58,71.4,70.33,74.96,76.27,78.15,78.12,78.39,77.58,78.81,79.3,79.52,79.78,78.68,79.45,79.86,79.14,79.08,79.11,79.15,79.31,80.12,76.08,74.2,73.9,74.84,71.99,74.17,74.46,73.83,72.61,71.65,71.68,73.94,73.43,72.98,72.35,72.89,72.28,71.37,72.11,67.16,63.96,63.5,66.41,63.48,64.77,62.56,64.48,63.32,59.59,57.93,60.04,56.09,51.93,49.94,48.5,46.6,44.83,47.56,51.47,62.03,56.98,57.29,62.63,61.43,63.76,63.48,64.99,64.3,61.91,61.3,62.91,60.43,56.14,55.07,54.42,52.57,51.06,53.08,56.49,68.43,63.02,62.0,67.87,68.29,70.45,71.97,72.2,70.85,71.85,70.07,71.56,70.57,67.28,67.5,68.59,66.49,64.59,65.13,66.4,67.91,73.5,69.81,69.22,73.69,75.35,77.34,77.6,77.96,76.91,77.92,78.42,79.04,79.4,78.33,78.98,79.54,79.07,78.94,78.98,78.95,78.98,79.83,76.64,74.81,74.01,76.47,76.51,78.3,78.32,78.64,77.46,78.57,78.98,79.57,79.75,78.73,79.32,79.79,79.13,79.08,79.09,79.04,78.99,79.82,73.5,71.75,71.61,73.03,70.91,73.27,73.62,73.06,71.76,71.13,71.57,72.92,72.78,72.72,72.32,72.74,72.45,71.78,72.34,70.64,67.64,66.77,69.81,68.39,69.94,69.34,70.24,68.83,66.78,65.87,67.52,65.64,62.89,61.63,61.91,61.01,59.23,60.43,62.81,65.55,61.32,61.43,65.87,65.46,67.36,66.79,68.24,66.78,64.56,64.5,65.53,63.66,61.1,60.14,59.87,58.87,57.21,58.74,61.4,66.9,63.12,62.45,65.59,66.78,67.88,68.47,69.0,67.51,69.12,67.22,68.2,67.51,64.99,64.86,65.86,64.62,62.73,63.4,64.49,64.81,70.58,66.86,66.13,71.05,73.26,75.04,75.64,75.96,74.68,76.24,76.69,76.74,77.1,75.83,76.56,77.29,76.78,76.62,76.58,76.57,76.66,77.66,73.93,72.28,71.0,73.87,74.86,76.18,76.25,76.08,75.11,76.46,77.03,77.37,77.74,76.65,77.34,77.98,77.46,77.45,77.27,77.11,76.93,77.91,69.44,67.2,66.76,69.05,67.44,69.02,69.68,68.54,67.51,66.64,67.06,68.11,67.45,66.51,65.67,66.01,65.68,64.44,65.67,65.84,61.36,60.96,65.69,63.69,65.42,63.32,65.68,64.06,61.41,60.23,62.12,58.69,54.47,52.91,51.87,50.03,48.49,50.92,54.92,65.23,59.69,59.3,65.6,64.78,67.19,67.3,68.63,67.81,66.07,64.93,66.88,64.15,59.31,57.77,57.64,55.73,53.87,56.06,59.72,69.73,65.34,63.44,68.41,69.14,70.76,72.21,72.12,70.89,72.13,69.4,71.36,70.36,66.77,66.49,67.95,66.09,63.78,64.39,65.65,66.59,71.76,67.85,66.55,72.31,74.58,76.26,76.85,76.69,75.73,77.28,78.05,78.0,78.55,77.83,78.7,79.29,78.87,78.88,78.82,78.71,79.05,79.61,75.54,73.87,72.49,75.23,76.08,76.72,76.9,76.75,75.58,76.96,77.28,77.99,78.3,77.53,77.94,78.64,78.27,78.11,78.18,78.03,77.84,78.76],
  "contact_probs": [[1.0,0.99,0.99,0.77,0.04,0.02,0.17,0.99,0.99,0.9,0.33,0.18,0.82,0.99,0.99,0.81,0.08,0.04,0.5,0.99,0.98],[0.99,1.0,1.0,0.34,0.01,0.01,0.02,0.4,0.5,0.29,0.43,0.5,0.84,0.22,0.08,0.02,0.01,0.0,0.0,0.0,0.01],[0.99,1.0,1.0,0.99,0.12,0.04,0.58,0.87,0.27,0.03,0.02,0.04,0.33,0.33,0.2,0.31,0.08,0.02,0.01,0.01,0.0],[0.77,0.34,0.99,1.0,0.62,0.2,0.86,0.77,0.06,0.01,0.0,0.0,0.0,0.06,0.46,0.62,0.34,0.21,0.32,0.02,0.0],[0.04,0.01,0.12,0.62,1.0,0.46,0.49,0.07,0.01,0.0,0.0,0.0,0.0,0.01,0.16,0.39,0.38,0.29,0.23,0.02,0.0],[0.02,0.01,0.04,0.2,0.46,1.0,0.62,0.11,0.02,0.0,0.0,0.0,0.0,0.0,0.02,0.17,0.23,0.46,0.28,0.06,0.01],[0.17,0.02,0.58,0.86,0.49,0.62,1.0,0.88,0.06,0.0,0.0,0.0,0.0,0.0,0.02,0.43,0.31,0.51,0.51,0.08,0.01],[0.99,0.4,0.87,0.77,0.07,0.11,0.88,1.0,1.0,0.27,0.01,0.01,0.01,0.01,0.02,0.21,0.09,0.23,0.6,0.22,0.06],[0.99,0.5,0.27,0.06,0.01,0.02,0.06,1.0,1.0,0.98,0.64,0.12,0.1,0.02,0.01,0.02,0.01,0.02,0.13,0.5,0.3],[0.9,0.29,0.03,0.01,0.0,0.0,0.0,0.27,0.98,1.0,0.9,0.47,0.63,0.15,0.01,0.02,0.0,0.0,0.01,0.45,0.86],[0.33,0.43,0.02,0.0,0.0,0.0,0.0,0.01,0.64,0.9,1.0,0.79,0.76,0.14,0.0,0.0,0.0,0.0,0.0,0.02,0.43],[0.18,0.5,0.04,0.0,0.0,0.0,0.0,0.01,0.12,0.47,0.79,1.0,0.88,0.25,0.02,0.01,0.0,0.0,0.01,0.02,0.22],[0.82,0.84,0.33,0.0,0.0,0.0,0.0,0.01,0.1,0.63,0.76,0.88,1.0,0.96,0.18,0.01,0.0,0.0,0.0,0.04,0.37],[0.99,0.22,0.33,0.06,0.01,0.0,0.0,0.01,0.02,0.15,0.14,0.25,0.96,1.0,1.0,0.37,0.02,0.01,0.01,0.33,0.5],[0.99,0.08,0.2,0.46,0.16,0.02,0.02,0.02,0.01,0.01,0.0,0.02,0.18,1.0,1.0,0.97,0.23,0.05,0.42,0.82,0.27],[0.81,0.02,0.31,0.62,0.39,0.17,0.43,0.21,0.02,0.02,0.0,0.01,0.01,0.37,0.97,1.0,0.52,0.34,0.83,0.76,0.09],[0.08,0.01,0.08,0.34,0.38,0.23,0.31,0.09,0.01,0.0,0.0,0.0,0.0,0.02,0.23,0.52,1.0,0.5,0.41,0.14,0.01],[0.04,0.0,0.02,0.21,0.29,0.46,0.51,0.23,0.02,0.0,0.0,0.0,0.0,0.01,0.05,0.34,0.5,1.0,0.74,0.13,0.01],[0.5,0.0,0.01,0.32,0.23,0.28,0.51,0.6,0.13,0.01,0.0,0.01,0.0,0.01,0.42,0.83,0.41,0.74,1.0,0.95,0.12],[0.99,0.0,0.01,0.02,0.02,0.06,0.08,0.22,0.5,0.45,0.02,0.02,0.04,0.33,0.82,0.76,0.14,0.13,0.95,1.0,1.0],[0.98,0.01,0.0,0.0,0.0,0.01,0.01,0.06,0.3,0.86,0.43,0.22,0.37,0.5,0.27,0.09,0.01,0.01,0.12,1.0,1.0]],
  "pae": [[0.8,3.1,2.7,3.9,8.9,9.3,5.0,2.6,2.6,3.7,7.3,7.8,5.1,3.0,3.1,5.1,8.9,9.2,4.1,2.7,2.7],[2.9,1.0,2.2,3.3,8.0,8.3,5.4,4.3,3.6,4.3,8.1,7.4,4.8,4.1,5.0,6.1,9.8,9.5,5.2,4.5,4.7],[2.3,1.6,0.9,2.5,6.6,6.8,4.3,3.1,2.8,4.0,7.5,7.4,4.7,3.7,3.4,5.1,8.7,8.2,4.1,3.3,3.6],[4.1,3.8,2.6,1.1,7.4,6.5,4.2,4.3,4.8,6.5,8.9,9.1,6.6,5.8,5.5,5.3,9.3,7.9,5.3,5.1,6.0],[12.1,14.6,11.9,9.3,1.7,9.3,9.3,13.0,13.1,14.5,16.1,16.3,14.8,15.9,14.1,10.8,14.4,11.0,11.8,13.3,14.9],[10.7,12.2,10.5,6.9,7.7,1.4,7.2,8.7,10.2,12.5,15.1,14.5,13.7,13.9,13.0,10.4,13.7,9.8,10.1,11.4,12.8],[5.2,6.9,5.5,4.2,6.5,5.5,1.1,3.5,5.1,7.2,9.8,10.2,8.3,7.4,6.1,6.3,8.9,7.4,5.0,5.9,8.2],[2.8,4.1,3.5,3.6,7.0,5.6,3.2,0.9,1.8,3.7,6.5,7.0,5.4,4.6,4.6,5.3,7.8,7.6,4.0,3.2,4.0],[3.1,3.6,3.2,3.6,7.5,7.2,3.6,1.8,0.9,2.9,6.1,7.0,5.3,4.3,4.3,5.8,8.4,8.3,4.3,3.2,3.4],[5.1,6.3,6.5,6.6,9.7,10.0,6.2,4.6,3.6,1.1,6.7,5.9,6.4,6.5,6.9,7.7,10.9,9.8,6.2,5.8,5.5],[10.3,10.2,10.2,11.3,14.5,14.9,11.4,10.7,8.9,7.8,1.3,6.5,6.8,9.0,10.4,10.0,12.7,14.0,11.0,9.7,6.8],[10.1,9.1,9.8,11.0,14.0,15.7,11.8,10.5,11.1,7.8,6.9,1.3,6.9,7.2,10.6,9.7,13.2,14.2,11.7,10.8,8.6],[7.0,6.9,7.3,9.8,12.4,12.7,10.4,10.1,8.9,7.3,7.3,4.9,1.1,5.1,5.9,9.2,12.0,12.6,10.3,9.6,8.3],[3.8,5.2,4.8,5.5,9.0,9.8,6.2,6.3,6.6,6.1,7.5,5.6,3.2,1.0,2.1,4.5,8.3,8.6,5.5,5.1,5.2],[3.1,5.0,4.4,4.9,8.2,8.6,5.4,5.0,5.3,5.7,6.9,6.4,3.8,2.0,0.9,3.6,7.3,7.8,5.2,4.7,4.4],[6.1,7.6,6.7,5.3,8.9,8.7,5.5,6.5,8.7,8.6,9.5,9.4,8.2,5.8,4.4,1.2,6.7,6.4,5.5,5.1,7.0],[11.4,14.0,14.1,10.4,12.7,10.9,11.6,11.7,13.1,12.0,14.3,15.5,12.3,13.5,13.5,9.0,1.3,9.7,7.7,8.9,11.3],[9.4,11.7,9.9,8.0,9.2,8.6,9.0,10.0,12.5,11.0,14.0,15.1,12.2,12.3,12.1,7.6,8.4,1.1,7.6,8.2,10.8],[4.7,5.9,4.9,4.5,8.1,6.9,4.8,3.7,4.9,5.4,8.2,8.6,6.7,5.7,5.2,5.2,6.2,4.6,1.0,2.6,4.3],[2.6,4.3,3.9,4.0,7.4,7.4,4.5,3.0,3.4,4.7,7.2,7.1,5.3,4.0,3.9,5.1,7.8,5.9,2.4,0.9,2.0],[2.8,4.3,4.1,4.6,8.1,8.2,5.2,3.7,3.2,4.1,7.4,7.3,5.1,4.0,3.5,5.2,7.6,6.6,3.3,1.5,0.9]],
  "token_chain_ids": ["A","B","B","B","B","B","B","B","B","B","B","B","B","B","B","B","B","B","B","B","B"],
  "token_res_ids": [1,1,2,3,4,5,6,7,8,9,10,11,12,13,14,15,16,17,18,19,20]
}