{
  "atom_chain_ids": ["A","B","B","B","B","B","B","B","B","B","B","B","B","B","B","B","B","B","B","B","B","B","B","B","B","B","B","B","B","B","B","B","B","B","B","B","B","B","B","B","B","B","B","B","B","B","B","B","B","B","B","B","B","B","B","B","B","B","B","B","B","B","B","B","B","B","B","B","B","B","B","B","B","B","B","B","B","B","B","B","B","B","B","B","B","B","B","B","B","B","B","B","B","B","B","B","B","B","B","B","B","B","B","B","B","B","B","B","B","B","B","B","B","B","B","B","B","B","B","B","B","B","B","B","B","B","B","B","B","B","B","B","B","B","B","B","B","B","B","B","B","B","B","B","B","B","B","B","B","B","B","B","B","B","B","B","B","B","B","B","B","B","B","B","B","B","B","B","B","B","B","B","B","B","B","B","B","B","B","B","B","B","B","B","B","B","B","B","B","B","B","B","B","B","B","B","B","B","B","B","B","B","B","B","B","B","B","B","B","B","B","B","B","B","B","B","B","B","B","B","B","B","B","B","B","B","B","B","B","B","B","B","B","B","B","B","B","B","B","B","B","B","B","B","B","B","B","B","B","B","B","B","B","B","B","B","B","B","B","B","B","B","B","B","B","B","B","B","B","B","B","B","B","B","B","B","B","B","B","B","B","B","B","B","B","B","B","B","B","B","B","B","B","B","B","B","B","B","B","B","B","B","B","B","B","B","B","B","B","B","B","B","B","B","B","B","B","B","B","B","B","B","B","B","B","B","B","B","B","B","B","B","B","B","B","B","B","B","B","B","B","B","B","B","B","B","B","B","B","B","B","B","B","B","B","B","B","B","B","B","B","B","B","B","B","B","B","B","B","B","B","B","B","B","B","B","B","B","B","B","B","B","B","B","B","B","B","B","B","B","B","B","B","B","B","B","B","B","B","B","B","B","B","B","B","B","B","B","B","B","B","B","B","B","B","B","B","B"],
  "atom_plddts": [83.46,67.67,68.16,63.2,63.52,67.77,72.16,74.22,74.86,75.47,74.37,75.4,75.76,76.2,76.55,75.46,76.25,76.68,76.17,75.56,75.73,76.01,76.25,77.38,73.04,70.05,69.16,73.4,74.86,76.56,76.75,76.83,76.01,77.28,77.69,77.86,78.24,77.16,77.81,78.31,77.72,77.56,77.58,77.61,77.72,78.56,72.98,71.49,71.15,71.79,68.82,70.43,70.97,69.93,69.01,67.84,67.54,69.49,68.83,68.69,67.73,68.32,68.03,66.8,67.61,64.84,62.3,62.06,64.36,61.4,62.14,60.16,62.04,61.26,57.89,55.95,57.87,53.99,49.72,47.64,46.02,44.37,42.6,45.46,49.24,58.84,54.47,54.79,59.58,58.43,60.06,59.99,61.04,60.92,58.58,57.55,59.04,56.89,53.08,52.0,51.27,49.76,48.22,50.26,53.17,66.52,61.23,60.2,65.9,66.11,67.84,69.62,69.66,68.48,69.27,67.02,68.59,67.73,64.65,64.5,65.7,63.84,61.64,62.31,63.57,64.6,72.1,68.83,68.37,72.16,73.67,75.37,75.78,75.92,74.95,75.95,76.34,76.88,77.35,76.37,76.87,77.51,77.13,76.86,76.88,76.87,76.81,77.7,74.71,73.11,72.43,74.62,74.48,76.02,76.33,76.42,75.33,76.62,76.9,77.35,77.65,76.71,77.16,77.74,77.16,76.93,77.0,77.02,76.89,77.75,72.04,70.41,70.24,71.56,69.58,71.74,72.13,71.41,70.24,69.57,69.71,71.11,70.98,71.06,70.53,70.95,70.77,69.94,70.59,68.47,66.07,64.8,67.27,65.46,66.5,65.8,66.5,65.4,63.03,61.54,63.53,61.69,59.58,58.25,58.3,57.39,55.36,56.83,59.19,62.84,58.89,59.26,63.22,62.96,64.36,64.27,65.35,64.22,62.21,61.99,63.22,61.77,59.69,58.89,58.63,57.8,56.11,57.56,59.91,64.71,61.09,60.74,63.64,64.94,65.95,66.68,67.02,65.7,67.16,65.18,66.18,65.71,63.57,63.37,64.29,63.24,61.34,62.01,63.05,63.17,69.93,66.7,66.17,70.34,72.3,73.86,74.49,74.63,73.35,74.84,75.08,75.27,75.73,74.49,75.02,75.78,75.39,75.09,75.05,75.09,75.09,76.09,72.62,71.01,69.73,72.42,73.21,74.29,74.73,74.39,73.49,74.8,75.07,75.34,75.79,74.91,75.44,76.16,75.77,75.59,75.41,75.33,75.1,76.07,66.85,65.35,64.96,66.27,64.34,65.49,66.54,65.05,64.38,63.16,62.94,64.17,63.62,62.8,61.71,62.2,62.03,60.55,61.69,61.33,57.71,57.64,61.63,60.03,61.05,59.41,61.47,60.46,57.97,56.68,58.31,55.28,51.43,49.87,48.67,47.06,45.38,47.98,51.62,57.63,52.86,52.69,58.31,57.65,58.78,58.66,59.79,59.69,57.51,56.22,57.82,55.44,51.45,50.07,49.38,47.71,45.88,48.2,51.37,67.24,62.57,60.84,66.21,66.9,68.49,70.3,70.18,69.12,70.36,67.35,69.37,68.53,65.04,64.59,66.13,64.39,61.85,62.59,63.86,64.69,70.53,66.49,65.2,71.02,73.46,75.13,75.88,75.65,74.7,76.22,76.85,76.8,77.4,76.61,77.37,78.04,77.66,77.52,77.5,77.46,77.8,78.42,75.32,73.7,72.48,74.96,75.86,76.58,76.8,76.59,75.43,76.7,76.86,77.63,78.0,77.35,77.63,78.35,78.06,77.84,77.93,77.82,77.57,78.47],
  "contact_probs": [[1.0,0.99,0.99,0.77,0.04,0.02,0.17,0.99,0.99,0.9,0.33,0.18,0.82,0.99,0.99,0.81,0.08,0.04,0.5,0.99,0.98],[0.99,1.0,1.0,0.34,0.01,0.01,0.02,0.4,0.5,0.29,0.43,0.5,0.84,0.22,0.08,0.02,0.01,0.0,0.0,0.0,0.01],[0.99,1.0,1.0,0.99,0.12,0.04,0.58,0.87,0.27,0.03,0.02,0.04,0.33,0.33,0.2,0.31,0.08,0.02,0.01,0.01,0.0],[0.77,0.34,0.99,1.0,0.62,0.2,0.86,0.77,0.06,0.01,0.0,0.0,0.0,0.06,0.46,0.62,0.34,0.21,0.32,0.02,0.0],[0.04,0.01,0.12,0.62,1.0,0.46,0.49,0.07,0.01,0.0,0.0,0.0,0.0,0.01,0.16,0.39,0.38,0.29,0.23,0.02,0.0],[0.02,0.01,0.04,0.2,0.46,1.0,0.62,0.11,0.02,0.0,0.0,0.0,0.0,0.0,0.02,0.17,0.23,0.46,0.28,0.06,0.01],[0.17,0.02,0.58,0.86,0.49,0.62,1.0,0.88,0.06,0.0,0.0,0.0,0.0,0.0,0.02,0.43,0.31,0.51,0.51,0.08,0.01],[0.99,0.4,0.87,0.77,0.07,0.11,0.88,1.0,1.0,0.27,0.01,0.01,0.01,0.01,0.02,0.21,0.09,0.23,0.6,0.22,0.06],[0.99,0.5,0.27,0.06,0.01,0.02,0.06,1.0,1.0,0.98,0.64,0.12,0.1,0.02,0.01,0.02,0.01,0.02,0.13,0.5,0.3],[0.9,0.29,0.03,0.01,0.0,0.0,0.0,0.27,0.98,1.0,0.9,0.47,0.63,0.15,0.01,0.02,0.0,0.0,0.01,0.45,0.86],[0.33,0.43,0.02,0.0,0.0,0.0,0.0,0.01,0.64,0.9,1.0,0.79,0.76,0.14,0.0,0.0,0.0,0.0,0.0,0.02,0.43],[0.18,0.5,0.04,0.0,0.0,0.0,0.0,0.01,0.12,0.47,0.79,1.0,0.88,0.25,0.02,0.01,0.0,0.0,0.01,0.02,0.22],[0.82,0.84,0.33,0.0,0.0,0.0,0.0,0.01,0.1,0.63,0.76,0.88,1.0,0.96,0.18,0.01,0.0,0.0,0.0,0.04,0.37],[0.99,0.22,0.33,0.06,0.01,0.0,0.0,0.01,0.02,0.15,0.14,0.25,0.96,1.0,1.0,0.37,0.02,0.01,0.01,0.33,0.5],[0.99,0.08,0.2,0.46,0.16,0.02,0.02,0.02,0.01,0.01,0.0,0.02,0.18,1.0,1.0,0.97,0.23,0.05,0.42,0.82,0.27],[0.81,0.02,0.31,0.62,0.39,0.17,0.43,0.21,0.02,0.02,0.0,0.01,0.01,0.37,0.97,1.0,0.52,0.34,0.83,0.76,0.09],[0.08,0.01,0.08,0.34,0.38,0.23,0.31,0.09,0.01,0.0,0.0,0.0,0.0,0.02,0.23,0.52,1.0,0.5,0.41,0.14,0.01],[0.04,0.0,0.02,0.21,0.29,0.46,0.51,0.23,0.02,0.0,0.0,0.0,0.0,0.01,0.05,0.34,0.5,1.0,0.74,0.13,0.01],[0.5,0.0,0.01,0.32,0.23,0.28,0.51,0.6,0.13,0.01,0.0,0.01,0.0,0.01,0.42,0.83,0.41,0.74,1.0,0.95,0.12],[0.99,0.0,0.01,0.02,0.02,0.06,0.08,0.22,0.5,0.45,0.02,0.02,0.04,0.33,0.82,0.76,0.14,0.13,0.95,1.0,1.0],[0.98,0.01,0.0,0.0,0.0,0.01,0.01,0.06,0.3,0.86,0.43,0.22,0.37,0.5,0.27,0.09,0.01,0.01,0.12,1.0,1.0]],
  "pae": [[0.8,3.2,2.7,3.9,9.4,9.4,4.9,2.6,2.6,3.7,7.5,7.4,4.7,3.2,3.1,5.2,9.4,9.3,3.9,2.5,2.7],[3.2,1.0,2.2,3.4,7.9,8.4,5.4,4.5,3.9,4.4,8.7,6.6,4.6,4.1,5.3,6.0,10.1,9.6,5.3,4.7,5.1],[2.4,1.6,0.9,2.5,6.6,7.0,4.4,3.4,3.1,4.1,7.5,6.6,4.4,3.8,3.8,5.1,8.8,8.1,4.2,3.5,3.8],[4.3,4.0,2.8,1.1,6.7,8.1,4.5,4.7,5.4,6.8,9.1,8.8,6.3,5.9,5.5,5.7,10.0,9.7,6.0,5.6,6.7],[12.1,13.9,10.3,7.9,1.7,10.2,9.6,12.6,14.4,15.2,15.9,15.3,14.6,15.2,13.1,11.1,14.3,11.5,12.8,14.3,16.7],[12.7,14.0,11.8,8.4,8.1,1.3,8.5,10.7,13.6,15.5,16.0,15.3,15.4,15.2,13.7,12.0,14.2,9.7,12.0,13.7,15.2],[5.6,7.9,5.8,4.9,6.3,5.5,1.1,4.2,5.6,7.9,10.0,10.3,8.4,7.5,6.5,6.4,9.8,8.8,4.9,7.2,9.3],[2.8,4.2,3.4,3.8,7.7,6.0,3.4,0.9,1.7,3.6,6.7,6.5,4.9,4.7,4.9,5.2,8.2,7.9,3.9,3.3,4.1],[3.3,3.9,3.5,3.9,8.5,7.5,3.6,1.9,0.9,2.8,6.0,6.1,4.8,4.4,4.6,5.6,8.7,8.4,4.2,3.3,3.5],[5.2,7.0,6.8,6.9,10.4,10.3,6.1,4.9,3.8,1.1,6.8,5.4,5.9,6.8,7.4,7.4,11.0,10.5,6.8,6.0,5.7],[11.0,10.5,11.6,13.2,15.3,15.1,12.8,12.4,9.2,7.1,1.4,6.5,6.8,9.9,12.0,10.7,13.2,14.4,11.8,11.0,7.3],[10.3,9.3,10.9,11.6,14.6,15.5,11.8,12.4,11.1,6.7,7.7,1.3,5.5,7.7,10.0,9.5,13.5,13.7,12.2,11.5,9.2],[7.1,6.9,7.4,9.8,11.9,12.4,10.3,9.8,8.8,6.6,6.7,4.8,1.1,5.4,6.3,8.8,12.2,12.0,10.5,9.9,9.5],[3.5,5.0,4.2,5.5,9.4,10.0,6.3,5.7,6.4,5.8,7.2,5.5,3.3,1.0,2.0,4.7,8.8,9.1,5.5,4.9,5.0],[2.9,4.8,4.1,4.8,8.9,9.0,5.5,4.6,5.2,5.4,6.7,6.1,3.6,1.9,0.9,3.6,7.5,9.0,5.2,4.5,4.2],[6.3,8.2,6.4,6.6,10.2,9.7,6.6,7.7,9.3,8.7,10.0,9.8,8.4,6.4,4.5,1.2,7.7,8.4,6.7,5.8,8.2],[13.7,15.4,14.8,12.6,13.5,12.3,12.4,14.0,15.1,14.2,15.8,16.7,14.7,14.8,13.1,10.7,1.4,12.2,11.6,10.9,13.7],[13.1,14.8,13.4,11.5,12.5,8.8,10.5,12.1,14.2,15.0,17.5,16.7,15.7,15.4,14.9,10.3,9.7,1.2,11.1,11.5,14.9],[5.0,7.5,5.7,4.9,9.5,7.9,4.7,4.5,6.0,6.0,8.9,9.1,7.5,7.2,6.0,5.6,7.5,6.4,1.1,3.7,5.5],[2.7,4.6,4.2,4.3,8.3,7.7,4.4,3.4,3.4,4.9,7.0,6.9,5.2,4.1,4.0,5.0,8.4,7.0,2.7,0.9,1.9],[2.8,4.4,4.1,4.8,8.8,8.1,5.1,3.8,3.4,4.3,7.0,6.7,4.8,4.2,3.8,5.1,7.7,7.5,3.4,1.4,0.9]],
  "token_chain_ids": ["A","B","B","B","B","B","B","B","B","B","B","B","B","B","B","B","B","B","B","B","B"],
  "token_res_ids": [1,1,2,3,4,5,6,7,8,9,10,11,12,13,14,15,16,17,18,19,20]
}