{
  "atom_chain_ids": ["A","B","B","B","B","B","B","B","B","B","B","B","B","B","B","B","B","B","B","B","B","B","B","B","B","B","B","B","B","B","B","B","B","B","B","B","B","B","B","B","B","B","B","B","B","B","B","B","B","B","B","B","B","B","B","B","B","B","B","B","B","B","B","B","B","B","B","B","B","B","B","B","B","B","B","B","B","B","B","B","B","B","B","B","B","B","B","B","B","B","B","B","B","B","B","B","B","B","B","B","B","B","B","B","B","B","B","B","B","B","B","B","B","B","B","B","B","B","B","B","B","B","B","B","B","B","B","B","B","B","B","B","B","B","B","B","B","B","B","B","B","B","B","B","B","B","B","B","B","B","B","B","B","B","B","B","B","B","B","B","B","B","B","B","B","B","B","B","B","B","B","B","B","B","B","B","B","B","B","B","B","B","B","B","B","B","B","B","B","B","B","B","B","B","B","B","B","B","B","B","B","B","B","B","B","B","B","B","B","B","B","B","B","B","B","B","B","B","B","B","B","B","B","B","B","B","B","B","B","B","B","B","B","B","B","B","B","B","B","B","B","B","B","B","B","B","B","B","B","B","B","B","B","B","B","B","B","B","B","B","B","B","B","B","B","B","B","B","B","B","B","B","B","B","B","B","B","B","B","B","B","B","B","B","B","B","B","B","B","B","B","B","B","B","B","B","B","B","B","B","B","B","B","B","B","B","B","B","B","B","B","B","B","B","B","B","B","B","B","B","B","B","B","B","B","B","B","B","B","B","B","B","B","B","B","B","B","B","B","B","B","B","B","B","B","B","B","B","B","B","B","B","B","B","B","B","B","B","B","B","B","B","B","B","B","B","B","B","B","B","B","B","B","B","B","B","B","B","B","B","B","B","B","B","B","B","B","B","B","B","B","B","B","B","B","B","B","B","B","B","B","B","B","B","B","B","B","B","B","B","B","B","B","B","B","B","B","B"],
  "atom_plddts": [83.33,68.0,68.91,64.08,64.43,68.63,73.46,75.62,76.1,76.75,75.63,76.65,77.17,77.58,77.89,76.68,77.47,77.82,77.27,76.74,76.98,77.27,77.46,78.53,72.86,69.82,68.99,73.37,74.91,76.61,76.81,76.91,76.13,77.42,77.9,77.96,78.35,77.19,77.83,78.32,77.77,77.6,77.65,77.69,77.81,78.61,71.26,70.15,69.79,70.1,67.08,68.23,68.78,67.59,66.87,65.19,64.63,66.35,65.53,65.34,64.12,64.63,64.51,62.98,63.98,63.61,60.96,60.67,63.4,60.98,61.62,60.36,61.69,60.98,58.2,56.75,58.51,55.53,52.24,50.71,49.57,48.34,46.6,48.9,52.12,59.94,55.68,55.94,60.68,59.3,60.77,60.27,61.62,61.53,59.05,57.47,58.99,56.54,52.27,50.81,50.07,48.55,46.87,49.24,52.33,64.94,60.32,59.55,64.43,64.02,65.4,66.98,67.16,66.17,66.63,64.07,65.62,64.38,61.02,60.55,61.47,59.51,57.15,58.01,59.5,60.4,70.74,67.0,66.49,70.92,72.75,74.74,75.32,75.51,74.46,75.59,75.99,76.43,76.94,75.74,76.31,77.0,76.6,76.25,76.26,76.31,76.39,77.33,74.56,72.59,71.65,74.44,74.64,76.52,76.74,76.95,75.74,76.9,77.13,77.64,77.91,76.81,77.28,77.92,77.33,77.07,77.08,77.11,77.03,78.04,73.1,71.16,70.86,72.73,70.84,73.14,73.47,73.02,71.79,71.07,71.4,72.66,72.44,72.21,71.66,72.05,71.8,70.94,71.72,73.39,70.18,68.88,72.39,71.12,72.99,72.79,73.37,71.91,70.38,69.24,71.12,69.64,66.98,65.74,66.52,65.58,63.8,64.8,66.82,66.34,62.58,62.21,66.13,65.08,66.46,65.67,66.62,65.39,62.67,62.22,64.02,62.23,60.03,58.97,58.71,57.53,55.6,57.33,60.06,69.01,65.35,64.44,67.87,68.75,69.84,70.86,71.28,69.9,71.53,69.64,70.81,70.25,67.32,67.12,68.3,67.1,65.13,65.84,66.85,67.14,70.6,67.59,66.88,70.81,72.58,74.28,74.84,75.01,73.73,75.06,75.27,75.49,75.91,74.62,75.1,75.89,75.51,75.21,75.16,75.18,75.09,76.18,72.54,70.96,69.78,72.4,73.49,74.67,74.95,74.67,73.73,74.87,75.12,75.42,75.83,74.87,75.32,76.05,75.7,75.52,75.33,75.25,74.96,76.0,65.68,64.29,63.79,65.15,63.26,64.46,65.23,63.85,63.33,61.89,61.28,62.57,61.79,60.68,59.38,59.64,59.31,57.57,59.12,60.02,56.57,56.64,60.45,58.98,59.74,58.33,60.12,59.26,56.89,55.33,56.97,54.14,50.09,48.38,47.17,45.5,43.73,46.49,50.02,51.55,47.17,46.92,52.38,52.19,52.72,51.88,53.82,53.74,51.74,50.23,51.15,48.61,44.58,43.19,42.15,40.56,38.96,41.29,44.41,65.66,62.1,60.62,64.55,64.68,65.85,67.31,67.16,66.28,67.05,63.69,65.82,64.85,61.34,60.57,61.94,60.08,57.39,58.29,59.65,60.04,69.84,66.36,65.34,70.2,72.35,73.87,74.63,74.25,73.21,74.77,75.29,75.28,75.95,75.23,75.87,76.6,76.3,76.06,76.0,75.96,76.22,76.89,74.58,72.86,71.41,74.24,75.14,75.87,76.14,75.98,74.81,76.15,76.25,76.88,77.23,76.42,76.73,77.47,77.17,76.85,76.95,76.91,76.74,77.68],
  "contact_probs": [[1.0,0.99,0.99,0.77,0.04,0.02,0.17,0.99,0.99,0.9,0.33,0.18,0.82,0.99,0.99,0.81,0.08,0.04,0.5,0.99,0.98],[0.99,1.0,1.0,0.34,0.01,0.01,0.02,0.4,0.5,0.29,0.43,0.5,0.84,0.22,0.08,0.02,0.01,0.0,0.0,0.0,0.01],[0.99,1.0,1.0,0.99,0.12,0.04,0.58,0.87,0.27,0.03,0.02,0.04,0.33,0.33,0.2,0.31,0.08,0.02,0.01,0.01,0.0],[0.77,0.34,0.99,1.0,0.62,0.2,0.86,0.77,0.06,0.01,0.0,0.0,0.0,0.06,0.46,0.62,0.34,0.21,0.32,0.02,0.0],[0.04,0.01,0.12,0.62,1.0,0.46,0.49,0.07,0.01,0.0,0.0,0.0,0.0,0.01,0.16,0.39,0.38,0.29,0.23,0.02,0.0],[0.02,0.01,0.04,0.2,0.46,1.0,0.62,0.11,0.02,0.0,0.0,0.0,0.0,0.0,0.02,0.17,0.23,0.46,0.28,0.06,0.01],[0.17,0.02,0.58,0.86,0.49,0.62,1.0,0.88,0.06,0.0,0.0,0.0,0.0,0.0,0.02,0.43,0.31,0.51,0.51,0.08,0.01],[0.99,0.4,0.87,0.77,0.07,0.11,0.88,1.0,1.0,0.27,0.01,0.01,0.01,0.01,0.02,0.21,0.09,0.23,0.6,0.22,0.06],[0.99,0.5,0.27,0.06,0.01,0.02,0.06,1.0,1.0,0.98,0.64,0.12,0.1,0.02,0.01,0.02,0.01,0.02,0.13,0.5,0.3],[0.9,0.29,0.03,0.01,0.0,0.0,0.0,0.27,0.98,1.0,0.9,0.47,0.63,0.15,0.01,0.02,0.0,0.0,0.01,0.45,0.86],[0.33,0.43,0.02,0.0,0.0,0.0,0.0,0.01,0.64,0.9,1.0,0.79,0.76,0.14,0.0,0.0,0.0,0.0,0.0,0.02,0.43],[0.18,0.5,0.04,0.0,0.0,0.0,0.0,0.01,0.12,0.47,0.79,1.0,0.88,0.25,0.02,0.01,0.0,0.0,0.01,0.02,0.22],[0.82,0.84,0.33,0.0,0.0,0.0,0.0,0.01,0.1,0.63,0.76,0.88,1.0,0.96,0.18,0.01,0.0,0.0,0.0,0.04,0.37],[0.99,0.22,0.33,0.06,0.01,0.0,0.0,0.01,0.02,0.15,0.14,0.25,0.96,1.0,1.0,0.37,0.02,0.01,0.01,0.33,0.5],[0.99,0.08,0.2,0.46,0.16,0.02,0.02,0.02,0.01,0.01,0.0,0.02,0.18,1.0,1.0,0.97,0.23,0.05,0.42,0.82,0.27],[0.81,0.02,0.31,0.62,0.39,0.17,0.43,0.21,0.02,0.02,0.0,0.01,0.01,0.37,0.97,1.0,0.52,0.34,0.83,0.76,0.09],[0.08,0.01,0.08,0.34,0.38,0.23,0.31,0.09,0.01,0.0,0.0,0.0,0.0,0.02,0.23,0.52,1.0,0.5,0.41,0.14,0.01],[0.04,0.0,0.02,0.21,0.29,0.46,0.51,0.23,0.02,0.0,0.0,0.0,0.0,0.01,0.05,0.34,0.5,1.0,0.74,0.13,0.01],[0.5,0.0,0.01,0.32,0.23,0.28,0.51,0.6,0.13,0.01,0.0,0.01,0.0,0.01,0.42,0.83,0.41,0.74,1.0,0.95,0.12],[0.99,0.0,0.01,0.02,0.02,0.06,0.08,0.22,0.5,0.45,0.02,0.02,0.04,0.33,0.82,0.76,0.14,0.13,0.95,1.0,1.0],[0.98,0.01,0.0,0.0,0.0,0.01,0.01,0.06,0.3,0.86,0.43,0.22,0.37,0.5,0.27,0.09,0.01,0.01,0.12,1.0,1.0]],
  "pae": [[0.8,3.1,2.7,3.9,8.9,10.5,5.9,2.8,2.7,3.5,6.4,8.4,4.4,3.0,3.1,5.8,9.6,10.5,4.3,2.6,2.7],[3.1,1.0,2.3,3.6,7.7,9.8,5.9,4.8,4.4,4.6,6.2,6.6,4.6,4.0,4.8,6.2,10.5,10.5,5.5,4.8,4.9],[2.5,1.9,0.9,2.8,6.5,7.7,5.2,3.4,3.5,4.0,6.1,6.8,4.4,3.7,3.9,5.6,9.4,9.0,4.7,3.9,4.0],[5.0,5.8,3.6,1.2,6.7,7.3,5.9,6.5,6.4,8.5,8.8,9.7,7.0,7.3,7.0,6.9,10.8,10.9,7.6,7.2,8.4],[12.2,14.7,10.5,8.2,1.5,9.2,7.1,11.8,13.2,13.9,14.9,15.1,14.7,15.2,14.7,10.7,13.2,12.1,11.2,14.7,14.3],[14.0,14.3,11.4,8.8,5.8,1.3,8.1,11.2,12.9,14.6,15.9,16.1,15.1,15.2,15.3,9.9,11.8,11.2,10.7,15.6,15.3],[6.4,10.2,6.2,6.1,5.9,7.0,1.2,5.5,7.0,9.6,10.7,12.1,9.8,9.9,8.9,8.0,11.0,9.4,6.7,9.4,10.6],[2.8,4.3,3.5,4.2,6.9,7.1,3.9,0.9,1.6,3.3,5.4,7.3,4.9,5.0,4.7,5.5,9.0,8.6,4.7,3.5,3.9],[3.1,3.9,3.3,4.1,7.0,8.4,4.0,1.9,0.9,2.6,4.7,7.3,4.7,4.7,4.5,5.9,9.8,9.3,5.0,3.6,3.4],[5.0,6.3,6.0,6.4,9.7,10.4,6.7,4.6,3.4,1.1,4.6,6.5,5.1,5.7,6.8,7.8,10.9,11.6,7.2,5.4,5.5],[8.2,7.4,8.1,9.2,12.4,13.3,10.4,7.5,6.4,5.1,1.2,5.0,5.4,7.1,9.3,9.8,13.1,14.0,10.5,8.9,6.3],[10.2,8.3,11.2,11.8,14.0,15.6,13.2,13.0,12.8,7.7,4.5,1.2,5.8,7.0,10.7,12.0,15.3,16.2,13.9,13.6,11.5],[6.6,6.7,6.6,8.9,11.9,13.1,9.5,8.0,7.4,6.6,5.4,4.1,1.1,4.4,5.7,8.8,12.6,13.4,10.4,8.5,7.7],[4.0,4.7,4.0,5.7,8.9,10.6,6.6,6.2,6.6,5.5,6.2,5.4,3.1,1.0,2.1,5.4,9.4,10.5,6.2,4.9,5.1],[3.1,4.9,3.9,5.0,8.5,9.6,5.8,4.7,5.2,5.4,6.4,7.1,3.7,2.0,0.9,4.4,8.4,9.4,6.0,4.5,4.0],[6.6,9.1,7.6,7.1,10.0,10.3,8.3,8.9,10.5,10.2,10.8,11.5,9.4,7.4,6.4,1.3,8.8,9.9,7.8,7.5,10.3],[14.5,15.8,14.4,12.1,12.9,11.7,13.3,13.3,16.2,15.6,16.5,18.5,15.9,15.9,15.4,11.0,1.4,12.4,9.2,10.6,14.3],[15.9,16.1,14.7,12.6,12.1,9.5,11.8,13.8,15.9,16.2,18.8,19.8,17.7,17.6,16.2,10.1,10.9,1.3,10.2,12.9,16.6],[5.8,7.9,6.6,6.4,10.1,8.5,7.1,5.3,6.9,6.9,9.3,11.0,8.6,9.4,7.1,6.8,7.8,8.1,1.2,4.5,6.0],[2.8,4.8,4.5,4.6,8.1,9.3,5.7,3.5,3.9,4.7,6.4,8.0,5.4,4.6,4.6,6.0,8.8,8.3,3.6,0.9,2.2],[2.7,4.5,4.4,5.0,8.6,9.9,6.1,3.8,3.8,4.3,6.6,8.0,5.0,4.2,3.8,6.0,8.6,8.7,4.4,2.0,1.0]],
  "token_chain_ids": ["A","B","B","B","B","B","B","B","B","B","B","B","B","B","B","B","B","B","B","B","B"],
  "token_res_ids": [1,1,2,3,4,5,6,7,8,9,10,11,12,13,14,15,16,17,18,19,20]
}