{
  "atom_chain_ids": ["A","A","A","A","A","A","A","A","A","A","A","A","A","A","A","A","A","A","A","A","A","A","A","A","A","A","A","A","A","A","A","A","A","A","A","A","A","A","A","A","A","A","A","A","A","A","A","A","A","A","A","A","A","A","A","A","A","A","A","A","A","A","A","A","A","A","A","A","A","A","A","A","A","A","A","A","A","A","A","A","A","A","A","A","A","A","A","A","A","A","A","A","A","A","A","A","A","A","A","A","A","A","A","A","A","A","A","A","A","A","A","A","A","A","A","A","A","A","A","A","A","A","A","A","A","A","A","A","A","A","A","A","A","A","A","A","A","A","A","A","A","A","A","A","A","A","A","A","A","A","A","A","A","A","A","A","A","A","A","A","A","A","A","A","A","A","A","A","A","A","A","A","A","A","A","A","A","A","A","A","A","A","A","A","A","A","A","A","A","A","A","A","A","A","A","A","A","A","A","A","A","A","A","A","A","A","A","A","A","A","A","A","A","A","A","A","A","A","A","A","A","A","A","A","A","A","A","A","A","A","A","A","A","A","A","A","A","A","A","A","A","A","A","A","A","A","A","A","A","A","A","A","A","A","A","A","A","A","A","A","A","A","A","A","A","A","A","A","A","A","A","A","A","A","A","A","A","A","A","A","A","A","A","A","A","A","A","A","A","A","A","A","A","A","A","A","A","A","A","A","A","A","A","A","A","A","A","A","A","A","A","A","A","A","A","A","A","A","A","A","A","A","A","A","A","A","A","A","A","A","A","A","A","A","A","A","A","A","A","A","A","A","A","A","A","A","A","A","A","A","A","A","A","A","A","A","A","A","A","A","A","A","A","A","A","A","A","A","A","A","A","A","A","A","A","A","A","A","A","A","A","A","A","A","A","A","A","A","A","A","A","A","A","A","A","A","A","A","A","A","A","A","A","A","A","A","A","A","A","A","A","A","A","A","A","A","A","A","A","A","A","A","A","A","A","A","A","A","A","A","A","A","A","A","A","A","A","A","A","A","A","A","A","A","A","A","A","A","A","A","A","A","A","A","A","A","A","A","A","A","A","A","A","A","A","A","A","A","A","A","A","A","A","A","A","A","A","A","A","A","A","A","A","A","A","A","A","A","A","A"],
  "atom_plddts": [62.01,62.9,57.99,58.88,62.73,66.22,67.87,69.34,69.18,67.68,68.93,69.13,69.15,69.61,69.19,69.74,70.42,70.14,69.1,68.99,69.16,69.53,71.2,63.76,61.53,61.59,64.01,64.48,65.47,67.07,66.21,64.65,65.66,65.69,65.65,66.25,65.92,66.38,67.41,67.26,66.5,66.07,66.12,65.67,67.01,60.49,58.2,58.0,60.85,59.23,59.94,58.48,59.03,58.26,56.39,55.49,57.02,55.25,53.79,53.2,52.61,51.88,50.47,51.76,53.79,56.01,53.79,54.09,56.11,55.23,56.18,56.1,56.32,55.97,53.95,53.18,54.45,52.73,51.32,50.27,50.07,49.56,48.02,49.68,51.23,46.83,46.27,52.52,51.88,53.64,52.46,54.94,53.92,52.69,51.55,53.01,50.93,48.06,47.49,46.47,45.25,43.82,45.71,48.62,53.13,47.79,46.51,53.74,54.31,56.13,56.33,57.93,57.04,56.32,54.42,55.95,53.83,51.39,51.26,50.7,48.95,47.27,48.64,50.96,49.06,53.1,59.96,55.63,55.34,59.7,60.56,62.62,63.51,64.26,62.74,63.14,61.46,62.53,61.89,59.7,59.64,60.27,58.72,57.09,57.53,58.65,59.56,65.46,62.75,62.96,65.92,66.98,68.03,69.52,68.81,67.43,68.37,68.42,68.49,68.96,68.39,68.69,69.49,69.13,68.29,68.27,68.55,68.31,69.62,67.81,66.56,66.12,67.64,68.21,68.83,70.04,68.99,67.79,68.63,68.22,68.55,69.07,68.91,69.14,69.89,69.65,68.95,68.81,68.94,68.52,69.63,66.34,65.34,65.25,65.65,65.44,65.79,66.84,66.21,64.65,65.27,64.22,65.17,65.33,65.29,65.46,66.25,65.93,64.9,64.91,65.19,64.15,65.64,60.71,59.53,58.58,59.66,58.06,59.32,57.96,59.13,57.72,57.08,53.81,56.18,53.97,51.87,51.22,50.89,49.1,47.31,48.36,50.05,49.75,53.46,49.35,48.19,52.86,53.3,54.79,55.4,56.66,55.07,55.05,53.19,54.07,52.59,51.28,51.1,51.38,50.07,48.56,49.06,50.09,48.8,52.59,53.23,50.57,50.29,53.4,52.52,53.96,52.83,55.64,54.32,53.8,51.94,53.27,51.08,48.15,48.04,47.23,45.57,44.33,45.05,46.93,47.45,56.31,52.89,53.7,56.84,57.23,58.72,60.53,60.1,58.93,58.55,58.56,59.16,59.12,58.17,58.54,59.3,58.83,57.88,57.51,57.99,56.98,58.96,62.18,59.16,59.91,62.81,63.78,65.01,67.05,65.65,64.59,65.11,66.15,65.93,66.79,66.19,66.7,67.78,67.71,67.16,66.56,66.62,66.59,67.46,66.43,64.61,65.07,66.23,66.01,66.93,68.37,67.11,65.86,66.45,66.68,67.41,68.19,68.1,68.48,69.37,69.35,68.9,68.41,68.35,67.94,68.85,64.68,61.7,62.01,64.53,64.93,65.87,67.2,66.71,65.4,65.79,65.47,66.51,66.93,66.58,66.84,67.82,67.64,66.95,66.55,66.62,66.17,67.54,57.2,54.53,54.79,58.15,57.03,57.97,58.4,58.88,57.7,56.15,56.02,56.83,55.08,52.75,51.94,51.75,51.46,50.05,51.52,53.4,48.65,48.77,54.67,54.17,55.11,55.52,57.11,56.15,54.84,53.77,55.52,54.22,51.86,51.37,51.09,50.38,48.67,49.85,51.72,67.01,63.08,63.38,67.66,69.59,71.37,72.65,72.72,71.4,72.55,72.79,73.02,73.44,72.12,72.55,73.24,72.9,72.11,72.36,72.73,72.73,73.97,69.04,67.57,66.87,68.93,69.61,70.44,71.26,70.58,69.42,70.37,69.94,70.21,70.62,70.26,70.58,71.15,70.97,70.41,70.3,70.44,70.18,71.17,68.12,67.66,66.48,67.26,67.58,67.96,68.64,67.9,66.85,67.26,66.26,66.63,66.84,67.14,67.31,67.78,67.56,66.85,66.79,66.94,66.33,67.42,64.27,61.61,61.34,64.17,63.39,64.04,63.53,63.75,62.73,60.51,59.35,60.64,59.18,58.27,57.36,57.42,56.58,54.67,55.81,57.81],
  "contact_probs": [[1.0,0.99,0.22,0.23,0.04,0.05,0.04,0.26,0.54,0.73,0.44,0.72,0.47,0.71,0.46,0.16,0.02,0.0,0.01,0.02,0.02,0.02,0.01],[0.99,1.0,0.8,0.62,0.16,0.18,0.18,0.62,0.64,0.23,0.06,0.16,0.23,0.47,0.2,0.06,0.02,0.0,0.01,0.02,0.03,0.02,0.01],[0.22,0.8,1.0,0.6,0.2,0.24,0.32,0.36,0.1,0.02,0.02,0.03,0.11,0.2,0.1,0.02,0.01,0.01,0.03,0.04,0.01,0.01,0.01],[0.23,0.62,0.6,1.0,0.61,0.47,0.38,0.27,0.06,0.01,0.01,0.03,0.13,0.49,0.27,0.03,0.01,0.01,0.08,0.12,0.02,0.01,0.01],[0.04,0.16,0.2,0.61,1.0,0.72,0.31,0.09,0.02,0.0,0.01,0.01,0.04,0.27,0.17,0.02,0.01,0.01,0.17,0.13,0.02,0.01,0.01],[0.05,0.18,0.24,0.47,0.72,1.0,0.88,0.19,0.01,0.01,0.0,0.01,0.02,0.23,0.19,0.03,0.01,0.04,0.38,0.57,0.03,0.01,0.0],[0.04,0.18,0.32,0.38,0.31,0.88,1.0,0.92,0.08,0.01,0.0,0.01,0.01,0.04,0.04,0.02,0.0,0.03,0.35,0.86,0.67,0.02,0.01],[0.26,0.62,0.36,0.27,0.09,0.19,0.92,1.0,1.0,0.27,0.02,0.02,0.01,0.02,0.02,0.01,0.01,0.01,0.05,0.26,0.83,0.41,0.02],[0.54,0.64,0.1,0.06,0.02,0.01,0.08,1.0,1.0,1.0,0.46,0.11,0.02,0.02,0.01,0.02,0.02,0.0,0.01,0.05,0.29,0.8,0.38],[0.73,0.23,0.02,0.01,0.0,0.01,0.01,0.27,1.0,1.0,0.9,0.64,0.1,0.03,0.02,0.02,0.03,0.0,0.01,0.02,0.08,0.3,0.59],[0.44,0.06,0.02,0.01,0.01,0.0,0.0,0.02,0.46,0.9,1.0,0.74,0.13,0.02,0.03,0.11,0.11,0.01,0.01,0.0,0.02,0.2,0.44],[0.72,0.16,0.03,0.03,0.01,0.01,0.01,0.02,0.11,0.64,0.74,1.0,0.5,0.32,0.57,0.49,0.09,0.01,0.02,0.01,0.02,0.04,0.09],[0.47,0.23,0.11,0.13,0.04,0.02,0.01,0.01,0.02,0.1,0.13,0.5,1.0,0.47,0.15,0.04,0.02,0.0,0.01,0.02,0.01,0.02,0.03],[0.71,0.47,0.2,0.49,0.27,0.23,0.04,0.02,0.02,0.03,0.02,0.32,0.47,1.0,0.99,0.25,0.02,0.0,0.11,0.06,0.02,0.02,0.0],[0.46,0.2,0.1,0.27,0.17,0.19,0.04,0.02,0.01,0.02,0.03,0.57,0.15,0.99,1.0,1.0,0.09,0.01,0.44,0.44,0.05,0.02,0.0],[0.16,0.06,0.02,0.03,0.02,0.03,0.02,0.01,0.02,0.02,0.11,0.49,0.04,0.25,1.0,1.0,0.99,0.06,0.53,0.88,0.3,0.08,0.02],[0.02,0.02,0.01,0.01,0.01,0.01,0.0,0.01,0.02,0.03,0.11,0.09,0.02,0.02,0.09,0.99,1.0,0.14,0.21,0.58,0.81,0.35,0.25],[0.0,0.0,0.01,0.01,0.01,0.04,0.03,0.01,0.0,0.0,0.01,0.01,0.0,0.0,0.01,0.06,0.14,1.0,0.14,0.05,0.02,0.01,0.01],[0.01,0.01,0.03,0.08,0.17,0.38,0.35,0.05,0.01,0.01,0.01,0.02,0.01,0.11,0.44,0.53,0.21,0.14,1.0,0.57,0.09,0.01,0.01],[0.02,0.02,0.04,0.12,0.13,0.57,0.86,0.26,0.05,0.02,0.0,0.01,0.02,0.06,0.44,0.88,0.58,0.05,0.57,1.0,1.0,0.11,0.0],[0.02,0.03,0.01,0.02,0.02,0.03,0.67,0.83,0.29,0.08,0.02,0.02,0.01,0.02,0.05,0.3,0.81,0.02,0.09,1.0,1.0,1.0,0.41],[0.02,0.02,0.01,0.01,0.01,0.01,0.02,0.41,0.8,0.3,0.2,0.04,0.02,0.02,0.02,0.08,0.35,0.01,0.01,0.11,1.0,1.0,0.96],[0.01,0.01,0.01,0.01,0.01,0.0,0.01,0.02,0.38,0.59,0.44,0.09,0.03,0.0,0.0,0.02,0.25,0.01,0.01,0.0,0.41,0.96,1.0]],
  "pae": [[1.0,2.4,5.4,6.4,8.6,8.3,6.8,6.2,6.0,5.5,7.1,7.5,8.1,5.2,5.4,5.3,6.6,10.3,9.2,6.3,6.4,6.4,8.1],[2.3,0.9,4.8,5.3,7.4,7.1,6.2,5.0,5.2,5.4,6.7,7.8,7.6,4.9,5.0,5.4,6.4,9.4,8.3,5.5,5.8,6.4,7.4],[6.0,4.8,1.2,4.2,6.1,5.9,8.0,7.7,9.2,9.3,11.3,11.1,11.9,9.5,9.8,9.1,10.4,14.1,10.8,9.3,9.5,10.1,11.4],[8.2,6.0,5.2,1.3,5.3,5.2,7.8,7.6,10.4,11.2,12.0,12.2,12.2,10.0,10.3,10.6,11.5,14.8,11.1,9.5,11.3,11.5,12.6],[9.9,8.1,5.9,4.0,1.3,4.6,6.7,8.0,11.4,13.0,13.1,14.0,14.2,12.1,11.7,11.2,11.9,15.0,11.3,8.6,9.8,12.4,13.3],[9.9,8.1,6.2,5.0,4.5,1.1,5.0,5.7,8.0,10.5,12.3,12.8,12.9,11.1,10.7,10.2,10.7,14.1,10.1,6.4,7.8,10.1,11.7],[7.7,6.6,6.4,6.3,5.6,2.8,1.1,2.8,5.6,6.9,9.3,9.8,11.0,7.7,7.2,6.0,7.1,10.9,8.4,4.2,4.9,6.7,8.6],[4.4,4.4,6.3,6.4,6.6,4.3,2.4,0.9,2.2,3.7,6.0,7.2,7.6,5.3,4.8,4.3,4.4,8.6,7.0,3.6,3.4,4.4,5.8],[4.1,4.0,6.1,6.7,7.2,5.0,2.9,1.9,0.9,2.2,5.1,6.4,7.3,5.1,4.9,4.3,4.3,8.8,6.9,3.7,3.2,3.9,5.7],[5.0,4.9,7.1,8.1,9.4,6.8,4.8,4.1,2.6,0.9,4.2,5.3,7.2,6.3,6.7,5.9,6.0,10.0,8.2,5.8,5.8,5.0,6.7],[7.6,8.6,10.6,11.6,13.7,11.8,10.3,8.9,6.9,4.7,1.2,5.2,6.8,8.0,9.2,9.9,10.4,13.2,11.3,10.1,8.6,7.4,8.5],[9.0,11.0,12.3,13.2,14.7,13.9,12.6,11.7,9.7,5.9,4.7,1.2,4.4,6.3,8.9,8.4,9.6,13.7,10.8,10.6,10.5,9.8,8.9],[8.5,9.8,11.3,11.5,14.5,13.5,12.8,12.7,12.8,9.9,6.3,5.4,1.2,6.2,8.1,8.9,10.0,13.5,10.4,12.5,13.2,13.1,11.1],[5.0,5.2,7.5,8.1,9.9,8.7,7.0,7.3,7.2,6.0,7.3,5.9,4.3,1.0,3.5,5.2,5.5,9.5,7.3,6.1,6.6,7.5,8.5],[4.1,4.5,6.6,6.8,8.2,6.4,5.0,4.7,4.8,5.3,8.2,7.7,6.5,3.0,0.9,1.9,3.5,8.5,5.7,4.1,4.1,5.3,6.7],[4.2,4.6,6.7,6.6,7.8,6.1,4.6,4.8,4.9,5.0,7.7,7.4,7.7,4.0,2.1,0.9,2.4,6.7,5.2,3.5,3.8,3.9,6.2],[5.0,6.0,7.3,7.4,8.7,6.5,4.6,5.2,5.4,5.3,7.2,7.4,7.7,4.9,3.6,1.9,0.9,6.2,4.5,4.1,3.6,4.1,6.2],[13.7,14.1,15.4,14.8,15.2,14.1,15.6,16.0,16.9,14.2,15.1,15.1,15.6,12.5,10.0,7.8,9.1,1.6,7.4,9.1,11.6,14.5,14.4],[9.4,8.6,9.4,10.1,11.1,10.0,9.0,8.9,10.2,9.6,11.6,10.9,11.4,8.2,6.3,5.2,5.1,8.4,1.3,7.0,5.8,7.5,9.9],[4.3,4.3,6.3,6.3,7.2,6.0,3.6,3.3,3.6,4.4,6.3,7.1,7.1,4.6,3.7,3.3,3.3,6.0,4.4,0.9,1.9,3.3,5.2],[4.0,4.4,6.6,6.8,8.0,5.3,3.5,2.7,2.8,3.3,5.9,6.6,7.2,4.7,3.6,2.8,2.6,6.6,4.4,1.6,0.8,1.9,4.2],[5.3,5.8,7.1,7.6,9.0,6.3,4.7,4.0,4.1,4.4,6.4,8.0,9.0,6.1,6.0,5.0,3.6,8.6,5.6,3.4,2.2,0.9,3.8],[8.4,9.9,10.6,11.2,13.1,11.1,9.3,8.9,8.6,6.7,8.0,8.5,9.8,9.1,8.9,9.0,7.0,13.4,10.2,9.0,7.6,6.1,1.5]],
  "token_chain_ids": ["A","A","A","A","A","A","A","A","A","A","A","A","A","A","A","A","A","A","A","A","A","A","A"],
  "token_res_ids": [1,2,3,4,5,6,7,8,9,10,11,12,13,14,15,16,17,18,19,20,21,22,23]
}