{
  "atom_chain_ids": ["A","A","A","A","A","A","A","A","A","A","A","A","A","A","A","A","A","A","A","A","A","A","A","A","A","A","A","A","A","A","A","A","A","A","A","A","A","A","A","A","A","A","A","A","A","A","A","A","A","A","A","A","A","A","A","A","A","A","A","A","A","A","A","A","A","A","A","A","A","A","A","A","A","A","A","A","A","A","A","A","A","A","A","A","A","A","A","A","A","A","A","A","A","A","A","A","A","A","A","A","A","A","A","A","A","A","A","A","A","A","A","A","A","A","A","A","A","A","A","A","A","A","A","A","A","A","A","A","A","A","A","A","A","A","A","A","A","A","A","A","A","A","A","A","A","A","A","A","A","A","A","A","A","A","A","A","A","A","A","A","A","A","A","A","A","A","A","A","A","A","A","A","A","A","A","A","A","A","A","A","A","A","A","A","A","A","A","A","A","A","A","A","A","A","A","A","A","A","A","A","A","A","A","A","A","A","A","A","A","A","A","A","A","A","A","A","A","A","A","A","A","A","A","A","A","A","A","A","A","A","A","A","A","A","A","A","A","A","A","A","A","A","A","A","A","A","A","A","A","A","A","A","A","A","A","A","A","A","A","A","A","A","A","A","A","A","A","A","A","A","A","A","A","A","A","A","A","A","A","A","A","A","A","A","A","A","A","A","A","A","A","A","A","A","A","A","A","A","A","A","A","A","A","A","A","A","A","A","A","A","A","A","A","A","A","A","A","A","A","A","A","A","A","A","A","A","A","A","A","A","A","A","A","A","A","A","A","A","A","A","A","A","A","A","A","A","A","A","A","A","A","A","A","A","A","A","A","A","A","A","A","A","A","A","A","A","A","A","A","A","A","A","A","A","A","A","A","A","A","A","A","A","A","A","A","A","A","A","A","A","A","A","A","A","A","A","A","A","A","A","A","A","A","A","A","A","A","A","A","A","A","A","A","A","A","A","A","A","A","A","A","A","A","A","A","A","A","A","A","A","A","A","A","A","A","A","A","A","A","A","A","A","A","A","A","A","A","A","A","A","A","A","A","A","A","A","A","A","A","A","A","A","A","A","A","A","A","A","A","A","A","A","A","A","A","A","A","A","A","A","A","A","A","A","A","A","A","A","A","A"],
  "atom_plddts": [64.87,66.06,61.04,61.51,65.76,69.55,71.59,72.74,72.9,71.37,72.76,72.79,73.14,73.57,72.94,73.64,74.19,73.74,72.89,72.91,73.08,73.43,75.07,67.5,65.06,64.94,67.74,68.14,69.55,70.58,70.1,68.39,69.67,69.55,69.85,70.34,69.73,70.22,71.18,70.88,70.18,69.88,69.9,69.5,71.02,63.24,60.67,60.53,63.64,61.92,62.99,61.22,61.79,60.88,58.61,58.04,59.51,57.51,56.06,55.46,54.87,54.02,52.71,53.95,56.14,57.23,54.88,55.16,57.31,56.57,57.9,57.71,58.23,57.66,55.51,54.89,56.05,54.11,52.48,51.33,50.96,50.33,48.79,50.76,54.47,49.57,49.39,56.21,55.6,57.9,56.3,58.96,57.84,56.0,55.16,56.61,54.26,51.3,50.68,49.7,48.29,46.92,48.86,51.97,57.0,51.19,50.13,57.77,58.51,60.62,60.59,62.36,61.15,60.21,58.31,59.84,57.48,54.91,54.75,54.23,52.06,50.37,52.02,54.44,52.35,56.81,61.72,56.95,56.56,61.5,62.82,65.18,66.15,66.94,65.07,65.79,64.24,65.15,64.42,61.91,61.99,62.7,60.9,59.36,59.71,60.9,62.27,68.8,65.84,66.09,69.36,70.36,71.81,72.92,72.53,71.04,72.33,72.44,72.75,73.27,72.47,72.89,73.61,73.11,72.46,72.55,72.76,72.66,73.92,70.4,68.44,68.22,70.53,71.46,72.55,73.45,72.79,71.54,72.69,72.56,72.97,73.54,73.0,73.36,74.09,73.73,73.18,73.12,73.18,72.97,74.1,69.87,68.31,68.25,69.31,69.07,69.87,70.77,70.33,68.74,69.65,68.63,69.81,70.0,69.53,69.7,70.59,70.12,69.13,69.22,69.42,68.45,70.23,61.62,60.21,59.24,60.61,59.16,60.64,59.37,60.55,59.08,58.43,55.27,57.59,55.35,53.1,52.5,52.2,50.27,48.48,49.52,51.26,51.12,57.34,52.93,51.84,56.95,57.29,58.81,59.69,60.51,58.82,58.97,57.15,58.37,57.03,55.8,55.8,56.32,54.96,53.36,53.85,54.82,53.5,57.33,56.94,53.75,53.71,57.32,56.76,58.72,58.37,59.91,58.48,58.18,56.4,57.81,55.87,52.92,52.88,52.31,50.45,49.06,49.89,51.72,52.27,61.22,57.13,57.94,61.74,62.32,64.08,66.01,65.75,64.3,64.41,64.46,65.1,65.13,63.94,64.3,65.2,64.63,63.62,63.39,63.86,63.09,65.17,67.46,64.22,64.83,68.1,68.99,70.72,71.95,71.28,69.95,71.0,71.56,71.89,72.63,71.76,72.31,73.29,73.1,72.63,72.26,72.25,72.28,73.21,70.53,68.04,68.54,70.6,70.85,72.4,73.09,72.58,71.16,72.19,72.39,73.29,74.0,73.44,73.92,74.8,74.61,74.28,73.95,73.84,73.63,74.58,69.54,66.39,66.5,69.46,69.76,71.08,72.11,71.78,70.38,71.2,70.87,72.19,72.64,72.04,72.46,73.46,73.22,72.73,72.39,72.35,72.11,73.38,61.71,58.94,59.32,63.06,61.51,62.72,62.8,63.18,61.85,60.03,59.79,60.66,58.53,56.25,55.16,54.97,54.48,52.97,54.71,57.69,52.47,52.66,59.01,58.24,59.76,60.05,61.61,60.38,58.75,57.8,59.71,58.2,55.83,55.25,55.1,54.26,52.52,53.73,55.67,70.64,66.34,66.51,71.49,73.52,75.64,76.23,76.58,75.24,76.41,76.66,77.24,77.6,76.32,76.83,77.41,76.96,76.46,76.79,77.05,77.16,78.14,73.74,71.9,71.46,73.79,74.33,75.6,75.59,75.49,74.32,75.39,75.12,75.69,76.01,75.39,75.7,76.18,75.86,75.52,75.58,75.63,75.36,76.35,73.44,72.35,71.38,72.73,72.6,73.64,73.83,73.4,72.17,72.86,72.04,72.91,73.11,73.06,73.26,73.85,73.51,73.0,72.99,72.96,72.39,73.66,68.63,65.77,65.24,68.44,67.6,68.89,68.21,68.45,67.28,65.2,63.95,65.58,63.96,62.47,61.36,61.58,60.49,58.56,59.75,61.95],
  "contact_probs": [[1.0,0.99,0.22,0.23,0.04,0.05,0.04,0.26,0.54,0.73,0.44,0.72,0.47,0.71,0.46,0.16,0.02,0.0,0.01,0.02,0.02,0.02,0.01],[0.99,1.0,0.8,0.62,0.16,0.18,0.18,0.62,0.64,0.23,0.06,0.16,0.23,0.47,0.2,0.06,0.02,0.0,0.01,0.02,0.03,0.02,0.01],[0.22,0.8,1.0,0.6,0.2,0.24,0.32,0.36,0.1,0.02,0.02,0.03,0.11,0.2,0.1,0.02,0.01,0.01,0.03,0.04,0.01,0.01,0.01],[0.23,0.62,0.6,1.0,0.61,0.47,0.38,0.27,0.06,0.01,0.01,0.03,0.13,0.49,0.27,0.03,0.01,0.01,0.08,0.12,0.02,0.01,0.01],[0.04,0.16,0.2,0.61,1.0,0.72,0.31,0.09,0.02,0.0,0.01,0.01,0.04,0.27,0.17,0.02,0.01,0.01,0.17,0.13,0.02,0.01,0.01],[0.05,0.18,0.24,0.47,0.72,1.0,0.88,0.19,0.01,0.01,0.0,0.01,0.02,0.23,0.19,0.03,0.01,0.04,0.38,0.57,0.03,0.01,0.0],[0.04,0.18,0.32,0.38,0.31,0.88,1.0,0.92,0.08,0.01,0.0,0.01,0.01,0.04,0.04,0.02,0.0,0.03,0.35,0.86,0.67,0.02,0.01],[0.26,0.62,0.36,0.27,0.09,0.19,0.92,1.0,1.0,0.27,0.02,0.02,0.01,0.02,0.02,0.01,0.01,0.01,0.05,0.26,0.83,0.41,0.02],[0.54,0.64,0.1,0.06,0.02,0.01,0.08,1.0,1.0,1.0,0.46,0.11,0.02,0.02,0.01,0.02,0.02,0.0,0.01,0.05,0.29,0.8,0.38],[0.73,0.23,0.02,0.01,0.0,0.01,0.01,0.27,1.0,1.0,0.9,0.64,0.1,0.03,0.02,0.02,0.03,0.0,0.01,0.02,0.08,0.3,0.59],[0.44,0.06,0.02,0.01,0.01,0.0,0.0,0.02,0.46,0.9,1.0,0.74,0.13,0.02,0.03,0.11,0.11,0.01,0.01,0.0,0.02,0.2,0.44],[0.72,0.16,0.03,0.03,0.01,0.01,0.01,0.02,0.11,0.64,0.74,1.0,0.5,0.32,0.57,0.49,0.09,0.01,0.02,0.01,0.02,0.04,0.09],[0.47,0.23,0.11,0.13,0.04,0.02,0.01,0.01,0.02,0.1,0.13,0.5,1.0,0.47,0.15,0.04,0.02,0.0,0.01,0.02,0.01,0.02,0.03],[0.71,0.47,0.2,0.49,0.27,0.23,0.04,0.02,0.02,0.03,0.02,0.32,0.47,1.0,0.99,0.25,0.02,0.0,0.11,0.06,0.02,0.02,0.0],[0.46,0.2,0.1,0.27,0.17,0.19,0.04,0.02,0.01,0.02,0.03,0.57,0.15,0.99,1.0,1.0,0.09,0.01,0.44,0.44,0.05,0.02,0.0],[0.16,0.06,0.02,0.03,0.02,0.03,0.02,0.01,0.02,0.02,0.11,0.49,0.04,0.25,1.0,1.0,0.99,0.06,0.53,0.88,0.3,0.08,0.02],[0.02,0.02,0.01,0.01,0.01,0.01,0.0,0.01,0.02,0.03,0.11,0.09,0.02,0.02,0.09,0.99,1.0,0.14,0.21,0.58,0.81,0.35,0.25],[0.0,0.0,0.01,0.01,0.01,0.04,0.03,0.01,0.0,0.0,0.01,0.01,0.0,0.0,0.01,0.06,0.14,1.0,0.14,0.05,0.02,0.01,0.01],[0.01,0.01,0.03,0.08,0.17,0.38,0.35,0.05,0.01,0.01,0.01,0.02,0.01,0.11,0.44,0.53,0.21,0.14,1.0,0.57,0.09,0.01,0.01],[0.02,0.02,0.04,0.12,0.13,0.57,0.86,0.26,0.05,0.02,0.0,0.01,0.02,0.06,0.44,0.88,0.58,0.05,0.57,1.0,1.0,0.11,0.0],[0.02,0.03,0.01,0.02,0.02,0.03,0.67,0.83,0.29,0.08,0.02,0.02,0.01,0.02,0.05,0.3,0.81,0.02,0.09,1.0,1.0,1.0,0.41],[0.02,0.02,0.01,0.01,0.01,0.01,0.02,0.41,0.8,0.3,0.2,0.04,0.02,0.02,0.02,0.08,0.35,0.01,0.01,0.11,1.0,1.0,0.96],[0.01,0.01,0.01,0.01,0.01,0.0,0.01,0.02,0.38,0.59,0.44,0.09,0.03,0.0,0.0,0.02,0.25,0.01,0.01,0.0,0.41,0.96,1.0]],
  "pae": [[1.0,2.2,4.9,5.6,7.8,7.5,6.0,5.5,5.3,4.8,6.1,6.8,5.8,4.1,4.9,4.9,6.7,10.2,7.9,6.2,5.9,6.1,7.1],[2.2,0.9,4.3,4.8,6.2,6.2,5.6,4.9,4.8,4.6,5.9,6.9,5.6,4.0,4.3,4.8,6.4,9.6,7.0,5.4,5.6,5.8,6.6],[5.0,4.1,1.2,3.9,5.7,5.4,6.7,6.9,7.9,7.8,9.0,9.5,9.4,7.9,8.0,7.9,10.0,12.7,9.2,7.6,7.7,9.7,10.1],[7.7,5.6,4.9,1.2,5.4,4.7,6.5,7.1,9.0,9.6,10.4,11.3,10.8,8.5,8.9,9.9,11.2,13.5,9.7,8.0,9.2,10.8,11.6],[8.8,7.2,5.7,5.3,1.3,4.1,4.8,6.3,8.7,10.3,11.2,12.8,11.6,11.0,10.1,9.4,11.4,13.6,9.9,7.0,8.0,9.9,12.1],[8.2,6.7,5.7,4.6,3.5,1.1,3.6,4.6,6.0,8.0,10.0,11.0,10.7,9.2,8.6,7.8,8.8,11.8,7.9,5.1,5.9,8.0,9.8],[6.0,6.0,5.9,5.5,4.2,2.5,1.1,2.8,5.0,6.1,8.0,9.0,9.4,6.9,6.2,5.4,6.3,9.8,6.8,4.1,4.9,6.2,7.9],[3.8,3.7,5.7,5.6,5.4,3.4,2.1,0.9,1.9,3.0,5.1,6.5,6.5,4.6,4.1,3.8,3.9,7.7,5.3,2.8,2.8,3.6,4.7],[3.6,3.6,5.4,5.9,5.7,4.3,2.6,1.7,0.9,1.8,4.5,5.9,6.3,4.6,4.3,3.7,3.6,7.6,5.5,3.2,2.7,3.1,4.4],[4.3,4.5,6.3,7.1,7.3,5.7,4.2,3.4,2.1,0.9,3.9,6.1,6.4,5.8,5.8,4.9,5.4,8.6,6.9,4.8,4.9,4.1,5.2],[7.0,7.8,9.9,10.9,12.4,10.8,10.0,9.1,6.1,4.4,1.2,5.0,6.4,8.1,9.0,10.2,10.9,13.0,10.6,10.0,8.4,7.2,8.1],[8.2,9.6,12.1,12.3,13.4,12.7,11.4,10.0,8.4,5.4,4.5,1.2,5.5,5.6,7.8,8.3,10.4,13.8,11.6,9.9,8.5,9.0,8.3],[7.0,7.8,9.8,10.4,12.5,11.6,11.4,11.9,11.3,7.9,6.1,5.8,1.3,4.4,6.4,7.9,11.3,12.5,10.9,11.2,11.6,10.7,9.9],[3.9,4.0,6.3,6.5,8.5,7.2,5.9,5.8,5.6,5.2,6.1,5.2,3.5,1.0,2.5,4.0,5.3,8.8,6.3,5.0,6.1,6.0,7.3],[3.5,3.5,5.8,5.9,6.9,5.3,4.3,3.9,4.1,4.4,7.1,6.8,4.5,1.9,0.9,1.9,3.4,7.3,4.4,3.5,3.7,4.5,5.9],[3.5,4.0,5.8,5.9,6.6,5.2,4.0,3.7,3.8,4.2,6.7,7.0,5.6,3.0,1.9,0.8,2.1,5.9,3.9,2.9,2.9,3.1,5.1],[4.2,5.2,6.2,6.9,7.2,5.3,3.7,3.8,4.1,4.5,6.0,6.8,6.5,4.0,3.1,1.8,0.9,5.0,3.4,2.8,2.8,3.2,4.6],[14.8,15.3,16.1,15.3,15.5,14.5,14.5,16.0,16.5,14.9,15.2,14.9,14.4,14.2,12.3,9.2,8.6,1.5,7.0,8.7,10.2,11.9,13.2],[8.4,8.9,9.1,9.8,10.0,8.8,7.7,9.1,9.6,8.9,11.3,10.8,11.7,8.3,6.7,5.2,6.3,6.2,1.3,5.0,5.0,6.8,9.0],[3.7,3.7,5.2,5.5,5.5,4.5,3.1,2.4,3.1,3.7,5.1,6.7,5.8,3.8,3.1,2.4,2.7,5.3,3.0,0.9,1.6,2.3,4.1],[3.5,3.8,5.6,5.8,6.1,4.3,3.1,2.2,2.3,2.9,5.2,6.4,6.4,3.8,3.2,2.4,2.0,5.9,3.5,1.4,0.8,1.6,3.4],[4.5,4.9,6.2,6.6,7.2,5.1,3.9,3.4,3.6,3.5,6.0,8.0,7.2,5.0,5.0,3.8,3.0,6.9,4.1,2.5,1.7,0.9,3.3],[7.8,9.6,10.2,10.7,11.5,10.2,8.5,8.6,7.3,6.8,7.8,7.9,9.8,9.4,9.1,8.5,7.3,12.9,9.5,8.4,7.1,6.2,1.5]],
  "token_chain_ids": ["A","A","A","A","A","A","A","A","A","A","A","A","A","A","A","A","A","A","A","A","A","A","A"],
  "token_res_ids": [1,2,3,4,5,6,7,8,9,10,11,12,13,14,15,16,17,18,19,20,21,22,23]
}