{
  "atom_chain_ids": ["A","A","A","A","A","A","A","A","A","A","A","A","A","A","A","A","A","A","A","A","A","A","A","A","A","A","A","A","A","A","A","A","A","A","A","A","A","A","A","A","A","A","A","A","A","A","A","A","A","A","A","A","A","A","A","A","A","A","A","A","A","A","A","A","A","A","A","A","A","A","A","A","A","A","A","A","A","A","A","A","A","A","A","A","A","A","A","A","A","A","A","A","A","A","A","A","A","A","A","A","A","A","A","A","A","A","A","A","A","A","A","A","A","A","A","A","A","A","A","A","A","A","A","A","A","A","A","A","A","A","A","A","A","A","A","A","A","A","A","A","A","A","A","A","A","A","A","A","A","A","A","A","A","A","A","A","A","A","A","A","A","A","A","A","A","A","A","A","A","A","A","A","A","A","A","A","A","A","A","A","A","A","A","A","A","A","A","A","A","A","A","A","A","A","A","A","A","A","A","A","A","A","A","A","A","A","A","A","A","A","A","A","A","A","A","A","A","A","A","A","A","A","A","A","A","A","A","A","A","A","A","A","A","A","A","A","A","A","A","A","A","A","A","A","A","A","A","A","A","A","A","A","A","A","A","A","A","A","A","A","A","A","A","A","A","A","A","A","A","A","A","A","A","A","A","A","A","A","A","A","A","A","A","A","A","A","A","A","A","A","A","A","A","A","A","A","A","A","A","A","A","A","A","A","A","A","A","A","A","A","A","A","A","A","A","A","A","A","A","A","A","A","A","A","A","A","A","A","A","A","A","A","A","A","A","A","A","A","A","A","A","A","A","A","A","A","A","A","A","A","A","A","A","A","A","A","A","A","A","A","A","A","A","A","A","A","A","A","A","A","A","A","A","A","A","A","A","A","A","A","A","A","A","A","A","A","A","A","A","A","A","A","A","A","A","A","A","A","A","A","A","A","A","A","A","A","A","A","A","A","A","A","A","A","A","A","A","A","A","A","A","A","A","A","A","A","A","A","A","A","A","A","A","A","A","A","A","A","A","A","A","A","A","A","A","A","A","A","A","A","A","A","A","A","A","A","A","A","A","A","A","A","A","A","A","A","A","A","A","A","A","A","A","A","A","A","A","A","A","A","A","A","A","A","A","A","A","A","A","A"],
  "atom_plddts": [68.83,70.04,65.01,65.19,69.79,73.73,76.18,76.89,77.32,75.93,77.05,76.96,77.78,78.17,77.22,77.89,78.35,77.74,77.14,77.35,77.54,77.76,79.17,72.67,69.6,69.49,72.85,73.25,75.27,75.62,75.54,73.93,75.15,74.75,75.89,76.27,75.47,75.81,76.68,76.25,75.73,75.63,75.64,75.42,76.84,65.62,62.56,62.5,66.28,64.42,65.64,63.63,64.27,63.28,60.67,59.71,61.47,59.07,57.07,56.16,55.66,54.57,53.12,54.53,56.96,57.64,53.79,54.27,58.46,58.0,59.71,60.02,60.67,59.95,58.09,57.55,58.71,56.73,54.73,53.55,53.29,52.55,50.9,53.0,58.36,53.32,53.38,60.15,59.11,61.2,59.89,61.86,60.97,58.87,57.51,59.41,56.92,53.81,52.87,52.1,50.56,48.94,51.03,54.08,60.82,54.93,54.16,61.67,62.26,64.22,64.83,65.89,64.73,64.09,61.92,63.71,61.68,59.04,58.74,58.71,56.6,54.72,56.33,58.49,56.53,61.23,65.5,60.57,60.0,65.35,66.9,69.07,70.4,70.74,68.95,69.9,68.26,69.55,69.03,66.36,66.39,67.58,66.0,64.44,64.62,65.58,66.92,70.97,67.52,67.84,71.56,72.57,74.51,75.34,75.27,73.83,75.01,75.04,75.68,76.15,75.23,75.65,76.37,75.85,75.31,75.42,75.58,75.58,76.76,72.42,70.06,70.15,72.66,73.84,75.21,75.72,75.41,74.17,75.36,75.42,76.02,76.6,75.98,76.39,77.05,76.67,76.31,76.27,76.26,76.16,77.12,72.05,69.76,69.85,71.66,71.81,72.95,73.85,73.48,72.03,73.06,72.26,73.65,73.99,73.28,73.48,74.44,73.96,73.11,73.23,73.35,72.69,74.38,68.15,65.75,64.83,67.49,66.39,68.28,68.0,68.04,66.63,66.29,62.85,65.6,63.82,61.01,60.15,60.91,58.89,56.61,57.61,59.15,58.9,65.14,59.71,58.91,65.35,66.5,68.41,70.38,70.34,68.8,69.75,68.23,69.85,69.55,67.67,67.72,68.94,67.87,66.3,66.77,67.43,66.81,70.09,58.8,55.66,55.55,59.13,58.21,60.17,58.89,60.56,59.14,58.51,56.15,57.4,54.79,51.48,50.86,50.08,47.67,46.12,47.32,49.54,50.02,67.47,63.12,63.85,67.83,68.36,70.65,72.04,71.96,70.36,70.81,70.14,71.61,71.67,70.24,70.41,71.51,70.87,69.84,69.79,70.21,69.6,71.77,71.27,67.66,68.32,71.96,72.89,75.19,75.72,75.76,74.32,75.39,75.68,76.44,77.03,76.01,76.54,77.38,77.08,76.73,76.55,76.51,76.62,77.49,72.84,70.09,70.71,73.06,73.42,75.28,75.48,75.46,74.0,75.09,75.21,76.25,76.84,76.07,76.56,77.33,77.04,76.78,76.59,76.47,76.34,77.27,70.98,67.92,67.99,70.93,71.19,72.59,73.46,73.19,71.77,72.67,72.14,73.69,74.12,73.44,73.85,74.83,74.54,74.12,73.79,73.73,73.47,74.75,65.06,62.28,62.72,66.59,64.69,66.31,66.0,66.2,64.86,63.12,62.76,63.85,61.61,59.31,58.11,58.06,57.45,55.95,57.71,61.88,55.63,55.88,63.26,62.35,64.34,64.16,65.67,64.14,62.1,60.56,62.88,60.78,58.21,57.3,57.24,55.96,54.07,55.46,57.75,70.93,66.32,66.6,72.0,74.32,76.87,77.4,77.92,76.65,77.81,78.14,78.71,79.07,77.76,78.34,78.89,78.4,77.99,78.33,78.6,78.9,79.67,75.53,73.57,73.42,75.48,75.89,77.48,77.22,77.37,76.23,77.15,76.9,77.73,78.05,77.42,77.67,78.15,77.81,77.54,77.63,77.62,77.32,78.3,76.37,74.85,74.2,75.79,75.47,76.83,76.74,76.56,75.36,76.03,75.45,76.6,76.84,76.66,76.84,77.43,77.08,76.75,76.79,76.66,76.15,77.32,73.53,71.11,70.45,72.79,71.69,73.05,72.42,72.41,71.11,69.22,67.58,69.92,68.38,66.9,65.53,66.08,64.84,62.91,64.09,66.19],
  "contact_probs": [[1.0,0.99,0.22,0.23,0.04,0.05,0.04,0.26,0.54,0.73,0.44,0.72,0.47,0.71,0.46,0.16,0.02,0.0,0.01,0.02,0.02,0.02,0.01],[0.99,1.0,0.8,0.62,0.16,0.18,0.18,0.62,0.64,0.23,0.06,0.16,0.23,0.47,0.2,0.06,0.02,0.0,0.01,0.02,0.03,0.02,0.01],[0.22,0.8,1.0,0.6,0.2,0.24,0.32,0.36,0.1,0.02,0.02,0.03,0.11,0.2,0.1,0.02,0.01,0.01,0.03,0.04,0.01,0.01,0.01],[0.23,0.62,0.6,1.0,0.61,0.47,0.38,0.27,0.06,0.01,0.01,0.03,0.13,0.49,0.27,0.03,0.01,0.01,0.08,0.12,0.02,0.01,0.01],[0.04,0.16,0.2,0.61,1.0,0.72,0.31,0.09,0.02,0.0,0.01,0.01,0.04,0.27,0.17,0.02,0.01,0.01,0.17,0.13,0.02,0.01,0.01],[0.05,0.18,0.24,0.47,0.72,1.0,0.88,0.19,0.01,0.01,0.0,0.01,0.02,0.23,0.19,0.03,0.01,0.04,0.38,0.57,0.03,0.01,0.0],[0.04,0.18,0.32,0.38,0.31,0.88,1.0,0.92,0.08,0.01,0.0,0.01,0.01,0.04,0.04,0.02,0.0,0.03,0.35,0.86,0.67,0.02,0.01],[0.26,0.62,0.36,0.27,0.09,0.19,0.92,1.0,1.0,0.27,0.02,0.02,0.01,0.02,0.02,0.01,0.01,0.01,0.05,0.26,0.83,0.41,0.02],[0.54,0.64,0.1,0.06,0.02,0.01,0.08,1.0,1.0,1.0,0.46,0.11,0.02,0.02,0.01,0.02,0.02,0.0,0.01,0.05,0.29,0.8,0.38],[0.73,0.23,0.02,0.01,0.0,0.01,0.01,0.27,1.0,1.0,0.9,0.64,0.1,0.03,0.02,0.02,0.03,0.0,0.01,0.02,0.08,0.3,0.59],[0.44,0.06,0.02,0.01,0.01,0.0,0.0,0.02,0.46,0.9,1.0,0.74,0.13,0.02,0.03,0.11,0.11,0.01,0.01,0.0,0.02,0.2,0.44],[0.72,0.16,0.03,0.03,0.01,0.01,0.01,0.02,0.11,0.64,0.74,1.0,0.5,0.32,0.57,0.49,0.09,0.01,0.02,0.01,0.02,0.04,0.09],[0.47,0.23,0.11,0.13,0.04,0.02,0.01,0.01,0.02,0.1,0.13,0.5,1.0,0.47,0.15,0.04,0.02,0.0,0.01,0.02,0.01,0.02,0.03],[0.71,0.47,0.2,0.49,0.27,0.23,0.04,0.02,0.02,0.03,0.02,0.32,0.47,1.0,0.99,0.25,0.02,0.0,0.11,0.06,0.02,0.02,0.0],[0.46,0.2,0.1,0.27,0.17,0.19,0.04,0.02,0.01,0.02,0.03,0.57,0.15,0.99,1.0,1.0,0.09,0.01,0.44,0.44,0.05,0.02,0.0],[0.16,0.06,0.02,0.03,0.02,0.03,0.02,0.01,0.02,0.02,0.11,0.49,0.04,0.25,1.0,1.0,0.99,0.06,0.53,0.88,0.3,0.08,0.02],[0.02,0.02,0.01,0.01,0.01,0.01,0.0,0.01,0.02,0.03,0.11,0.09,0.02,0.02,0.09,0.99,1.0,0.14,0.21,0.58,0.81,0.35,0.25],[0.0,0.0,0.01,0.01,0.01,0.04,0.03,0.01,0.0,0.0,0.01,0.01,0.0,0.0,0.01,0.06,0.14,1.0,0.14,0.05,0.02,0.01,0.01],[0.01,0.01,0.03,0.08,0.17,0.38,0.35,0.05,0.01,0.01,0.01,0.02,0.01,0.11,0.44,0.53,0.21,0.14,1.0,0.57,0.09,0.01,0.01],[0.02,0.02,0.04,0.12,0.13,0.57,0.86,0.26,0.05,0.02,0.0,0.01,0.02,0.06,0.44,0.88,0.58,0.05,0.57,1.0,1.0,0.11,0.0],[0.02,0.03,0.01,0.02,0.02,0.03,0.67,0.83,0.29,0.08,0.02,0.02,0.01,0.02,0.05,0.3,0.81,0.02,0.09,1.0,1.0,1.0,0.41],[0.02,0.02,0.01,0.01,0.01,0.01,0.02,0.41,0.8,0.3,0.2,0.04,0.02,0.02,0.02,0.08,0.35,0.01,0.01,0.11,1.0,1.0,0.96],[0.01,0.01,0.01,0.01,0.01,0.0,0.01,0.02,0.38,0.59,0.44,0.09,0.03,0.0,0.0,0.02,0.25,0.01,0.01,0.0,0.41,0.96,1.0]],
  "pae": [[0.9,1.8,4.2,5.1,6.5,6.4,5.5,4.3,4.5,4.1,4.5,3.9,6.5,3.9,3.8,4.5,5.9,9.1,7.4,4.9,5.0,5.3,6.2],[1.7,0.9,3.7,4.6,5.7,5.7,4.8,4.1,4.0,3.8,4.3,3.8,5.7,3.9,3.3,3.8,5.3,8.3,6.6,4.2,4.4,5.0,5.3],[4.7,4.7,1.3,5.0,5.4,5.5,6.4,6.5,8.1,7.6,7.7,7.1,8.9,8.1,7.9,8.6,10.1,13.2,10.0,8.2,8.3,8.7,10.3],[6.8,5.9,4.9,1.4,5.5,5.2,5.8,6.3,9.2,9.4,9.2,8.8,10.0,8.0,8.2,8.9,10.5,13.5,10.5,7.8,9.2,10.0,12.0],[7.6,6.6,5.6,5.1,1.3,4.2,5.0,6.1,8.2,9.4,9.8,9.6,11.0,8.4,8.1,9.1,10.1,13.1,10.2,6.3,7.6,9.3,10.9],[7.0,6.3,5.4,4.5,3.5,1.1,3.2,4.3,6.1,7.2,8.3,8.0,9.9,7.9,6.9,6.7,7.7,10.4,7.6,4.8,5.6,7.2,8.1],[5.2,5.2,4.8,4.8,3.9,2.4,1.0,2.7,3.9,5.5,6.3,6.2,8.5,5.9,4.7,4.5,5.0,8.3,6.1,3.6,4.1,4.9,5.9],[3.3,3.1,4.7,5.0,4.9,3.2,1.9,0.9,1.7,2.7,3.6,3.8,6.5,4.0,3.4,3.4,3.2,7.1,5.2,2.6,2.5,3.0,3.9],[2.8,2.9,4.4,5.0,5.4,3.8,2.3,1.5,0.9,1.5,2.5,2.8,6.0,3.9,3.4,3.1,3.3,7.1,5.2,2.5,2.4,2.4,3.2],[3.2,3.3,5.1,5.5,5.9,4.7,3.3,2.3,1.6,0.9,2.4,2.9,6.1,4.4,4.0,3.7,3.9,7.6,5.9,3.5,3.3,3.0,3.5],[4.3,4.5,6.1,6.4,7.9,6.2,5.2,4.6,3.1,2.4,1.1,2.3,6.1,5.2,4.5,5.5,6.0,9.5,7.1,5.4,5.1,4.4,4.2],[4.1,4.7,6.0,6.6,7.8,6.5,5.7,5.6,4.3,3.5,2.1,1.0,5.1,4.5,4.7,5.4,5.6,9.3,7.2,6.0,5.6,5.2,5.0],[8.1,8.5,9.6,9.8,12.1,11.2,12.0,11.8,12.0,9.4,7.4,6.7,1.4,6.6,5.6,7.9,9.8,14.4,12.7,11.7,12.2,11.7,11.2],[3.3,3.8,5.3,5.9,6.2,5.6,4.7,4.7,5.1,4.8,5.0,3.5,4.7,0.9,1.8,3.6,4.8,7.7,6.2,4.8,5.4,6.0,6.2],[2.9,2.9,5.0,5.4,5.6,4.8,3.6,3.2,3.6,3.7,4.4,3.8,4.7,1.6,0.9,1.6,2.7,6.5,4.5,2.9,3.0,4.0,4.4],[3.3,3.5,5.3,5.7,6.0,4.5,3.4,3.2,3.5,3.9,4.3,4.0,6.0,2.8,1.6,0.8,1.8,5.6,3.9,2.5,2.8,3.1,4.1],[3.9,4.7,5.9,6.2,6.8,4.9,3.5,3.4,4.0,4.0,4.6,4.2,6.4,3.8,2.5,1.7,0.9,5.1,3.3,2.7,2.6,3.4,4.0],[12.5,13.5,14.4,12.8,13.9,12.8,11.7,12.8,14.4,13.7,13.2,12.0,14.4,11.9,9.7,7.4,8.1,1.5,6.7,7.5,9.1,11.0,9.9],[9.7,9.5,9.7,9.5,10.7,8.4,7.8,7.9,8.6,10.1,10.3,9.4,12.7,9.0,7.3,5.3,5.7,6.7,1.3,6.1,4.9,6.4,7.8],[3.4,3.3,4.9,5.1,5.3,4.2,2.9,2.4,2.8,3.2,3.9,3.7,6.1,3.6,2.8,2.3,2.7,5.5,3.3,0.9,1.5,2.4,3.5],[3.2,3.4,5.2,5.4,5.7,4.1,2.7,2.3,2.2,2.8,3.5,3.5,6.4,3.6,2.8,2.3,2.4,6.1,3.9,1.5,0.8,1.6,2.6],[3.9,4.0,5.4,5.7,6.2,4.5,3.4,2.8,2.8,3.0,3.7,3.8,7.0,4.6,3.9,3.1,2.8,6.5,4.5,2.4,1.5,0.9,2.7],[6.0,7.2,7.7,7.8,9.1,7.5,6.6,6.3,5.6,5.2,5.3,5.5,9.4,7.8,6.4,5.8,6.4,10.2,8.0,6.4,4.2,3.8,1.3]],
  "token_chain_ids": ["A","A","A","A","A","A","A","A","A","A","A","A","A","A","A","A","A","A","A","A","A","A","A"],
  "token_res_ids": [1,2,3,4,5,6,7,8,9,10,11,12,13,14,15,16,17,18,19,20,21,22,23]
}