{
  "atom_chain_ids": ["A","A","A","A","A","A","A","A","A","A","A","A","A","A","A","A","A","A","A","A","A","A","A","A","A","A","A","A","A","A","A","A","A","A","A","A","A","A","A","A","A","A","A","A","A","A","A","A","A","A","A","A","A","A","A","A","A","A","A","A","A","A","A","A","A","A","A","A","A","A","A","A","A","A","A","A","A","A","A","A","A","A","A","A","A","A","A","A","A","A","A","A","A","A","A","A","A","A","A","A","A","A","A","A","A","A","A","A","A","A","A","A","A","A","A","A","A","A","A","A","A","A","A","A","A","A","A","A","A","A","A","A","A","A","A","A","A","A","A","A","A","A","A","A","A","A","A","A","A","A","A","A","A","A","A","A","A","A","A","A","A","A","A","A","A","A","A","A","A","A","A","A","A","A","A","A","A","A","A","A","A","A","A","A","A","A","A","A","A","A","A","A","A","A","A","A","A","A","A","A","A","A","A","A","A","A","A","A","A","A","A","A","A","A","A","A","A","A","A","A","A","A","A","A","A","A","A","A","A","A","A","A","A","A","A","A","A","A","A","A","A","A","A","A","A","A","A","A","A","A","A","A","A","A","A","A","A","A","A","A","A","A","A","A","A","A","A","A","A","A","A","A","A","A","A","A","A","A","A","A","A","A","A","A","A","A","A","A","A","A","A","A","A","A","A","A","A","A","A","A","A","A","A","A","A","A","A","A","A","A","A","A","A","A","A","A","A","A","A","A","A","A","A","A","A","A","A","A","A","A","A","A","A","A","A","A","A","A","A","A","A","A","A","A","A","A","A","A","A","A","A","A","A","A","A","A","A","A","A","A","A","A","A","A","A","A","A","A","A","A","A","A","A","A","A","A","A","A","A","A","A","A","A","A","A","A","A","A","A","A","A","A","A","A","A","A","A","A","A","A","A","A","A","A","A","A","A","A","A","A","A","A","A","A","A","A","A","A","A","A","A","A","A","A","A","A","A","A","A","A","A","A","A","A","A","A","A","A","A","A","A","A","A","A","A","A","A","A","A","A","A","A","A","A","A","A","A","A","A","A","A","A","A","A","A","A","A","A","A","A","A","A","A","A","A","A","A","A","A","A","A","A","A","A","A","A","A","A","A","A"],
  "atom_plddts": [64.3,65.23,60.51,61.14,64.95,68.41,70.14,71.33,71.34,69.82,71.17,71.13,71.47,71.93,71.37,71.94,72.56,72.22,71.28,71.26,71.44,71.73,73.36,66.15,63.67,63.69,66.33,66.73,67.87,69.17,68.42,66.83,68.08,67.9,68.2,68.75,68.38,68.76,69.78,69.59,68.83,68.51,68.57,68.17,69.53,62.78,60.36,60.12,63.09,61.24,62.1,60.53,60.92,60.15,58.05,57.01,58.7,56.65,55.07,54.24,53.64,52.77,51.27,52.76,54.95,55.32,51.96,52.18,55.84,55.35,56.74,57.34,58.0,57.62,55.87,55.43,56.47,54.83,53.05,52.08,51.87,51.37,49.78,51.56,55.39,50.76,50.38,56.89,55.79,57.45,56.01,58.28,57.41,55.61,54.37,56.08,53.61,50.79,50.05,49.04,47.68,46.14,48.15,51.21,57.35,51.83,51.08,58.09,58.5,60.29,60.48,61.75,60.6,59.65,57.6,59.42,57.3,54.85,54.6,54.32,52.34,50.54,52.07,54.34,52.1,56.56,61.66,57.12,56.67,61.42,62.36,64.56,65.43,66.41,64.61,65.14,63.28,64.57,63.67,60.98,60.96,61.72,59.89,58.25,58.6,59.78,61.16,67.74,64.93,65.2,68.13,68.83,70.22,71.42,70.99,69.54,70.56,70.49,70.87,71.32,70.63,70.93,71.73,71.31,70.52,70.55,70.8,70.54,71.93,69.44,67.64,67.46,69.44,70.37,71.4,72.35,71.6,70.32,71.39,71.06,71.52,72.06,71.63,71.88,72.6,72.29,71.65,71.6,71.7,71.37,72.57,68.09,66.49,66.55,67.63,67.76,68.31,69.31,68.76,67.22,68.13,67.21,68.14,68.36,68.06,68.2,69.04,68.7,67.7,67.76,68.01,67.16,68.66,61.2,59.83,58.9,60.25,58.76,60.19,58.95,60.03,58.57,58.02,54.81,57.24,55.17,53.06,52.53,52.32,50.57,48.79,49.75,51.4,51.12,55.68,51.24,50.28,55.27,55.62,57.07,58.01,58.83,57.15,57.3,55.54,56.77,55.66,54.51,54.58,55.09,53.95,52.41,52.77,53.7,52.46,55.89,53.88,50.87,50.74,54.17,53.54,55.18,54.5,56.79,55.44,55.01,53.11,54.46,52.38,49.38,49.24,48.48,46.71,45.42,46.23,48.14,48.66,59.55,55.51,56.35,60.16,60.61,62.3,64.25,63.86,62.49,62.5,62.44,63.17,63.19,62.01,62.26,63.18,62.65,61.54,61.32,61.84,60.96,63.13,65.28,62.17,62.93,65.92,66.92,68.5,70.11,69.14,67.91,68.81,69.6,69.71,70.52,69.68,70.21,71.23,71.11,70.57,70.12,70.14,70.16,71.09,68.57,66.26,66.82,68.68,68.91,70.3,71.3,70.55,69.2,70.13,70.4,71.09,71.81,71.26,71.72,72.59,72.48,72.05,71.69,71.64,71.41,72.37,67.26,64.47,64.68,67.03,67.22,68.34,69.52,69.01,67.66,68.22,67.78,69.11,69.55,69.1,69.37,70.4,70.2,69.55,69.19,69.21,68.78,70.19,60.29,57.5,57.88,61.43,60.07,61.13,61.48,61.64,60.39,58.87,58.46,59.51,57.65,55.32,54.21,54.15,53.7,52.13,53.81,57.0,52.08,52.49,58.41,57.69,59.04,59.5,60.9,59.76,58.24,57.16,59.11,57.68,55.13,54.46,54.34,53.51,51.67,52.94,54.9,69.21,65.27,65.48,69.9,71.83,73.94,74.78,75.06,73.7,74.85,75.04,75.49,75.86,74.43,74.87,75.48,75.06,74.41,74.73,75.08,75.13,76.26,72.68,71.06,70.6,72.47,72.9,74.25,74.36,74.16,72.98,73.85,73.36,74.04,74.37,73.81,74.01,74.56,74.31,73.83,73.85,73.92,73.53,74.65,70.83,70.13,69.23,69.96,69.93,70.77,71.17,70.62,69.48,70.04,68.96,69.72,69.93,70.05,70.17,70.7,70.46,69.77,69.75,69.81,69.11,70.39,65.41,62.03,61.81,65.58,65.02,65.96,65.69,65.9,64.88,62.86,61.63,62.98,61.39,59.95,58.85,59.01,57.99,55.91,57.22,59.41],
  "contact_probs": [[1.0,0.99,0.22,0.23,0.04,0.05,0.04,0.26,0.54,0.73,0.44,0.72,0.47,0.71,0.46,0.16,0.02,0.0,0.01,0.02,0.02,0.02,0.01],[0.99,1.0,0.8,0.62,0.16,0.18,0.18,0.62,0.64,0.23,0.06,0.16,0.23,0.47,0.2,0.06,0.02,0.0,0.01,0.02,0.03,0.02,0.01],[0.22,0.8,1.0,0.6,0.2,0.24,0.32,0.36,0.1,0.02,0.02,0.03,0.11,0.2,0.1,0.02,0.01,0.01,0.03,0.04,0.01,0.01,0.01],[0.23,0.62,0.6,1.0,0.61,0.47,0.38,0.27,0.06,0.01,0.01,0.03,0.13,0.49,0.27,0.03,0.01,0.01,0.08,0.12,0.02,0.01,0.01],[0.04,0.16,0.2,0.61,1.0,0.72,0.31,0.09,0.02,0.0,0.01,0.01,0.04,0.27,0.17,0.02,0.01,0.01,0.17,0.13,0.02,0.01,0.01],[0.05,0.18,0.24,0.47,0.72,1.0,0.88,0.19,0.01,0.01,0.0,0.01,0.02,0.23,0.19,0.03,0.01,0.04,0.38,0.57,0.03,0.01,0.0],[0.04,0.18,0.32,0.38,0.31,0.88,1.0,0.92,0.08,0.01,0.0,0.01,0.01,0.04,0.04,0.02,0.0,0.03,0.35,0.86,0.67,0.02,0.01],[0.26,0.62,0.36,0.27,0.09,0.19,0.92,1.0,1.0,0.27,0.02,0.02,0.01,0.02,0.02,0.01,0.01,0.01,0.05,0.26,0.83,0.41,0.02],[0.54,0.64,0.1,0.06,0.02,0.01,0.08,1.0,1.0,1.0,0.46,0.11,0.02,0.02,0.01,0.02,0.02,0.0,0.01,0.05,0.29,0.8,0.38],[0.73,0.23,0.02,0.01,0.0,0.01,0.01,0.27,1.0,1.0,0.9,0.64,0.1,0.03,0.02,0.02,0.03,0.0,0.01,0.02,0.08,0.3,0.59],[0.44,0.06,0.02,0.01,0.01,0.0,0.0,0.02,0.46,0.9,1.0,0.74,0.13,0.02,0.03,0.11,0.11,0.01,0.01,0.0,0.02,0.2,0.44],[0.72,0.16,0.03,0.03,0.01,0.01,0.01,0.02,0.11,0.64,0.74,1.0,0.5,0.32,0.57,0.49,0.09,0.01,0.02,0.01,0.02,0.04,0.09],[0.47,0.23,0.11,0.13,0.04,0.02,0.01,0.01,0.02,0.1,0.13,0.5,1.0,0.47,0.15,0.04,0.02,0.0,0.01,0.02,0.01,0.02,0.03],[0.71,0.47,0.2,0.49,0.27,0.23,0.04,0.02,0.02,0.03,0.02,0.32,0.47,1.0,0.99,0.25,0.02,0.0,0.11,0.06,0.02,0.02,0.0],[0.46,0.2,0.1,0.27,0.17,0.19,0.04,0.02,0.01,0.02,0.03,0.57,0.15,0.99,1.0,1.0,0.09,0.01,0.44,0.44,0.05,0.02,0.0],[0.16,0.06,0.02,0.03,0.02,0.03,0.02,0.01,0.02,0.02,0.11,0.49,0.04,0.25,1.0,1.0,0.99,0.06,0.53,0.88,0.3,0.08,0.02],[0.02,0.02,0.01,0.01,0.01,0.01,0.0,0.01,0.02,0.03,0.11,0.09,0.02,0.02,0.09,0.99,1.0,0.14,0.21,0.58,0.81,0.35,0.25],[0.0,0.0,0.01,0.01,0.01,0.04,0.03,0.01,0.0,0.0,0.01,0.01,0.0,0.0,0.01,0.06,0.14,1.0,0.14,0.05,0.02,0.01,0.01],[0.01,0.01,0.03,0.08,0.17,0.38,0.35,0.05,0.01,0.01,0.01,0.02,0.01,0.11,0.44,0.53,0.21,0.14,1.0,0.57,0.09,0.01,0.01],[0.02,0.02,0.04,0.12,0.13,0.57,0.86,0.26,0.05,0.02,0.0,0.01,0.02,0.06,0.44,0.88,0.58,0.05,0.57,1.0,1.0,0.11,0.0],[0.02,0.03,0.01,0.02,0.02,0.03,0.67,0.83,0.29,0.08,0.02,0.02,0.01,0.02,0.05,0.3,0.81,0.02,0.09,1.0,1.0,1.0,0.41],[0.02,0.02,0.01,0.01,0.01,0.01,0.02,0.41,0.8,0.3,0.2,0.04,0.02,0.02,0.02,0.08,0.35,0.01,0.01,0.11,1.0,1.0,0.96],[0.01,0.01,0.01,0.01,0.01,0.0,0.01,0.02,0.38,0.59,0.44,0.09,0.03,0.0,0.0,0.02,0.25,0.01,0.01,0.0,0.41,0.96,1.0]],
  "pae": [[1.0,2.1,4.9,6.0,7.9,8.1,6.5,5.6,5.4,5.2,6.2,6.8,7.9,4.6,4.9,5.1,6.9,9.8,8.3,6.0,5.9,6.1,7.9],[2.0,0.9,4.4,5.6,6.6,7.2,6.0,4.5,4.8,4.8,5.8,6.8,7.4,4.5,4.0,4.8,6.4,8.8,7.3,5.4,5.3,5.9,6.9],[5.8,4.8,1.3,5.8,5.7,7.9,7.1,7.0,8.3,8.4,9.8,10.1,11.5,9.3,9.3,9.0,10.2,13.7,11.0,8.9,8.8,9.5,10.9],[7.7,6.1,5.2,1.3,5.7,6.2,5.7,6.8,9.5,9.9,11.8,11.6,12.0,9.6,9.8,10.2,10.9,14.3,10.8,8.7,9.2,10.7,12.5],[9.3,7.4,5.6,5.4,1.3,4.7,5.6,6.6,8.8,9.9,12.0,12.5,13.2,11.8,10.4,10.0,11.9,14.8,11.7,7.8,8.7,11.2,12.6],[8.5,6.7,6.2,4.7,3.7,1.1,3.6,4.9,6.2,8.0,10.1,11.3,12.1,9.8,8.2,7.6,9.6,12.8,8.6,5.5,6.2,7.8,10.1],[7.3,6.2,6.1,5.2,4.9,2.8,1.0,2.9,4.7,6.2,8.0,9.3,10.8,8.0,6.6,6.0,6.6,10.5,8.1,4.8,4.5,5.9,8.5],[4.2,3.8,5.8,6.1,5.8,3.6,2.4,0.9,2.0,3.0,5.4,7.0,7.8,5.2,4.3,4.1,4.2,8.0,6.4,3.3,3.2,4.2,5.4],[3.6,3.4,5.1,6.0,6.2,4.5,2.8,1.6,0.9,1.7,4.6,6.3,7.5,4.9,4.3,3.7,4.1,7.8,6.0,3.2,2.8,3.3,5.5],[4.3,4.2,6.2,6.5,7.6,6.0,4.4,3.2,2.0,0.9,4.0,5.9,7.6,5.8,5.5,5.0,5.4,9.2,7.2,4.7,4.6,4.1,6.3],[6.6,7.5,9.2,9.0,12.3,10.5,9.6,7.3,5.3,4.0,1.1,4.2,7.0,8.0,8.3,9.0,9.6,13.3,10.6,8.8,8.3,7.7,8.6],[8.1,8.7,10.9,10.4,12.2,12.5,11.2,9.6,7.3,5.5,4.5,1.1,4.9,5.7,8.1,7.9,8.2,13.1,9.9,9.2,9.5,9.2,8.4],[8.6,10.0,11.2,11.2,13.4,13.5,13.1,12.5,11.2,9.6,6.7,5.0,1.2,6.8,7.3,8.6,9.2,14.1,10.2,11.6,12.6,12.5,11.0],[4.5,4.6,6.9,7.6,8.8,8.0,6.6,6.2,6.3,5.8,6.8,5.3,5.1,1.0,2.5,4.1,5.1,8.9,6.4,5.1,5.6,6.6,7.8],[3.8,3.8,6.2,6.4,7.3,6.2,4.9,4.0,4.3,4.5,7.6,7.3,6.0,2.3,0.9,1.9,3.7,7.8,4.7,3.7,3.9,4.9,6.6],[3.9,4.2,6.1,6.4,7.1,5.8,4.5,4.0,4.1,4.4,6.8,7.2,7.3,3.4,1.9,0.9,2.4,6.4,4.4,3.2,3.3,3.6,5.9],[4.7,5.6,6.6,7.1,8.1,5.9,4.4,4.3,4.6,4.6,6.6,7.2,6.8,4.3,3.0,1.9,0.9,5.3,3.8,3.5,3.0,3.5,5.5],[13.0,13.4,14.5,13.5,15.3,13.8,14.2,14.9,15.6,13.7,13.2,14.3,13.7,11.3,9.6,7.0,8.2,1.5,7.0,8.7,11.5,13.8,13.4],[8.7,8.2,9.6,9.8,11.5,9.2,9.1,8.3,8.9,8.6,10.5,10.8,11.2,7.2,5.1,4.5,4.1,7.4,1.3,6.3,5.3,6.3,8.8],[4.1,3.7,5.7,5.9,6.4,5.5,4.5,3.0,3.3,3.9,5.6,6.7,7.1,4.3,3.3,2.9,3.2,5.5,3.7,0.9,1.5,2.8,4.6],[3.7,3.9,6.0,6.5,7.1,5.5,3.7,2.4,2.5,3.0,5.6,6.6,7.5,4.3,3.3,2.6,2.7,6.3,3.8,1.6,0.8,1.8,4.0],[4.8,5.2,6.8,7.1,8.0,6.2,4.8,3.8,3.8,3.9,6.3,8.4,9.3,5.4,5.9,4.5,3.6,8.0,5.0,3.2,1.9,0.9,3.8],[8.2,9.3,10.4,10.2,12.2,10.9,9.6,8.6,7.5,6.8,8.3,8.6,10.7,9.1,8.6,8.5,7.3,13.4,9.8,8.6,7.7,5.8,1.5]],
  "token_chain_ids": ["A","A","A","A","A","A","A","A","A","A","A","A","A","A","A","A","A","A","A","A","A","A","A"],
  "token_res_ids": [1,2,3,4,5,6,7,8,9,10,11,12,13,14,15,16,17,18,19,20,21,22,23]
}