{
  "atom_chain_ids": ["A","A","A","A","A","A","A","A","A","A","A","A","A","A","A","A","A","A","A","A","A","A","A","A","A","A","A","A","A","A","A","A","A","A","A","A","A","A","A","A","A","A","A","A","A","A","A","A","A","A","A","A","A","A","A","A","A","A","A","A","A","A","A","A","A","A","A","A","A","A","A","A","A","A","A","A","A","A","A","A","A","A","A","A","A","A","A","A","A","A","A","A","A","A","A","A","A","A","A","A","A","A","A","A","A","A","A","A","A","A","A","A","A","A","A","A","A","A","A","A","A","A","A","A","A","A","A","A","A","A","A","A","A","A","A","A","A","A","A","A","A","A","A","A","A","A","A","A","A","A","A","A","A","A","A","A","A","A","A","A","A","A","A","A","A","A","A","A","A","A","A","A","A","A","A","A","A","A","A","A","A","A","A","A","A","A","A","A","A","A","A","A","A","A","A","A","A","A","A","A","A","A","A","A","A","A","A","A","A","A","A","A","A","A","A","A","A","A","A","A","A","A","A","A","A","A","A","A","A","A","A","A","A","A","A","A","A","A","A","A","A","A","A","A","A","A","A","A","A","A","A","A","A","A","A","A","A","A","A","A","A","A","A","A","A","A","A","A","A","A","A","A","A","A","A","A","A","A","A","A","A","A","A","A","A","A"],
  "atom_plddts": [59.91,63.96,58.53,59.36,63.45,67.21,71.41,72.79,74.01,71.9,73.71,73.64,74.25,73.42,73.02,74.56,73.85,72.04,71.62,72.46,73.27,74.19,75.91,72.53,68.84,68.73,74.24,74.29,75.82,77.32,76.64,75.07,76.16,77.31,77.78,78.05,77.64,78.26,78.61,77.82,77.63,77.71,73.32,69.43,70.2,74.1,73.21,75.37,75.93,76.57,74.3,75.42,76.45,77.34,76.74,73.94,74.05,74.65,73.86,73.22,72.83,74.69,76.25,72.75,72.79,76.72,76.98,79.42,80.26,80.8,79.41,80.76,81.47,81.94,81.96,81.2,82.44,82.33,81.1,81.55,81.57,81.51,81.81,82.29,75.44,72.99,72.61,76.25,75.83,77.12,77.75,76.91,75.36,76.15,77.61,77.97,77.95,77.4,77.92,77.84,76.96,76.98,77.34,71.95,68.91,68.74,71.44,70.1,72.29,71.24,72.17,70.31,69.28,69.24,70.1,67.67,64.89,64.32,63.99,62.43,61.36,61.98,64.99,61.37,57.92,56.26,60.54,61.32,63.85,62.93,65.04,62.41,62.6,63.1,61.71,58.99,57.63,58.53,57.15,54.97,54.87,56.0,57.94,55.72,59.07,57.63,54.17,54.39,58.38,58.78,60.93,62.48,62.38,61.52,60.67,62.23,60.45,59.15,58.06,57.64,57.23,56.58,55.43,57.09,64.51,59.63,60.6,66.5,66.71,69.36,69.39,70.57,68.63,68.28,70.57,69.54,67.82,65.19,65.54,65.03,63.79,63.22,63.63,66.8,68.87,64.95,64.01,69.28,70.25,72.73,74.47,74.9,73.42,75.01,76.03,75.25,75.17,74.91,76.87,76.14,74.51,74.83,75.17,75.53,76.02,76.5,78.1,75.86,74.94,78.31,78.04,79.39,80.52,80.14,78.76,79.02,80.23,80.93,81.09,80.02,80.35,80.38,79.53,79.23,79.61,79.27,77.09,76.74,78.85,78.38,80.02,80.2,81.02,78.8,79.44,80.14,80.99,80.57,77.96,77.86,78.12,77.17,76.66,76.33,78.2,78.25,75.5,74.33,77.84,78.4,80.23,80.6,80.96,79.28,80.53,81.23,82.07,82.03,81.16,82.36,82.35,80.98,81.24,81.25,81.12,81.29,82.17,77.14,75.03,74.27,77.18,76.75,78.67,78.81,78.68,75.97,76.61,77.99,78.93,78.51,77.51,77.81,77.42,76.12,75.7,76.98],
  "contact_probs": [[1.0,0.99,0.25,0.01,0.01,0.0,0.01,0.02,0.02,0.01,0.02,0.06,0.26,0.9],[0.99,1.0,0.98,0.48,0.01,0.01,0.05,0.02,0.02,0.04,0.09,0.56,0.98,0.87],[0.25,0.98,1.0,0.99,0.43,0.01,0.05,0.03,0.04,0.06,0.59,0.88,0.89,0.61],[0.01,0.48,0.99,1.0,0.99,0.29,0.1,0.17,0.07,0.39,0.99,0.88,0.6,0.09],[0.01,0.01,0.43,0.99,1.0,0.88,0.59,0.65,0.15,0.97,0.93,0.53,0.05,0.02],[0.0,0.01,0.01,0.29,0.88,1.0,0.87,0.59,0.17,0.57,0.38,0.05,0.02,0.01],[0.01,0.05,0.05,0.1,0.59,0.87,1.0,0.86,0.18,0.41,0.12,0.07,0.03,0.04],[0.02,0.02,0.03,0.17,0.65,0.59,0.86,1.0,0.62,0.83,0.42,0.02,0.01,0.01],[0.02,0.02,0.04,0.07,0.15,0.17,0.18,0.62,1.0,0.66,0.19,0.01,0.01,0.01],[0.01,0.04,0.06,0.39,0.97,0.57,0.41,0.83,0.66,1.0,1.0,0.27,0.01,0.0],[0.02,0.09,0.59,0.99,0.93,0.38,0.12,0.42,0.19,1.0,1.0,0.98,0.57,0.01],[0.06,0.56,0.88,0.88,0.53,0.05,0.07,0.02,0.01,0.27,0.98,1.0,0.99,0.49],[0.26,0.98,0.89,0.6,0.05,0.02,0.03,0.01,0.01,0.01,0.57,0.99,1.0,0.99],[0.9,0.87,0.61,0.09,0.02,0.01,0.04,0.01,0.01,0.0,0.01,0.49,0.99,1.0]],
  "pae": [[1.0,1.9,3.5,4.3,5.1,7.2,8.3,9.7,9.5,6.4,6.2,4.6,4.4,4.4],[1.9,1.0,2.2,2.8,3.6,5.7,6.3,8.3,8.5,4.9,4.3,4.4,3.4,3.9],[2.6,1.7,1.0,1.8,3.2,5.1,6.2,7.6,8.2,4.5,3.5,3.6,3.0,3.5],[3.1,2.1,1.9,0.9,2.1,4.2,5.1,6.8,8.3,3.4,2.9,3.6,3.1,4.3],[4.4,2.9,2.6,1.9,1.0,3.2,4.3,6.2,7.6,3.6,3.4,4.4,4.1,5.4],[9.5,6.9,6.4,5.6,4.1,1.2,3.3,5.1,6.2,6.4,6.7,7.4,7.5,9.4],[12.3,10.8,7.9,6.3,5.1,4.7,1.2,4.5,5.8,6.0,6.9,8.9,9.5,11.9],[13.6,12.8,11.4,11.6,6.8,5.5,4.2,1.3,5.6,6.1,8.0,10.9,12.5,13.2],[11.0,10.9,10.5,11.3,9.3,6.3,5.9,4.9,1.5,5.0,6.5,9.8,11.0,11.9],[5.6,4.9,4.1,5.1,4.2,5.7,5.4,5.0,3.4,1.1,2.2,4.2,5.0,6.3],[4.5,3.9,4.0,4.2,4.3,5.3,5.4,5.9,5.2,1.7,1.0,2.6,3.4,4.4],[3.7,3.6,3.3,3.5,4.0,5.6,6.1,6.6,6.2,3.0,1.7,1.1,1.8,3.4],[2.7,2.6,3.1,4.5,4.6,6.3,7.2,7.4,7.1,4.0,2.7,2.4,0.9,2.3],[3.8,3.7,3.6,5.3,5.2,6.9,9.1,8.7,8.4,5.2,4.0,3.7,2.4,1.2]],
  "token_chain_ids": ["A","A","A","A","A","A","A","A","A","A","A","A","A","A"],
  "token_res_ids": [1,2,3,4,5,6,7,8,9,10,11,12,13,14]
}