{
  "atom_chain_ids": ["A","A","A","A","A","A","A","A","A","A","A","A","A","A","A","A","A","A","A","A","A","A","A","A","A","A","A","A","A","A","A","A","A","A","A","A","A","A","A","A","A","A","A","A","A","A","A","A","A","A","A","A","A","A","A","A","A","A","A","A","A","A","A","A","A","A","A","A","A","A","A","A","A","A","A","A","A","A","A","A","A","A","A","A","A","A","A","A","A","A","A","A","A","A","A","A","A","A","A","A","A","A","A","A","A","A","A","A","A","A","A","A","A","A","A","A","A","A","A","A","A","A","A","A","A","A","A","A","A","A","A","A","A","A","A","A","A","A","A","A","A","A","A","A","A","A","A","A","A","A","A","A","A","A","A","A","A","A","A","A","A","A","A","A","A","A","A","A","A","A","A","A","A","A","A","A","A","A","A","A","A","A","A","A","A","A","A","A","A","A","A","A","A","A","A","A","A","A","A","A","A","A","A","A","A","A","A","A","A","A","A","A","A","A","A","A","A","A","A","A","A","A","A","A","A","A","A","A","A","A","A","A","A","A","A","A","A","A","A","A","A","A","A","A","A","A","A","A","A","A","A","A","A","A","A","A","A","A","A","A","A","A","A","A","A","A","A","A","A","A","A","A","A","A","A","A","A","A","A","A","A","A","A","A","A","A"],
  "atom_plddts": [58.35,62.15,56.65,57.47,61.76,65.4,69.59,71.21,72.34,70.28,72.05,72.12,72.46,71.58,71.35,72.89,72.1,70.34,69.87,70.7,71.56,72.56,74.32,70.9,67.41,67.45,72.63,72.6,73.9,75.75,74.82,73.37,74.51,75.67,75.94,76.26,76.09,76.67,77.02,76.33,76.08,76.2,71.12,67.38,68.39,71.98,71.31,73.39,74.06,74.5,72.25,73.34,74.37,75.25,74.74,72.12,72.15,72.85,72.14,71.42,71.11,72.76,73.7,70.39,70.46,74.38,74.61,77.17,78.32,78.81,77.48,79.01,79.94,80.05,80.17,79.33,80.75,80.62,79.35,79.82,79.76,79.71,80.15,80.53,72.89,70.2,70.01,74.23,74.08,75.27,76.33,75.29,73.95,74.86,76.51,76.42,76.47,75.87,76.43,76.4,75.57,75.53,75.89,68.93,66.32,66.08,68.29,66.93,69.04,67.75,68.82,67.01,65.77,66.03,66.55,64.07,61.7,61.22,60.59,59.18,58.09,58.89,61.91,59.04,55.68,54.13,58.3,59.11,61.83,60.83,63.09,60.43,60.4,61.18,59.66,57.01,55.75,56.6,55.17,53.08,52.95,54.08,56.08,53.86,57.18,54.15,51.08,51.24,54.57,55.08,57.17,58.65,59.09,58.4,57.42,58.94,56.75,55.47,54.29,53.73,53.17,52.63,51.48,53.25,61.47,56.95,57.69,63.26,63.67,66.16,66.17,67.37,65.52,65.01,67.5,66.12,64.45,61.93,62.27,61.53,60.36,59.65,60.26,63.46,66.61,62.7,61.78,67.12,68.25,70.77,72.73,73.1,71.72,73.38,74.68,73.37,73.28,73.18,75.22,74.35,72.72,73.02,73.41,73.85,74.46,74.82,76.4,74.38,73.38,76.66,76.37,77.45,78.92,78.26,77.04,77.13,78.5,78.83,78.97,78.11,78.42,78.35,77.56,77.19,77.62,78.17,76.25,75.82,77.61,76.99,78.5,78.69,79.46,77.11,77.65,78.4,79.15,78.64,76.13,76.0,76.19,75.28,74.69,74.4,76.29,76.69,74.43,73.23,76.21,76.73,78.45,78.98,79.22,77.47,78.75,79.55,80.22,80.19,79.4,80.71,80.62,79.21,79.49,79.45,79.26,79.31,80.26,75.5,73.51,72.84,75.67,75.32,77.4,77.63,77.62,74.89,75.39,76.87,77.54,76.97,75.91,76.18,75.66,74.4,73.91,75.31],
  "contact_probs": [[1.0,0.99,0.25,0.01,0.01,0.0,0.01,0.02,0.02,0.01,0.02,0.06,0.26,0.9],[0.99,1.0,0.98,0.48,0.01,0.01,0.05,0.02,0.02,0.04,0.09,0.56,0.98,0.87],[0.25,0.98,1.0,0.99,0.43,0.01,0.05,0.03,0.04,0.06,0.59,0.88,0.89,0.61],[0.01,0.48,0.99,1.0,0.99,0.29,0.1,0.17,0.07,0.39,0.99,0.88,0.6,0.09],[0.01,0.01,0.43,0.99,1.0,0.88,0.59,0.65,0.15,0.97,0.93,0.53,0.05,0.02],[0.0,0.01,0.01,0.29,0.88,1.0,0.87,0.59,0.17,0.57,0.38,0.05,0.02,0.01],[0.01,0.05,0.05,0.1,0.59,0.87,1.0,0.86,0.18,0.41,0.12,0.07,0.03,0.04],[0.02,0.02,0.03,0.17,0.65,0.59,0.86,1.0,0.62,0.83,0.42,0.02,0.01,0.01],[0.02,0.02,0.04,0.07,0.15,0.17,0.18,0.62,1.0,0.66,0.19,0.01,0.01,0.01],[0.01,0.04,0.06,0.39,0.97,0.57,0.41,0.83,0.66,1.0,1.0,0.27,0.01,0.0],[0.02,0.09,0.59,0.99,0.93,0.38,0.12,0.42,0.19,1.0,1.0,0.98,0.57,0.01],[0.06,0.56,0.88,0.88,0.53,0.05,0.07,0.02,0.01,0.27,0.98,1.0,0.99,0.49],[0.26,0.98,0.89,0.6,0.05,0.02,0.03,0.01,0.01,0.01,0.57,0.99,1.0,0.99],[0.9,0.87,0.61,0.09,0.02,0.01,0.04,0.01,0.01,0.0,0.01,0.49,0.99,1.0]],
  "pae": [[1.0,2.0,3.8,4.1,5.1,7.2,8.1,10.1,9.9,6.2,6.5,4.9,4.6,4.1],[1.8,1.0,2.2,2.6,3.5,5.6,6.6,8.5,8.9,4.9,5.0,5.1,4.5,5.2],[2.6,1.8,1.0,1.8,3.3,5.5,6.3,8.3,8.4,4.6,3.9,4.0,4.3,3.8],[3.2,2.3,2.2,0.9,2.1,4.7,5.3,7.6,8.8,3.6,3.5,4.3,4.4,5.0],[4.3,3.0,2.7,1.9,1.0,3.6,4.4,7.0,8.4,3.8,4.0,4.9,5.4,6.1],[10.1,7.7,7.2,6.2,4.6,1.3,3.9,5.7,6.7,6.7,8.1,8.3,9.6,10.5],[13.0,11.5,8.5,6.9,5.6,5.1,1.2,5.0,6.5,6.2,7.2,9.5,11.3,12.5],[14.0,13.3,12.3,12.7,7.8,6.0,4.8,1.4,6.6,6.2,8.6,12.0,13.8,13.5],[11.5,11.7,11.6,12.2,9.8,7.1,6.1,5.3,1.6,5.3,6.4,10.6,11.3,12.0],[5.8,4.9,4.4,5.5,4.2,6.1,5.4,5.5,3.4,1.1,2.2,4.3,5.4,6.7],[4.4,4.3,4.6,4.6,4.6,5.7,5.6,6.6,5.3,1.9,1.0,3.0,3.6,4.4],[3.8,3.7,3.8,4.3,4.5,6.1,6.2,7.3,6.5,3.2,1.8,1.1,1.9,3.2],[2.5,2.9,3.5,5.4,5.1,6.6,7.2,7.7,7.2,4.0,2.9,2.4,0.9,2.1],[2.9,3.4,3.9,5.7,5.7,7.2,8.8,9.4,8.9,5.1,4.2,3.7,2.3,1.1]],
  "token_chain_ids": ["A","A","A","A","A","A","A","A","A","A","A","A","A","A"],
  "token_res_ids": [1,2,3,4,5,6,7,8,9,10,11,12,13,14]
}