{
  "atom_chain_ids": ["A","A","A","A","A","A","A","A","A","A","A","A","A","A","A","A","A","A","A","A","A","A","A","A","A","A","A","A","A","A","A","A","A","A","A","A","A","A","A","A","A","A","A","A","A","A","A","A","A","A","A","A","A","A","A","A","A","A","A","A","A","A","A","A","A","A","A","A","A","A","A","A","A","A","A","A","A","A","A","A","A","A","A","A","A","A","A","A","A","A","A","A","A","A","A","A","A","A","A","A","A","A","A","A","A","A","A","A","A","A","A","A","A","A","A","A","A","A","A","A","A","A","A","A","A","A","A","A","A","A","A","A","A","A","A","A","A","A","A","A","A","A","A","A","A","A","A","A","A","A","A","A","A","A","A","A","A","A","A","A","A","A","A","A","A","A","A","A","A","A","A","A","A","A","A","A","A","A","A","A","A","A","A","A","A","A","A","A","A","A","A","A","A","A","A","A","A","A","A","A","A","A","A","A","A","A","A","A","A","A","A","A","A","A","A","A","A","A","A","A","A","A","A","A","A","A","A","A","A","A","A","A","A","A","A","A","A","A","A","A","A","A","A","A","A","A","A","A","A","A","A","A","A","A","A","A","A","A","A","A","A","A","A","A","A","A","A","A","A","A","A","A","A","A","A","A","A","A","A","A","A","A","A","A","A","A"],
  "atom_plddts": [60.39,64.44,59.0,59.83,63.96,67.84,72.04,73.49,74.69,72.59,74.44,74.32,74.99,74.18,73.69,75.25,74.58,72.74,72.35,73.16,73.95,74.92,76.62,71.93,68.25,68.2,73.65,73.7,75.15,76.77,76.02,74.47,75.59,76.79,77.14,77.43,77.14,77.8,78.14,77.38,77.21,77.27,72.55,68.6,69.49,73.34,72.41,74.55,75.13,75.74,73.48,74.57,75.64,76.52,75.95,73.23,73.34,74.0,73.24,72.57,72.18,73.96,75.42,71.93,71.96,75.96,76.24,78.68,79.63,80.16,78.81,80.28,81.09,81.38,81.47,80.7,82.01,81.9,80.67,81.15,81.13,81.07,81.45,81.85,75.73,73.06,72.67,76.6,76.15,77.47,78.15,77.39,75.88,76.74,78.15,78.54,78.54,77.92,78.48,78.41,77.48,77.51,77.89,71.57,68.45,68.24,71.06,69.61,71.78,70.69,71.67,69.84,68.77,68.84,69.58,67.13,64.43,63.9,63.52,61.97,60.91,61.53,64.56,61.39,57.92,56.19,60.53,61.42,64.0,63.0,65.15,62.51,62.71,63.29,61.84,59.1,57.8,58.75,57.29,55.1,55.05,56.21,58.17,55.97,59.25,57.71,54.19,54.34,58.41,58.85,60.95,62.47,62.17,61.28,60.43,62.0,60.32,59.1,58.18,57.78,57.38,56.72,55.59,57.21,63.31,58.64,59.57,65.19,65.43,68.01,68.03,69.16,67.26,66.82,69.26,68.11,66.44,63.97,64.35,63.73,62.52,61.91,62.39,65.55,68.62,64.78,63.78,69.0,69.95,72.46,74.22,74.71,73.25,74.81,75.92,75.02,74.92,74.65,76.65,75.87,74.2,74.52,74.88,75.27,75.81,76.27,78.09,75.89,74.93,78.27,77.98,79.29,80.48,80.11,78.79,78.98,80.23,80.82,80.95,79.9,80.23,80.2,79.32,79.02,79.45,79.26,77.19,76.82,78.77,78.24,79.82,79.99,80.78,78.52,79.17,79.9,80.69,80.26,77.7,77.61,77.81,76.87,76.38,76.05,77.94,77.36,74.8,73.66,76.93,77.51,79.24,79.65,79.93,78.16,79.5,80.26,81.06,81.06,80.3,81.57,81.55,80.16,80.46,80.4,80.22,80.35,81.24,76.43,74.15,73.44,76.63,76.29,78.32,78.57,78.54,75.87,76.55,77.96,78.75,78.3,77.27,77.6,77.21,75.89,75.48,76.78],
  "contact_probs": [[1.0,0.99,0.25,0.01,0.01,0.0,0.01,0.02,0.02,0.01,0.02,0.06,0.26,0.9],[0.99,1.0,0.98,0.48,0.01,0.01,0.05,0.02,0.02,0.04,0.09,0.56,0.98,0.87],[0.25,0.98,1.0,0.99,0.43,0.01,0.05,0.03,0.04,0.06,0.59,0.88,0.89,0.61],[0.01,0.48,0.99,1.0,0.99,0.29,0.1,0.17,0.07,0.39,0.99,0.88,0.6,0.09],[0.01,0.01,0.43,0.99,1.0,0.88,0.59,0.65,0.15,0.97,0.93,0.53,0.05,0.02],[0.0,0.01,0.01,0.29,0.88,1.0,0.87,0.59,0.17,0.57,0.38,0.05,0.02,0.01],[0.01,0.05,0.05,0.1,0.59,0.87,1.0,0.86,0.18,0.41,0.12,0.07,0.03,0.04],[0.02,0.02,0.03,0.17,0.65,0.59,0.86,1.0,0.62,0.83,0.42,0.02,0.01,0.01],[0.02,0.02,0.04,0.07,0.15,0.17,0.18,0.62,1.0,0.66,0.19,0.01,0.01,0.01],[0.01,0.04,0.06,0.39,0.97,0.57,0.41,0.83,0.66,1.0,1.0,0.27,0.01,0.0],[0.02,0.09,0.59,0.99,0.93,0.38,0.12,0.42,0.19,1.0,1.0,0.98,0.57,0.01],[0.06,0.56,0.88,0.88,0.53,0.05,0.07,0.02,0.01,0.27,0.98,1.0,0.99,0.49],[0.26,0.98,0.89,0.6,0.05,0.02,0.03,0.01,0.01,0.01,0.57,0.99,1.0,0.99],[0.9,0.87,0.61,0.09,0.02,0.01,0.04,0.01,0.01,0.0,0.01,0.49,0.99,1.0]],
  "pae": [[1.0,2.0,3.8,4.4,5.1,7.3,8.6,9.6,10.0,6.5,6.3,4.7,4.2,4.1],[1.8,1.0,2.2,2.9,3.7,5.8,6.7,8.0,8.8,5.0,4.4,4.5,3.2,3.7],[2.5,1.7,1.0,1.8,3.3,5.3,6.3,7.5,8.4,4.5,3.6,3.6,2.8,3.3],[3.2,2.1,2.0,0.9,2.1,4.4,5.2,6.5,8.3,3.4,2.8,3.6,3.1,4.2],[4.4,3.0,2.6,1.9,1.0,3.4,4.4,6.2,8.1,3.4,3.2,4.3,4.2,5.3],[10.0,7.1,6.6,5.7,4.1,1.2,3.5,5.1,6.3,6.0,6.7,7.3,7.6,9.8],[12.4,11.2,8.2,6.9,5.2,4.6,1.2,4.4,6.0,5.9,6.6,8.9,10.0,12.0],[13.6,12.7,11.4,11.3,6.6,5.3,3.9,1.3,5.5,5.7,7.9,10.8,12.8,13.0],[11.3,11.8,11.4,12.0,9.7,6.4,5.9,5.0,1.5,5.1,6.8,9.9,10.9,12.5],[5.6,5.1,4.4,5.3,4.3,5.8,5.4,5.1,3.6,1.1,2.3,4.3,5.0,6.5],[4.3,4.0,4.3,4.5,4.2,5.2,5.4,5.9,5.5,1.8,1.0,2.7,3.1,4.4],[3.6,3.4,3.2,3.7,4.1,5.6,5.9,6.2,6.6,2.9,1.7,1.1,1.8,3.3],[2.7,2.7,3.1,4.6,4.5,6.3,6.9,7.4,7.8,4.0,2.8,2.4,0.9,2.2],[3.5,3.7,3.6,5.5,5.6,7.0,9.0,8.6,8.9,5.3,4.0,3.6,2.3,1.2]],
  "token_chain_ids": ["A","A","A","A","A","A","A","A","A","A","A","A","A","A"],
  "token_res_ids": [1,2,3,4,5,6,7,8,9,10,11,12,13,14]
}