{
  "atom_chain_ids": ["A","A","A","A","A","A","A","A","A","A","A","A","A","A","A","A","A","A","A","A","A","A","A","A","A","A","A","A","A","A","A","A","A","A","A","A","A","A","A","A","A","A","A","A","A","A","A","A","A","A","A","A","A","A","A","A","A","A","A","A","A","A","A","A","A","A","A","A","A","A","A","A","A","A","A","A","A","A","A","A","A","A","A","A","A","A","A","A","A","A","A","A","A","A","A","A","A","A","A","A","A","A","A","A","A","A","A","A","A","A","A","A","A","A","A","A","A","A","A","A","A","A","A","A","A","A","A","A","A","A","A","A","A","A","A","A","A","A","A","A","A","A","A","A","A","A","A","A","A","A","A","A","A","A","A","A","A","A","A","A","A","A","A","A","A","A","A","A","A","A","A","A","A","A","A","A","A","A","A","A","A","A","A","A","A","A","A","A","A","A","A","A","A","A","A","A","A","A","A","A","A","A","A","A","A","A","A","A","A","A","A","A","A","A","A","A","A","A","A","A","A","A","A","A","A","A","A","A","A","A","A","A","A","A","A","A","A","A","A","A","A","A","A","A","A","A","A","A","A","A","A","A","A","A","A","A","A","A","A","A","A","A","A","A","A","A","A","A","A","A","A","A","A","A","A","A","A","A","A","A","A","A","A","A","A","A"],
  "atom_plddts": [58.99,62.91,57.48,58.32,62.47,66.11,70.26,71.74,72.87,70.75,72.6,72.57,73.05,72.23,71.93,73.45,72.7,70.96,70.48,71.32,72.18,73.08,74.82,71.67,68.08,68.05,73.38,73.41,74.91,76.54,75.79,74.28,75.39,76.53,76.89,77.17,76.83,77.43,77.8,77.09,76.87,76.96,72.71,68.81,69.66,73.51,72.58,74.7,75.29,75.9,73.66,74.75,75.79,76.7,76.12,73.36,73.46,74.1,73.33,72.64,72.28,74.08,75.75,72.32,72.32,76.26,76.47,78.95,79.88,80.42,79.09,80.43,81.16,81.52,81.54,80.74,81.99,81.85,80.59,81.03,81.08,81.06,81.38,81.86,74.78,72.46,72.04,75.49,75.07,76.2,76.97,75.97,74.52,75.26,76.67,76.92,76.88,76.52,77.01,76.86,76.02,76.0,76.4,71.37,68.48,68.19,70.69,69.19,71.38,70.22,71.16,69.35,68.17,68.02,68.88,66.36,63.75,63.13,62.66,61.09,59.97,60.75,63.76,60.34,56.99,55.24,59.38,60.11,62.72,61.71,63.96,61.24,61.42,62.02,60.6,57.93,56.75,57.66,56.23,54.15,54.06,55.17,57.14,54.84,58.04,56.88,53.46,53.66,57.44,57.93,60.06,61.68,61.43,60.59,59.8,61.35,59.53,58.35,57.44,57.04,56.59,55.94,54.81,56.45,63.16,58.48,59.4,65.03,65.4,68.07,68.1,69.3,67.38,66.97,69.26,68.18,66.49,63.94,64.26,63.66,62.43,61.81,62.33,65.52,68.5,64.62,63.58,68.88,69.77,72.35,74.13,74.61,73.15,74.61,75.69,74.82,74.71,74.45,76.44,75.66,74.0,74.29,74.66,75.05,75.55,76.07,77.69,75.61,74.6,77.81,77.44,78.7,79.88,79.41,78.06,78.35,79.53,80.22,80.38,79.4,79.72,79.73,78.9,78.58,78.97,78.73,76.57,76.21,78.34,77.89,79.49,79.71,80.54,78.32,78.95,79.69,80.44,80.03,77.43,77.33,77.58,76.64,76.09,75.81,77.63,77.27,74.76,73.6,76.86,77.35,79.13,79.55,79.89,78.21,79.46,80.15,80.9,80.88,79.99,81.21,81.18,79.8,80.01,80.02,79.91,80.02,80.96,76.85,74.71,73.93,76.94,76.5,78.37,78.59,78.43,75.8,76.51,77.89,78.74,78.34,77.39,77.69,77.29,76.0,75.56,76.84],
  "contact_probs": [[1.0,0.99,0.25,0.01,0.01,0.0,0.01,0.02,0.02,0.01,0.02,0.06,0.26,0.9],[0.99,1.0,0.98,0.48,0.01,0.01,0.05,0.02,0.02,0.04,0.09,0.56,0.98,0.87],[0.25,0.98,1.0,0.99,0.43,0.01,0.05,0.03,0.04,0.06,0.59,0.88,0.89,0.61],[0.01,0.48,0.99,1.0,0.99,0.29,0.1,0.17,0.07,0.39,0.99,0.88,0.6,0.09],[0.01,0.01,0.43,0.99,1.0,0.88,0.59,0.65,0.15,0.97,0.93,0.53,0.05,0.02],[0.0,0.01,0.01,0.29,0.88,1.0,0.87,0.59,0.17,0.57,0.38,0.05,0.02,0.01],[0.01,0.05,0.05,0.1,0.59,0.87,1.0,0.86,0.18,0.41,0.12,0.07,0.03,0.04],[0.02,0.02,0.03,0.17,0.65,0.59,0.86,1.0,0.62,0.83,0.42,0.02,0.01,0.01],[0.02,0.02,0.04,0.07,0.15,0.17,0.18,0.62,1.0,0.66,0.19,0.01,0.01,0.01],[0.01,0.04,0.06,0.39,0.97,0.57,0.41,0.83,0.66,1.0,1.0,0.27,0.01,0.0],[0.02,0.09,0.59,0.99,0.93,0.38,0.12,0.42,0.19,1.0,1.0,0.98,0.57,0.01],[0.06,0.56,0.88,0.88,0.53,0.05,0.07,0.02,0.01,0.27,0.98,1.0,0.99,0.49],[0.26,0.98,0.89,0.6,0.05,0.02,0.03,0.01,0.01,0.01,0.57,0.99,1.0,0.99],[0.9,0.87,0.61,0.09,0.02,0.01,0.04,0.01,0.01,0.0,0.01,0.49,0.99,1.0]],
  "pae": [[1.0,2.2,3.7,4.4,5.3,7.2,8.9,9.8,10.1,6.7,6.6,4.9,4.6,4.2],[1.8,1.0,2.2,2.9,3.8,6.1,7.0,8.6,8.9,5.2,4.4,4.6,3.6,3.8],[2.6,1.7,1.0,1.8,3.3,5.4,6.3,7.9,8.4,4.7,3.6,3.7,3.2,3.4],[3.1,2.2,2.1,0.9,2.3,4.6,5.5,7.0,8.6,3.7,2.9,3.8,3.2,4.3],[4.4,3.0,2.6,1.9,1.0,3.4,4.5,6.4,7.9,3.6,3.6,4.5,4.4,5.5],[10.0,7.2,6.8,6.0,4.4,1.2,3.7,5.4,6.5,6.6,7.3,7.9,8.5,10.0],[13.2,11.9,8.5,7.1,5.5,5.1,1.2,4.8,6.2,6.4,7.4,9.9,10.7,13.0],[14.1,13.6,12.0,11.9,7.2,5.7,4.5,1.3,5.4,6.4,8.6,11.3,13.0,13.6],[12.2,11.9,11.7,12.1,10.5,6.6,6.4,5.2,1.5,5.5,7.0,10.5,12.0,12.4],[5.7,5.0,4.4,5.0,4.2,6.0,5.6,5.2,3.4,1.1,2.2,4.4,5.1,6.4],[4.4,4.0,4.2,4.3,4.5,5.6,5.8,6.3,5.2,1.8,1.0,2.7,3.4,4.4],[3.8,4.1,3.6,3.8,4.4,5.8,6.5,6.8,6.3,3.2,1.8,1.1,1.9,3.4],[2.8,2.8,3.5,5.0,5.0,6.8,7.7,7.8,7.3,4.4,2.9,2.7,1.0,2.4],[3.5,3.8,3.8,5.7,5.6,7.2,9.5,9.0,8.8,5.3,4.1,3.8,2.5,1.2]],
  "token_chain_ids": ["A","A","A","A","A","A","A","A","A","A","A","A","A","A"],
  "token_res_ids": [1,2,3,4,5,6,7,8,9,10,11,12,13,14]
}