{
  "atom_chain_ids": ["A","A","A","A","A","A","A","A","A","A","A","A","A","A","A","A","A","A","A","A","A","A","A","A","A","A","A","A","A","A","A","A","A","A","A","A","A","A","A","A","A","A","A","A","A","A","A","A","A","A","A","A","A","A","A","A","A","A","A","A","A","A","A","A","A","A","A","A","A","A","A","A","A","A","A","A","A","A","A","A","A","A","A","A","A","A","A","A","A","A","A","A","A","A","A","A","A","A","A","A","A","A","A","A","A","A","A","A","A","A","A","A","A","A","A","A","A","A","A","A","A","A","A","A","A","A","A","A","A","A","A","A","A","A","A","A","A","A","A","A","A","A","A","A","A","A","A","A","A","A","A","A","A","A","A","A","A","A","A","A","A","A","A","A","A","A","A","A","A","A","A","A","A","A","A","A","A","A","A","A","A","A","A","A","A","A","A","A","A","A","A","A","A","A","A","A","A","A","A","A","A","A","A","A","A","A","A","A","A","A","A","A","A","A","A","A","A","A","A","A","A","A","A","A","A","A","A","A","A","A","A","A","A","A","A","A","A","A","A","A","A","A","A","A","A","A","A","A","A","A","A","A","A","A","A","A","A","A","A","A","A","A","A","A","A","A","A","A","A","A","A","A","A","A","A","A","A","A","A","A","A","A","A","A","A","A","A","A","A","A","A","A","A","A","A","A","A","A","A","A","A","A","A","A","A","A","A","A","A","A","A","A","A","A","A","A","A","A","A"],
  "atom_plddts": [67.87,68.64,64.68,64.76,68.27,71.33,72.39,73.21,73.12,72.0,73.48,73.21,73.68,74.0,73.61,74.49,75.01,74.47,74.03,74.04,74.02,74.03,75.43,69.19,66.0,65.56,69.29,69.83,70.83,71.79,71.57,70.17,71.62,71.14,71.31,71.53,71.78,72.55,73.27,72.74,72.5,72.21,71.96,71.76,73.07,62.01,58.77,59.38,62.74,61.25,63.05,60.2,63.02,61.73,59.26,59.04,59.07,56.11,53.55,52.46,51.55,50.63,49.14,51.29,54.61,65.53,60.67,60.99,65.37,65.13,67.16,67.6,69.1,67.58,67.32,67.01,67.76,66.19,63.45,62.6,62.96,62.19,60.4,61.54,63.94,67.15,63.44,63.14,67.59,69.38,70.64,72.28,71.82,70.37,72.27,72.56,72.12,72.39,71.92,72.73,73.51,73.03,72.76,72.51,72.41,72.44,73.55,68.56,65.56,65.5,68.59,69.96,70.76,71.89,71.11,69.69,71.52,71.24,71.23,71.66,71.87,72.54,73.42,73.22,73.08,72.63,72.33,72.12,73.06,64.29,62.64,62.7,64.31,62.96,64.33,61.95,63.19,62.2,58.65,58.75,59.27,56.91,55.14,54.26,53.45,52.56,51.08,52.73,55.53,64.57,57.99,57.17,64.21,65.53,66.6,68.12,68.15,67.06,67.99,67.41,67.94,67.7,67.91,68.34,68.72,67.74,66.56,67.53,68.2,67.68,69.43,68.24,63.57,63.71,68.06,68.32,69.99,70.66,70.85,69.9,68.88,68.46,69.66,68.86,67.15,66.43,67.33,66.37,64.85,65.58,67.47,70.28,66.7,65.62,71.42,73.46,73.94,74.52,73.79,72.74,74.76,75.22,74.92,75.32,74.71,75.52,76.13,75.74,75.66,75.44,75.34,75.59,76.36,74.29,71.43,70.33,74.14,75.32,76.28,76.65,76.11,74.85,76.25,75.41,76.39,76.33,75.84,76.35,76.99,76.43,76.36,76.1,75.9,75.5,76.95,72.54,70.19,69.71,71.26,69.2,70.72,69.28,69.66,68.45,65.89,64.5,66.46,64.09,62.66,61.43,61.5,60.42,58.79,59.99,62.46,69.67,64.33,64.59,69.05,70.64,72.2,73.76,73.97,72.65,73.12,72.28,73.55,73.05,71.22,70.72,71.76,71.11,69.78,70.11,71.53,72.19,68.05,66.98,73.0,75.22,76.63,77.31,77.06,76.13,77.42,77.62,77.77,78.0,77.38,78.12,78.71,78.19,78.14,78.05,77.94,78.09,78.96,77.29,75.47,74.66,77.05,77.42,78.22,78.21,77.64,76.46,77.57,77.05,78.23,78.43,78.28,78.67,79.46,79.26,79.38,79.1,78.58,78.1,79.16],
  "contact_probs": [[1.0,0.99,0.25,0.42,0.38,0.35,0.19,0.46,0.12,0.04,0.04,0.02,0.05,0.29,0.62],[0.99,1.0,0.6,0.77,0.66,0.29,0.09,0.18,0.06,0.03,0.04,0.04,0.09,0.27,0.35],[0.25,0.6,1.0,0.43,0.15,0.08,0.05,0.03,0.02,0.01,0.03,0.06,0.09,0.05,0.05],[0.42,0.77,0.43,1.0,0.78,0.14,0.03,0.03,0.04,0.03,0.09,0.12,0.24,0.11,0.08],[0.38,0.66,0.15,0.78,1.0,0.99,0.24,0.32,0.08,0.22,0.42,0.08,0.14,0.05,0.04],[0.35,0.29,0.08,0.14,0.99,1.0,0.68,0.85,0.26,0.52,0.33,0.03,0.04,0.04,0.06],[0.19,0.09,0.05,0.03,0.24,0.68,1.0,0.63,0.19,0.11,0.06,0.02,0.03,0.02,0.02],[0.46,0.18,0.03,0.03,0.32,0.85,0.63,1.0,0.78,0.58,0.1,0.02,0.03,0.08,0.23],[0.12,0.06,0.02,0.04,0.08,0.26,0.19,0.78,1.0,0.82,0.15,0.04,0.06,0.28,0.47],[0.04,0.03,0.01,0.03,0.22,0.52,0.11,0.58,0.82,1.0,0.99,0.2,0.56,0.53,0.24],[0.04,0.04,0.03,0.09,0.42,0.33,0.06,0.1,0.15,0.99,1.0,0.66,0.81,0.52,0.11],[0.02,0.04,0.06,0.12,0.08,0.03,0.02,0.02,0.04,0.2,0.66,1.0,0.51,0.19,0.07],[0.05,0.09,0.09,0.24,0.14,0.04,0.03,0.03,0.06,0.56,0.81,0.51,1.0,0.89,0.16],[0.29,0.27,0.05,0.11,0.05,0.04,0.02,0.08,0.28,0.53,0.52,0.19,0.89,1.0,1.0],[0.62,0.35,0.05,0.08,0.04,0.06,0.02,0.23,0.47,0.24,0.11,0.07,0.16,1.0,1.0]],
  "pae": [[1.0,3.0,6.4,7.0,5.4,4.7,10.0,6.0,7.7,6.5,7.5,10.2,7.8,6.6,5.5],[2.3,1.0,6.2,6.8,5.1,4.5,10.0,7.6,7.1,6.1,7.0,9.0,7.3,6.1,5.1],[8.5,10.0,1.5,10.5,9.7,10.5,14.1,13.1,14.4,14.2,14.6,16.0,14.6,13.7,13.2],[6.9,5.4,6.9,1.3,4.5,5.8,10.2,9.9,11.5,9.9,9.5,10.9,7.6,9.1,8.7],[6.2,5.1,6.7,4.9,0.9,2.6,7.4,6.3,7.5,5.0,5.8,9.5,6.4,6.0,6.4],[5.7,5.8,8.8,5.0,2.8,0.9,5.6,5.1,6.9,5.4,5.5,9.6,6.6,6.1,6.2],[14.1,14.6,12.8,14.6,11.2,9.9,1.7,9.8,12.3,14.0,15.8,15.2,15.4,16.5,14.7],[7.9,8.6,11.6,9.9,8.0,4.8,5.6,1.3,4.9,5.3,7.6,11.7,10.1,9.2,8.3],[8.7,8.8,12.4,10.2,7.3,5.9,7.4,3.7,1.4,2.9,5.0,9.4,7.0,7.8,7.5],[7.3,6.7,10.7,8.2,6.0,5.8,7.1,4.2,3.2,1.0,2.5,6.4,5.4,5.7,5.6],[6.4,6.2,10.5,7.6,5.3,5.4,8.7,4.8,4.5,2.8,0.9,4.6,4.2,5.6,6.1],[12.4,11.4,16.8,12.1,10.8,11.3,15.3,12.4,11.7,9.9,7.5,1.4,5.9,6.9,10.5],[7.9,8.2,12.7,8.5,7.2,6.9,10.7,7.7,7.7,5.9,3.3,4.4,1.1,3.6,5.1],[5.5,4.9,10.5,7.8,5.1,5.1,10.0,7.0,6.0,5.3,5.1,5.5,3.4,0.9,1.9],[5.4,5.4,10.6,8.5,5.4,5.1,10.4,6.5,6.2,5.0,5.5,7.8,4.4,1.9,1.0]],
  "token_chain_ids": ["A","A","A","A","A","A","A","A","A","A","A","A","A","A","A"],
  "token_res_ids": [1,2,3,4,5,6,7,8,9,10,11,12,13,14,15]
}