{
  "atom_chain_ids": ["A","A","A","A","A","A","A","A","A","A","A","A","A","A","A","A","A","A","A","A","A","A","A","A","A","A","A","A","A","A","A","A","A","A","A","A","A","A","A","A","A","A","A","A","A","A","A","A","A","A","A","A","A","A","A","A","A","A","A","A","A","A","A","A","A","A","A","A","A","A","A","A","A","A","A","A","A","A","A","A","A","A","A","A","A","A","A","A","A","A","A","A","A","A","A","A","A","A","A","A","A","A","A","A","A","A","A","A","A","A","A","A","A","A","A","A","A","A","A","A","A","A","A","A","A","A","A","A","A","A","A","A","A","A","A","A","A","A","A","A","A","A","A","A","A","A","A","A","A","A","A","A","A","A","A","A","A","A","A","A","A","A","A","A","A","A","A","A","A","A","A","A","A","A","A","A","A","A","A","A","A","A","A","A","A","A","A","A","A","A","A","A","A","A","A","A","A","A","A","A","A","A","A","A","A","A","A","A","A","A","A","A","A","A","A","A","A","A","A","A","A","A","A","A","A","A","A","A","A","A","A","A","A","A","A","A","A","A","A","A","A","A","A","A","A","A","A","A","A","A","A","A","A","A","A","A","A","A","A","A","A","A","A","A","A","A","A","A","A","A","A","A","A","A","A","A","A","A","A","A","A","A","A","A","A","A","A","A","A","A","A","A","A","A","A","A","A","A","A","A","A","A","A","A","A","A","A","A","A","A","A","A","A","A","A","A","A","A","A"],
  "atom_plddts": [69.62,70.1,65.96,66.15,70.06,73.58,74.8,75.3,75.19,73.95,75.5,75.3,76.04,76.37,75.79,76.56,77.09,76.58,76.24,76.26,76.25,76.26,77.51,69.72,66.43,66.23,70.05,71.2,72.49,73.16,72.87,71.44,72.79,72.34,72.76,72.96,72.91,73.58,74.38,73.85,73.68,73.28,73.02,72.87,74.2,69.12,65.83,66.4,69.46,67.22,69.17,67.18,68.16,67.02,64.35,63.08,64.56,61.94,59.87,58.39,58.34,57.1,55.26,57.16,59.94,65.61,60.73,61.38,65.63,66.04,68.29,69.12,70.04,68.57,68.63,68.36,69.02,67.86,65.2,64.43,64.98,64.26,62.56,63.54,65.61,66.15,62.16,62.12,66.85,68.89,70.17,72.01,71.54,70.07,72.07,72.51,71.84,72.17,71.57,72.36,73.15,72.69,72.33,72.11,72.09,72.23,73.36,67.7,65.05,65.14,67.96,69.66,70.54,71.62,70.97,69.47,71.12,70.86,70.78,71.19,70.88,71.42,72.32,72.07,71.74,71.33,71.14,70.82,72.04,67.45,65.0,65.47,68.03,66.89,68.69,66.86,68.06,67.06,63.8,64.12,64.63,62.28,59.86,58.87,58.34,57.31,55.93,57.52,60.33,65.63,59.31,58.48,65.54,67.19,68.54,70.0,70.22,68.88,69.81,68.99,69.68,69.13,68.59,68.96,69.42,68.2,67.03,67.89,68.66,68.04,70.4,65.87,61.17,61.53,66.27,67.04,68.63,69.39,70.0,68.98,67.84,67.78,68.41,67.33,64.96,64.26,64.81,63.77,62.17,63.13,65.36,69.44,65.38,64.68,70.65,73.13,74.12,74.78,74.13,72.98,74.94,75.44,75.28,75.72,75.13,76.0,76.67,76.28,76.25,75.94,75.8,76.17,76.91,71.16,68.51,67.75,71.06,72.72,73.77,74.3,73.68,72.32,73.73,72.88,73.64,73.76,73.38,73.86,74.66,74.27,74.15,73.64,73.38,73.05,74.51,67.79,65.14,65.16,67.27,65.61,66.9,65.58,66.4,65.29,62.52,61.55,62.94,60.51,58.7,57.52,57.28,56.26,54.54,56.03,58.62,66.22,60.66,60.97,65.84,67.44,69.25,70.87,71.16,69.88,70.01,69.03,70.17,69.49,67.69,67.07,67.96,67.25,65.58,66.23,67.8,70.59,66.37,65.56,71.74,74.27,75.46,76.3,75.93,75.12,76.67,77.02,76.82,77.1,76.42,77.21,77.74,77.22,77.08,77.06,77.05,77.29,78.12,75.96,74.09,73.01,75.6,75.89,76.65,76.66,76.01,74.74,75.79,75.01,76.3,76.47,76.4,76.75,77.7,77.53,77.48,77.09,76.6,76.02,77.32],
  "contact_probs": [[1.0,0.99,0.25,0.42,0.38,0.35,0.19,0.46,0.12,0.04,0.04,0.02,0.05,0.29,0.62],[0.99,1.0,0.6,0.77,0.66,0.29,0.09,0.18,0.06,0.03,0.04,0.04,0.09,0.27,0.35],[0.25,0.6,1.0,0.43,0.15,0.08,0.05,0.03,0.02,0.01,0.03,0.06,0.09,0.05,0.05],[0.42,0.77,0.43,1.0,0.78,0.14,0.03,0.03,0.04,0.03,0.09,0.12,0.24,0.11,0.08],[0.38,0.66,0.15,0.78,1.0,0.99,0.24,0.32,0.08,0.22,0.42,0.08,0.14,0.05,0.04],[0.35,0.29,0.08,0.14,0.99,1.0,0.68,0.85,0.26,0.52,0.33,0.03,0.04,0.04,0.06],[0.19,0.09,0.05,0.03,0.24,0.68,1.0,0.63,0.19,0.11,0.06,0.02,0.03,0.02,0.02],[0.46,0.18,0.03,0.03,0.32,0.85,0.63,1.0,0.78,0.58,0.1,0.02,0.03,0.08,0.23],[0.12,0.06,0.02,0.04,0.08,0.26,0.19,0.78,1.0,0.82,0.15,0.04,0.06,0.28,0.47],[0.04,0.03,0.01,0.03,0.22,0.52,0.11,0.58,0.82,1.0,0.99,0.2,0.56,0.53,0.24],[0.04,0.04,0.03,0.09,0.42,0.33,0.06,0.1,0.15,0.99,1.0,0.66,0.81,0.52,0.11],[0.02,0.04,0.06,0.12,0.08,0.03,0.02,0.02,0.04,0.2,0.66,1.0,0.51,0.19,0.07],[0.05,0.09,0.09,0.24,0.14,0.04,0.03,0.03,0.06,0.56,0.81,0.51,1.0,0.89,0.16],[0.29,0.27,0.05,0.11,0.05,0.04,0.02,0.08,0.28,0.53,0.52,0.19,0.89,1.0,1.0],[0.62,0.35,0.05,0.08,0.04,0.06,0.02,0.23,0.47,0.24,0.11,0.07,0.16,1.0,1.0]],
  "pae": [[1.0,3.1,6.7,5.4,4.7,4.4,9.1,5.5,7.8,5.9,6.4,9.7,7.5,6.5,5.5],[2.1,1.0,5.2,5.0,5.0,5.0,9.8,7.1,6.7,5.8,6.5,9.5,7.2,6.3,5.4],[6.8,6.6,1.5,6.7,7.6,10.5,14.0,12.9,13.5,12.6,12.3,15.2,12.3,11.9,10.8],[5.6,3.8,5.7,1.3,3.5,4.8,9.3,7.9,9.4,7.6,7.5,10.7,7.7,7.7,7.7],[4.8,4.5,6.4,4.0,0.9,2.3,6.9,5.4,6.8,5.0,5.1,8.8,6.2,5.5,6.5],[5.3,5.2,7.5,4.5,2.7,0.9,5.6,3.7,6.0,4.6,4.8,8.7,6.4,5.5,6.2],[12.4,13.1,14.7,13.3,8.5,8.5,1.8,7.9,10.1,11.1,11.7,11.2,13.3,12.6,12.2],[6.7,7.4,10.6,8.4,5.9,3.5,6.1,1.2,3.7,4.2,5.7,10.0,7.4,6.7,5.6],[7.2,7.6,10.5,8.9,6.2,5.3,7.9,3.7,1.3,3.2,5.0,9.3,6.6,6.6,6.2],[5.5,5.8,8.7,6.9,4.7,4.2,6.8,3.1,3.2,0.9,2.1,6.4,4.3,4.8,4.4],[5.2,5.5,8.5,5.9,4.4,3.9,8.7,3.6,3.8,2.3,0.9,4.7,3.4,4.6,5.3],[12.5,12.5,16.4,12.6,10.7,9.3,11.7,10.8,11.5,8.4,8.2,1.6,9.2,10.2,12.0],[7.3,7.2,11.0,7.2,7.4,5.4,9.0,6.4,6.1,5.6,3.5,5.3,1.2,3.5,5.3],[4.5,4.9,9.0,6.2,4.7,4.2,8.2,4.8,4.5,4.0,4.2,5.5,3.2,0.9,2.3],[4.5,5.0,8.7,6.9,4.7,4.2,8.6,4.7,4.8,4.2,4.7,7.3,3.8,2.1,1.0]],
  "token_chain_ids": ["A","A","A","A","A","A","A","A","A","A","A","A","A","A","A"],
  "token_res_ids": [1,2,3,4,5,6,7,8,9,10,11,12,13,14,15]
}