{
  "atom_chain_ids": ["A","A","A","A","A","A","A","A","A","A","A","A","A","A","A","A","A","A","A","A","A","A","A","A","A","A","A","A","A","A","A","A","A","A","A","A","A","A","A","A","A","A","A","A","A","A","A","A","A","A","A","A","A","A","A","A","A","A","A","A","A","A","A","A","A","A","A","A","A","A","A","A","A","A","A","A","A","A","A","A","A","A","A","A","A","A","A","A","A","A","A","A","A","A","A","A","A","A","A","A","A","A","A","A","A","A","A","A","A","A","A","A","A","A","A","A","A","A","A","A","A","A","A","A","A","A","A","A","A","A","A","A","A","A","A","A","A","A","A","A","A","A","A","A","A","A","A","A","A","A","A","A","A","A","A","A","A","A","A","A","A","A","A","A","A","A","A","A","A","A","A","A","A","A","A","A","A","A","A","A","A","A","A","A","A","A","A","A","A","A","A","A","A","A","A","A","A","A","A","A","A","A","A","A","A","A","A","A","A","A","A","A","A","A","A","A","A","A","A","A","A","A","A","A","A","A","A","A","A","A","A","A","A","A","A","A","A","A","A","A","A","A","A","A","A","A","A","A","A","A","A","A","A","A","A","A","A","A","A","A","A","A","A","A","A","A","A","A","A","A","A","A","A","A","A","A","A","A","A","A","A","A","A","A","A","A","A","A","A","A","A","A","A","A","A","A","A","A","A","A","A","A","A","A","A","A","A","A","A","A","A","A","A","A","A","A","A","A","A"],
  "atom_plddts": [62.62,63.06,58.49,59.02,62.92,66.04,66.88,68.32,67.79,66.73,68.02,67.88,67.84,68.18,68.21,68.88,69.48,69.12,68.35,68.37,68.52,68.71,70.1,63.62,60.74,60.56,63.66,64.37,64.75,66.17,65.57,64.24,65.43,64.76,64.7,65.05,65.74,66.27,66.93,66.65,66.14,65.9,65.86,65.47,66.63,61.24,58.55,59.02,61.69,60.11,61.6,59.24,61.04,59.91,57.52,56.85,57.51,55.25,53.45,52.53,51.86,50.97,49.39,51.23,54.0,57.35,52.76,53.35,57.59,57.87,59.53,60.22,60.98,60.06,59.51,59.34,59.77,58.81,57.11,56.54,56.57,55.91,54.27,55.32,57.24,61.78,57.46,57.74,62.57,64.57,65.41,67.62,66.75,65.43,67.3,67.9,66.79,67.22,67.06,67.8,68.56,68.23,67.72,67.5,67.6,67.85,68.75,61.14,58.69,58.77,60.99,62.17,62.51,64.14,63.23,61.85,63.09,62.51,62.24,62.74,63.39,63.82,64.6,64.53,64.02,63.67,63.71,63.22,64.13,56.48,55.05,54.91,56.54,55.72,56.49,53.8,55.94,54.72,51.97,51.4,51.58,49.22,47.23,46.47,45.49,44.79,43.4,45.07,47.81,54.4,48.33,47.95,54.42,56.31,57.23,58.28,58.53,57.41,57.66,57.38,57.79,57.58,57.67,58.33,57.93,57.2,55.94,56.75,58.03,57.53,58.92,61.34,56.48,56.68,61.33,61.45,62.52,63.3,63.35,62.67,61.22,60.91,61.89,61.18,60.14,59.43,59.76,58.93,57.15,58.35,60.18,64.0,60.55,59.96,64.66,66.84,67.02,68.42,66.93,65.85,67.61,68.06,67.29,67.87,68.0,68.65,69.38,69.15,68.82,68.46,68.45,68.75,69.47,65.26,63.08,62.16,64.92,66.06,66.41,67.44,66.58,65.19,66.43,65.43,65.63,65.84,66.18,66.6,67.31,66.97,66.63,66.15,66.08,65.64,66.9,62.27,59.89,59.78,61.93,60.65,61.66,60.24,61.41,60.39,57.92,56.83,57.88,55.59,53.88,52.92,52.38,51.53,49.85,51.42,54.0,62.73,57.34,57.73,62.55,63.71,65.44,67.02,67.67,66.55,66.4,65.61,66.52,65.61,63.66,62.98,63.44,62.55,60.76,61.79,63.7,65.3,61.26,60.75,66.06,68.81,69.63,71.1,70.11,69.27,70.84,70.99,70.34,70.79,70.53,71.15,71.86,71.51,71.09,70.9,70.96,71.22,72.18,69.88,68.67,67.73,69.45,70.57,70.77,71.35,70.14,69.0,70.31,69.53,69.99,70.44,70.72,70.87,71.89,71.94,71.63,71.18,70.86,70.3,71.44],
  "contact_probs": [[1.0,0.99,0.25,0.42,0.38,0.35,0.19,0.46,0.12,0.04,0.04,0.02,0.05,0.29,0.62],[0.99,1.0,0.6,0.77,0.66,0.29,0.09,0.18,0.06,0.03,0.04,0.04,0.09,0.27,0.35],[0.25,0.6,1.0,0.43,0.15,0.08,0.05,0.03,0.02,0.01,0.03,0.06,0.09,0.05,0.05],[0.42,0.77,0.43,1.0,0.78,0.14,0.03,0.03,0.04,0.03,0.09,0.12,0.24,0.11,0.08],[0.38,0.66,0.15,0.78,1.0,0.99,0.24,0.32,0.08,0.22,0.42,0.08,0.14,0.05,0.04],[0.35,0.29,0.08,0.14,0.99,1.0,0.68,0.85,0.26,0.52,0.33,0.03,0.04,0.04,0.06],[0.19,0.09,0.05,0.03,0.24,0.68,1.0,0.63,0.19,0.11,0.06,0.02,0.03,0.02,0.02],[0.46,0.18,0.03,0.03,0.32,0.85,0.63,1.0,0.78,0.58,0.1,0.02,0.03,0.08,0.23],[0.12,0.06,0.02,0.04,0.08,0.26,0.19,0.78,1.0,0.82,0.15,0.04,0.06,0.28,0.47],[0.04,0.03,0.01,0.03,0.22,0.52,0.11,0.58,0.82,1.0,0.99,0.2,0.56,0.53,0.24],[0.04,0.04,0.03,0.09,0.42,0.33,0.06,0.1,0.15,0.99,1.0,0.66,0.81,0.52,0.11],[0.02,0.04,0.06,0.12,0.08,0.03,0.02,0.02,0.04,0.2,0.66,1.0,0.51,0.19,0.07],[0.05,0.09,0.09,0.24,0.14,0.04,0.03,0.03,0.06,0.56,0.81,0.51,1.0,0.89,0.16],[0.29,0.27,0.05,0.11,0.05,0.04,0.02,0.08,0.28,0.53,0.52,0.19,0.89,1.0,1.0],[0.62,0.35,0.05,0.08,0.04,0.06,0.02,0.23,0.47,0.24,0.11,0.07,0.16,1.0,1.0]],
  "pae": [[1.1,4.3,8.0,7.4,6.4,5.6,12.1,8.1,10.3,7.5,8.4,10.3,9.6,7.2,6.7],[2.6,1.0,6.9,7.0,6.2,5.5,11.9,9.1,9.4,7.7,8.5,9.7,8.8,7.1,6.2],[8.4,8.9,1.5,8.4,8.9,12.1,13.4,13.0,14.8,14.1,14.4,13.4,14.0,13.8,13.1],[8.7,6.8,6.9,1.4,6.3,7.1,11.5,11.8,12.7,12.7,11.1,10.6,10.9,11.6,11.2],[7.8,6.2,7.3,5.3,1.0,3.0,8.7,8.1,9.5,6.7,6.9,9.3,9.1,6.9,7.9],[7.6,7.3,9.1,6.2,4.0,1.0,6.4,7.4,9.8,7.9,7.9,9.9,9.7,8.0,8.8],[17.0,16.9,16.0,16.4,14.0,11.7,2.0,10.9,15.4,17.0,18.6,17.7,18.5,19.5,18.0],[10.5,10.7,13.6,12.8,11.9,7.2,7.8,1.6,8.7,8.4,10.6,13.8,13.3,13.1,12.0],[11.8,11.4,13.5,11.6,9.8,8.5,11.5,5.5,1.6,5.2,6.5,9.8,8.5,10.0,10.2],[9.1,8.0,10.6,9.5,7.2,7.8,10.8,4.8,4.8,1.0,3.0,6.7,5.9,6.0,6.2],[7.8,7.8,11.3,9.6,7.0,7.6,11.6,6.3,6.0,4.1,1.0,4.7,5.1,6.4,7.6],[13.5,13.6,14.6,13.5,12.3,14.1,17.3,14.6,13.2,10.9,7.8,1.4,7.3,8.3,12.1],[10.7,10.5,14.2,10.8,9.2,10.5,14.7,11.0,10.8,7.9,5.0,5.2,1.2,4.1,6.8],[6.8,6.4,11.1,9.4,6.5,7.1,13.3,9.0,8.7,7.1,6.5,7.0,4.1,1.0,2.6],[7.0,7.3,10.9,9.6,6.7,6.4,13.8,7.9,8.6,6.3,6.9,8.6,5.3,2.0,1.2]],
  "token_chain_ids": ["A","A","A","A","A","A","A","A","A","A","A","A","A","A","A"],
  "token_res_ids": [1,2,3,4,5,6,7,8,9,10,11,12,13,14,15]
}