{
  "atom_chain_ids": ["A","A","A","A","A","A","A","A","A","A","A","A","A","A","A","A","A","A","A","A","A","A","A","A","A","A","A","A","A","A","A","A","A","A","A","A","A","A","A","A","A","A","A","A","A","A","A","A","A","A","A","A","A","A","A","A","A","A","A","A","A","A","A","A","A","A","A","A","A","A","A","A","A","A","A","A","A","A","A","A","A","A","A","A","A","A","A","A","A","A","A","A","A","A","A","A","A","A","A","A","A","A","A","A","A","A","A","A","A","A","A","A","A","A","A","A","A","A","A","A","A","A","A","A","A","A","A","A","A","A","A","A","A","A","A","A","A","A","A","A","A","A","A","A","A","A","A","A","A","A","A","A","A","A","A","A","A","A","A","A","A","A","A","A","A","A","A","A","A","A","A","A","A","A","A","A","A","A","A","A","A","A","A","A","A","A","A","A","A","A","A","A","A","A","A","A","A","A","A","A","A","A","A","A","A","A","A","A","A","A","A","A","A","A","A","A","A","A","A","A","A","A","A","A","A","A","A","A","A","A","A","A","A","A","A","A","A","A","A","A","A","A","A","A","A","A","A","A","A","A","A","A","A","A","A","A","A","A","A","A","A","A","A","A","A","A","A","A","A","A","A","A","A","A","A","A","A","A","A","A","A","A","A","A","A","A","A","A","A","A","A","A","A","A","A","A","A","A","A","A","A","A","A","A","A","A","A","A","A","A","A","A","A","A","A","A","A","A","A"],
  "atom_plddts": [68.94,69.32,65.31,65.44,69.34,72.94,73.83,74.36,74.13,72.96,74.62,74.45,74.92,75.26,74.75,75.51,76.0,75.54,75.17,75.24,75.26,75.27,76.48,68.29,65.03,64.72,68.43,69.49,70.38,71.29,70.84,69.43,70.75,70.04,70.3,70.54,70.83,71.37,72.18,71.76,71.47,71.11,70.89,70.57,71.92,67.07,63.99,64.4,67.37,64.98,66.62,64.06,65.47,64.4,61.49,60.27,61.4,58.54,56.53,55.11,54.68,53.55,51.69,53.78,56.74,63.31,58.49,59.0,63.33,63.52,65.58,66.32,67.41,66.04,65.84,65.53,66.11,64.88,62.48,61.69,62.06,61.34,59.55,60.68,62.8,63.71,59.89,59.94,64.48,66.7,67.57,69.56,68.75,67.4,69.37,69.94,68.87,69.26,68.87,69.62,70.34,69.95,69.52,69.3,69.37,69.55,70.51,65.38,62.55,62.61,65.55,67.45,68.26,69.57,68.85,67.35,68.97,68.55,68.17,68.6,68.56,69.05,69.96,69.76,69.36,68.94,68.8,68.43,69.65,65.2,62.74,63.03,65.65,64.64,66.23,64.36,65.7,64.65,61.36,61.8,62.11,59.85,57.77,56.99,56.31,55.36,53.97,55.5,58.32,64.27,57.93,57.17,64.18,65.91,67.11,68.69,68.83,67.58,68.53,67.84,68.33,67.91,67.52,67.91,68.32,67.19,65.96,66.86,67.65,67.1,69.28,65.0,60.45,60.77,65.3,65.81,67.33,68.06,68.61,67.75,66.49,66.43,67.05,66.01,63.93,63.22,63.67,62.66,61.05,62.11,64.29,69.12,65.32,64.57,70.26,72.58,73.31,73.99,73.18,72.06,74.06,74.56,74.27,74.72,74.25,75.09,75.76,75.41,75.38,75.03,74.88,75.25,75.95,69.48,67.07,66.22,69.16,70.7,71.28,72.03,71.1,69.77,71.3,70.37,70.89,71.08,71.13,71.58,72.39,72.1,71.97,71.39,71.15,70.81,72.06,65.75,63.24,63.17,65.23,63.57,64.56,63.19,64.15,63.09,60.19,59.43,60.73,58.37,56.87,55.9,55.5,54.58,52.92,54.33,56.9,63.4,57.95,58.24,63.0,64.48,66.19,67.74,68.11,66.91,66.92,66.12,66.92,66.2,64.69,64.11,64.64,63.9,62.2,63.06,64.8,68.41,64.1,63.41,69.47,72.24,73.25,74.33,73.68,72.89,74.58,74.94,74.37,74.73,74.38,75.21,75.77,75.35,75.18,75.1,75.1,75.39,76.16,74.49,72.9,71.81,74.04,74.44,74.74,74.89,73.95,72.72,74.04,73.31,74.28,74.59,74.88,75.25,76.21,76.16,76.18,75.68,75.13,74.59,75.67],
  "contact_probs": [[1.0,0.99,0.25,0.42,0.38,0.35,0.19,0.46,0.12,0.04,0.04,0.02,0.05,0.29,0.62],[0.99,1.0,0.6,0.77,0.66,0.29,0.09,0.18,0.06,0.03,0.04,0.04,0.09,0.27,0.35],[0.25,0.6,1.0,0.43,0.15,0.08,0.05,0.03,0.02,0.01,0.03,0.06,0.09,0.05,0.05],[0.42,0.77,0.43,1.0,0.78,0.14,0.03,0.03,0.04,0.03,0.09,0.12,0.24,0.11,0.08],[0.38,0.66,0.15,0.78,1.0,0.99,0.24,0.32,0.08,0.22,0.42,0.08,0.14,0.05,0.04],[0.35,0.29,0.08,0.14,0.99,1.0,0.68,0.85,0.26,0.52,0.33,0.03,0.04,0.04,0.06],[0.19,0.09,0.05,0.03,0.24,0.68,1.0,0.63,0.19,0.11,0.06,0.02,0.03,0.02,0.02],[0.46,0.18,0.03,0.03,0.32,0.85,0.63,1.0,0.78,0.58,0.1,0.02,0.03,0.08,0.23],[0.12,0.06,0.02,0.04,0.08,0.26,0.19,0.78,1.0,0.82,0.15,0.04,0.06,0.28,0.47],[0.04,0.03,0.01,0.03,0.22,0.52,0.11,0.58,0.82,1.0,0.99,0.2,0.56,0.53,0.24],[0.04,0.04,0.03,0.09,0.42,0.33,0.06,0.1,0.15,0.99,1.0,0.66,0.81,0.52,0.11],[0.02,0.04,0.06,0.12,0.08,0.03,0.02,0.02,0.04,0.2,0.66,1.0,0.51,0.19,0.07],[0.05,0.09,0.09,0.24,0.14,0.04,0.03,0.03,0.06,0.56,0.81,0.51,1.0,0.89,0.16],[0.29,0.27,0.05,0.11,0.05,0.04,0.02,0.08,0.28,0.53,0.52,0.19,0.89,1.0,1.0],[0.62,0.35,0.05,0.08,0.04,0.06,0.02,0.23,0.47,0.24,0.11,0.07,0.16,1.0,1.0]],
  "pae": [[1.0,2.8,7.0,5.8,5.1,4.4,10.0,5.4,8.0,6.1,6.6,10.0,8.0,6.6,5.6],[2.5,1.0,5.6,5.5,5.5,5.6,11.1,7.3,7.6,6.2,6.7,10.0,8.0,7.1,5.9],[7.3,6.9,1.5,7.2,7.9,11.2,15.3,13.2,13.0,12.9,12.8,15.2,13.1,12.2,12.1],[6.4,4.4,6.6,1.3,4.3,5.7,10.8,8.4,10.2,8.8,8.9,11.4,8.2,9.2,8.7],[5.6,4.8,7.0,4.4,0.9,2.4,7.4,5.6,7.5,5.3,5.8,9.4,7.2,6.6,7.3],[6.3,5.6,8.9,4.9,3.2,0.9,5.7,4.1,6.7,4.8,5.0,9.2,7.0,6.4,7.1],[13.2,13.6,15.7,14.8,10.1,9.1,1.6,8.4,9.8,11.4,11.9,9.5,12.4,14.1,13.0],[7.4,7.7,11.9,9.4,6.9,3.6,5.9,1.2,4.4,4.5,6.1,9.5,8.1,7.1,6.1],[8.5,8.0,12.4,9.8,6.9,5.5,7.2,4.4,1.3,3.3,5.2,9.5,7.7,7.6,6.8],[6.0,5.5,9.8,7.7,5.3,4.4,6.9,3.5,3.5,1.0,2.2,6.6,5.1,5.0,4.7],[6.2,6.1,10.1,7.6,5.5,4.9,8.5,4.1,4.7,2.5,0.9,4.9,4.8,5.6,6.4],[12.4,12.1,17.1,13.0,11.3,9.7,12.7,11.5,11.6,8.6,8.5,1.5,8.0,10.6,12.1],[8.4,8.6,13.0,8.5,8.3,6.6,9.1,7.3,7.8,6.2,4.2,5.0,1.3,4.1,5.7],[4.7,5.0,10.1,7.4,5.3,5.2,9.1,5.3,5.1,4.2,4.4,6.0,3.4,0.9,2.0],[4.8,4.8,9.4,7.4,5.2,4.8,9.0,4.7,5.7,4.2,5.0,7.4,4.0,1.8,1.0]],
  "token_chain_ids": ["A","A","A","A","A","A","A","A","A","A","A","A","A","A","A"],
  "token_res_ids": [1,2,3,4,5,6,7,8,9,10,11,12,13,14,15]
}