{
  "atom_chain_ids": ["A","A","A","A","A","A","A","A","A","A","A","A","A","A","A","A","A","A","A","A","A","A","A","A","A","A","A","A","A","A","A","A","A","A","A","A","A","A","A","A","A","A","A","A","A","A","A","A","A","A","A","A","A","A","A","A","A","A","A","A","A","A","A","A","A","A","A","A","A","A","A","A","A","A","A","A","A","A","A","A","A","A","A","A","A","A","A","A","A","A","A","A","A","A","A","A","A","A","A","A","A","A","A","A","A","A","A","A","A","A","A","A","A","A","A","A","A","A","A","A","A","A","A","A","A","A","A","A","A","A","A","A","A","A","A","A","A","A","A","A","A","A","A","A","A","A","A","A","A","A","A","A","A","A","A","A","A","A","A","A","A","A","A","A","A","A","A","A","A","A","A","A","A","A","A","A","A","A","A","A","A","A","A","A","A","A","A","A","A","A","A","A","A","A","A","A","A","A","A","A","A","A","A","A","A","A","A","A","A","A","A","A","A","A","A","A","A","A","A","A","A","A","A","A","A","A","A","A","A","A","A","A","A","A","A","A","A","A","A","A","A","A","A","A","A","A","A","A","A","A","A","A","A","A","A","A","A","A","A","A","A","A","A","A","A","A","A","A","A","A","A","A","A","A","A","A","A","A","A","A","A","A","A","A","A","A","A","A","A","A","A","A","A","A","A","A","A","A","A","A","A","A","A","A","A","A","A","A","A","A","A","A","A","A","A","A","A","A","A","A","A","A","A","A","A","A","A","A","A","A","A","A","A","A","A","A","A","A","A","A","A","A","A","A","A","A","A","A","A","A","A","A","A","A","A","A","A","A","A","A","A","A","A","A","A","A","A","A","A","A","A","A","A","A","A","A","A","A","A","A","A","A","A","A","A","A","A","A","A","A","A","A","A","A","A","A","A","A","A","A","A","A","A","A","A","A","A","A","A","A","A","A","A","A","A","A","A","A","A","A","A","A","A","A","A","A","A","A","A","A","A","A","A","A","A","A","A","A","A","A","A","A","A","A","A","A","A","A","A","A","A","A","A","A","A","A","A","A","A","A","A","A","A","A","A","A","A","A","A","A","A","A","A","A","A","A","A","A","A","A","A","A","A","A","A","A","A","A","A","A","A","A","A","A","A","A","A","A","A","A","A","A","A","A","A","A","A","A","A","A","A","A","A","A","A","A","A","A","A","A","A","A","A","A","A","A","A","A","A","A","A","A","A","A","A","A","A","A","A","A","A","A","A","A","A","A","A","A","A","A","A","A","A","A","A","A","A","A","A","A","A","A","A","A","A","A","A","A","A","A","A","A","A","A","A","A","A","A","A","A","A","A","A","A","A","A","A","A","A","A","A","A","A","A","A","A","A","A","A","A","A","A","A","A","A","A","A","A","A","A"],
  "atom_plddts": [46.11,48.51,43.76,43.1,49.23,49.29,50.49,50.25,52.73,51.05,49.54,50.32,49.97,48.16,47.63,46.78,46.74,46.42,45.81,46.73,48.64,52.59,49.92,49.17,51.37,51.25,53.23,53.2,55.43,52.97,52.92,52.87,52.52,51.96,51.56,52.5,52.03,50.96,50.88,50.55,51.37,53.3,55.39,52.62,53.11,56.08,54.99,56.75,53.65,57.92,55.35,53.09,52.26,52.79,49.83,47.0,46.29,45.18,44.19,43.4,44.91,47.77,61.89,59.08,59.22,61.79,64.04,64.24,66.71,67.2,65.31,65.65,66.02,65.88,65.8,64.51,63.96,64.55,64.81,63.72,64.43,64.52,62.59,62.4,63.84,64.91,64.75,66.45,66.89,64.36,65.6,65.64,65.8,65.48,64.89,64.42,64.99,65.25,64.39,64.8,63.98,62.05,62.48,63.16,64.45,64.23,66.09,66.11,64.0,64.72,65.49,65.36,65.16,64.67,64.38,64.6,64.69,64.04,64.41,64.24,60.98,61.26,63.59,65.88,66.44,68.22,68.28,66.53,66.86,67.04,67.59,67.3,66.04,65.48,65.88,65.66,64.61,65.33,59.14,56.58,56.33,58.21,59.11,60.39,59.27,61.61,59.51,58.96,57.39,58.57,56.07,52.81,53.66,52.36,50.3,49.74,49.95,52.06,53.26,52.85,49.54,49.37,52.83,53.9,55.76,55.22,57.87,55.84,54.27,53.52,54.48,52.11,48.14,47.81,46.59,45.39,44.7,46.72,54.84,50.33,49.65,54.15,54.99,56.95,56.23,59.22,56.74,57.61,56.09,56.65,54.43,51.03,51.92,50.74,48.7,48.07,48.39,50.49,51.97,63.02,59.86,60.12,62.54,64.8,65.34,67.45,68.37,66.58,66.66,66.73,67.3,66.9,64.55,63.99,64.6,64.33,63.19,63.82,64.88,62.6,62.84,64.55,66.84,66.68,68.67,68.92,67.1,68.07,68.78,68.72,68.6,67.03,66.73,67.06,67.12,66.29,66.76,62.18,60.24,60.57,61.59,63.96,63.55,65.72,66.06,63.67,64.64,65.03,65.16,65.11,64.06,63.83,64.32,64.53,63.82,63.95,58.64,56.27,56.71,57.75,60.04,59.7,61.94,62.08,59.83,60.33,60.37,60.33,60.18,59.99,59.53,59.92,60.24,59.32,59.75,53.86,52.26,52.53,53.27,52.86,53.1,51.51,54.4,52.08,50.42,50.13,50.77,49.12,47.56,47.31,46.75,46.29,45.81,46.29,47.63,50.72,48.81,48.5,49.35,49.49,51.33,50.17,52.56,50.7,49.79,49.68,49.69,47.99,46.07,46.75,45.33,43.94,43.91,43.97,45.54,47.58,52.1,48.93,49.03,52.83,52.53,53.75,51.61,55.41,53.59,51.78,51.7,52.02,49.6,46.91,46.48,45.48,44.68,43.94,45.29,48.11,61.43,58.31,58.34,61.17,64.24,64.67,67.55,67.87,65.97,66.69,67.2,66.9,66.83,64.93,64.38,64.94,65.15,63.93,64.74,63.4,61.2,61.38,63.02,64.61,64.66,66.64,66.81,64.72,65.25,65.62,65.67,65.48,64.59,63.98,64.62,64.92,63.84,64.28,63.04,61.07,61.49,62.62,64.46,64.07,66.38,66.06,64.29,65.12,65.81,65.64,65.55,64.66,64.22,64.64,64.84,63.98,64.35,63.79,60.85,61.36,63.43,65.98,66.33,68.52,68.26,66.59,67.24,67.51,68.05,67.98,66.48,65.96,66.43,66.33,65.21,65.87,58.68,56.34,56.02,58.04,58.85,60.01,59.36,61.58,59.32,59.06,57.16,58.61,56.22,52.7,53.3,52.25,50.18,49.52,49.75,51.67,52.76,52.14,48.65,48.48,52.33,53.5,55.12,55.12,57.41,55.54,54.05,53.12,54.32,51.99,48.03,47.76,46.51,45.3,44.53,46.53,50.82,46.47,45.7,49.93,50.7,52.51,51.4,54.72,52.27,52.52,51.29,52.12,49.77,46.52,47.33,45.97,44.02,43.66,43.87,46.01,47.78,60.62,56.69,56.78,60.06,62.35,62.88,65.26,66.29,64.45,64.61,64.34,64.64,64.09,62.14,61.72,62.2,61.94,60.82,61.46,62.98,60.48,60.54,62.15,64.09,63.53,65.9,66.28,64.37,64.8,64.94,65.41,65.22,63.97,63.73,64.05,64.1,63.36,63.68,61.43,59.13,59.06,60.57,62.62,62.65,64.6,64.92,62.59,63.08,63.65,63.65,63.64,63.15,62.97,63.36,63.53,62.86,63.03,57.55,54.67,55.13,56.46,58.46,58.11,60.01,60.19,57.71,58.48,57.91,58.08,58.03,58.73,58.27,58.74,59.2,58.17,58.65,52.57,50.21,50.92,52.26,51.83,51.87,51.12,52.85,51.15,49.87,49.07,49.86,48.41,47.16,46.99,46.42,46.02,45.31,45.95,47.44,49.12,46.76,46.73,48.12,47.66,49.4,49.39,51.37,49.72,49.47,49.61,49.48,48.83,47.92,48.74,47.83,46.9,46.74,46.53,47.32,49.24,47.61,44.81,44.11,47.07,47.03,47.16,46.67,49.0,47.57,46.64,46.85,46.49,44.64,43.25,42.87,42.07,41.49,41.21,42.24,44.44],
  "contact_probs": [[1.0,0.93,0.14,0.4,0.0,0.0,0.0,0.0,0.0,0.0,0.0,0.0,0.0,0.09,0.62,0.53,0.44,0.54,0.0,0.0,0.0,0.0,0.0,0.0,0.0,0.0,0.0,0.04,0.43,0.38,0.36],[0.93,1.0,0.58,0.85,0.01,0.0,0.0,0.0,0.0,0.0,0.0,0.0,0.0,0.34,0.64,0.44,0.26,0.72,0.01,0.0,0.0,0.0,0.0,0.0,0.0,0.0,0.0,0.34,0.58,0.56,0.35],[0.14,0.58,1.0,0.38,0.03,0.0,0.0,0.0,0.0,0.0,0.0,0.0,0.03,0.16,0.28,0.16,0.11,0.14,0.04,0.0,0.0,0.0,0.0,0.0,0.0,0.0,0.02,0.17,0.37,0.4,0.41],[0.4,0.85,0.38,1.0,0.99,0.0,0.0,0.0,0.0,0.0,0.0,0.01,0.13,0.99,0.78,0.28,0.07,1.0,0.81,0.0,0.0,0.0,0.0,0.0,0.0,0.01,0.13,0.98,0.81,0.42,0.13],[0.0,0.01,0.03,0.99,1.0,1.0,0.0,0.0,0.0,0.0,0.02,0.16,0.99,0.93,0.13,0.01,0.0,0.71,1.0,0.75,0.01,0.0,0.0,0.0,0.01,0.15,0.99,0.93,0.05,0.01,0.0],[0.0,0.0,0.0,0.0,1.0,1.0,0.99,0.04,0.0,0.02,0.08,0.99,0.96,0.02,0.0,0.0,0.0,0.0,0.74,1.0,0.56,0.01,0.0,0.01,0.06,0.99,0.93,0.01,0.0,0.0,0.0],[0.0,0.0,0.0,0.0,0.0,0.99,1.0,0.72,0.08,0.47,0.94,0.96,0.02,0.0,0.0,0.0,0.0,0.0,0.0,0.63,0.99,0.23,0.06,0.25,0.93,0.92,0.01,0.0,0.0,0.0,0.0],[0.0,0.0,0.0,0.0,0.0,0.04,0.72,1.0,0.34,0.41,0.58,0.17,0.0,0.0,0.0,0.0,0.0,0.0,0.0,0.01,0.27,0.19,0.1,0.3,0.61,0.17,0.0,0.0,0.0,0.0,0.0],[0.0,0.0,0.0,0.0,0.0,0.0,0.08,0.34,1.0,0.43,0.16,0.02,0.0,0.0,0.0,0.0,0.0,0.0,0.0,0.0,0.06,0.1,0.08,0.14,0.18,0.01,0.0,0.0,0.0,0.0,0.0],[0.0,0.0,0.0,0.0,0.0,0.02,0.47,0.41,0.43,1.0,0.72,0.06,0.0,0.0,0.0,0.0,0.0,0.0,0.0,0.01,0.28,0.31,0.15,0.33,0.55,0.03,0.0,0.0,0.0,0.0,0.0],[0.0,0.0,0.0,0.0,0.02,0.08,0.94,0.58,0.16,0.72,1.0,0.97,0.0,0.0,0.0,0.0,0.0,0.0,0.0,0.07,0.94,0.66,0.19,0.57,0.95,0.74,0.01,0.0,0.0,0.0,0.0],[0.0,0.0,0.0,0.01,0.16,0.99,0.96,0.17,0.02,0.06,0.97,1.0,1.0,0.0,0.0,0.0,0.0,0.01,0.13,0.99,0.94,0.14,0.01,0.02,0.72,1.0,0.79,0.01,0.0,0.0,0.0],[0.0,0.0,0.03,0.13,0.99,0.96,0.02,0.0,0.0,0.0,0.0,1.0,1.0,0.99,0.01,0.01,0.01,0.1,0.99,0.95,0.01,0.0,0.0,0.0,0.0,0.85,1.0,0.58,0.0,0.0,0.0],[0.09,0.34,0.16,0.99,0.93,0.02,0.0,0.0,0.0,0.0,0.0,0.0,0.99,1.0,0.89,0.21,0.06,0.98,0.97,0.01,0.0,0.0,0.0,0.0,0.0,0.01,0.76,0.98,0.26,0.03,0.02],[0.62,0.64,0.28,0.78,0.13,0.0,0.0,0.0,0.0,0.0,0.0,0.0,0.01,0.89,1.0,0.66,0.21,0.77,0.17,0.0,0.0,0.0,0.0,0.0,0.0,0.0,0.0,0.39,0.32,0.19,0.13],[0.53,0.44,0.16,0.28,0.01,0.0,0.0,0.0,0.0,0.0,0.0,0.0,0.01,0.21,0.66,1.0,0.55,0.43,0.02,0.0,0.0,0.0,0.0,0.0,0.0,0.0,0.0,0.06,0.24,0.29,0.26],[0.44,0.26,0.11,0.07,0.0,0.0,0.0,0.0,0.0,0.0,0.0,0.0,0.01,0.06,0.21,0.55,1.0,0.37,0.01,0.0,0.0,0.0,0.0,0.0,0.0,0.0,0.0,0.05,0.32,0.41,0.39],[0.54,0.72,0.14,1.0,0.71,0.0,0.0,0.0,0.0,0.0,0.0,0.01,0.1,0.98,0.77,0.43,0.37,1.0,0.99,0.0,0.0,0.0,0.0,0.0,0.0,0.01,0.07,0.96,0.8,0.41,0.14],[0.0,0.01,0.04,0.81,1.0,0.74,0.0,0.0,0.0,0.0,0.0,0.13,0.99,0.97,0.17,0.02,0.01,0.99,1.0,0.99,0.0,0.0,0.0,0.0,0.01,0.1,0.98,0.95,0.07,0.01,0.01],[0.0,0.0,0.0,0.0,0.75,1.0,0.63,0.01,0.0,0.01,0.07,0.99,0.95,0.01,0.0,0.0,0.0,0.0,0.99,1.0,0.99,0.03,0.0,0.01,0.05,0.99,0.96,0.01,0.0,0.0,0.0],[0.0,0.0,0.0,0.0,0.01,0.56,0.99,0.27,0.06,0.28,0.94,0.94,0.01,0.0,0.0,0.0,0.0,0.0,0.0,0.99,1.0,0.71,0.1,0.42,0.93,0.96,0.01,0.0,0.0,0.0,0.0],[0.0,0.0,0.0,0.0,0.0,0.01,0.23,0.19,0.1,0.31,0.66,0.14,0.0,0.0,0.0,0.0,0.0,0.0,0.0,0.03,0.71,1.0,0.35,0.39,0.57,0.15,0.0,0.0,0.0,0.0,0.0],[0.0,0.0,0.0,0.0,0.0,0.0,0.06,0.1,0.08,0.15,0.19,0.01,0.0,0.0,0.0,0.0,0.0,0.0,0.0,0.0,0.1,0.35,1.0,0.41,0.18,0.02,0.0,0.0,0.0,0.0,0.0],[0.0,0.0,0.0,0.0,0.0,0.01,0.25,0.3,0.14,0.33,0.57,0.02,0.0,0.0,0.0,0.0,0.0,0.0,0.0,0.01,0.42,0.39,0.41,1.0,0.7,0.04,0.0,0.0,0.0,0.0,0.0],[0.0,0.0,0.0,0.0,0.01,0.06,0.93,0.61,0.18,0.55,0.95,0.72,0.0,0.0,0.0,0.0,0.0,0.0,0.01,0.05,0.93,0.57,0.18,0.7,1.0,0.97,0.0,0.0,0.0,0.0,0.0],[0.0,0.0,0.0,0.01,0.15,0.99,0.92,0.17,0.01,0.03,0.74,1.0,0.85,0.01,0.0,0.0,0.0,0.01,0.1,0.99,0.96,0.15,0.02,0.04,0.97,1.0,1.0,0.0,0.0,0.0,0.0],[0.0,0.0,0.02,0.13,0.99,0.93,0.01,0.0,0.0,0.0,0.01,0.79,1.0,0.76,0.0,0.0,0.0,0.07,0.98,0.96,0.01,0.0,0.0,0.0,0.0,1.0,1.0,1.0,0.0,0.0,0.0],[0.04,0.34,0.17,0.98,0.93,0.01,0.0,0.0,0.0,0.0,0.0,0.01,0.58,0.98,0.39,0.06,0.05,0.96,0.95,0.01,0.0,0.0,0.0,0.0,0.0,0.0,1.0,1.0,0.9,0.11,0.03],[0.43,0.58,0.37,0.81,0.05,0.0,0.0,0.0,0.0,0.0,0.0,0.0,0.0,0.26,0.32,0.24,0.32,0.8,0.07,0.0,0.0,0.0,0.0,0.0,0.0,0.0,0.0,0.9,1.0,0.84,0.31],[0.38,0.56,0.4,0.42,0.01,0.0,0.0,0.0,0.0,0.0,0.0,0.0,0.0,0.03,0.19,0.29,0.41,0.41,0.01,0.0,0.0,0.0,0.0,0.0,0.0,0.0,0.0,0.11,0.84,1.0,0.78],[0.36,0.35,0.41,0.13,0.0,0.0,0.0,0.0,0.0,0.0,0.0,0.0,0.0,0.02,0.13,0.26,0.39,0.14,0.01,0.0,0.0,0.0,0.0,0.0,0.0,0.0,0.0,0.03,0.31,0.78,1.0]],
  "pae": [[1.3,6.8,9.9,11.6,13.6,14.9,16.9,18.7,19.7,18.2,16.1,14.0,12.1,9.7,7.6,10.6,11.8,10.2,13.3,14.3,16.2,19.1,21.0,20.5,16.1,13.5,11.7,11.3,10.5,12.5,12.5],[5.7,1.2,6.8,7.3,11.1,13.1,14.0,17.4,18.0,17.1,13.9,11.6,10.3,9.2,7.2,10.7,9.7,8.6,11.2,13.5,14.6,17.8,18.0,18.4,14.5,11.5,9.7,10.3,10.4,12.3,11.9],[7.1,4.3,1.2,6.8,8.3,10.7,12.9,16.6,17.2,16.2,13.1,11.9,9.7,8.3,8.3,11.3,10.8,8.2,10.5,12.5,14.5,17.1,17.5,17.9,13.5,11.3,9.6,9.5,9.5,11.9,12.0],[9.8,6.9,5.7,1.1,4.9,6.5,8.7,12.5,13.4,12.5,10.3,8.5,7.1,7.0,9.7,10.4,8.8,5.6,6.0,7.5,9.3,12.2,13.2,12.8,10.4,8.1,6.6,7.3,10.0,10.9,12.4],[13.0,10.1,8.7,5.8,1.0,4.0,6.1,10.8,13.5,11.7,9.1,6.4,7.0,9.0,12.4,12.9,11.0,7.3,5.2,6.2,7.4,11.2,13.1,13.1,7.9,6.9,7.2,9.8,12.4,13.1,14.6],[13.0,10.1,10.4,7.0,4.4,1.1,4.4,8.5,12.8,10.0,6.9,5.9,7.4,10.0,13.4,13.7,11.9,8.4,5.5,5.3,6.4,10.4,11.9,12.6,7.2,6.8,7.8,10.1,12.7,13.7,16.8],[14.3,12.6,12.2,9.6,6.5,5.2,1.1,7.0,10.0,8.8,6.8,6.3,9.5,10.9,13.9,15.0,13.1,10.2,8.2,6.4,6.9,10.0,11.7,12.5,7.0,7.7,8.5,11.2,13.9,15.7,18.5],[18.7,17.6,16.3,14.4,12.4,9.0,7.7,1.3,10.4,7.1,8.6,11.4,13.0,15.3,18.8,20.3,17.9,14.2,12.9,10.6,9.3,11.2,13.7,14.6,10.5,11.8,12.4,14.5,17.9,20.7,21.9],[22.2,20.1,18.8,18.2,15.5,13.8,9.2,9.3,1.6,8.1,9.9,13.4,16.1,18.2,20.8,21.1,20.0,17.9,16.4,14.6,12.8,14.0,15.4,16.2,14.6,15.1,14.1,17.3,21.1,23.0,23.7],[18.7,17.4,16.6,15.4,13.9,12.3,9.2,7.8,5.8,1.3,8.6,10.9,13.5,16.0,18.7,19.5,17.6,15.0,13.6,12.0,11.1,12.9,14.8,15.3,11.5,13.8,13.1,16.1,18.8,20.4,21.7],[13.2,13.7,11.4,10.5,8.5,6.9,6.3,8.1,7.7,7.1,1.1,4.5,7.1,10.0,13.7,14.9,13.1,10.1,8.3,7.8,6.8,9.3,11.3,12.2,6.9,6.9,7.6,10.7,13.9,16.0,16.7],[12.2,11.0,10.2,9.6,6.7,6.2,7.5,10.3,11.1,8.5,6.0,1.1,3.8,7.6,11.8,12.8,12.2,9.9,6.8,5.7,7.5,10.8,11.5,11.8,6.7,4.9,5.2,8.2,11.1,12.9,13.4],[11.0,10.1,10.1,7.4,6.7,7.4,9.4,12.1,14.9,11.6,7.5,5.1,1.1,5.1,8.5,10.5,10.7,7.7,6.4,7.3,9.3,11.7,14.1,14.3,8.9,6.0,5.0,6.7,9.5,11.1,12.5],[9.2,9.3,8.8,7.5,8.9,10.0,11.2,15.3,16.2,14.4,10.9,8.2,6.5,1.1,7.4,9.2,8.8,7.2,7.8,9.6,12.0,13.9,16.0,16.5,11.2,9.4,7.5,7.8,8.7,10.3,11.8],[8.1,8.7,10.8,9.6,12.9,13.7,15.4,18.8,19.7,18.1,14.6,12.2,10.3,8.6,1.4,9.4,8.8,9.7,11.9,14.1,15.9,18.9,19.8,20.6,14.8,11.9,10.1,11.0,12.4,13.3,14.2],[9.6,10.5,11.9,11.2,12.8,14.4,13.8,19.0,20.1,19.0,15.4,12.8,9.9,7.9,6.8,1.2,6.0,7.4,11.8,14.8,15.9,19.3,20.6,19.8,15.5,13.6,12.0,10.2,10.7,12.3,13.9],[9.8,9.7,10.3,8.9,10.7,12.8,14.3,17.2,17.2,16.0,14.0,12.6,10.1,7.8,7.6,5.8,1.2,6.3,8.2,11.1,14.0,17.2,17.1,17.2,14.0,12.2,9.2,9.8,10.6,11.0,11.2],[10.4,8.2,8.5,5.6,6.2,8.3,9.8,13.2,14.1,13.5,10.2,9.1,7.7,7.5,9.2,8.5,6.4,1.1,4.0,6.7,8.6,12.9,13.5,13.0,9.6,8.1,6.7,7.1,9.9,11.2,12.0],[12.9,10.7,10.0,7.1,4.9,5.8,7.1,11.0,13.5,11.3,8.3,7.3,6.5,8.6,12.8,12.3,9.5,6.3,1.0,3.3,6.0,9.8,12.1,11.8,8.2,6.5,6.4,8.7,12.3,13.2,14.3],[13.1,10.9,10.8,8.0,5.0,5.3,6.5,10.0,12.9,11.3,7.5,6.6,7.6,9.5,13.5,13.6,12.1,6.5,4.7,1.0,5.3,8.2,11.4,11.8,6.6,6.6,7.0,9.8,12.7,13.6,16.2],[14.9,12.6,12.4,9.4,7.7,5.5,6.5,9.0,11.9,9.7,7.0,7.1,9.2,10.9,14.2,14.8,13.5,9.2,5.8,4.6,1.1,7.1,9.8,10.9,6.0,6.9,8.6,10.9,14.1,15.1,18.5],[19.8,17.3,17.4,14.3,13.1,10.8,10.3,11.7,15.5,12.7,10.0,12.5,13.0,15.0,19.1,20.5,17.4,14.6,12.7,9.4,7.3,1.4,10.5,10.7,8.7,11.9,12.8,15.9,19.3,21.4,22.1],[22.8,20.8,19.4,18.3,16.2,14.0,13.7,14.1,16.6,15.5,13.7,15.3,15.9,19.5,22.5,22.6,19.9,18.0,15.8,13.4,9.2,7.8,1.6,10.7,10.5,14.5,15.4,18.2,21.2,23.0,23.6],[21.8,19.9,18.8,15.9,15.5,13.5,13.7,14.8,17.2,16.4,13.7,14.7,14.9,17.4,21.3,21.3,18.7,16.1,14.9,13.1,10.0,8.7,8.2,1.4,11.7,12.6,14.7,17.4,19.9,22.1,22.4],[13.3,13.2,11.9,9.8,8.4,7.3,7.3,10.2,11.9,10.6,6.4,6.2,7.2,9.2,13.6,15.0,12.9,9.9,7.6,6.7,6.7,8.6,8.6,8.7,1.1,3.9,6.8,9.2,12.4,13.7,14.6],[12.2,11.3,11.2,9.1,7.1,6.9,8.0,11.9,12.6,11.0,7.1,5.0,5.0,8.0,12.3,12.8,11.8,9.2,7.2,6.5,7.7,11.5,11.2,9.9,5.9,1.0,3.4,7.3,10.6,12.3,13.8],[11.6,10.7,10.0,7.3,7.2,8.0,9.8,11.9,15.1,11.8,8.4,5.8,5.1,6.7,10.8,11.3,10.2,7.7,6.5,7.4,9.9,12.3,13.3,12.1,7.2,5.6,1.1,5.1,7.5,9.6,11.6],[9.6,9.6,8.9,7.9,9.3,10.0,11.4,15.2,17.8,15.9,10.7,8.6,7.4,6.5,9.9,11.0,9.6,7.3,8.9,9.4,11.3,15.4,16.6,16.0,9.8,8.5,5.6,1.1,7.3,7.8,9.9],[10.8,9.8,11.4,10.3,11.8,13.0,13.8,18.9,20.6,18.3,13.1,11.8,11.3,8.6,10.9,11.8,11.4,9.1,11.5,12.8,15.2,19.3,19.4,18.9,13.7,11.9,9.3,7.9,1.2,7.4,8.3],[11.0,11.0,11.7,11.5,13.0,13.9,15.8,20.5,21.6,20.6,17.1,13.9,12.0,10.7,12.2,12.3,11.0,10.0,12.7,14.8,17.4,20.7,20.9,20.4,16.4,14.0,9.8,8.0,6.3,1.2,6.3],[12.8,12.2,13.7,13.6,14.5,14.7,17.4,21.3,23.4,21.4,18.7,14.7,13.3,11.8,13.0,11.2,12.9,11.8,14.5,16.3,17.9,21.6,22.7,21.8,17.5,15.3,12.8,10.3,7.4,8.7,1.8]],
  "token_chain_ids": ["A","A","A","A","A","A","A","A","A","A","A","A","A","A","A","A","A","A","A","A","A","A","A","A","A","A","A","A","A","A","A"],
  "token_res_ids": [1,2,3,4,5,6,7,8,9,10,11,12,13,14,15,16,17,18,19,20,21,22,23,24,25,26,27,28,29,30,31]
}