{
  "atom_chain_ids": ["A","A","A","A","A","A","A","A","A","A","A","A","A","A","A","A","A","A","A","A","A","A","A","A","A","A","A","A","A","A","A","A","A","A","A","A","A","A","A","A","A","A","A","A","A","A","A","A","A","A","A","A","A","A","A","A","A","A","A","A","A","A","A","A","A","A","A","A","A","A","A","A","A","A","A","A","A","A","A","A","A","A","A","A","A","A","A","A","A","A","A","A","A","A","A","A","A","A","A","A","A","A","A","A","A","A","A","A","A","A","A","A","A","A","A","A","A","A","A","A","A","A","A","A","A","A","A","A","A","A","A","A","A","A","A","A","A","A","A","A","A","A","A","A","A","A","A","A","A","A","A","A","A","A","A","A","A","A","A","A","A","A","A","A","A","A","A","A","A","A","A","A","A","A","A","A","A","A","A","A","A","A","A","A","A","A","A","A","A","A","A","A","A","A","A","A","A","A","A","A","A","A","A","A","A","A","A","A","A","A","A","A","A","A","A","A","A","A","A","A","A","A","A","A","A","A","A","A","A","A","A","A","A","A","A","A","A","A","A","A","A","A","A","A","A","A","A","A","A","A","A","A","A","A","A","A","A","A","A","A","A","A","A","A","A","A","A","A","A","A","A","A","A","A","A","A","A","A","A","A","A","A","A","A","A","A","A","A","A","A","A","A","A","A","A","A","A","A","A","A","A","A","A","A","A","A","A","A","A","A","A","A","A","A","A","A","A","A","A","A","A","A","A","A","A","A","A","A","A","A","A","A","A","A","A","A","A","A","A","A","A","A","A","A","A","A","A","A","A","A","A","A","A","A","A","A","A","A","A","A","A","A","A","A","A","A","A","A","A","A","A","A","A","A","A","A","A","A","A","A","A","A","A","A","A","A","A","A","A","A","A","A","A","A","A","A","A","A","A","A","A","A","A","A","A","A","A","A","A","A","A","A","A","A","A","A","A","A","A","A","A","A","A","A","A","A","A","A","A","A","A","A","A","A","A","A","A","A","A","A","A","A","A","A","A","A","A","A","A","A","A","A","A","A","A","A","A","A","A","A","A","A","A","A","A","A","A","A","A","A","A","A","A","A","A","A","A","A","A","A","A","A","A","A","A","A","A","A","A","A","A","A","A","A","A","A","A","A","A","A","A","A","A","A","A","A","A","A","A","A","A","A","A","A","A","A","A","A","A","A","A","A","A","A","A","A","A","A","A","A","A","A","A","A","A","A","A","A","A","A","A","A","A","A","A","A","A","A","A","A","A","A","A","A","A","A","A","A","A","A","A","A","A","A","A","A","A","A","A","A","A","A","A","A","A","A","A","A","A","A","A","A","A","A","A","A","A","A","A","A","A","A","A","A","A","A","A","A","A","A","A","A","A","A","A","A","A","A","A","A"],
  "atom_plddts": [47.86,49.88,44.68,44.3,50.77,51.09,52.32,52.2,54.51,52.82,51.34,52.16,52.16,50.42,49.82,49.01,49.01,48.7,48.02,48.87,50.8,52.99,50.43,49.56,51.57,51.47,53.06,53.01,55.16,52.82,52.9,52.67,52.24,51.55,51.01,51.86,51.32,50.26,50.1,49.79,50.6,52.63,56.53,53.64,54.09,57.17,55.83,57.6,54.53,58.73,56.24,53.95,53.21,53.88,50.83,48.05,47.31,46.15,45.11,44.26,45.84,48.86,63.51,60.53,60.38,63.56,65.98,66.31,68.67,69.24,67.32,67.75,68.36,68.05,67.96,66.28,65.79,66.4,66.62,65.61,66.34,65.42,63.84,63.37,64.49,65.25,64.87,66.45,67.32,64.56,65.69,65.81,65.93,65.51,64.74,64.34,64.84,65.12,64.35,64.7,67.07,64.88,65.13,66.64,68.28,68.27,70.11,70.07,68.24,69.08,70.08,69.88,69.73,68.51,68.19,68.52,68.57,67.89,68.31,65.19,62.25,62.1,64.4,66.47,66.84,68.56,68.92,67.09,67.34,67.51,67.89,67.46,65.83,65.28,65.67,65.48,64.48,65.17,55.31,52.73,52.45,54.43,55.29,56.51,55.25,58.02,55.87,55.16,53.61,54.64,52.07,48.65,49.42,47.94,45.97,45.56,45.73,47.87,49.26,51.38,48.33,48.13,51.24,52.24,54.03,53.59,56.23,54.24,52.83,52.09,53.13,50.94,47.04,46.85,45.62,44.46,43.8,45.65,55.49,51.04,50.33,54.86,55.61,57.41,56.7,59.72,57.26,58.17,56.72,57.17,54.96,51.63,52.6,51.43,49.45,48.79,49.1,51.13,52.56,63.58,60.18,60.31,63.06,65.37,65.81,67.98,69.12,67.27,67.42,67.44,68.0,67.55,64.85,64.28,64.94,64.66,63.51,64.15,67.63,65.34,65.41,67.39,69.29,69.52,71.25,71.69,70.03,70.89,71.74,71.95,71.85,69.6,69.28,69.72,69.68,68.84,69.4,66.66,64.59,64.55,66.28,68.5,68.78,70.56,71.05,68.86,70.08,70.64,70.89,70.73,68.73,68.48,68.97,69.11,68.42,68.69,61.68,59.32,59.51,60.85,63.15,62.87,65.17,65.41,63.15,63.97,64.35,64.19,64.04,63.33,62.88,63.32,63.69,62.75,63.23,55.75,53.96,54.2,55.22,54.69,55.03,53.78,55.97,53.8,52.23,52.07,52.77,51.36,50.05,49.76,49.41,49.01,48.34,48.79,50.01,53.05,51.17,50.72,51.49,51.46,52.98,52.07,54.24,52.51,51.72,51.56,51.62,49.94,48.35,49.02,47.53,46.16,45.94,46.12,47.78,49.74,50.68,47.74,47.53,50.73,50.55,51.45,49.28,53.09,51.24,49.8,49.43,49.6,47.17,44.4,43.94,42.9,42.11,41.44,42.78,45.5,60.26,57.08,57.18,59.95,63.14,63.41,66.35,66.67,64.73,65.41,66.09,65.49,65.44,63.79,63.38,63.8,63.96,62.85,63.6,64.33,62.13,62.18,63.93,65.79,65.94,67.97,68.43,66.23,66.97,67.59,67.56,67.35,66.08,65.62,66.07,66.33,65.37,65.85,66.18,63.72,64.0,65.98,68.26,68.27,70.37,70.22,68.61,69.65,70.56,70.52,70.47,68.81,68.45,68.85,68.94,68.08,68.63,65.82,63.16,63.23,65.4,67.99,68.29,70.21,70.17,68.48,69.19,69.44,69.99,69.86,68.03,67.56,68.06,68.01,67.01,67.65,56.22,53.86,53.34,55.55,56.31,57.55,56.59,59.47,57.11,56.68,54.7,55.94,53.19,49.39,49.92,48.58,46.42,45.92,46.16,48.23,49.6,50.45,47.29,46.97,50.41,51.44,52.96,52.99,55.32,53.57,52.11,51.09,52.35,50.13,46.16,45.96,44.75,43.59,42.88,44.69,52.73,48.33,47.68,52.07,53.0,54.73,53.71,57.0,54.45,54.76,53.37,54.25,51.74,48.35,49.26,47.9,45.82,45.42,45.69,47.86,49.55,62.35,58.03,57.9,61.9,64.56,65.27,67.66,68.85,67.04,67.28,67.13,67.43,66.84,64.33,63.91,64.45,64.1,62.99,63.69,65.08,62.68,62.39,64.06,65.57,65.21,67.32,68.06,66.09,66.81,67.03,67.54,67.24,65.71,65.6,65.74,65.73,65.13,65.52,64.54,62.12,61.73,63.82,65.79,66.11,67.79,68.29,65.94,66.7,67.41,67.48,67.32,66.25,66.05,66.45,66.62,66.02,66.24,59.32,56.31,56.51,58.32,60.6,60.16,62.25,62.43,59.96,60.91,60.5,60.28,60.24,60.57,60.06,60.64,61.16,60.09,60.56,53.33,50.87,51.56,52.92,52.46,52.53,51.84,53.33,51.59,50.29,49.61,50.35,48.98,48.09,47.93,47.38,47.01,46.24,46.88,48.37,50.86,48.84,48.71,49.6,49.12,50.54,50.52,52.24,50.64,50.43,50.66,50.55,49.83,49.23,50.22,49.21,48.32,48.12,47.9,48.67,50.61,47.89,45.06,44.52,47.35,47.42,47.61,47.18,49.16,47.7,46.79,47.09,47.0,45.22,43.96,43.67,42.82,42.16,41.89,42.85,45.06],
  "contact_probs": [[1.0,0.93,0.14,0.4,0.0,0.0,0.0,0.0,0.0,0.0,0.0,0.0,0.0,0.09,0.62,0.53,0.44,0.54,0.0,0.0,0.0,0.0,0.0,0.0,0.0,0.0,0.0,0.04,0.43,0.38,0.36],[0.93,1.0,0.58,0.85,0.01,0.0,0.0,0.0,0.0,0.0,0.0,0.0,0.0,0.34,0.64,0.44,0.26,0.72,0.01,0.0,0.0,0.0,0.0,0.0,0.0,0.0,0.0,0.34,0.58,0.56,0.35],[0.14,0.58,1.0,0.38,0.03,0.0,0.0,0.0,0.0,0.0,0.0,0.0,0.03,0.16,0.28,0.16,0.11,0.14,0.04,0.0,0.0,0.0,0.0,0.0,0.0,0.0,0.02,0.17,0.37,0.4,0.41],[0.4,0.85,0.38,1.0,0.99,0.0,0.0,0.0,0.0,0.0,0.0,0.01,0.13,0.99,0.78,0.28,0.07,1.0,0.81,0.0,0.0,0.0,0.0,0.0,0.0,0.01,0.13,0.98,0.81,0.42,0.13],[0.0,0.01,0.03,0.99,1.0,1.0,0.0,0.0,0.0,0.0,0.02,0.16,0.99,0.93,0.13,0.01,0.0,0.71,1.0,0.75,0.01,0.0,0.0,0.0,0.01,0.15,0.99,0.93,0.05,0.01,0.0],[0.0,0.0,0.0,0.0,1.0,1.0,0.99,0.04,0.0,0.02,0.08,0.99,0.96,0.02,0.0,0.0,0.0,0.0,0.74,1.0,0.56,0.01,0.0,0.01,0.06,0.99,0.93,0.01,0.0,0.0,0.0],[0.0,0.0,0.0,0.0,0.0,0.99,1.0,0.72,0.08,0.47,0.94,0.96,0.02,0.0,0.0,0.0,0.0,0.0,0.0,0.63,0.99,0.23,0.06,0.25,0.93,0.92,0.01,0.0,0.0,0.0,0.0],[0.0,0.0,0.0,0.0,0.0,0.04,0.72,1.0,0.34,0.41,0.58,0.17,0.0,0.0,0.0,0.0,0.0,0.0,0.0,0.01,0.27,0.19,0.1,0.3,0.61,0.17,0.0,0.0,0.0,0.0,0.0],[0.0,0.0,0.0,0.0,0.0,0.0,0.08,0.34,1.0,0.43,0.16,0.02,0.0,0.0,0.0,0.0,0.0,0.0,0.0,0.0,0.06,0.1,0.08,0.14,0.18,0.01,0.0,0.0,0.0,0.0,0.0],[0.0,0.0,0.0,0.0,0.0,0.02,0.47,0.41,0.43,1.0,0.72,0.06,0.0,0.0,0.0,0.0,0.0,0.0,0.0,0.01,0.28,0.31,0.15,0.33,0.55,0.03,0.0,0.0,0.0,0.0,0.0],[0.0,0.0,0.0,0.0,0.02,0.08,0.94,0.58,0.16,0.72,1.0,0.97,0.0,0.0,0.0,0.0,0.0,0.0,0.0,0.07,0.94,0.66,0.19,0.57,0.95,0.74,0.01,0.0,0.0,0.0,0.0],[0.0,0.0,0.0,0.01,0.16,0.99,0.96,0.17,0.02,0.06,0.97,1.0,1.0,0.0,0.0,0.0,0.0,0.01,0.13,0.99,0.94,0.14,0.01,0.02,0.72,1.0,0.79,0.01,0.0,0.0,0.0],[0.0,0.0,0.03,0.13,0.99,0.96,0.02,0.0,0.0,0.0,0.0,1.0,1.0,0.99,0.01,0.01,0.01,0.1,0.99,0.95,0.01,0.0,0.0,0.0,0.0,0.85,1.0,0.58,0.0,0.0,0.0],[0.09,0.34,0.16,0.99,0.93,0.02,0.0,0.0,0.0,0.0,0.0,0.0,0.99,1.0,0.89,0.21,0.06,0.98,0.97,0.01,0.0,0.0,0.0,0.0,0.0,0.01,0.76,0.98,0.26,0.03,0.02],[0.62,0.64,0.28,0.78,0.13,0.0,0.0,0.0,0.0,0.0,0.0,0.0,0.01,0.89,1.0,0.66,0.21,0.77,0.17,0.0,0.0,0.0,0.0,0.0,0.0,0.0,0.0,0.39,0.32,0.19,0.13],[0.53,0.44,0.16,0.28,0.01,0.0,0.0,0.0,0.0,0.0,0.0,0.0,0.01,0.21,0.66,1.0,0.55,0.43,0.02,0.0,0.0,0.0,0.0,0.0,0.0,0.0,0.0,0.06,0.24,0.29,0.26],[0.44,0.26,0.11,0.07,0.0,0.0,0.0,0.0,0.0,0.0,0.0,0.0,0.01,0.06,0.21,0.55,1.0,0.37,0.01,0.0,0.0,0.0,0.0,0.0,0.0,0.0,0.0,0.05,0.32,0.41,0.39],[0.54,0.72,0.14,1.0,0.71,0.0,0.0,0.0,0.0,0.0,0.0,0.01,0.1,0.98,0.77,0.43,0.37,1.0,0.99,0.0,0.0,0.0,0.0,0.0,0.0,0.01,0.07,0.96,0.8,0.41,0.14],[0.0,0.01,0.04,0.81,1.0,0.74,0.0,0.0,0.0,0.0,0.0,0.13,0.99,0.97,0.17,0.02,0.01,0.99,1.0,0.99,0.0,0.0,0.0,0.0,0.01,0.1,0.98,0.95,0.07,0.01,0.01],[0.0,0.0,0.0,0.0,0.75,1.0,0.63,0.01,0.0,0.01,0.07,0.99,0.95,0.01,0.0,0.0,0.0,0.0,0.99,1.0,0.99,0.03,0.0,0.01,0.05,0.99,0.96,0.01,0.0,0.0,0.0],[0.0,0.0,0.0,0.0,0.01,0.56,0.99,0.27,0.06,0.28,0.94,0.94,0.01,0.0,0.0,0.0,0.0,0.0,0.0,0.99,1.0,0.71,0.1,0.42,0.93,0.96,0.01,0.0,0.0,0.0,0.0],[0.0,0.0,0.0,0.0,0.0,0.01,0.23,0.19,0.1,0.31,0.66,0.14,0.0,0.0,0.0,0.0,0.0,0.0,0.0,0.03,0.71,1.0,0.35,0.39,0.57,0.15,0.0,0.0,0.0,0.0,0.0],[0.0,0.0,0.0,0.0,0.0,0.0,0.06,0.1,0.08,0.15,0.19,0.01,0.0,0.0,0.0,0.0,0.0,0.0,0.0,0.0,0.1,0.35,1.0,0.41,0.18,0.02,0.0,0.0,0.0,0.0,0.0],[0.0,0.0,0.0,0.0,0.0,0.01,0.25,0.3,0.14,0.33,0.57,0.02,0.0,0.0,0.0,0.0,0.0,0.0,0.0,0.01,0.42,0.39,0.41,1.0,0.7,0.04,0.0,0.0,0.0,0.0,0.0],[0.0,0.0,0.0,0.0,0.01,0.06,0.93,0.61,0.18,0.55,0.95,0.72,0.0,0.0,0.0,0.0,0.0,0.0,0.01,0.05,0.93,0.57,0.18,0.7,1.0,0.97,0.0,0.0,0.0,0.0,0.0],[0.0,0.0,0.0,0.01,0.15,0.99,0.92,0.17,0.01,0.03,0.74,1.0,0.85,0.01,0.0,0.0,0.0,0.01,0.1,0.99,0.96,0.15,0.02,0.04,0.97,1.0,1.0,0.0,0.0,0.0,0.0],[0.0,0.0,0.02,0.13,0.99,0.93,0.01,0.0,0.0,0.0,0.01,0.79,1.0,0.76,0.0,0.0,0.0,0.07,0.98,0.96,0.01,0.0,0.0,0.0,0.0,1.0,1.0,1.0,0.0,0.0,0.0],[0.04,0.34,0.17,0.98,0.93,0.01,0.0,0.0,0.0,0.0,0.0,0.01,0.58,0.98,0.39,0.06,0.05,0.96,0.95,0.01,0.0,0.0,0.0,0.0,0.0,0.0,1.0,1.0,0.9,0.11,0.03],[0.43,0.58,0.37,0.81,0.05,0.0,0.0,0.0,0.0,0.0,0.0,0.0,0.0,0.26,0.32,0.24,0.32,0.8,0.07,0.0,0.0,0.0,0.0,0.0,0.0,0.0,0.0,0.9,1.0,0.84,0.31],[0.38,0.56,0.4,0.42,0.01,0.0,0.0,0.0,0.0,0.0,0.0,0.0,0.0,0.03,0.19,0.29,0.41,0.41,0.01,0.0,0.0,0.0,0.0,0.0,0.0,0.0,0.0,0.11,0.84,1.0,0.78],[0.36,0.35,0.41,0.13,0.0,0.0,0.0,0.0,0.0,0.0,0.0,0.0,0.0,0.02,0.13,0.26,0.39,0.14,0.01,0.0,0.0,0.0,0.0,0.0,0.0,0.0,0.0,0.03,0.31,0.78,1.0]],
  "pae": [[1.3,7.8,11.3,11.9,13.9,16.1,19.2,21.8,21.5,20.4,18.3,14.9,13.8,12.5,10.2,12.8,17.2,13.0,14.6,15.1,17.0,21.9,22.0,20.5,17.7,16.0,13.0,11.5,9.9,9.4,9.3],[6.8,1.3,7.1,7.9,11.0,14.2,16.2,20.7,19.0,18.1,15.0,12.9,11.0,10.2,8.7,10.1,14.8,10.5,11.3,14.1,14.5,20.7,18.6,17.8,15.0,12.2,10.7,9.5,9.2,8.2,9.8],[8.0,6.9,1.3,5.9,7.7,10.2,13.9,18.2,16.7,16.0,13.1,11.6,9.6,9.3,7.9,10.4,14.1,9.2,10.1,12.4,14.1,17.9,17.0,16.3,13.1,11.2,9.2,8.4,8.1,10.2,11.7],[10.9,8.3,6.7,1.1,4.2,6.6,10.0,15.0,14.9,13.8,10.8,9.0,7.1,7.4,9.2,10.7,11.7,5.7,7.0,8.4,9.9,14.6,14.8,14.5,10.5,9.2,7.2,7.0,9.5,11.7,12.0],[13.8,11.6,9.3,6.0,1.0,4.3,7.0,13.6,14.7,13.0,9.0,7.1,6.5,8.9,10.5,11.8,12.4,7.0,5.7,6.6,7.9,13.7,14.5,14.4,9.6,8.2,6.8,8.9,11.5,12.2,13.9],[14.3,13.0,11.8,8.0,5.1,1.1,5.4,10.5,13.3,10.2,7.8,7.2,7.2,10.7,12.4,13.8,14.3,9.1,6.5,6.0,7.1,12.9,13.6,12.8,8.4,7.4,7.5,10.2,12.4,13.6,15.9],[15.5,15.7,14.8,12.0,8.6,7.5,1.1,9.3,9.5,8.4,7.1,7.3,10.4,12.8,14.8,16.5,15.4,11.3,10.1,8.5,7.9,10.3,11.2,10.1,7.8,7.8,9.9,12.9,14.6,15.8,17.6],[22.9,21.6,20.9,18.4,14.4,13.6,11.2,1.3,8.8,7.0,11.3,13.6,15.7,18.0,19.6,20.8,20.8,17.2,15.0,12.9,11.8,11.5,11.7,12.9,11.3,13.7,15.0,18.5,20.2,22.6,24.0],[21.3,22.2,21.0,18.8,15.5,13.4,10.1,10.8,1.3,9.2,9.1,12.1,15.7,18.4,19.5,20.3,20.0,17.3,15.3,13.9,12.9,13.1,9.1,13.3,11.8,14.2,15.6,18.4,19.7,22.3,22.2],[20.1,19.6,19.1,16.1,13.5,11.8,9.9,6.7,5.9,1.1,6.7,10.0,14.0,16.2,18.5,18.6,18.6,15.7,13.5,12.1,11.0,10.7,11.1,13.5,9.9,12.4,13.2,17.5,18.8,20.7,21.1],[14.2,15.1,13.9,11.3,9.2,8.3,7.8,8.5,7.3,5.4,1.1,5.0,7.0,10.2,13.2,14.3,14.4,10.9,9.5,7.9,7.4,10.1,9.9,9.4,6.5,7.0,7.4,10.2,13.2,14.9,16.2],[12.6,11.4,11.8,9.4,6.5,6.5,7.2,11.9,11.7,8.4,5.6,1.0,3.6,7.2,10.6,11.7,12.4,9.9,7.6,5.9,7.3,12.4,11.4,10.9,6.9,4.8,4.8,8.2,10.2,12.0,13.1],[11.9,11.2,11.1,7.3,6.5,7.2,9.7,14.2,12.9,10.2,6.7,4.4,1.0,5.3,7.8,9.6,12.2,8.1,6.2,7.1,9.0,13.2,13.2,12.8,9.0,6.5,4.6,6.7,9.2,10.9,11.8],[10.1,8.9,8.8,7.2,7.9,9.1,11.8,16.6,14.6,12.7,9.8,8.1,5.7,1.1,6.1,7.7,9.8,7.1,7.6,8.8,11.8,15.5,14.5,14.1,10.4,9.2,7.0,7.0,8.6,10.1,12.6],[10.0,9.8,10.6,8.6,10.1,11.8,13.7,17.1,16.1,14.8,12.4,11.1,8.0,6.6,1.4,7.3,10.4,7.5,9.7,11.9,13.3,17.2,16.8,15.9,12.5,11.4,9.5,8.8,9.2,12.0,13.0],[11.3,10.3,11.8,10.1,11.2,12.7,14.6,17.4,17.0,16.6,13.8,12.0,8.4,6.3,5.6,1.1,9.5,7.3,10.5,13.2,14.6,17.3,17.2,17.0,14.1,11.7,9.8,9.1,7.9,11.1,13.3],[14.0,13.8,14.2,11.1,11.3,12.2,15.6,17.5,18.7,16.7,14.4,12.7,9.4,7.1,8.0,7.5,1.4,7.1,7.9,11.2,14.0,18.5,18.3,17.1,14.7,12.7,10.8,11.1,11.6,15.4,16.8],[12.0,9.4,10.2,5.8,6.4,7.9,11.3,15.7,14.5,14.1,10.2,9.7,7.6,7.1,8.1,6.7,6.6,1.1,4.3,6.8,8.9,15.1,15.5,14.3,10.6,8.4,7.0,8.2,9.8,10.7,12.3],[12.9,11.6,10.9,6.6,5.2,6.3,9.1,14.2,15.1,13.9,9.1,8.6,5.8,8.1,10.5,10.5,8.7,5.9,1.0,3.7,6.7,12.7,15.4,14.8,10.7,7.6,6.2,8.9,11.2,12.7,13.5],[14.1,12.9,12.3,8.7,5.8,6.3,7.7,13.3,14.1,12.4,8.3,7.4,6.4,10.3,12.2,12.4,12.6,8.3,5.6,1.1,5.2,9.5,13.0,13.1,7.2,8.0,8.5,10.6,12.1,13.0,16.0],[17.0,15.4,15.1,10.9,8.8,6.7,7.9,10.6,12.2,9.8,7.8,7.3,9.6,12.1,13.9,16.6,15.6,10.8,7.2,6.0,1.1,8.1,10.6,10.4,8.0,7.4,9.5,12.2,14.0,15.9,18.3],[24.1,22.2,21.9,18.0,15.8,14.4,13.6,12.6,12.4,13.1,12.7,15.1,16.3,19.0,20.1,21.2,21.9,18.1,15.2,14.1,12.8,1.3,9.6,9.0,12.6,14.4,16.2,18.9,21.0,24.0,24.5],[22.1,22.2,21.0,18.5,15.4,13.6,12.9,12.8,8.5,12.2,12.4,14.0,16.3,20.0,20.3,20.6,20.6,18.2,16.2,13.5,10.5,10.4,1.3,9.7,9.8,13.0,16.2,19.0,20.3,22.4,23.1],[19.8,20.3,19.5,16.7,14.8,13.9,11.8,13.1,11.0,13.6,11.5,14.3,14.6,17.8,18.9,19.4,19.7,16.8,14.7,13.2,12.0,7.2,6.2,1.2,9.1,12.1,14.5,17.6,18.8,20.3,21.0],[13.9,14.0,13.4,11.1,8.9,7.2,7.0,10.1,10.0,8.3,6.2,6.3,6.6,10.2,12.0,14.0,14.3,11.0,8.9,7.6,8.0,8.5,7.4,5.8,1.0,4.1,7.0,9.0,12.3,13.4,15.1],[12.1,11.3,11.9,9.7,6.8,6.4,8.3,12.7,11.3,9.5,7.1,4.5,4.9,8.2,10.8,11.9,12.3,9.3,6.6,7.0,8.7,12.2,11.3,8.8,5.6,1.0,3.4,6.7,10.5,11.7,13.2],[11.1,11.1,10.4,7.7,7.0,6.9,9.8,13.1,12.8,11.2,9.0,6.0,4.7,6.8,9.1,10.9,11.8,8.1,7.4,8.2,10.1,14.2,12.8,12.0,7.1,5.2,1.0,4.6,7.9,9.4,11.3],[9.6,9.0,9.4,7.4,7.9,9.2,11.7,15.5,15.0,13.2,10.3,8.4,6.2,6.3,8.8,9.7,12.9,7.8,8.8,9.4,12.4,16.1,14.2,13.3,9.4,8.0,6.5,1.1,6.0,7.7,9.2],[9.5,8.3,9.2,8.4,10.3,11.7,14.3,18.3,17.1,15.2,11.9,10.7,9.5,7.6,8.2,9.1,12.9,9.1,10.3,12.1,13.6,18.6,17.0,15.7,12.3,10.6,9.2,7.3,1.2,8.2,9.6],[8.8,9.3,10.1,9.9,12.7,13.5,16.8,20.6,20.0,18.4,15.8,12.5,10.7,10.4,9.8,10.5,14.2,11.1,12.9,14.3,16.8,21.8,19.9,19.1,15.3,12.0,11.3,7.9,7.6,1.2,7.1],[9.5,11.3,11.9,13.7,14.8,16.2,20.4,23.1,22.6,21.5,19.6,14.4,12.3,11.8,12.1,12.9,16.9,13.0,15.1,16.2,19.7,23.2,23.5,21.5,17.9,15.7,13.7,10.9,9.4,9.5,1.8]],
  "token_chain_ids": ["A","A","A","A","A","A","A","A","A","A","A","A","A","A","A","A","A","A","A","A","A","A","A","A","A","A","A","A","A","A","A"],
  "token_res_ids": [1,2,3,4,5,6,7,8,9,10,11,12,13,14,15,16,17,18,19,20,21,22,23,24,25,26,27,28,29,30,31]
}