{
  "atom_chain_ids": ["A","A","A","A","A","A","A","A","A","A","A","A","A","A","A","A","A","A","A","A","A","A","A","A","A","A","A","A","A","A","A","A","A","A","A","A","A","A","A","A","A","A","A","A","A","A","A","A","A","A","A","A","A","A","A","A","A","A","A","A","A","A","A","A","A","A","A","A","A","A","A","A","A","A","A","A","A","A","A","A","A","A","A","A","A","A","A","A","A","A","A","A","A","A","A","A","A","A","A","A","A","A","A","A","A","A","A","A","A","A","A","A","A","A","A","A","A","A","A","A","A","A","A","A","A","A","A","A","A","A","A","A","A","A","A","A","A","A","A","A","A","A","A","A","A","A","A","A","A","A","A","A","A","A","A","A","A","A","A","A","A","A","A","A","A","A","A","A","A","A","A","A","A","A","A","A","A","A","A","A","A","A","A","A","A","A","A","A","A","A","A","A","A","A","A","A","A","A","A","A","A","A","A","A","A","A","A","A","A","A","A","A","A","A","A","A","A","A","A","A","A","A","A","A","A","A","A","A","A","A","A","A","A","A","A","A","A","A","A","A","A","A","A","A","A","A","A","A","A","A","A","A","A","A","A","A","A","A","A","A","A","A","A","A","A","A","A","A","A","A","A","A","A","A","A","A","A","A","A","A","A","A","A","A","A","A","A","A","A","A","A","A","A","A","A","A","A","A","A","A","A","A","A","A","A","A","A","A","A","A","A","A","A","A","A","A","A","A","A","A","A","A","A","A","A","A","A","A","A","A","A","A","A","A","A","A","A","A","A","A","A","A","A","A","A","A","A","A","A","A","A","A","A","A","A","A","A","A","A","A","A","A","A","A","A","A","A","A","A","A","A","A","A","A","A","A","A","A","A","A","A","A","A","A","A","A","A","A","A","A","A","A","A","A","A","A","A","A","A","A","A","A","A","A","A","A","A","A","A","A","A","A","A","A","A","A","A","A","A","A","A","A","A","A","A","A","A","A","A","A","A","A","A","A","A","A","A","A","A","A","A","A","A","A","A","A","A","A","A","A","A","A","A","A","A","A","A","A","A","A","A","A","A","A","A","A","A","A","A","A","A","A","A","A","A","A","A","A","A","A","A","A","A","A","A","A","A","A","A","A","A","A","A","A","A","A","A","A","A","A","A","A","A","A","A","A","A","A","A","A","A","A","A","A","A","A","A","A","A","A","A","A","A","A","A","A","A","A","A","A","A","A","A","A","A","A","A","A","A","A","A","A","A","A","A","A","A","A","A","A","A","A","A","A","A","A","A","A","A","A","A","A","A","A","A","A","A","A","A","A","A","A","A","A","A","A","A","A","A","A","A","A","A","A","A","A","A","A","A","A","A","A","A","A","A","A","A","A","A","A","A","A","A","A","A","A","A","A","A","A"],
  "atom_plddts": [46.89,49.77,44.1,43.49,50.64,51.12,52.24,51.66,55.07,53.14,51.34,52.07,51.79,49.33,48.38,47.29,47.1,46.7,46.1,47.35,49.69,51.85,49.26,48.19,50.11,49.99,51.66,51.32,54.36,51.93,52.07,51.61,51.0,49.95,49.2,49.94,49.16,47.88,47.95,47.67,48.63,51.23,58.79,55.29,55.86,59.67,58.05,59.92,56.59,61.75,58.97,56.71,55.79,56.69,53.02,49.33,48.52,47.15,46.02,45.35,47.06,50.5,67.74,64.33,63.7,67.51,69.28,69.8,72.09,72.68,70.93,71.65,71.88,72.17,72.04,70.03,69.6,70.24,70.31,69.31,70.17,74.06,71.9,71.14,73.64,74.11,75.44,76.17,76.72,74.85,75.93,76.07,76.88,76.58,74.44,73.95,74.62,74.51,73.77,74.42,73.91,71.51,71.32,73.66,74.57,76.03,76.76,77.12,75.72,76.44,76.8,77.65,77.49,75.28,74.88,75.37,75.09,74.45,75.21,72.04,69.37,68.92,71.27,72.34,73.58,74.46,74.8,73.47,73.74,73.57,74.85,74.64,72.38,71.71,72.39,72.05,71.03,71.95,64.14,62.56,61.98,62.7,62.62,63.56,62.25,64.55,62.62,61.77,59.65,61.31,58.45,55.09,55.76,54.41,52.12,51.39,51.81,54.03,54.88,55.73,53.02,52.89,55.71,56.15,57.64,57.07,59.75,57.79,56.18,55.23,56.63,54.05,50.0,49.58,48.27,46.93,46.08,48.26,56.57,51.91,51.13,55.96,56.66,58.33,57.82,60.78,58.49,59.57,58.07,58.67,56.34,52.89,53.84,52.59,50.33,49.65,50.08,52.24,53.91,68.12,63.78,63.25,67.92,70.0,71.4,73.43,74.36,72.97,73.49,73.54,74.31,73.82,70.22,69.79,70.5,69.99,68.9,69.71,73.84,71.17,70.95,73.78,74.96,76.57,77.48,78.01,76.73,77.55,78.26,79.1,79.05,76.18,75.87,76.47,76.14,75.47,76.17,74.17,71.4,71.02,73.85,75.11,76.87,77.77,78.31,76.85,77.71,78.07,79.13,79.0,76.18,75.76,76.5,76.26,75.56,76.18,70.16,67.31,66.76,69.82,71.28,72.05,73.85,74.09,72.73,73.74,74.05,74.55,74.51,72.2,71.75,72.45,72.49,71.52,72.28,64.31,62.59,62.36,63.27,61.49,61.97,60.92,62.44,60.61,58.63,58.23,59.78,58.01,56.49,55.83,55.77,55.32,54.33,54.89,56.21,58.71,57.51,56.78,56.88,56.16,56.93,56.03,58.09,56.65,55.79,55.3,55.75,53.91,52.57,53.32,51.8,50.46,50.05,50.35,51.96,53.58,53.16,50.21,50.02,53.02,52.53,53.1,50.72,54.29,52.7,51.16,50.37,50.53,47.75,44.87,44.04,42.74,41.64,40.79,42.59,45.58,67.09,63.46,62.63,66.81,68.94,69.44,71.89,72.28,70.73,71.74,72.08,72.28,72.19,69.74,69.36,70.04,70.04,68.94,69.84,72.5,69.9,69.34,72.12,72.76,74.16,75.29,75.99,74.33,75.03,75.31,76.19,76.02,73.63,73.13,73.89,73.88,72.97,73.61,73.23,70.27,70.17,73.19,74.91,76.37,77.33,77.61,76.47,77.3,77.83,78.62,78.63,76.09,75.7,76.25,76.0,75.26,76.12,71.74,68.89,68.61,71.27,72.95,74.13,75.19,75.3,74.1,74.75,74.72,75.86,75.89,73.6,73.02,73.79,73.57,72.55,73.4,64.4,62.91,62.3,63.42,63.23,64.25,63.09,65.49,63.39,62.75,60.22,62.29,59.27,55.09,55.55,54.42,52.03,51.23,51.62,53.68,54.59,55.7,52.79,52.63,55.69,56.2,57.33,57.26,59.47,57.68,56.12,55.02,56.57,54.01,50.09,49.66,48.33,46.97,46.02,48.22,56.8,52.07,51.42,56.32,57.2,58.7,58.18,61.14,58.81,59.58,58.24,59.32,56.7,53.13,54.25,52.79,50.34,49.77,50.23,52.6,54.63,66.87,61.67,60.9,66.67,69.12,70.3,72.63,73.57,72.24,72.85,72.7,73.25,72.76,69.42,69.07,69.82,69.29,68.14,68.97,73.03,70.01,69.55,72.84,74.28,75.92,76.99,77.42,76.29,76.92,77.41,78.35,78.29,75.58,75.24,75.82,75.48,74.8,75.52,74.58,71.55,70.66,74.21,75.0,77.15,77.87,78.39,77.03,77.7,77.81,79.01,78.84,76.14,75.61,76.44,76.19,75.44,76.11,71.08,68.4,67.49,70.56,71.61,72.68,74.17,74.42,72.95,74.0,73.67,74.47,74.43,72.41,71.74,72.73,72.88,71.77,72.56,63.93,62.03,62.14,62.9,61.05,61.32,60.64,61.76,60.07,58.38,57.48,59.17,57.45,56.24,55.67,55.41,55.07,53.93,54.73,56.25,57.0,55.23,54.97,55.45,54.7,55.59,56.01,57.21,55.76,55.69,55.42,55.85,55.06,54.88,55.77,54.89,53.94,53.44,53.5,54.26,55.79,51.23,48.76,48.32,50.07,50.14,49.79,48.87,51.1,49.52,48.48,48.64,48.45,46.09,44.49,43.88,42.81,41.99,41.78,43.08,45.66],
  "contact_probs": [[1.0,0.93,0.14,0.4,0.0,0.0,0.0,0.0,0.0,0.0,0.0,0.0,0.0,0.09,0.62,0.53,0.44,0.54,0.0,0.0,0.0,0.0,0.0,0.0,0.0,0.0,0.0,0.04,0.43,0.38,0.36],[0.93,1.0,0.58,0.85,0.01,0.0,0.0,0.0,0.0,0.0,0.0,0.0,0.0,0.34,0.64,0.44,0.26,0.72,0.01,0.0,0.0,0.0,0.0,0.0,0.0,0.0,0.0,0.34,0.58,0.56,0.35],[0.14,0.58,1.0,0.38,0.03,0.0,0.0,0.0,0.0,0.0,0.0,0.0,0.03,0.16,0.28,0.16,0.11,0.14,0.04,0.0,0.0,0.0,0.0,0.0,0.0,0.0,0.02,0.17,0.37,0.4,0.41],[0.4,0.85,0.38,1.0,0.99,0.0,0.0,0.0,0.0,0.0,0.0,0.01,0.13,0.99,0.78,0.28,0.07,1.0,0.81,0.0,0.0,0.0,0.0,0.0,0.0,0.01,0.13,0.98,0.81,0.42,0.13],[0.0,0.01,0.03,0.99,1.0,1.0,0.0,0.0,0.0,0.0,0.02,0.16,0.99,0.93,0.13,0.01,0.0,0.71,1.0,0.75,0.01,0.0,0.0,0.0,0.01,0.15,0.99,0.93,0.05,0.01,0.0],[0.0,0.0,0.0,0.0,1.0,1.0,0.99,0.04,0.0,0.02,0.08,0.99,0.96,0.02,0.0,0.0,0.0,0.0,0.74,1.0,0.56,0.01,0.0,0.01,0.06,0.99,0.93,0.01,0.0,0.0,0.0],[0.0,0.0,0.0,0.0,0.0,0.99,1.0,0.72,0.08,0.47,0.94,0.96,0.02,0.0,0.0,0.0,0.0,0.0,0.0,0.63,0.99,0.23,0.06,0.25,0.93,0.92,0.01,0.0,0.0,0.0,0.0],[0.0,0.0,0.0,0.0,0.0,0.04,0.72,1.0,0.34,0.41,0.58,0.17,0.0,0.0,0.0,0.0,0.0,0.0,0.0,0.01,0.27,0.19,0.1,0.3,0.61,0.17,0.0,0.0,0.0,0.0,0.0],[0.0,0.0,0.0,0.0,0.0,0.0,0.08,0.34,1.0,0.43,0.16,0.02,0.0,0.0,0.0,0.0,0.0,0.0,0.0,0.0,0.06,0.1,0.08,0.14,0.18,0.01,0.0,0.0,0.0,0.0,0.0],[0.0,0.0,0.0,0.0,0.0,0.02,0.47,0.41,0.43,1.0,0.72,0.06,0.0,0.0,0.0,0.0,0.0,0.0,0.0,0.01,0.28,0.31,0.15,0.33,0.55,0.03,0.0,0.0,0.0,0.0,0.0],[0.0,0.0,0.0,0.0,0.02,0.08,0.94,0.58,0.16,0.72,1.0,0.97,0.0,0.0,0.0,0.0,0.0,0.0,0.0,0.07,0.94,0.66,0.19,0.57,0.95,0.74,0.01,0.0,0.0,0.0,0.0],[0.0,0.0,0.0,0.01,0.16,0.99,0.96,0.17,0.02,0.06,0.97,1.0,1.0,0.0,0.0,0.0,0.0,0.01,0.13,0.99,0.94,0.14,0.01,0.02,0.72,1.0,0.79,0.01,0.0,0.0,0.0],[0.0,0.0,0.03,0.13,0.99,0.96,0.02,0.0,0.0,0.0,0.0,1.0,1.0,0.99,0.01,0.01,0.01,0.1,0.99,0.95,0.01,0.0,0.0,0.0,0.0,0.85,1.0,0.58,0.0,0.0,0.0],[0.09,0.34,0.16,0.99,0.93,0.02,0.0,0.0,0.0,0.0,0.0,0.0,0.99,1.0,0.89,0.21,0.06,0.98,0.97,0.01,0.0,0.0,0.0,0.0,0.0,0.01,0.76,0.98,0.26,0.03,0.02],[0.62,0.64,0.28,0.78,0.13,0.0,0.0,0.0,0.0,0.0,0.0,0.0,0.01,0.89,1.0,0.66,0.21,0.77,0.17,0.0,0.0,0.0,0.0,0.0,0.0,0.0,0.0,0.39,0.32,0.19,0.13],[0.53,0.44,0.16,0.28,0.01,0.0,0.0,0.0,0.0,0.0,0.0,0.0,0.01,0.21,0.66,1.0,0.55,0.43,0.02,0.0,0.0,0.0,0.0,0.0,0.0,0.0,0.0,0.06,0.24,0.29,0.26],[0.44,0.26,0.11,0.07,0.0,0.0,0.0,0.0,0.0,0.0,0.0,0.0,0.01,0.06,0.21,0.55,1.0,0.37,0.01,0.0,0.0,0.0,0.0,0.0,0.0,0.0,0.0,0.05,0.32,0.41,0.39],[0.54,0.72,0.14,1.0,0.71,0.0,0.0,0.0,0.0,0.0,0.0,0.01,0.1,0.98,0.77,0.43,0.37,1.0,0.99,0.0,0.0,0.0,0.0,0.0,0.0,0.01,0.07,0.96,0.8,0.41,0.14],[0.0,0.01,0.04,0.81,1.0,0.74,0.0,0.0,0.0,0.0,0.0,0.13,0.99,0.97,0.17,0.02,0.01,0.99,1.0,0.99,0.0,0.0,0.0,0.0,0.01,0.1,0.98,0.95,0.07,0.01,0.01],[0.0,0.0,0.0,0.0,0.75,1.0,0.63,0.01,0.0,0.01,0.07,0.99,0.95,0.01,0.0,0.0,0.0,0.0,0.99,1.0,0.99,0.03,0.0,0.01,0.05,0.99,0.96,0.01,0.0,0.0,0.0],[0.0,0.0,0.0,0.0,0.01,0.56,0.99,0.27,0.06,0.28,0.94,0.94,0.01,0.0,0.0,0.0,0.0,0.0,0.0,0.99,1.0,0.71,0.1,0.42,0.93,0.96,0.01,0.0,0.0,0.0,0.0],[0.0,0.0,0.0,0.0,0.0,0.01,0.23,0.19,0.1,0.31,0.66,0.14,0.0,0.0,0.0,0.0,0.0,0.0,0.0,0.03,0.71,1.0,0.35,0.39,0.57,0.15,0.0,0.0,0.0,0.0,0.0],[0.0,0.0,0.0,0.0,0.0,0.0,0.06,0.1,0.08,0.15,0.19,0.01,0.0,0.0,0.0,0.0,0.0,0.0,0.0,0.0,0.1,0.35,1.0,0.41,0.18,0.02,0.0,0.0,0.0,0.0,0.0],[0.0,0.0,0.0,0.0,0.0,0.01,0.25,0.3,0.14,0.33,0.57,0.02,0.0,0.0,0.0,0.0,0.0,0.0,0.0,0.01,0.42,0.39,0.41,1.0,0.7,0.04,0.0,0.0,0.0,0.0,0.0],[0.0,0.0,0.0,0.0,0.01,0.06,0.93,0.61,0.18,0.55,0.95,0.72,0.0,0.0,0.0,0.0,0.0,0.0,0.01,0.05,0.93,0.57,0.18,0.7,1.0,0.97,0.0,0.0,0.0,0.0,0.0],[0.0,0.0,0.0,0.01,0.15,0.99,0.92,0.17,0.01,0.03,0.74,1.0,0.85,0.01,0.0,0.0,0.0,0.01,0.1,0.99,0.96,0.15,0.02,0.04,0.97,1.0,1.0,0.0,0.0,0.0,0.0],[0.0,0.0,0.02,0.13,0.99,0.93,0.01,0.0,0.0,0.0,0.01,0.79,1.0,0.76,0.0,0.0,0.0,0.07,0.98,0.96,0.01,0.0,0.0,0.0,0.0,1.0,1.0,1.0,0.0,0.0,0.0],[0.04,0.34,0.17,0.98,0.93,0.01,0.0,0.0,0.0,0.0,0.0,0.01,0.58,0.98,0.39,0.06,0.05,0.96,0.95,0.01,0.0,0.0,0.0,0.0,0.0,0.0,1.0,1.0,0.9,0.11,0.03],[0.43,0.58,0.37,0.81,0.05,0.0,0.0,0.0,0.0,0.0,0.0,0.0,0.0,0.26,0.32,0.24,0.32,0.8,0.07,0.0,0.0,0.0,0.0,0.0,0.0,0.0,0.0,0.9,1.0,0.84,0.31],[0.38,0.56,0.4,0.42,0.01,0.0,0.0,0.0,0.0,0.0,0.0,0.0,0.0,0.03,0.19,0.29,0.41,0.41,0.01,0.0,0.0,0.0,0.0,0.0,0.0,0.0,0.0,0.11,0.84,1.0,0.78],[0.36,0.35,0.41,0.13,0.0,0.0,0.0,0.0,0.0,0.0,0.0,0.0,0.0,0.02,0.13,0.26,0.39,0.14,0.01,0.0,0.0,0.0,0.0,0.0,0.0,0.0,0.0,0.03,0.31,0.78,1.0]],
  "pae": [[1.3,7.0,11.6,11.9,14.6,16.8,18.9,22.2,23.6,23.3,22.1,17.6,16.1,13.2,9.5,12.9,16.8,11.3,14.5,16.1,18.8,22.8,24.4,23.5,21.8,17.4,15.3,14.0,10.3,11.6,16.3],[5.8,1.1,8.3,7.6,11.1,15.0,17.0,20.9,21.8,21.6,19.7,15.5,13.4,11.5,8.5,11.9,14.7,9.4,12.1,15.0,16.8,21.5,22.7,21.3,19.4,15.4,13.8,11.5,9.7,9.8,15.1],[7.8,6.7,1.3,6.8,8.0,11.9,14.2,18.2,18.6,17.7,16.1,14.0,12.0,10.3,9.0,10.4,15.1,9.1,10.2,13.2,15.0,18.6,19.0,18.6,15.3,12.7,11.9,9.5,7.9,10.1,14.4],[9.9,6.5,5.3,1.2,4.3,6.6,9.1,13.0,14.2,13.1,11.2,9.3,7.3,7.0,7.7,8.9,11.2,5.3,5.9,7.3,9.7,13.2,13.7,12.7,11.4,9.6,7.2,6.2,7.4,8.8,12.0],[11.4,8.5,8.1,4.5,1.0,3.4,5.3,9.6,12.0,10.7,8.6,5.9,5.1,5.3,8.0,9.5,11.2,5.7,4.6,5.2,6.1,11.2,11.5,10.6,8.4,6.5,5.2,5.7,8.2,9.5,13.6],[12.4,10.6,9.4,5.2,3.9,1.1,4.1,7.6,11.0,9.1,5.9,4.4,4.5,6.5,9.1,9.9,11.7,6.9,5.3,4.7,5.9,9.3,10.9,10.0,7.2,5.1,4.8,6.0,9.1,9.6,13.6],[13.5,12.2,10.6,7.6,5.3,4.9,1.1,7.4,8.5,8.3,6.6,5.5,6.6,8.2,10.2,11.5,13.3,8.2,6.9,5.9,6.1,9.3,10.3,10.0,6.5,6.1,6.9,7.9,10.0,10.8,14.7],[20.1,20.4,18.6,16.7,14.0,10.5,8.9,1.3,9.1,7.4,10.7,11.1,13.2,14.7,16.3,19.4,20.4,16.0,14.8,12.6,12.2,12.7,12.9,11.1,10.6,12.4,13.6,14.9,16.5,20.1,21.4],[22.3,22.2,19.9,20.2,18.0,14.6,10.3,10.9,1.5,9.5,9.0,12.4,16.0,17.4,18.8,21.0,21.5,19.8,17.6,16.0,14.1,14.8,10.5,13.4,12.7,14.4,16.3,18.2,19.2,23.2,22.8],[19.9,19.7,18.1,18.3,15.3,13.4,10.1,10.0,6.5,1.2,7.7,10.0,14.4,15.4,17.2,19.2,19.7,16.9,15.8,14.6,12.3,10.3,11.9,13.1,11.1,13.5,15.1,15.9,16.9,20.2,21.5],[15.0,15.3,14.3,11.3,8.2,6.7,6.5,8.3,8.1,5.2,1.0,3.6,6.4,8.4,12.6,14.0,16.2,12.1,9.5,7.2,5.8,9.1,10.6,9.1,5.9,6.4,7.8,9.2,11.4,13.7,17.1],[13.3,12.4,12.1,8.6,6.3,4.7,4.8,8.5,10.2,7.2,4.7,1.0,2.8,5.8,9.7,11.1,12.8,8.4,5.7,4.2,4.9,8.6,10.0,8.6,6.1,4.4,4.6,6.4,10.1,10.6,14.0],[11.8,10.5,10.2,6.5,4.5,3.6,5.7,8.9,10.4,8.8,5.2,3.4,1.0,4.6,7.1,9.1,10.9,6.3,4.5,4.0,6.0,8.8,10.5,9.7,6.9,5.5,4.3,5.7,8.5,9.1,12.9],[10.8,9.0,9.0,6.0,5.4,5.4,7.2,10.3,12.1,10.3,7.9,5.5,4.7,1.1,6.1,7.4,9.4,5.4,5.2,5.8,7.7,10.4,11.7,10.5,8.0,7.1,5.3,6.0,6.7,9.2,12.5],[11.4,9.2,11.1,8.4,8.6,10.1,12.1,15.8,15.6,15.0,12.8,11.1,9.3,8.3,1.4,9.1,12.0,7.7,7.9,10.9,12.6,15.8,16.5,15.2,13.1,11.2,9.6,8.6,9.4,12.2,16.4],[11.7,11.0,12.9,10.7,10.7,11.8,13.4,16.3,16.4,16.3,14.5,12.5,11.1,7.2,6.0,1.2,10.5,6.0,8.9,11.6,13.3,15.8,16.7,16.1,15.2,13.0,11.8,10.3,8.0,11.4,15.6],[14.1,14.1,15.1,12.6,12.3,13.7,15.1,18.4,19.1,18.9,18.0,14.9,11.1,8.5,8.4,8.0,1.4,8.3,8.1,11.8,14.6,18.2,19.3,18.5,17.5,15.1,13.4,12.0,11.6,15.1,17.2],[10.9,8.4,8.8,5.1,5.8,6.9,8.9,13.1,14.4,13.4,10.6,8.4,6.9,6.5,7.4,6.0,6.6,1.1,3.9,6.7,8.4,13.0,13.2,11.8,10.5,9.3,7.0,6.5,7.2,9.4,12.8],[11.4,9.7,9.4,5.7,4.3,5.2,7.2,10.6,12.1,11.0,8.2,6.3,4.9,5.5,8.0,8.2,8.9,4.6,1.0,3.2,5.6,9.8,11.9,10.5,8.6,6.2,4.7,5.6,8.4,9.5,12.5],[12.6,10.6,10.7,6.3,4.8,4.7,5.9,9.2,10.7,9.8,7.0,5.2,4.5,5.8,8.3,9.0,10.5,4.9,3.6,1.0,4.2,7.5,10.3,9.3,6.6,5.0,4.5,6.1,8.5,9.5,13.0],[13.5,12.1,11.2,8.0,6.4,5.2,5.7,8.9,11.2,9.0,6.6,5.6,5.6,7.0,9.7,9.9,12.2,6.6,4.7,4.2,1.0,7.4,8.6,8.4,5.9,5.3,6.3,7.2,10.1,10.7,14.1],[20.6,20.7,19.7,17.1,14.7,13.2,12.6,13.7,12.6,10.1,11.4,13.5,14.0,15.3,17.4,19.7,20.6,16.1,14.7,12.1,10.3,1.3,10.6,9.6,10.8,12.4,13.6,15.2,17.5,20.4,21.6],[23.2,23.3,20.7,20.4,18.2,15.7,14.0,15.1,10.1,12.7,13.3,15.2,16.6,18.7,19.8,21.3,22.3,19.5,17.6,14.5,11.1,10.9,1.5,10.6,9.4,11.8,15.1,17.7,19.8,22.6,23.3],[20.4,19.8,18.0,16.9,15.1,14.3,12.5,12.6,11.2,12.8,12.4,14.6,14.4,15.9,17.4,18.9,20.4,16.5,14.8,13.4,10.2,10.0,6.6,1.2,7.8,9.8,13.9,15.6,16.6,19.6,20.3],[14.8,14.2,13.1,10.8,8.4,6.5,5.9,9.9,10.2,8.4,5.9,5.5,7.0,8.8,11.4,13.1,15.7,10.4,7.9,6.1,5.8,8.0,8.1,5.3,1.0,3.4,6.1,7.5,11.5,12.1,15.6],[13.2,12.3,11.7,8.6,6.7,4.6,5.3,8.2,10.1,8.4,5.9,4.3,5.2,6.5,9.8,11.1,13.9,8.5,6.0,4.4,5.3,8.2,8.8,6.4,4.1,1.0,2.9,5.6,9.7,10.6,14.6],[11.8,10.4,10.3,6.5,4.4,4.2,5.9,8.7,10.6,9.7,6.9,5.1,3.9,5.8,8.4,9.4,11.5,7.0,5.0,4.4,5.9,8.9,9.9,8.6,5.2,3.4,1.0,3.6,6.5,8.9,11.7],[11.3,9.8,9.1,5.8,5.1,5.6,7.2,9.8,11.7,10.6,7.8,6.7,5.3,5.2,7.8,9.1,11.1,6.6,4.9,5.6,7.2,10.3,10.9,9.5,7.5,5.4,4.3,1.1,6.4,7.7,11.3],[12.1,10.4,10.6,8.1,8.4,9.7,11.8,15.1,16.0,14.9,12.8,10.3,9.1,8.0,10.2,8.5,13.2,8.4,8.4,9.9,12.4,15.6,16.0,14.7,12.8,11.3,9.5,7.9,1.3,6.5,11.2],[13.0,9.6,10.8,9.9,9.8,11.9,13.7,17.0,18.0,17.7,15.7,13.2,11.5,10.4,11.3,10.4,15.2,10.5,10.6,12.1,14.4,17.0,17.5,17.0,15.7,13.4,11.1,8.4,7.6,1.3,9.2],[19.1,15.8,15.5,13.8,15.1,17.2,19.4,21.9,22.4,22.6,21.7,20.1,17.5,16.8,16.0,16.9,21.7,15.7,17.0,17.7,20.1,21.7,22.3,22.0,20.9,19.4,16.6,15.4,12.8,11.9,2.0]],
  "token_chain_ids": ["A","A","A","A","A","A","A","A","A","A","A","A","A","A","A","A","A","A","A","A","A","A","A","A","A","A","A","A","A","A","A"],
  "token_res_ids": [1,2,3,4,5,6,7,8,9,10,11,12,13,14,15,16,17,18,19,20,21,22,23,24,25,26,27,28,29,30,31]
}