{
  "atom_chain_ids": ["A","A","A","A","A","A","A","A","A","A","A","A","A","A","A","A","A","A","A","A","A","A","A","A","A","A","A","A","A","A","A","A","A","A","A","A","A","A","A","A","A","A","A","A","A","A","A","A","A","A","A","A","A","A","A","A","A","A","A","A","A","A","A","A","A","A","A","A","A","A","A","A","A","A","A","A","A","A","A","A","A","A","A","A","A","A","A","A","A","A","A","A","A","A","A","A","A","A","A","A","A","A","A","A","A","A","A","A","A","A","A","A","A","A","A","A","A","A","A","A","A","A","A","A","A","A","A","A","A","A","A","A","A","A","A","A","A","A","A","A","A","A","A","A","A","A","A","A","A","A","A","A","A","A","A","A","A","A","A","A","A","A","A","A","A","A","A","A","A","A","A","A","A","A","A","A","A","A","A","A","A","A","A","A","A","A","A","A","A","A","A","A","A","A","A","A","A","A","A","A","A","A","A","A","A","A","A","A","A","A","A","A","A","A","A","A","A","A","A","A","A","A","A","A","A","A","A","A","A","A","A","A","A","A","A","A","A","A","A","A","A","A","A","A","A","A","A","A","A","A","A","A","A","A","A","A","A","A","A","A","A","A","A","A","A","A","A","A","A","A","A","A","A","A","A","A","A","A","A","A","A","A","A","A","A","A","A","A","A","A","A","A","A","A","A","A","A","A","A","A","A","A","A","A","A","A","A","A","A","A","A","A","A","A","A","A","A","A","A"],
  "atom_plddts": [71.66,72.05,67.77,67.89,71.92,75.45,76.99,77.27,77.44,76.25,77.75,77.47,78.36,78.64,77.99,78.7,79.14,78.62,78.36,78.52,78.55,78.53,79.64,72.72,69.53,69.14,72.68,73.4,74.77,75.15,74.96,73.56,74.94,74.37,75.24,75.51,75.55,76.11,76.88,76.43,76.36,76.0,75.72,75.52,76.63,69.43,66.56,67.19,69.57,67.41,69.46,67.29,68.53,67.39,64.55,62.91,64.32,61.43,58.96,57.23,56.83,55.54,53.64,55.97,58.98,70.17,65.42,65.98,70.19,70.23,72.52,73.36,74.12,72.44,72.64,72.12,73.5,72.57,69.56,68.77,69.8,69.03,67.41,68.06,69.86,70.49,66.21,66.22,71.32,72.96,74.46,75.52,75.35,74.06,75.96,76.21,76.36,76.63,75.95,76.68,77.36,76.87,76.65,76.59,76.61,76.77,77.64,71.65,69.22,69.15,71.49,72.39,73.39,74.03,73.48,72.05,73.65,73.04,73.61,73.93,73.8,74.21,75.06,74.81,74.56,74.24,74.02,73.54,74.76,69.5,67.18,67.35,69.82,68.28,69.99,67.88,69.14,68.09,64.68,64.27,65.08,62.27,59.72,58.44,57.75,56.63,55.06,56.98,60.08,66.46,59.7,58.55,66.23,67.66,68.89,70.37,70.72,69.35,70.42,69.43,70.27,69.65,69.4,69.85,70.35,69.15,67.88,68.9,69.67,69.07,71.46,68.35,63.65,63.81,68.59,69.13,70.82,71.38,71.93,70.91,69.71,69.14,70.38,69.07,66.53,65.63,66.27,65.03,63.3,64.41,66.82,69.64,65.63,64.74,70.62,72.86,73.77,74.59,73.9,72.77,74.79,75.18,74.97,75.46,75.1,75.91,76.59,76.24,76.19,75.97,75.79,76.1,76.83,73.41,71.23,70.37,72.91,73.75,74.66,74.95,74.34,72.95,74.41,73.44,74.51,74.67,74.55,74.91,75.69,75.38,75.26,74.84,74.55,74.08,75.41,73.84,71.16,71.02,73.0,71.13,72.89,71.78,72.17,70.9,68.68,67.03,69.31,67.04,65.13,63.66,64.04,62.8,60.96,62.26,64.7,69.54,64.69,64.68,68.97,69.94,71.56,72.98,73.44,72.03,72.14,70.91,72.56,71.84,69.61,68.86,69.97,69.14,67.46,67.99,69.56,71.19,66.73,65.77,72.17,74.54,75.9,76.57,76.24,75.27,76.94,77.2,77.29,77.69,77.35,78.11,78.78,78.39,78.35,78.26,78.09,78.37,79.03,76.69,74.9,73.95,76.52,76.77,77.63,77.69,77.18,75.96,77.18,76.74,77.92,78.18,78.13,78.55,79.36,79.09,79.17,78.89,78.41,78.03,79.01],
  "contact_probs": [[1.0,0.99,0.25,0.43,0.38,0.35,0.18,0.46,0.12,0.04,0.04,0.02,0.05,0.29,0.62],[0.99,1.0,0.59,0.77,0.65,0.29,0.09,0.18,0.05,0.03,0.04,0.04,0.08,0.26,0.33],[0.25,0.59,1.0,0.42,0.14,0.08,0.05,0.03,0.02,0.01,0.03,0.06,0.09,0.05,0.04],[0.43,0.77,0.42,1.0,0.77,0.13,0.03,0.03,0.04,0.03,0.09,0.12,0.24,0.11,0.07],[0.38,0.65,0.14,0.77,1.0,0.99,0.23,0.32,0.08,0.21,0.42,0.08,0.14,0.04,0.04],[0.35,0.29,0.08,0.13,0.99,1.0,0.67,0.86,0.26,0.51,0.33,0.03,0.04,0.03,0.05],[0.18,0.09,0.05,0.03,0.23,0.67,1.0,0.63,0.19,0.1,0.06,0.02,0.03,0.02,0.02],[0.46,0.18,0.03,0.03,0.32,0.86,0.63,1.0,0.79,0.59,0.1,0.02,0.03,0.08,0.22],[0.12,0.05,0.02,0.04,0.08,0.26,0.19,0.79,1.0,0.83,0.15,0.03,0.06,0.28,0.47],[0.04,0.03,0.01,0.03,0.21,0.51,0.1,0.59,0.83,1.0,0.99,0.2,0.56,0.53,0.25],[0.04,0.04,0.03,0.09,0.42,0.33,0.06,0.1,0.15,0.99,1.0,0.65,0.81,0.52,0.11],[0.02,0.04,0.06,0.12,0.08,0.03,0.02,0.02,0.03,0.2,0.65,1.0,0.51,0.19,0.07],[0.05,0.08,0.09,0.24,0.14,0.04,0.03,0.03,0.06,0.56,0.81,0.51,1.0,0.88,0.16],[0.29,0.26,0.05,0.11,0.04,0.03,0.02,0.08,0.28,0.53,0.52,0.19,0.88,1.0,1.0],[0.62,0.33,0.04,0.07,0.04,0.05,0.02,0.22,0.47,0.25,0.11,0.07,0.16,1.0,1.0]],
  "pae": [[1.0,3.0,7.0,5.4,5.4,5.0,9.6,5.4,7.1,6.0,5.9,10.3,6.9,5.8,5.6],[2.1,1.0,5.3,4.7,5.0,5.1,8.9,6.6,6.6,5.8,6.1,8.9,6.5,5.6,5.1],[7.4,7.8,1.8,7.9,9.4,13.1,14.2,14.9,12.0,13.6,14.0,15.4,13.1,12.1,12.8],[6.3,4.5,6.4,1.4,4.2,5.5,9.4,8.4,9.1,8.4,9.1,10.7,8.6,8.0,8.1],[4.7,4.3,6.4,3.2,0.9,2.6,5.8,5.0,6.4,4.5,5.7,9.2,6.2,5.1,6.3],[5.0,4.9,8.0,3.7,2.7,1.0,4.2,4.2,5.8,4.7,4.8,9.6,6.1,5.0,5.8],[12.1,14.5,16.1,12.5,8.8,7.2,1.8,6.3,8.9,10.7,11.8,14.8,13.2,13.8,13.1],[8.0,8.9,12.0,9.6,7.1,4.4,5.2,1.3,4.5,5.1,6.9,12.3,9.1,9.1,7.5],[8.9,10.1,12.1,9.8,8.2,6.2,6.5,4.6,1.4,3.8,5.9,11.3,8.8,9.6,6.8],[6.3,6.4,9.6,7.1,5.2,4.8,7.0,4.0,3.5,1.0,2.3,7.0,4.8,4.8,5.0],[6.4,6.6,9.9,6.6,5.4,5.1,7.9,4.6,4.2,2.2,1.0,5.3,4.3,5.0,6.0],[14.3,13.6,16.1,12.9,12.5,12.1,14.0,13.6,12.3,8.9,6.9,1.7,8.0,7.6,11.5],[8.5,8.5,12.0,8.3,7.7,7.0,10.0,8.7,7.4,6.7,4.2,5.7,1.3,4.1,5.5],[4.8,4.6,8.7,6.2,4.9,4.9,8.4,5.9,5.1,4.1,4.3,5.7,2.8,0.9,2.0],[4.6,4.4,8.8,6.6,5.0,4.8,8.0,5.0,5.2,4.1,4.6,7.2,3.6,2.1,1.0]],
  "token_chain_ids": ["A","A","A","A","A","A","A","A","A","A","A","A","A","A","A"],
  "token_res_ids": [1,2,3,4,5,6,7,8,9,10,11,12,13,14,15]
}