{
  "atom_chain_ids": ["A","A","A","A","A","A","A","A","A","A","A","A","A","A","A","A","A","A","A","A","A","A","A","A","A","A","A","A","A","A","A","A","A","A","A","A","A","A","A","A","A","A","A","A","A","A","A","A","A","A","A","A","A","A","A","A","A","A","A","A","A","A","A","A","A","A","A","A","A","A","A","A","A","A","A","A","A","A","A","A","A","A","A","A","A","A","A","A","A","A","A","A","A","A","A","A","A","A","A","A","A","A","A","A","A","A","A","A","A","A","A","A","A","A","A","A","A","A","A","A","A","A","A","A","A","A","A","A","A","A","A","A","A","A","A","A","A","A","A","A","A","A","A","A","A","A","A","A","A","A","A","A","A","A","A","A","A","A","A","A","A","A","A","A","A","A","A","A","A","A","A","A","A","A","A","A","A","A","A","A","A","A","A","A","A","A","A","A","A","A","A","A","A","A","A","A","A","A","A","A","A","A","A","A","A","A","A","A","A","A","A","A","A","A","A","A","A","A","A","A","A","A","A","A","A","A","A","A","A","A","A","A","A","A","A","A","A","A","A","A","A","A","A","A","A","A","A","A","A","A","A","A","A","A","A","A","A","A","A","A","A","A","A","A","A","A","A","A","A","A","A","A","A","A","A","A","A","A","A","A","A","A","A","A","A","A","A","A","A","A","A","A","A","A","A","A","A","A","A","A","A","A","A","A","A","A","A","A","A","A","A","A","A","A","A","A","A","A","A"],
  "atom_plddts": [67.31,67.82,63.65,63.95,67.71,71.51,72.32,72.93,72.63,71.43,73.31,73.11,73.43,73.81,73.52,74.29,74.79,74.42,73.96,74.06,74.08,74.16,75.35,66.5,63.77,63.43,66.46,67.37,68.25,69.37,68.93,67.41,68.82,68.17,68.29,68.58,68.98,69.56,70.24,69.83,69.48,69.18,69.03,68.67,69.95,65.29,62.2,62.84,65.85,63.77,65.42,62.97,64.61,63.45,60.73,59.62,60.56,57.89,55.75,54.53,54.01,53.0,51.25,53.24,56.06,63.43,58.89,59.45,63.59,63.33,65.31,65.84,67.09,65.63,65.3,65.1,65.86,64.62,62.09,61.23,61.69,61.0,59.17,60.24,62.29,63.54,59.67,59.87,64.37,66.26,67.31,69.31,68.76,67.3,69.27,69.86,68.89,69.23,68.75,69.52,70.19,69.75,69.3,69.09,69.22,69.39,70.43,66.45,64.06,64.06,66.73,68.47,69.1,70.3,69.34,67.92,69.69,69.46,69.05,69.48,69.37,69.89,70.71,70.51,70.17,69.74,69.62,69.3,70.35,63.89,61.47,61.7,64.58,63.56,64.94,63.22,64.78,63.84,60.56,61.09,61.26,59.03,56.85,56.22,55.42,54.59,53.24,54.78,57.61,64.94,58.81,57.86,64.8,66.58,67.55,69.04,69.2,67.94,69.1,68.23,68.62,68.13,67.76,68.05,68.41,67.34,66.01,67.09,67.91,67.2,69.43,66.61,62.01,62.17,66.82,67.48,68.98,69.57,70.19,69.2,68.02,67.72,68.51,67.27,65.02,64.23,64.68,63.58,61.96,63.09,65.43,67.43,63.67,62.85,68.57,71.07,71.34,72.34,71.13,70.1,72.4,73.04,72.2,72.74,72.66,73.5,74.14,73.87,73.79,73.53,73.38,73.79,74.38,67.89,65.48,64.59,67.66,69.22,69.6,70.41,69.39,67.9,69.74,68.96,69.1,69.35,69.59,70.05,70.81,70.59,70.42,69.87,69.69,69.43,70.5,64.1,61.73,61.73,63.56,61.65,62.47,60.89,62.04,61.0,58.23,57.45,58.69,56.37,55.05,54.17,53.61,52.78,51.11,52.55,55.09,63.25,57.99,58.3,62.82,63.86,65.51,66.95,67.46,66.3,66.19,65.44,66.3,65.59,64.15,63.54,64.05,63.31,61.54,62.46,64.18,67.01,62.79,62.03,68.16,71.02,71.78,73.08,72.2,71.38,73.49,74.04,73.06,73.58,73.41,74.25,74.82,74.46,74.24,74.23,74.2,74.55,75.27,72.29,70.95,69.72,71.82,72.67,72.71,72.92,71.87,70.58,72.18,71.49,71.98,72.33,72.84,73.17,74.05,74.02,73.92,73.53,73.08,72.51,73.57],
  "contact_probs": [[1.0,0.99,0.25,0.43,0.38,0.35,0.18,0.46,0.12,0.04,0.04,0.02,0.05,0.29,0.62],[0.99,1.0,0.59,0.77,0.65,0.29,0.09,0.18,0.05,0.03,0.04,0.04,0.08,0.26,0.33],[0.25,0.59,1.0,0.42,0.14,0.08,0.05,0.03,0.02,0.01,0.03,0.06,0.09,0.05,0.04],[0.43,0.77,0.42,1.0,0.77,0.13,0.03,0.03,0.04,0.03,0.09,0.12,0.24,0.11,0.07],[0.38,0.65,0.14,0.77,1.0,0.99,0.23,0.32,0.08,0.21,0.42,0.08,0.14,0.04,0.04],[0.35,0.29,0.08,0.13,0.99,1.0,0.67,0.86,0.26,0.51,0.33,0.03,0.04,0.03,0.05],[0.18,0.09,0.05,0.03,0.23,0.67,1.0,0.63,0.19,0.1,0.06,0.02,0.03,0.02,0.02],[0.46,0.18,0.03,0.03,0.32,0.86,0.63,1.0,0.79,0.59,0.1,0.02,0.03,0.08,0.22],[0.12,0.05,0.02,0.04,0.08,0.26,0.19,0.79,1.0,0.83,0.15,0.03,0.06,0.28,0.47],[0.04,0.03,0.01,0.03,0.21,0.51,0.1,0.59,0.83,1.0,0.99,0.2,0.56,0.53,0.25],[0.04,0.04,0.03,0.09,0.42,0.33,0.06,0.1,0.15,0.99,1.0,0.65,0.81,0.52,0.11],[0.02,0.04,0.06,0.12,0.08,0.03,0.02,0.02,0.03,0.2,0.65,1.0,0.51,0.19,0.07],[0.05,0.08,0.09,0.24,0.14,0.04,0.03,0.03,0.06,0.56,0.81,0.51,1.0,0.88,0.16],[0.29,0.26,0.05,0.11,0.04,0.03,0.02,0.08,0.28,0.53,0.52,0.19,0.88,1.0,1.0],[0.62,0.33,0.04,0.07,0.04,0.05,0.02,0.22,0.47,0.25,0.11,0.07,0.16,1.0,1.0]],
  "pae": [[1.0,3.6,8.0,6.4,5.2,4.8,10.1,5.6,8.8,6.8,7.4,11.3,8.7,6.7,5.9],[2.5,1.0,6.0,5.9,5.7,5.8,10.7,7.7,8.8,6.9,7.5,10.7,8.5,7.5,5.5],[8.2,7.8,1.6,6.9,8.4,12.3,16.1,14.5,15.0,14.0,13.9,15.3,14.6,13.2,13.7],[6.8,5.0,6.8,1.3,4.7,6.0,10.5,9.6,11.2,10.4,10.1,12.5,10.3,10.3,9.3],[5.5,4.8,7.3,4.6,0.9,2.5,7.4,5.9,8.3,5.6,6.1,10.3,7.6,6.7,7.9],[5.9,5.4,9.0,4.8,3.0,0.9,5.5,4.4,7.2,5.3,5.3,10.0,7.8,6.3,7.2],[12.9,14.4,16.4,15.1,12.7,9.2,1.7,8.3,10.0,12.2,12.1,12.5,13.9,14.6,13.6],[7.6,8.6,12.6,10.0,7.2,4.2,5.4,1.2,4.3,4.6,6.5,11.0,8.8,8.1,6.5],[8.8,9.3,13.7,10.9,7.9,5.7,7.6,4.7,1.4,3.8,5.7,11.1,8.4,7.9,7.6],[6.6,6.5,11.1,8.6,5.9,4.9,7.6,3.8,3.5,0.9,2.5,7.4,5.4,5.7,5.1],[6.9,6.9,11.4,8.7,6.0,5.0,9.1,4.5,4.9,2.6,0.9,5.7,4.9,5.8,6.8],[13.4,13.2,17.2,13.8,12.2,10.9,15.1,12.5,12.4,9.8,8.5,1.6,8.0,10.2,12.7],[9.0,9.6,13.5,9.7,8.9,6.7,9.4,7.2,7.5,6.5,4.5,5.7,1.2,4.0,6.1],[5.4,5.4,11.5,8.4,5.5,5.3,8.9,5.9,5.5,4.9,4.8,6.2,3.7,1.0,2.2],[5.5,5.8,11.2,8.6,5.5,5.1,9.4,5.3,6.4,5.0,5.5,8.0,4.3,2.2,1.1]],
  "token_chain_ids": ["A","A","A","A","A","A","A","A","A","A","A","A","A","A","A"],
  "token_res_ids": [1,2,3,4,5,6,7,8,9,10,11,12,13,14,15]
}