{
  "atom_chain_ids": ["A","A","A","A","A","A","A","A","A","A","A","A","A","A","A","A","A","A","A","A","A","A","A","A","A","A","A","A","A","A","A","A","A","A","A","A","A","A","A","A","A","A","A","A","A","A","A","A","A","A","A","A","A","A","A","A","A","A","A","A","A","A","A","A","A","A","A","A","A","A","A","A","A","A","A","A","A","A","A","A","A","A","A","A","A","A","A","A","A","A","A","A","A","A","A","A","A","A","A","A","A","A","A","A","A","A","A","A","A","A","A","A","A","A","A","A","A","A","A","A","A","A","A","A","A","A","A","A","A","A","A","A","A","A","A","A","A","A","A","A","A","A","A","A","A","A","A","A","A","A","A","A","A","A","A","A","A","A","A","A","A","A","A","A","A","A","A","A","A","A","A","A","A","A","A","A","A","A","A","A","A","A","A","A","A","A","A","A","A","A","A","A","A","A","A","A","A","A","A","A","A","A","A","A","A","A","A","A","A","A","A","A","A","A","A","A","A","A","A","A","A","A","A","A","A","A","A","A","A","A","A","A","A","A","A","A","A","A","A","A","A","A","A","A","A","A","A","A","A","A","A","A","A","A","A","A","A","A","A","A","A","A","A","A","A","A","A","A","A","A","A","A","A","A","A","A","A","A","A","A","A","A","A","A","A","A","A","A","A","A","A","A","A","A","A","A","A","A","A","A","A","A","A","A","A","A","A","A","A","A","A","A","A","A","A","A","A","A","A"],
  "atom_plddts": [62.16,63.39,58.41,59.03,63.11,66.99,68.48,69.68,69.56,68.27,69.89,69.71,69.82,70.04,70.09,70.98,71.51,71.04,70.41,70.42,70.5,70.77,72.27,63.64,60.5,60.29,63.71,65.05,66.08,67.38,67.17,65.54,67.12,66.78,66.35,66.6,67.31,68.22,68.74,68.24,68.06,67.69,67.43,67.22,68.43,64.85,61.76,62.49,65.42,63.48,65.28,62.91,64.89,63.67,60.95,60.47,61.21,58.68,56.83,55.98,55.4,54.47,53.0,54.65,57.44,61.51,56.9,57.54,61.78,61.93,63.96,64.46,65.69,64.2,63.91,64.02,64.57,63.45,61.17,60.5,60.81,60.12,58.42,59.39,61.48,60.04,55.79,56.2,60.89,62.77,63.81,65.9,65.33,63.79,65.55,66.36,65.09,65.46,65.49,66.43,67.07,66.63,66.23,65.9,65.98,66.19,67.16,63.62,61.29,61.14,63.55,65.03,65.7,67.15,66.25,64.75,66.44,66.17,65.53,65.99,66.52,67.25,68.06,67.86,67.62,67.09,66.88,66.49,67.43,64.96,62.63,63.06,65.47,64.5,66.21,64.84,65.88,64.84,61.71,62.27,62.52,60.54,58.54,57.85,57.29,56.33,55.06,56.45,59.11,64.97,59.58,58.9,64.81,66.44,67.21,68.38,68.5,67.32,68.39,67.93,68.22,67.85,67.77,68.24,68.42,67.44,66.33,67.38,68.1,67.31,69.06,65.23,60.78,60.95,65.34,66.26,67.94,68.37,69.19,68.22,66.87,66.83,67.31,65.99,63.85,63.18,63.31,62.19,60.72,61.91,64.47,66.56,63.0,61.93,67.5,70.1,70.06,71.09,69.66,68.62,70.89,71.59,70.49,71.01,71.33,72.23,72.78,72.5,72.49,72.19,71.98,72.32,72.9,67.59,65.04,63.97,67.2,68.8,69.4,70.11,69.27,67.66,69.47,68.67,68.64,68.77,69.16,69.77,70.46,70.13,70.1,69.51,69.23,68.89,70.07,67.07,64.76,64.65,66.16,64.1,65.28,63.69,64.54,63.38,60.8,60.22,61.72,59.54,58.49,57.69,57.28,56.39,54.87,56.14,58.62,64.58,58.7,58.86,64.2,65.52,67.38,69.03,69.63,68.45,68.55,67.99,68.88,68.21,66.68,66.24,66.82,65.97,64.42,65.18,66.95,66.93,63.05,62.12,67.83,70.54,71.2,72.52,71.57,70.72,72.75,73.26,72.18,72.66,72.7,73.58,74.06,73.68,73.52,73.44,73.35,73.58,74.37,70.2,68.7,67.27,69.62,70.82,70.75,71.13,69.92,68.67,70.44,69.97,69.86,70.19,71.05,71.63,72.41,72.34,72.36,71.89,71.39,70.92,71.83],
  "contact_probs": [[1.0,0.99,0.25,0.43,0.38,0.35,0.18,0.46,0.12,0.04,0.04,0.02,0.05,0.29,0.62],[0.99,1.0,0.59,0.77,0.65,0.29,0.09,0.18,0.05,0.03,0.04,0.04,0.08,0.26,0.33],[0.25,0.59,1.0,0.42,0.14,0.08,0.05,0.03,0.02,0.01,0.03,0.06,0.09,0.05,0.04],[0.43,0.77,0.42,1.0,0.77,0.13,0.03,0.03,0.04,0.03,0.09,0.12,0.24,0.11,0.07],[0.38,0.65,0.14,0.77,1.0,0.99,0.23,0.32,0.08,0.21,0.42,0.08,0.14,0.04,0.04],[0.35,0.29,0.08,0.13,0.99,1.0,0.67,0.86,0.26,0.51,0.33,0.03,0.04,0.03,0.05],[0.18,0.09,0.05,0.03,0.23,0.67,1.0,0.63,0.19,0.1,0.06,0.02,0.03,0.02,0.02],[0.46,0.18,0.03,0.03,0.32,0.86,0.63,1.0,0.79,0.59,0.1,0.02,0.03,0.08,0.22],[0.12,0.05,0.02,0.04,0.08,0.26,0.19,0.79,1.0,0.83,0.15,0.03,0.06,0.28,0.47],[0.04,0.03,0.01,0.03,0.21,0.51,0.1,0.59,0.83,1.0,0.99,0.2,0.56,0.53,0.25],[0.04,0.04,0.03,0.09,0.42,0.33,0.06,0.1,0.15,0.99,1.0,0.65,0.81,0.52,0.11],[0.02,0.04,0.06,0.12,0.08,0.03,0.02,0.02,0.03,0.2,0.65,1.0,0.51,0.19,0.07],[0.05,0.08,0.09,0.24,0.14,0.04,0.03,0.03,0.06,0.56,0.81,0.51,1.0,0.88,0.16],[0.29,0.26,0.05,0.11,0.04,0.03,0.02,0.08,0.28,0.53,0.52,0.19,0.88,1.0,1.0],[0.62,0.33,0.04,0.07,0.04,0.05,0.02,0.22,0.47,0.25,0.11,0.07,0.16,1.0,1.0]],
  "pae": [[1.0,3.3,7.2,6.7,6.0,4.9,8.2,7.6,9.5,7.6,8.7,12.4,10.2,8.7,6.9],[2.5,1.0,6.5,6.7,6.0,5.7,10.0,9.0,8.6,7.3,8.1,11.1,9.2,7.8,6.7],[7.9,7.5,1.6,8.2,8.1,11.5,13.7,14.5,14.0,14.0,14.7,15.1,15.0,13.0,13.4],[7.4,5.8,7.1,1.4,5.2,5.7,10.1,11.5,12.5,11.8,11.9,12.4,11.7,11.3,11.8],[6.9,5.5,7.8,5.1,1.0,2.9,7.3,7.5,9.2,6.8,7.8,11.1,9.5,6.8,9.1],[7.1,6.3,10.0,5.8,3.7,1.0,5.1,4.7,7.2,6.0,6.4,10.7,8.4,6.9,8.2],[13.3,13.0,14.4,13.9,10.7,6.6,1.4,5.7,7.4,10.0,14.0,14.3,11.8,12.3,13.2],[8.6,8.6,12.1,10.9,8.6,4.0,4.2,1.1,5.1,5.2,7.1,10.9,9.3,8.1,6.6],[9.9,9.4,12.7,11.9,9.1,6.3,6.3,4.4,1.3,3.8,6.5,10.1,7.8,7.3,8.2],[8.9,7.7,11.3,9.8,7.5,6.6,7.3,4.1,3.9,0.9,2.4,6.9,5.3,5.7,5.6],[8.4,7.2,11.5,9.1,6.8,5.2,8.8,4.9,4.6,2.5,0.9,5.1,4.7,5.4,6.9],[13.9,13.2,16.6,14.5,12.6,12.0,13.5,13.0,11.2,8.3,7.6,1.5,6.5,8.1,12.6],[11.0,10.1,14.4,11.3,10.3,7.5,9.7,8.1,7.4,6.0,3.7,4.7,1.2,3.8,5.6],[6.5,5.9,11.4,9.7,6.1,5.2,8.0,6.1,5.6,5.1,5.3,5.7,3.8,0.9,2.1],[6.7,6.2,11.1,10.2,6.4,5.5,7.2,5.2,6.2,5.1,6.1,7.7,4.4,2.2,1.1]],
  "token_chain_ids": ["A","A","A","A","A","A","A","A","A","A","A","A","A","A","A"],
  "token_res_ids": [1,2,3,4,5,6,7,8,9,10,11,12,13,14,15]
}