{
  "atom_chain_ids": ["A","A","A","A","A","A","A","A","A","A","A","A","A","A","A","A","A","A","A","A","A","A","A","A","A","A","A","A","A","A","A","A","A","A","A","A","A","A","A","A","A","A","A","A","A","A","A","A","A","A","A","A","A","A","A","A","A","A","A","A","A","A","A","A","A","A","A","A","A","A","A","A","A","A","A","A","A","A","A","A","A","A","A","A","A","A","A","A","A","A","A","A","A","A","A","A","A","A","A","A","A","A","A","A","A","A","A","A","A","A","A","A","A","A","A","A","A","A","A","A","A","A","A","A","A","A","A","A","A","A","A","A","A","A","A","A","A","A","A","A","A","A","A","A","A","A","A","A","A","A","A","A","A","A","A","A","A","A","A","A","A","A","A","A","A","A","A","A","A","A","A","A","A","A","A","A","A","A","A","A","A","A","A","A","A","A","A","A","A","A","A","A","A","A","A","A","A","A","A","A","A","A","A","A","A","A","A","A","A","A","A","A","A","A","A","A","A","A","A","A","A","A","A","A","A","A","A","A","A","A","A","A","A","A","A","A","A","A","A","A","A","A","A","A","A","A","A","A","A","A","A","A","A","A","A","A","A","A","A","A","A","A","A","A","A","A","A","A","A","A","A","A","A","A","A","A","A","A","A","A","A","A","A","A","A","A","A","A","A","A","A","A","A","A","A","A","A","A","A","A","A","A","A","A","A","A","A","A","A","A","A","A","A","A","A","A","A","A","A"],
  "atom_plddts": [69.02,69.61,64.99,65.35,69.59,73.48,75.03,75.55,75.62,74.38,76.07,75.9,76.57,76.87,76.23,77.01,77.51,76.99,76.62,76.73,76.78,76.89,78.09,69.35,66.18,65.95,69.51,70.4,71.56,72.41,72.02,70.62,72.14,71.62,72.04,72.34,72.52,73.15,73.9,73.47,73.28,72.91,72.7,72.55,73.65,68.13,65.12,65.65,68.42,65.93,67.68,65.48,66.74,65.64,62.81,61.3,62.89,60.22,58.18,56.74,56.48,55.27,53.35,55.37,58.15,65.7,60.54,61.34,66.08,66.23,68.52,69.61,70.58,69.04,69.25,69.13,70.01,69.05,66.19,65.47,66.25,65.52,63.78,64.64,66.55,67.32,63.12,63.12,68.06,69.67,71.13,72.75,72.43,71.03,73.0,73.37,73.06,73.35,72.72,73.49,74.25,73.76,73.42,73.25,73.27,73.46,74.5,68.05,65.5,65.5,68.12,69.43,70.35,71.5,70.7,69.26,71.05,70.66,70.66,71.1,71.06,71.58,72.46,72.26,71.94,71.52,71.33,70.96,72.1,65.92,63.75,64.11,66.53,65.21,66.7,64.62,66.02,65.03,61.49,61.31,61.88,59.19,56.62,55.48,54.67,53.63,52.05,53.96,57.06,64.33,57.57,56.68,64.21,65.69,66.78,68.39,68.7,67.47,68.5,67.52,68.17,67.6,67.42,67.76,68.16,67.07,65.63,66.75,67.62,66.97,69.32,66.69,61.97,62.31,67.03,67.71,69.26,69.89,70.42,69.4,68.18,67.8,68.83,67.66,65.32,64.5,65.11,64.04,62.3,63.39,65.63,68.74,64.86,64.04,69.97,72.55,73.23,73.99,73.12,71.99,74.07,74.55,74.14,74.59,74.23,75.03,75.67,75.32,75.24,75.02,74.89,75.21,75.96,72.25,70.01,69.09,71.87,72.85,73.79,74.13,73.54,72.11,73.59,72.56,73.42,73.52,73.28,73.65,74.43,74.12,73.93,73.48,73.23,72.75,74.18,71.16,68.55,68.28,70.31,68.05,69.53,67.98,68.74,67.59,65.01,63.69,65.54,63.11,61.55,60.31,60.25,59.23,57.39,58.83,61.36,67.93,62.59,62.67,67.45,68.5,70.26,71.85,72.38,71.04,71.13,69.96,71.37,70.6,68.49,67.74,68.71,67.9,66.14,66.83,68.48,69.43,65.2,64.27,70.45,72.98,74.17,75.14,74.61,73.69,75.49,75.85,75.54,75.98,75.59,76.36,77.03,76.64,76.5,76.41,76.29,76.58,77.34,74.85,73.07,72.0,74.63,75.19,75.79,75.95,75.2,73.97,75.36,74.72,75.66,75.91,76.05,76.42,77.25,77.09,77.05,76.77,76.35,75.86,76.94],
  "contact_probs": [[1.0,0.99,0.25,0.43,0.38,0.35,0.18,0.46,0.12,0.04,0.04,0.02,0.05,0.29,0.62],[0.99,1.0,0.59,0.77,0.65,0.29,0.09,0.18,0.05,0.03,0.04,0.04,0.08,0.26,0.33],[0.25,0.59,1.0,0.42,0.14,0.08,0.05,0.03,0.02,0.01,0.03,0.06,0.09,0.05,0.04],[0.43,0.77,0.42,1.0,0.77,0.13,0.03,0.03,0.04,0.03,0.09,0.12,0.24,0.11,0.07],[0.38,0.65,0.14,0.77,1.0,0.99,0.23,0.32,0.08,0.21,0.42,0.08,0.14,0.04,0.04],[0.35,0.29,0.08,0.13,0.99,1.0,0.67,0.86,0.26,0.51,0.33,0.03,0.04,0.03,0.05],[0.18,0.09,0.05,0.03,0.23,0.67,1.0,0.63,0.19,0.1,0.06,0.02,0.03,0.02,0.02],[0.46,0.18,0.03,0.03,0.32,0.86,0.63,1.0,0.79,0.59,0.1,0.02,0.03,0.08,0.22],[0.12,0.05,0.02,0.04,0.08,0.26,0.19,0.79,1.0,0.83,0.15,0.03,0.06,0.28,0.47],[0.04,0.03,0.01,0.03,0.21,0.51,0.1,0.59,0.83,1.0,0.99,0.2,0.56,0.53,0.25],[0.04,0.04,0.03,0.09,0.42,0.33,0.06,0.1,0.15,0.99,1.0,0.65,0.81,0.52,0.11],[0.02,0.04,0.06,0.12,0.08,0.03,0.02,0.02,0.03,0.2,0.65,1.0,0.51,0.19,0.07],[0.05,0.08,0.09,0.24,0.14,0.04,0.03,0.03,0.06,0.56,0.81,0.51,1.0,0.88,0.16],[0.29,0.26,0.05,0.11,0.04,0.03,0.02,0.08,0.28,0.53,0.52,0.19,0.88,1.0,1.0],[0.62,0.33,0.04,0.07,0.04,0.05,0.02,0.22,0.47,0.25,0.11,0.07,0.16,1.0,1.0]],
  "pae": [[1.0,3.2,7.0,5.6,5.5,4.5,10.6,5.5,7.3,5.8,6.2,9.7,7.3,5.9,5.6],[2.4,1.0,5.3,5.2,5.2,5.6,10.8,7.1,6.9,5.8,6.3,9.1,7.1,6.2,5.5],[8.0,8.3,1.6,7.3,9.1,11.9,15.0,13.9,13.1,13.5,13.2,14.6,12.8,11.4,12.2],[6.8,4.7,5.9,1.4,4.1,5.8,10.7,9.0,10.2,9.0,9.1,10.6,9.2,8.9,8.7],[5.6,4.5,6.8,4.2,0.9,2.3,7.5,5.9,7.1,4.6,5.4,8.9,6.9,6.2,7.4],[6.3,6.1,8.2,4.6,2.9,0.9,5.8,4.5,6.7,5.0,5.2,8.9,6.9,6.0,7.0],[14.2,16.4,17.4,14.9,11.2,9.2,1.9,8.6,11.1,12.1,13.9,13.4,14.8,15.8,14.8],[8.7,9.1,12.1,10.0,7.2,4.1,5.8,1.3,5.0,5.4,6.6,11.0,8.9,8.8,6.9],[9.0,9.6,12.7,9.9,7.9,6.3,7.8,4.3,1.4,3.9,5.7,9.6,7.8,8.8,8.1],[5.9,6.6,9.2,7.2,5.1,4.4,7.9,3.6,3.6,1.0,2.1,6.4,4.5,5.0,4.7],[6.2,6.5,9.6,6.7,5.2,4.7,8.9,4.1,4.4,2.3,0.9,4.4,3.8,5.0,6.0],[12.7,12.1,16.7,11.9,10.6,10.0,14.5,11.1,11.2,8.0,6.6,1.6,8.2,9.0,11.8],[8.0,8.3,12.4,8.3,8.1,6.1,10.6,7.2,7.3,5.7,3.3,5.0,1.2,3.9,5.6],[4.7,4.8,9.3,6.8,5.2,4.6,8.9,5.2,5.0,3.9,4.3,5.1,3.0,0.9,2.0],[4.8,5.1,8.8,7.1,5.4,4.7,9.4,5.1,5.5,4.3,5.0,7.2,3.7,2.0,1.0]],
  "token_chain_ids": ["A","A","A","A","A","A","A","A","A","A","A","A","A","A","A"],
  "token_res_ids": [1,2,3,4,5,6,7,8,9,10,11,12,13,14,15]
}