{
  "atom_chain_ids": ["A","A","A","A","A","A","A","A","A","A","A","A","A","A","A","A","A","A","A","A","A","A","A","A","A","A","A","A","A","A","A","A","A","A","A","A","A","A","A","A","A","A","A","A","A","A","A","A","A","A","A","A","A","A","A","A","A","A","A","A","A","A","A","A","A","A","A","A","A","A","A","A","A","A","A","A","A","A","A","A","A","A","A","A","A","A","A","A","A","A","A","A","A","A","A","A","A","A","A","A","A","A","A","A","A","A","A","A","A","A","A","A","A","A","A","A","A","A","A","A","A","A","A","A","A","A","A","A","A","A","A","A","A","A","A","A","A","A","A","A","A","A","A","A","A","A","A","A","A","A","A","A","A","A","A","A","A","A","A","A","A","A","A","A","A","A","A","A","A","A","A","A","A","A","A","A","A","A","A","A","A","A","A","A","A","A","A","A","A","A","A","A","A","A","A","A","A","A","A","A","A","A","A","A","A","A","A","A","A","A","A","A","A","A","A","A","A","A","A","A","A","A","A","A","A","A","A","A","A","A","A","A","A","A","A","A","A","A","A","A","A","A","A","A","A","A","A","A","A","A","A","A","A","A","A","A","A","A","A","A","A","A","A","A","A","A","A","A","A","A","A","A","A","A","A","A","A","A","A","A","A","A","A","A","A","A","A","A","A","A","A","A","A","A","A","A","A","A","A","A","A","A","A","A","A","A","A","A","A","A","A","A","A","A","A","A","A","A","A","A","A","A","A","A","A","A","A","A","A","A","A","A","A","A","A","A","A","A","A","A","A","A","A","A","A","A","A","A","A","A","A","A","A","A","A","A","A","A","A","A","A","A","A","A","A","A","A","A","A","A","A","A","A","A","A","A","A","A","A","A","A","A","A","A","A","A","A","A","A","A","A","A","A","A","A","A","A","A","A","A","A","A","A","A","A","A","A","A","A","A","A","A","A","A","A","A","A","A","A","A","A","A","A","A","A","A","A","A","A","A","A","A","A","A","A","A","A","A","A","A","A","A","A","A","A"],
  "atom_plddts": [88.2,87.15,84.34,83.38,87.37,89.23,91.27,91.61,91.59,91.29,91.47,92.04,93.02,92.84,92.7,93.36,93.28,92.64,93.1,93.18,93.16,93.44,93.58,90.74,88.74,88.96,90.62,90.98,92.45,92.51,92.7,92.15,92.68,93.1,94.0,93.98,93.83,94.38,94.52,94.11,94.52,94.4,94.13,94.43,94.49,91.53,90.0,90.23,91.0,90.95,92.34,92.4,92.48,91.87,92.3,92.59,93.51,93.43,93.13,93.56,93.67,93.15,93.56,93.57,93.25,93.41,93.72,89.43,87.0,86.15,87.45,85.82,87.63,87.42,88.14,86.74,86.23,85.54,87.63,86.58,84.59,84.14,84.8,83.66,83.5,82.72,84.91,87.67,84.02,82.63,85.71,85.05,87.01,87.2,87.88,86.38,86.09,85.09,87.04,85.78,83.09,82.52,83.31,81.84,81.4,80.52,83.05,86.75,81.81,79.7,85.57,86.66,88.38,89.55,89.72,88.8,89.09,88.64,90.13,89.49,87.22,87.23,87.81,86.69,86.69,85.87,88.11,86.7,82.18,80.67,85.66,86.23,88.1,88.81,89.4,88.21,88.18,87.5,88.94,87.86,84.42,83.75,84.53,83.04,82.45,81.83,84.81,89.43,86.79,85.81,89.29,90.23,91.68,92.0,91.86,91.5,91.97,92.42,93.24,93.17,92.7,93.27,93.29,92.75,93.21,93.31,93.08,93.47,93.59,90.02,88.14,88.35,89.45,90.0,91.6,91.52,91.65,90.86,91.64,91.94,93.03,93.11,92.88,93.47,93.62,93.21,93.66,93.53,93.21,93.52,93.56,89.53,87.19,86.66,89.2,89.77,90.99,91.43,91.24,90.71,91.33,91.84,92.89,92.86,92.46,93.1,93.17,92.6,93.11,93.07,92.82,93.14,93.29,88.24,85.52,84.72,86.79,84.54,86.76,86.74,87.39,86.06,85.78,85.14,86.72,85.46,83.12,82.53,82.78,81.06,80.93,80.41,82.88,89.34,87.15,86.57,89.03,90.2,91.38,91.73,91.59,91.15,91.56,92.09,93.04,92.95,92.84,93.43,93.46,92.98,93.48,93.52,93.2,93.55,93.67,90.91,89.15,89.39,90.83,91.11,92.39,92.52,92.68,92.13,92.75,93.12,94.03,94.04,93.77,94.27,94.4,94.01,94.42,94.36,94.07,94.33,94.39,91.7,90.23,90.31,91.29,91.48,92.72,92.97,92.95,92.42,92.85,93.16,94.15,94.05,93.66,94.16,94.24,93.68,94.11,94.11,93.79,94.03,94.28,90.06,87.67,86.69,88.44,87.09,88.74,88.74,89.35,88.02,87.9,87.74,89.41,88.56,86.5,86.42,86.83,85.76,85.91,85.04,87.24,88.8,85.59,83.98,86.99,86.44,88.1,88.48,88.84,87.59,87.35,86.82,88.42,87.25,84.6,84.21,84.95,83.54,83.45,82.39,84.92,88.67,84.65,82.36,87.54,88.51,90.11,91.12,91.18,90.31,90.49,90.49,91.68,90.9,88.63,88.68,89.04,87.84,88.0,87.17,89.68,86.37,81.94,80.24,85.42,86.27,88.07,88.91,89.35,88.41,88.52,88.19,89.15,88.16,85.13,84.79,85.39,83.93,83.79,82.96,85.66,89.45,86.75,85.3,89.24,90.3,91.75,92.05,91.84,91.38,91.94,92.43,93.47,93.36,92.89,93.52,93.58,93.0,93.52,93.56,93.29,93.78,93.88,90.71,88.72,88.54,90.24,90.7,92.27,92.11,92.32,91.64,92.17,92.63,93.66,93.66,93.41,93.99,94.11,93.66,94.09,94.05,93.74,94.03,94.11,90.46,88.8,87.94,89.79,90.26,91.49,91.68,91.58,90.8,91.24,91.71,92.96,92.77,92.48,93.1,93.14,92.44,93.0,93.02,92.72,92.97,93.35],
  "contact_probs": [[1.0,1.0,0.14,0.0,0.0,0.0,0.0,0.0,0.0,0.01,0.0,0.0,0.04,0.29,0.54,0.17,0.91,0.05,0.34,0.94,0.42],[1.0,1.0,1.0,0.49,0.01,0.04,0.01,0.0,0.01,0.01,0.0,0.02,0.2,0.83,0.14,0.01,0.59,0.0,0.02,0.2,0.9],[0.14,1.0,1.0,0.97,0.51,0.64,0.02,0.01,0.01,0.0,0.0,0.15,0.83,0.17,0.0,0.0,0.0,0.0,0.0,0.02,0.28],[0.0,0.49,0.97,1.0,0.9,0.84,0.18,0.01,0.0,0.0,0.0,0.49,0.11,0.0,0.0,0.0,0.0,0.0,0.0,0.01,0.35],[0.0,0.01,0.51,0.9,1.0,0.84,0.74,0.09,0.0,0.0,0.0,0.13,0.01,0.0,0.0,0.0,0.0,0.0,0.0,0.02,0.61],[0.0,0.04,0.64,0.84,0.84,1.0,0.66,0.71,0.16,0.0,0.01,0.89,0.5,0.0,0.0,0.0,0.0,0.0,0.0,0.06,0.24],[0.0,0.01,0.02,0.18,0.74,0.66,1.0,0.87,0.03,0.0,0.0,0.05,0.0,0.0,0.0,0.0,0.0,0.0,0.01,0.3,0.66],[0.0,0.0,0.01,0.01,0.09,0.71,0.87,1.0,1.0,0.01,0.01,0.29,0.01,0.0,0.0,0.0,0.0,0.01,0.9,0.96,0.35],[0.0,0.01,0.01,0.0,0.0,0.16,0.03,1.0,1.0,1.0,0.03,0.98,0.16,0.01,0.0,0.0,0.04,0.12,0.95,0.22,0.01],[0.01,0.01,0.0,0.0,0.0,0.0,0.0,0.01,1.0,1.0,0.07,0.88,0.96,0.22,0.22,0.34,0.31,0.41,0.18,0.01,0.0],[0.0,0.0,0.0,0.0,0.0,0.01,0.0,0.01,0.03,0.07,1.0,0.01,0.01,0.0,0.0,0.0,0.0,0.0,0.0,0.0,0.0],[0.0,0.02,0.15,0.49,0.13,0.89,0.05,0.29,0.98,0.88,0.01,1.0,1.0,0.05,0.0,0.0,0.0,0.0,0.0,0.0,0.0],[0.04,0.2,0.83,0.11,0.01,0.5,0.0,0.01,0.16,0.96,0.01,1.0,1.0,1.0,0.53,0.01,0.08,0.0,0.0,0.01,0.01],[0.29,0.83,0.17,0.0,0.0,0.0,0.0,0.0,0.01,0.22,0.0,0.05,1.0,1.0,0.96,0.43,0.76,0.01,0.0,0.0,0.0],[0.54,0.14,0.0,0.0,0.0,0.0,0.0,0.0,0.0,0.22,0.0,0.0,0.53,0.96,1.0,0.86,0.82,0.14,0.01,0.0,0.0],[0.17,0.01,0.0,0.0,0.0,0.0,0.0,0.0,0.0,0.34,0.0,0.0,0.01,0.43,0.86,1.0,0.86,0.72,0.07,0.0,0.0],[0.91,0.59,0.0,0.0,0.0,0.0,0.0,0.0,0.04,0.31,0.0,0.0,0.08,0.76,0.82,0.86,1.0,0.74,0.72,0.19,0.0],[0.05,0.0,0.0,0.0,0.0,0.0,0.0,0.01,0.12,0.41,0.0,0.0,0.0,0.01,0.14,0.72,0.74,1.0,0.92,0.02,0.0],[0.34,0.02,0.0,0.0,0.0,0.0,0.01,0.9,0.95,0.18,0.0,0.0,0.0,0.0,0.01,0.07,0.72,0.92,1.0,1.0,0.01],[0.94,0.2,0.02,0.01,0.02,0.06,0.3,0.96,0.22,0.01,0.0,0.0,0.01,0.0,0.0,0.0,0.19,0.02,1.0,1.0,1.0],[0.42,0.9,0.28,0.35,0.61,0.24,0.66,0.35,0.01,0.0,0.0,0.0,0.01,0.0,0.0,0.0,0.0,0.0,0.01,1.0,1.0]],
  "pae": [[0.8,1.1,1.4,2.3,2.6,2.4,2.4,1.9,1.9,1.9,3.3,1.9,1.6,1.4,1.5,1.6,1.3,1.7,1.5,1.4,1.6],[1.0,0.8,1.0,1.5,1.8,1.9,2.0,1.6,1.7,1.6,3.0,1.5,1.2,1.2,1.5,1.7,1.4,1.8,1.5,1.2,1.3],[1.2,0.9,0.8,1.3,1.7,1.5,1.9,1.7,1.8,1.9,2.8,1.4,1.3,1.4,1.7,1.9,1.7,2.1,1.7,1.5,1.3],[2.0,1.5,1.4,0.9,1.5,1.7,1.8,1.9,2.2,2.4,3.2,1.8,1.8,2.1,2.6,3.0,2.4,3.3,2.5,2.2,1.8],[2.5,1.9,1.6,1.3,0.9,1.6,1.4,1.6,2.1,2.4,2.8,1.6,1.9,2.3,3.1,3.3,3.1,3.5,2.7,2.2,2.2],[2.5,2.2,1.6,1.4,1.2,0.9,1.5,1.5,1.8,2.2,2.7,1.4,1.7,2.2,3.1,3.2,2.9,3.2,2.5,2.2,2.0],[2.7,2.3,2.0,1.6,1.4,1.4,0.9,1.5,1.9,2.2,3.0,1.9,2.1,2.6,3.4,3.4,3.0,3.1,2.2,2.0,1.9],[1.9,1.8,1.9,1.8,1.7,1.4,1.5,0.8,1.1,1.4,2.6,1.4,1.5,1.9,2.4,2.3,2.3,2.1,1.5,1.4,1.5],[1.7,1.6,1.7,1.9,1.9,1.5,1.6,1.0,0.8,1.0,2.3,1.3,1.3,1.5,2.0,2.0,2.0,1.8,1.3,1.3,1.6],[1.8,1.8,1.7,2.0,2.2,1.7,2.0,1.3,1.0,0.8,1.9,1.3,1.3,1.5,2.0,1.9,2.0,1.9,1.4,1.7,2.0],[4.2,4.1,3.7,4.7,4.4,2.9,4.8,2.7,2.4,2.6,1.1,2.7,2.6,3.3,3.8,4.0,4.3,4.1,3.7,3.7,4.3],[1.9,1.6,1.4,1.7,1.9,1.4,2.0,1.4,1.3,1.3,2.0,0.8,1.1,1.4,2.1,2.3,2.2,2.3,1.7,1.8,1.9],[1.4,1.2,1.2,1.5,1.9,1.5,1.9,1.4,1.2,1.2,2.3,0.9,0.8,1.0,1.6,1.8,1.8,2.0,1.6,1.6,1.6],[1.4,1.3,1.3,1.8,2.2,1.8,2.3,1.7,1.5,1.2,2.5,1.3,1.0,0.8,1.4,1.5,1.4,1.9,1.6,1.7,1.9],[1.8,1.9,2.3,2.6,3.2,2.7,3.3,2.3,2.3,2.1,3.3,1.9,1.7,1.4,0.9,1.4,1.5,1.8,1.8,2.0,2.6],[1.7,1.9,2.2,2.9,3.5,3.0,3.3,2.4,2.2,2.0,3.2,2.3,1.8,1.6,1.2,0.9,1.5,1.4,1.6,1.9,2.4],[1.3,1.8,2.2,3.1,3.3,3.1,3.2,2.3,2.2,2.1,3.1,2.4,2.0,1.8,1.3,1.2,0.8,1.4,1.5,1.8,2.1],[2.1,2.3,2.8,3.6,3.9,3.3,3.2,2.3,2.1,2.2,3.7,2.8,2.3,2.1,1.8,1.6,1.6,0.9,1.7,1.8,2.5],[1.4,1.6,1.9,2.4,2.4,2.4,2.0,1.5,1.4,1.5,3.2,1.9,1.8,1.9,1.7,1.6,1.4,1.4,0.8,1.0,1.5],[1.3,1.3,1.7,2.0,2.1,2.0,1.8,1.3,1.3,1.7,3.3,1.8,1.7,1.8,1.9,1.9,1.5,1.6,1.0,0.8,1.1],[1.7,1.6,1.7,1.9,2.1,2.1,1.8,1.6,1.9,2.2,4.1,2.2,2.1,2.2,2.5,2.6,2.1,2.3,1.4,0.9,0.8]],
  "token_chain_ids": ["A","A","A","A","A","A","A","A","A","A","A","A","A","A","A","A","A","A","A","A","A"],
  "token_res_ids": [1,2,3,4,5,6,7,8,9,10,11,12,13,14,15,16,17,18,19,20,21]
}