{
  "atom_chain_ids": ["A","A","A","A","A","A","A","A","A","A","A","A","A","A","A","A","A","A","A","A","A","A","A","A","A","A","A","A","A","A","A","A","A","A","A","A","A","A","A","A","A","A","A","A","A","A","A","A","A","A","A","A","A","A","A","A","A","A","A","A","A","A","A","A","A","A","A","A","A","A","A","A","A","A","A","A","A","A","A","A","A","A","A","A","A","A","A","A","A","A","A","A","A","A","A","A","A","A","A","A","A","A","A","A","A","A","A","A","A","A","A","A","A","A","A","A","A","A","A","A","A","A","A","A","A","A","A","A","A","A","A","A","A","A","A","A","A","A","A","A","A","A","A","A","A","A","A","A","A","A","A","A","A","A","A","A","A","A","A","A","A","A","A","A","A","A","A","A","A","A","A","A","A","A","A","A","A","A","A","A","A","A","A","A","A","A","A","A","A","A","A","A","A","A","A","A","A","A","A","A","A","A","A","A","A","A","A","A","A","A","A","A","A","A","A","A","A","A","A","A","A","A","A","A","A","A","A","A","A","A","A","A","A","A","A","A","A","A","A","A","A","A","A","A","A","A","A","A","A","A","A","A","A","A","A","A","A","A","A","A","A","A","A","A","A","A","A","A","A","A","A","A","A","A","A","A","A","A","A","A","A","A","A","A","A","A","A","A","A","A","A","A","A","A","A","A","A","A","A","A","A","A","A","A","A","A","A","A","A","A","A","A","A","A","A","A","A","A","A","A","A","A","A","A","A","A","A","A","A","A","A","A","A","A","A","A","A","A","A","A","A","A","A","A","A","A","A","A","A","A","A","A","A","A","A","A","A","A","A","A","A","A","A","A","A","A","A","A","A","A","A","A","A","A","A","A","A","A","A","A","A","A","A","A","A","A","A","A","A","A","A","A","A","A","A","A","A","A","A","A","A","A","A","A","A","A","A","A","A","A","A","A","A","A","A","A","A","A","A","A","A","A","A","A","A","A","A","A","A","A","A","A","A","A","A","A","A","A","A","A","A","A","A","A","A"],
  "atom_plddts": [87.28,86.26,83.05,81.95,86.56,88.59,90.68,91.02,90.97,90.68,90.84,91.42,92.41,92.22,92.08,92.74,92.65,92.01,92.45,92.57,92.59,92.84,92.98,89.62,87.42,87.58,89.58,89.93,91.37,91.39,91.58,91.03,91.57,92.05,92.95,92.96,92.82,93.39,93.53,93.13,93.57,93.44,93.17,93.42,93.46,90.7,89.05,89.23,90.22,90.15,91.54,91.58,91.66,91.06,91.49,91.82,92.74,92.66,92.35,92.79,92.9,92.37,92.8,92.81,92.5,92.6,92.92,88.89,86.49,85.62,86.85,85.11,86.96,86.66,87.39,85.94,85.31,84.52,86.77,85.65,83.68,83.15,83.86,82.71,82.45,81.75,83.94,86.88,83.16,81.77,84.87,84.06,86.17,86.21,86.89,85.28,84.8,83.65,85.87,84.4,81.45,80.72,81.61,80.07,79.43,78.66,81.32,85.61,80.4,78.27,84.51,85.76,87.57,88.74,89.01,87.95,88.23,87.64,89.27,88.53,85.92,85.82,86.53,85.4,85.23,84.45,86.85,84.67,79.66,78.3,83.9,84.69,86.82,87.56,88.21,86.98,86.85,86.05,87.58,86.31,82.57,81.78,82.66,81.08,80.28,79.81,83.01,87.91,84.76,83.49,87.97,89.13,90.62,90.97,90.78,90.44,90.94,91.47,92.28,92.22,91.82,92.42,92.46,91.93,92.4,92.49,92.29,92.67,92.75,88.8,86.77,86.85,88.33,88.93,90.46,90.33,90.47,89.68,90.52,90.88,91.95,92.07,91.87,92.49,92.65,92.26,92.72,92.58,92.24,92.52,92.53,88.66,86.28,85.61,88.37,88.9,90.07,90.49,90.28,89.73,90.41,90.94,91.99,91.98,91.61,92.24,92.33,91.78,92.28,92.25,91.99,92.26,92.43,88.01,85.23,84.43,86.57,84.26,86.51,86.49,87.12,85.79,85.46,84.74,86.41,85.15,82.86,82.23,82.54,80.84,80.65,80.16,82.59,88.5,86.11,85.51,88.29,89.48,90.66,91.02,90.88,90.45,90.87,91.41,92.36,92.29,92.16,92.76,92.79,92.32,92.8,92.85,92.56,92.89,93.0,90.17,88.33,88.52,90.12,90.4,91.65,91.76,91.92,91.37,92.03,92.45,93.37,93.39,93.11,93.63,93.76,93.37,93.8,93.75,93.45,93.67,93.73,90.9,89.3,89.29,90.52,90.61,91.86,92.07,92.06,91.53,91.94,92.28,93.3,93.2,92.82,93.32,93.4,92.85,93.28,93.3,92.98,93.15,93.41,89.82,87.36,86.37,88.22,86.75,88.44,88.37,89.01,87.6,87.4,87.27,88.97,87.99,85.76,85.64,86.06,84.95,85.04,84.18,86.54,88.39,85.19,83.66,86.56,85.94,87.64,87.94,88.33,87.03,86.69,86.06,87.76,86.5,83.69,83.17,83.97,82.55,82.32,81.38,83.97,88.18,84.19,81.94,87.03,88.0,89.53,90.49,90.57,89.65,89.82,89.72,90.98,90.23,87.93,87.9,88.34,87.21,87.23,86.51,88.91,85.77,81.48,79.86,84.75,85.45,87.31,88.09,88.58,87.54,87.55,87.01,88.15,87.02,83.72,83.18,83.93,82.42,82.07,81.33,84.11,87.25,83.77,81.63,87.34,88.72,90.16,90.49,90.22,89.83,90.42,91.04,91.99,91.91,91.57,92.26,92.34,91.82,92.36,92.37,92.12,92.6,92.62,89.6,87.45,87.11,89.17,89.65,91.21,91.02,91.22,90.52,91.06,91.58,92.61,92.64,92.42,93.02,93.15,92.73,93.18,93.12,92.81,93.05,93.1,89.46,87.67,86.67,88.86,89.34,90.48,90.67,90.52,89.77,90.21,90.72,91.96,91.8,91.52,92.12,92.18,91.53,92.07,92.1,91.81,92.02,92.37],
  "contact_probs": [[1.0,1.0,0.14,0.0,0.0,0.0,0.0,0.0,0.0,0.01,0.0,0.0,0.04,0.29,0.54,0.17,0.91,0.05,0.34,0.94,0.42],[1.0,1.0,1.0,0.49,0.01,0.04,0.01,0.0,0.01,0.01,0.0,0.02,0.2,0.83,0.14,0.01,0.59,0.0,0.02,0.2,0.9],[0.14,1.0,1.0,0.97,0.51,0.64,0.02,0.01,0.01,0.0,0.0,0.15,0.83,0.17,0.0,0.0,0.0,0.0,0.0,0.02,0.28],[0.0,0.49,0.97,1.0,0.9,0.84,0.18,0.01,0.0,0.0,0.0,0.49,0.11,0.0,0.0,0.0,0.0,0.0,0.0,0.01,0.35],[0.0,0.01,0.51,0.9,1.0,0.84,0.74,0.09,0.0,0.0,0.0,0.13,0.01,0.0,0.0,0.0,0.0,0.0,0.0,0.02,0.61],[0.0,0.04,0.64,0.84,0.84,1.0,0.66,0.71,0.16,0.0,0.01,0.89,0.5,0.0,0.0,0.0,0.0,0.0,0.0,0.06,0.24],[0.0,0.01,0.02,0.18,0.74,0.66,1.0,0.87,0.03,0.0,0.0,0.05,0.0,0.0,0.0,0.0,0.0,0.0,0.01,0.3,0.66],[0.0,0.0,0.01,0.01,0.09,0.71,0.87,1.0,1.0,0.01,0.01,0.29,0.01,0.0,0.0,0.0,0.0,0.01,0.9,0.96,0.35],[0.0,0.01,0.01,0.0,0.0,0.16,0.03,1.0,1.0,1.0,0.03,0.98,0.16,0.01,0.0,0.0,0.04,0.12,0.95,0.22,0.01],[0.01,0.01,0.0,0.0,0.0,0.0,0.0,0.01,1.0,1.0,0.07,0.88,0.96,0.22,0.22,0.34,0.31,0.41,0.18,0.01,0.0],[0.0,0.0,0.0,0.0,0.0,0.01,0.0,0.01,0.03,0.07,1.0,0.01,0.01,0.0,0.0,0.0,0.0,0.0,0.0,0.0,0.0],[0.0,0.02,0.15,0.49,0.13,0.89,0.05,0.29,0.98,0.88,0.01,1.0,1.0,0.05,0.0,0.0,0.0,0.0,0.0,0.0,0.0],[0.04,0.2,0.83,0.11,0.01,0.5,0.0,0.01,0.16,0.96,0.01,1.0,1.0,1.0,0.53,0.01,0.08,0.0,0.0,0.01,0.01],[0.29,0.83,0.17,0.0,0.0,0.0,0.0,0.0,0.01,0.22,0.0,0.05,1.0,1.0,0.96,0.43,0.76,0.01,0.0,0.0,0.0],[0.54,0.14,0.0,0.0,0.0,0.0,0.0,0.0,0.0,0.22,0.0,0.0,0.53,0.96,1.0,0.86,0.82,0.14,0.01,0.0,0.0],[0.17,0.01,0.0,0.0,0.0,0.0,0.0,0.0,0.0,0.34,0.0,0.0,0.01,0.43,0.86,1.0,0.86,0.72,0.07,0.0,0.0],[0.91,0.59,0.0,0.0,0.0,0.0,0.0,0.0,0.04,0.31,0.0,0.0,0.08,0.76,0.82,0.86,1.0,0.74,0.72,0.19,0.0],[0.05,0.0,0.0,0.0,0.0,0.0,0.0,0.01,0.12,0.41,0.0,0.0,0.0,0.01,0.14,0.72,0.74,1.0,0.92,0.02,0.0],[0.34,0.02,0.0,0.0,0.0,0.0,0.01,0.9,0.95,0.18,0.0,0.0,0.0,0.0,0.01,0.07,0.72,0.92,1.0,1.0,0.01],[0.94,0.2,0.02,0.01,0.02,0.06,0.3,0.96,0.22,0.01,0.0,0.0,0.01,0.0,0.0,0.0,0.19,0.02,1.0,1.0,1.0],[0.42,0.9,0.28,0.35,0.61,0.24,0.66,0.35,0.01,0.0,0.0,0.0,0.01,0.0,0.0,0.0,0.0,0.0,0.01,1.0,1.0]],
  "pae": [[0.8,1.2,1.5,2.4,2.8,2.6,2.7,2.1,2.0,2.0,3.4,2.1,1.7,1.5,1.6,1.7,1.3,1.8,1.5,1.4,1.6],[1.0,0.8,1.0,1.5,2.0,2.0,2.2,1.7,1.7,1.7,3.0,1.5,1.2,1.3,1.6,1.8,1.6,2.0,1.5,1.3,1.3],[1.2,0.9,0.8,1.4,1.8,1.6,2.1,1.8,1.8,1.9,2.9,1.4,1.3,1.4,1.8,2.1,1.8,2.3,1.7,1.5,1.3],[2.1,1.6,1.4,0.9,1.6,1.8,2.0,2.0,2.3,2.5,3.4,1.9,1.9,2.3,3.0,3.3,2.7,3.7,2.6,2.4,1.9],[2.5,2.0,1.6,1.4,0.9,1.8,1.7,2.0,2.3,2.6,3.1,1.9,2.2,2.7,3.5,3.7,3.2,3.9,2.8,2.4,2.1],[2.6,2.3,1.8,1.5,1.3,0.9,1.5,1.7,2.1,2.6,3.3,1.8,2.2,2.5,3.7,3.7,3.2,3.7,2.8,2.5,2.2],[3.1,2.6,2.3,1.9,1.8,1.6,1.0,1.8,2.2,2.7,3.6,2.3,2.6,3.3,4.5,4.4,3.7,3.8,2.6,2.4,2.3],[2.0,1.8,1.9,2.0,1.9,1.5,1.7,0.8,1.1,1.5,2.8,1.4,1.6,2.0,2.5,2.6,2.5,2.4,1.5,1.5,1.6],[1.8,1.7,1.8,2.1,2.1,1.7,1.8,1.0,0.8,1.0,2.3,1.3,1.3,1.6,2.1,2.2,2.1,2.1,1.3,1.4,1.7],[1.9,1.8,1.8,2.2,2.5,1.9,2.3,1.3,1.0,0.8,1.9,1.3,1.3,1.5,2.0,2.2,2.1,2.2,1.4,1.8,2.2],[4.4,4.0,3.8,4.3,4.6,2.9,4.8,2.6,2.3,2.6,1.1,2.7,2.6,3.5,4.0,4.3,4.2,4.1,3.7,3.9,4.5],[1.9,1.6,1.5,1.8,2.1,1.5,2.2,1.4,1.3,1.3,2.1,0.8,1.1,1.4,2.2,2.5,2.4,2.5,1.7,1.8,2.0],[1.5,1.2,1.2,1.7,2.1,1.8,2.2,1.5,1.2,1.2,2.2,0.9,0.8,1.0,1.7,2.0,2.0,2.2,1.6,1.6,1.7],[1.4,1.3,1.4,2.0,2.4,2.1,2.6,1.8,1.6,1.3,2.4,1.3,0.9,0.8,1.5,1.7,1.5,2.0,1.7,1.8,1.9],[1.8,2.1,2.3,3.1,3.6,2.7,3.9,2.4,2.4,2.1,3.4,2.0,1.7,1.4,0.9,1.5,1.6,2.0,1.9,2.1,2.6],[1.8,2.0,2.4,3.2,3.8,3.3,3.9,2.6,2.3,2.1,3.3,2.4,1.9,1.6,1.3,0.9,1.7,1.6,1.7,2.1,2.6],[1.6,2.0,2.2,3.5,3.7,3.4,3.6,2.6,2.4,2.3,3.4,2.4,2.1,1.9,1.4,1.3,0.9,1.7,1.7,1.9,2.2],[2.4,2.5,3.1,4.4,4.6,3.9,3.7,2.7,2.4,2.3,4.0,3.0,2.6,2.4,2.0,1.8,1.9,1.0,1.9,2.2,3.1],[1.6,1.8,2.1,2.6,2.8,2.6,2.3,1.6,1.5,1.6,3.4,2.1,1.9,2.1,1.9,1.9,1.6,1.6,0.8,1.1,1.7],[1.4,1.4,1.7,2.1,2.2,2.2,2.0,1.4,1.4,1.7,3.4,1.9,1.8,1.9,2.0,2.1,1.7,1.7,1.0,0.8,1.1],[1.7,1.7,1.8,2.1,2.4,2.3,2.2,1.7,2.0,2.3,4.3,2.3,2.2,2.3,2.6,2.8,2.3,2.6,1.4,1.0,0.8]],
  "token_chain_ids": ["A","A","A","A","A","A","A","A","A","A","A","A","A","A","A","A","A","A","A","A","A"],
  "token_res_ids": [1,2,3,4,5,6,7,8,9,10,11,12,13,14,15,16,17,18,19,20,21]
}