{
  "atom_chain_ids": ["A","A","A","A","A","A","A","A","A","A","A","A","A","A","A","A","A","A","A","A","A","A","A","A","A","A","A","A","A","A","A","A","A","A","A","A","A","A","A","A","A","A","A","A","A","A","A","A","A","A","A","A","A","A","A","A","A","A","A","A","A","A","A","A","A","A","A","A","A","A","A","A","A","A","A","A","A","A","A","A","A","A","A","A","A","A","A","A","A","A","A","A","A","A","A","A","A","A","A","A","A","A","A","A","A","A","A","A","A","A","A","A","A","A","A","A","A","A","A","A","A","A","A","A","A","A","A","A","A","A","A","A","A","A","A","A","A","A","A","A","A","A","A","A","A","A","A","A","A","A","A","A","A","A","A","A","A","A","A","A","A","A","A","A","A","A","A","A","A","A","A","A","A","A","A","A","A","A","A","A","A","A","A","A","A","A","A","A","A","A","A","A","A","A","A","A","A","A","A","A","A","A","A","A","A","A","A","A","A","A","A","A","A","A","A","A","A","A","A","A","A","A","A","A","A","A","A","A","A","A","A","A","A","A","A","A","A","A","A","A","A","A","A","A","A","A","A","A","A","A","A","A","A","A","A","A","A","A","A","A","A","A","A","A","A","A","A","A","A","A","A","A","A","A","A","A","A","A","A","A","A","A","A","A","A","A","A","A","A","A","A","A","A","A","A","A","A","A","A","A","A","A","A","A","A","A","A","A","A","A","A","A","A","A","A","A","A","A","A","A","A","A","A","A","A","A","A","A","A","A","A","A","A","A","A","A","A","A","A","A","A","A","A","A","A","A","A","A","A","A","A","A","A","A","A","A","A","A","A","A","A","A","A","A","A","A","A","A","A","A","A","A","A","A","A","A","A","A","A","A","A","A","A","A","A","A","A","A","A","A","A","A","A","A","A","A","A","A","A","A","A","A","A","A","A","A","A","A","A","A","A","A","A","A","A","A","A","A","A","A","A","A","A","A","A","A","A","A","A","A","A","A","A","A","A","A","A","A","A","A","A","A","A","A","A"],
  "atom_plddts": [84.77,83.51,79.17,78.22,84.17,86.62,88.77,89.09,89.03,88.72,88.9,89.56,90.57,90.41,90.41,91.09,91.02,90.43,90.86,91.01,91.07,91.22,91.33,87.39,84.85,84.94,87.56,87.92,89.32,89.21,89.44,88.86,89.52,90.13,90.99,91.04,90.91,91.5,91.66,91.29,91.76,91.64,91.37,91.51,91.52,88.71,86.87,86.97,88.34,88.22,89.53,89.53,89.62,89.02,89.52,89.94,90.84,90.8,90.46,90.9,91.03,90.53,90.96,90.97,90.68,90.65,90.99,87.53,85.08,84.34,85.53,83.87,85.78,85.43,86.16,84.69,84.02,83.18,85.51,84.36,82.21,81.59,82.35,81.22,80.79,80.24,82.4,85.17,81.33,79.97,83.35,82.68,84.83,84.8,85.52,83.93,83.42,82.27,84.45,82.96,79.89,79.13,80.03,78.51,77.66,77.17,79.77,82.87,77.34,75.3,82.01,83.41,85.25,86.39,86.93,85.68,85.91,85.03,86.84,85.87,82.55,82.2,83.13,81.95,81.38,80.85,83.5,81.99,76.84,75.6,81.36,81.86,84.21,84.48,85.49,83.99,83.26,81.95,83.92,81.94,77.34,76.06,77.0,75.18,73.72,73.9,77.63,84.53,80.48,79.05,85.03,86.51,88.07,88.34,88.14,87.76,88.43,89.11,89.9,89.9,89.65,90.33,90.44,89.96,90.46,90.49,90.31,90.61,90.64,85.79,83.28,83.23,85.63,86.43,87.91,87.56,87.76,86.95,88.01,88.48,89.42,89.66,89.58,90.28,90.49,90.14,90.64,90.44,90.1,90.29,90.24,85.94,83.29,82.57,85.87,86.27,87.44,87.75,87.54,86.89,87.79,88.38,89.44,89.53,89.28,89.94,90.11,89.62,90.1,90.06,89.78,89.89,90.06,85.24,82.49,81.89,84.0,81.7,84.04,83.78,84.39,83.0,82.28,81.2,83.2,81.6,79.17,78.29,78.69,76.93,76.29,76.15,78.69,85.75,82.64,81.84,85.81,87.03,88.26,88.53,88.4,87.93,88.45,89.1,90.02,90.03,90.04,90.69,90.77,90.35,90.83,90.88,90.62,90.8,90.88,87.48,85.32,85.44,87.71,87.95,89.14,88.98,89.23,88.63,89.48,90.09,90.95,91.05,90.83,91.4,91.55,91.2,91.67,91.6,91.29,91.35,91.38,88.77,86.98,86.8,88.54,88.48,89.59,89.7,89.73,89.24,89.73,90.2,91.17,91.12,90.72,91.23,91.32,90.81,91.25,91.27,90.97,90.99,91.25,86.77,84.31,83.57,85.06,83.47,85.26,84.91,85.6,83.95,83.5,83.18,85.28,84.08,81.6,81.25,81.77,80.68,80.46,79.85,82.22,85.21,81.85,80.12,83.26,82.47,84.47,84.28,84.74,83.18,82.27,80.95,83.37,81.52,78.02,76.95,78.04,76.44,75.31,75.11,77.97,85.15,80.24,77.67,84.14,85.44,87.28,88.35,88.71,87.51,87.67,87.38,88.78,87.68,84.69,84.43,85.06,83.86,83.53,83.01,85.92,82.16,77.57,76.05,81.36,82.04,84.24,84.78,85.42,84.17,83.74,82.57,84.18,82.53,78.74,77.79,78.8,77.15,76.07,75.91,78.95,84.84,80.96,78.87,85.21,86.67,88.11,88.4,88.08,87.72,88.41,89.13,89.99,89.98,89.76,90.47,90.61,90.15,90.68,90.67,90.44,90.8,90.8,87.1,84.48,83.89,86.94,87.59,89.07,88.77,88.98,88.27,88.91,89.57,90.53,90.63,90.49,91.13,91.29,90.92,91.38,91.31,91.02,91.18,91.18,87.66,85.8,84.7,87.21,87.59,88.52,88.68,88.5,87.72,88.29,88.86,90.07,89.97,89.7,90.26,90.38,89.8,90.3,90.38,90.07,90.13,90.49],
  "contact_probs": [[1.0,1.0,0.14,0.0,0.0,0.0,0.0,0.0,0.0,0.01,0.0,0.0,0.04,0.29,0.54,0.17,0.91,0.05,0.34,0.94,0.42],[1.0,1.0,1.0,0.49,0.01,0.04,0.01,0.0,0.01,0.01,0.0,0.02,0.2,0.83,0.14,0.01,0.59,0.0,0.02,0.2,0.9],[0.14,1.0,1.0,0.97,0.51,0.64,0.02,0.01,0.01,0.0,0.0,0.15,0.83,0.17,0.0,0.0,0.0,0.0,0.0,0.02,0.28],[0.0,0.49,0.97,1.0,0.9,0.84,0.18,0.01,0.0,0.0,0.0,0.49,0.11,0.0,0.0,0.0,0.0,0.0,0.0,0.01,0.35],[0.0,0.01,0.51,0.9,1.0,0.84,0.74,0.09,0.0,0.0,0.0,0.13,0.01,0.0,0.0,0.0,0.0,0.0,0.0,0.02,0.61],[0.0,0.04,0.64,0.84,0.84,1.0,0.66,0.71,0.16,0.0,0.01,0.89,0.5,0.0,0.0,0.0,0.0,0.0,0.0,0.06,0.24],[0.0,0.01,0.02,0.18,0.74,0.66,1.0,0.87,0.03,0.0,0.0,0.05,0.0,0.0,0.0,0.0,0.0,0.0,0.01,0.3,0.66],[0.0,0.0,0.01,0.01,0.09,0.71,0.87,1.0,1.0,0.01,0.01,0.29,0.01,0.0,0.0,0.0,0.0,0.01,0.9,0.96,0.35],[0.0,0.01,0.01,0.0,0.0,0.16,0.03,1.0,1.0,1.0,0.03,0.98,0.16,0.01,0.0,0.0,0.04,0.12,0.95,0.22,0.01],[0.01,0.01,0.0,0.0,0.0,0.0,0.0,0.01,1.0,1.0,0.07,0.88,0.96,0.22,0.22,0.34,0.31,0.41,0.18,0.01,0.0],[0.0,0.0,0.0,0.0,0.0,0.01,0.0,0.01,0.03,0.07,1.0,0.01,0.01,0.0,0.0,0.0,0.0,0.0,0.0,0.0,0.0],[0.0,0.02,0.15,0.49,0.13,0.89,0.05,0.29,0.98,0.88,0.01,1.0,1.0,0.05,0.0,0.0,0.0,0.0,0.0,0.0,0.0],[0.04,0.2,0.83,0.11,0.01,0.5,0.0,0.01,0.16,0.96,0.01,1.0,1.0,1.0,0.53,0.01,0.08,0.0,0.0,0.01,0.01],[0.29,0.83,0.17,0.0,0.0,0.0,0.0,0.0,0.01,0.22,0.0,0.05,1.0,1.0,0.96,0.43,0.76,0.01,0.0,0.0,0.0],[0.54,0.14,0.0,0.0,0.0,0.0,0.0,0.0,0.0,0.22,0.0,0.0,0.53,0.96,1.0,0.86,0.82,0.14,0.01,0.0,0.0],[0.17,0.01,0.0,0.0,0.0,0.0,0.0,0.0,0.0,0.34,0.0,0.0,0.01,0.43,0.86,1.0,0.86,0.72,0.07,0.0,0.0],[0.91,0.59,0.0,0.0,0.0,0.0,0.0,0.0,0.04,0.31,0.0,0.0,0.08,0.76,0.82,0.86,1.0,0.74,0.72,0.19,0.0],[0.05,0.0,0.0,0.0,0.0,0.0,0.0,0.01,0.12,0.41,0.0,0.0,0.0,0.01,0.14,0.72,0.74,1.0,0.92,0.02,0.0],[0.34,0.02,0.0,0.0,0.0,0.0,0.01,0.9,0.95,0.18,0.0,0.0,0.0,0.0,0.01,0.07,0.72,0.92,1.0,1.0,0.01],[0.94,0.2,0.02,0.01,0.02,0.06,0.3,0.96,0.22,0.01,0.0,0.0,0.01,0.0,0.0,0.0,0.19,0.02,1.0,1.0,1.0],[0.42,0.9,0.28,0.35,0.61,0.24,0.66,0.35,0.01,0.0,0.0,0.0,0.01,0.0,0.0,0.0,0.0,0.0,0.01,1.0,1.0]],
  "pae": [[0.8,1.3,1.7,2.8,3.4,3.1,3.3,2.6,2.6,2.7,4.0,2.4,2.0,1.7,2.1,2.4,1.8,2.7,1.9,1.7,2.0],[1.1,0.8,1.1,1.7,2.3,2.5,2.6,2.0,2.0,1.9,3.6,1.7,1.4,1.4,2.0,2.3,2.2,2.6,1.7,1.5,1.5],[1.4,1.0,0.8,1.5,2.1,2.0,2.6,2.1,2.2,2.3,3.6,1.6,1.4,1.6,2.2,2.7,2.5,3.0,2.0,1.8,1.6],[2.3,1.8,1.6,1.0,1.9,2.0,2.5,2.3,2.7,2.8,4.2,2.2,2.3,2.6,3.7,4.1,3.2,4.6,3.1,2.8,2.5],[2.8,2.5,2.1,1.8,1.0,2.2,2.1,2.4,3.1,3.4,4.4,2.8,3.0,3.3,4.3,4.7,4.0,5.0,3.4,2.8,2.7],[4.1,3.4,3.0,2.1,1.7,0.9,2.1,2.3,3.7,4.5,4.8,3.0,3.6,4.0,5.6,5.1,4.8,5.7,4.6,4.4,3.3],[4.4,4.3,3.5,2.9,2.4,2.4,1.1,2.7,3.1,4.7,5.3,3.7,4.3,5.0,6.1,6.3,5.0,5.9,4.3,3.3,3.3],[2.5,2.2,2.4,2.4,2.3,2.0,2.3,0.8,1.2,1.9,3.5,1.8,2.1,2.4,3.2,3.4,3.3,3.2,1.8,1.8,2.1],[2.1,1.9,2.0,2.5,2.4,2.2,2.2,1.2,0.8,1.2,2.8,1.5,1.5,1.8,2.6,2.8,2.8,2.8,1.6,1.6,2.0],[2.2,2.1,2.2,2.7,2.9,2.5,2.9,1.6,1.1,0.8,2.3,1.5,1.5,1.9,2.6,2.9,2.8,2.8,1.7,2.3,2.6],[5.7,5.6,5.4,5.5,5.9,3.8,5.8,3.5,3.0,3.3,1.2,3.6,3.2,4.2,4.7,4.9,5.1,5.9,4.7,5.3,6.0],[2.2,1.8,1.7,2.1,2.5,1.9,2.8,1.7,1.6,1.5,2.6,0.8,1.3,1.6,2.5,3.1,3.1,3.1,2.0,2.1,2.3],[1.8,1.3,1.4,2.0,2.4,2.3,2.6,1.7,1.4,1.5,2.7,1.1,0.8,1.1,2.0,2.5,2.7,2.8,1.8,1.9,1.9],[1.7,1.4,1.6,2.4,2.9,2.6,3.2,2.1,1.9,1.5,3.0,1.5,1.0,0.8,1.7,2.1,2.0,2.6,2.0,2.1,2.3],[2.9,3.5,3.5,4.9,5.5,4.3,6.0,4.0,3.8,3.3,4.8,2.9,2.4,2.1,0.9,2.1,2.4,3.1,3.0,3.5,3.7],[3.0,3.3,3.8,5.2,5.8,4.9,5.7,4.3,4.1,3.3,4.9,4.2,3.3,2.4,2.1,1.0,2.6,2.5,3.2,3.7,4.2],[2.6,3.2,3.4,5.3,5.9,4.9,5.5,4.1,3.8,3.4,4.7,3.8,3.2,2.8,1.9,1.6,0.9,2.5,2.7,3.0,3.6],[4.0,4.4,5.2,6.7,6.9,5.5,6.2,4.5,4.1,3.6,6.2,4.9,4.6,4.1,3.4,2.6,2.9,1.1,2.9,3.3,5.0],[1.9,2.1,2.4,3.3,3.3,3.3,3.0,2.1,1.9,1.9,4.3,2.4,2.3,2.4,2.5,2.5,2.1,2.2,0.8,1.3,2.1],[1.7,1.7,2.0,2.6,2.7,2.8,2.7,1.8,1.9,2.2,4.4,2.1,2.1,2.1,2.6,2.7,2.3,2.3,1.1,0.8,1.4],[2.1,2.0,2.1,2.6,3.0,3.1,3.1,2.2,2.7,3.0,5.2,2.6,2.6,2.6,3.5,3.6,3.1,3.4,1.8,1.2,0.9]],
  "token_chain_ids": ["A","A","A","A","A","A","A","A","A","A","A","A","A","A","A","A","A","A","A","A","A"],
  "token_res_ids": [1,2,3,4,5,6,7,8,9,10,11,12,13,14,15,16,17,18,19,20,21]
}