{
  "atom_chain_ids": ["A","A","A","A","A","A","A","A","A","A","A","A","A","A","A","A","A","A","A","A","A","A","A","A","A","A","A","A","A","A","A","A","A","A","A","A","A","A","A","A","A","A","A","A","A","A","A","A","A","A","A","A","A","A","A","A","A","A","A","A","A","A","A","A","A","A","A","A","A","A","A","A","A","A","A","A","A","A","A","A","A","A","A","A","A","A","A","A","A","A","A","A","A","A","A","A","A","A","A","A","A","A","A","A","A","A","A","A","A","A","A","A","A","A","A","A","A","A","A","A","A","A","A","A","A","A","A","A","A","A","A","A","A","A","A","A","A","A","A","A","A","A","A","A","A","A","A","A","A","A","A","A","A","A","A","A","A","A","A","A","A","A","A","A","A","A","A","A","A","A","A","A","A","A","A","A","A","A","A","A","A","A","A","A","A","A","A","A","A","A","A","A","A","A","A","A","A","A","A","A","A","A","A","A","A","A","A","A","A","A","A","A","A","A","A","A","A","A","A","A","A","A","A","A","A","A","A","A","A","A","A","A","A","A","A","A","A","A","A","A","A","A","A","A","A","A","A","A","A","A","A","A","A","A","A","A","A","A","A","A","A","A","A","A","A","A","A","A","A","A","A","A","A","A","A","A","A","A","A","A","A","A","A","A","A","A","A","A","A","A","A","A","A","A","A","A","A","A","A","A","A","A","A","A","A","A","A","A","A","A","A","A","A","A","A","A","A","A","A","A","A","A","A","A","A","A","A","A","A","A","A","A","A","A","A","A","A","A","A","A","A","A","A","A","A","A","A","A","A","A","A","A","A","A","A","A","A","A","A","A","A","A","A","A","A","A","A","A","A","A","A","A","A","A","A","A","A","A","A","A","A","A","A","A","A","A","A","A","A","A","A","A","A","A","A","A","A","A","A","A","A","A","A","A","A","A","A","A","A","A","A","A","A","A","A","A","A","A","A","A","A","A","A","A","A","A","A","A","A","A","A","A","A","A","A","A","A","A","A","A","A","A","A","A","A"],
  "atom_plddts": [87.94,86.78,83.85,82.89,87.01,88.89,90.93,91.29,91.25,90.95,91.12,91.69,92.69,92.51,92.38,93.05,92.96,92.34,92.79,92.88,92.86,93.13,93.27,90.54,88.5,88.73,90.4,90.74,92.23,92.26,92.46,91.88,92.4,92.83,93.76,93.74,93.6,94.14,94.28,93.87,94.29,94.17,93.9,94.18,94.25,91.38,89.81,90.05,90.91,90.89,92.27,92.33,92.41,91.82,92.24,92.55,93.45,93.36,93.03,93.46,93.57,93.04,93.46,93.47,93.17,93.31,93.63,89.67,87.29,86.47,87.73,86.12,87.89,87.71,88.44,87.06,86.57,85.87,87.92,86.89,84.88,84.39,85.06,83.92,83.75,83.01,85.19,88.07,84.52,83.21,86.16,85.49,87.34,87.51,88.18,86.72,86.45,85.47,87.37,86.09,83.35,82.71,83.48,82.03,81.57,80.75,83.31,86.86,82.04,79.87,85.62,86.73,88.38,89.49,89.72,88.73,89.02,88.49,90.04,89.39,87.01,86.97,87.61,86.5,86.42,85.61,87.85,86.34,81.61,80.04,85.32,85.82,87.84,88.56,89.19,87.94,87.86,87.1,88.64,87.49,83.95,83.22,84.09,82.55,81.89,81.26,84.32,88.89,86.02,84.91,88.81,89.84,91.33,91.67,91.51,91.16,91.63,92.08,92.92,92.85,92.42,93.0,93.03,92.49,92.95,93.05,92.84,93.23,93.33,89.42,87.45,87.6,88.89,89.45,91.02,90.93,91.07,90.28,91.09,91.41,92.49,92.59,92.39,93.0,93.16,92.76,93.22,93.07,92.74,93.05,93.07,88.94,86.57,85.96,88.64,89.17,90.35,90.8,90.59,90.07,90.73,91.23,92.27,92.26,91.9,92.54,92.63,92.08,92.58,92.55,92.28,92.59,92.73,88.19,85.38,84.56,86.74,84.33,86.63,86.5,87.16,85.79,85.39,84.69,86.37,84.96,82.55,81.88,82.13,80.34,80.13,79.68,82.28,88.97,86.61,85.98,88.69,89.93,91.16,91.53,91.39,90.94,91.34,91.88,92.85,92.76,92.68,93.29,93.32,92.82,93.31,93.36,93.05,93.41,93.53,90.56,88.77,88.98,90.49,90.72,91.97,92.09,92.24,91.7,92.33,92.72,93.65,93.66,93.4,93.91,94.05,93.66,94.08,94.03,93.72,93.95,94.02,91.34,89.84,89.86,90.94,91.04,92.25,92.48,92.46,91.93,92.34,92.66,93.67,93.57,93.18,93.67,93.74,93.18,93.62,93.63,93.31,93.5,93.77,89.54,87.16,86.21,87.85,86.33,88.02,88.02,88.64,87.25,87.08,86.85,88.64,87.79,85.75,85.67,86.13,85.07,85.2,84.29,86.41,88.49,85.42,83.91,86.6,86.01,87.63,87.97,88.34,87.07,86.78,86.13,87.84,86.69,84.05,83.6,84.39,83.03,82.86,81.87,84.28,88.26,84.26,82.04,87.12,88.11,89.59,90.58,90.62,89.77,89.94,89.89,91.07,90.36,88.18,88.21,88.61,87.51,87.58,86.85,89.17,85.49,80.95,79.15,84.51,85.27,87.22,88.04,88.49,87.46,87.45,86.86,88.06,86.96,83.84,83.36,84.17,82.7,82.35,81.56,84.23,88.16,84.96,83.05,88.08,89.34,90.83,91.14,90.91,90.46,91.03,91.6,92.62,92.53,92.15,92.83,92.91,92.35,92.89,92.91,92.64,93.13,93.2,90.25,88.15,87.88,89.83,90.29,91.86,91.69,91.89,91.2,91.74,92.23,93.27,93.28,93.08,93.67,93.8,93.36,93.81,93.75,93.43,93.71,93.77,90.07,88.38,87.47,89.42,89.87,91.06,91.26,91.14,90.38,90.82,91.3,92.53,92.36,92.06,92.67,92.72,92.04,92.59,92.61,92.31,92.56,92.92],
  "contact_probs": [[1.0,1.0,0.14,0.0,0.0,0.0,0.0,0.0,0.0,0.01,0.0,0.0,0.04,0.29,0.54,0.17,0.91,0.05,0.34,0.94,0.42],[1.0,1.0,1.0,0.49,0.01,0.04,0.01,0.0,0.01,0.01,0.0,0.02,0.2,0.83,0.14,0.01,0.59,0.0,0.02,0.2,0.9],[0.14,1.0,1.0,0.97,0.51,0.64,0.02,0.01,0.01,0.0,0.0,0.15,0.83,0.17,0.0,0.0,0.0,0.0,0.0,0.02,0.28],[0.0,0.49,0.97,1.0,0.9,0.84,0.18,0.01,0.0,0.0,0.0,0.49,0.11,0.0,0.0,0.0,0.0,0.0,0.0,0.01,0.35],[0.0,0.01,0.51,0.9,1.0,0.84,0.74,0.09,0.0,0.0,0.0,0.13,0.01,0.0,0.0,0.0,0.0,0.0,0.0,0.02,0.61],[0.0,0.04,0.64,0.84,0.84,1.0,0.66,0.71,0.16,0.0,0.01,0.89,0.5,0.0,0.0,0.0,0.0,0.0,0.0,0.06,0.24],[0.0,0.01,0.02,0.18,0.74,0.66,1.0,0.87,0.03,0.0,0.0,0.05,0.0,0.0,0.0,0.0,0.0,0.0,0.01,0.3,0.66],[0.0,0.0,0.01,0.01,0.09,0.71,0.87,1.0,1.0,0.01,0.01,0.29,0.01,0.0,0.0,0.0,0.0,0.01,0.9,0.96,0.35],[0.0,0.01,0.01,0.0,0.0,0.16,0.03,1.0,1.0,1.0,0.03,0.98,0.16,0.01,0.0,0.0,0.04,0.12,0.95,0.22,0.01],[0.01,0.01,0.0,0.0,0.0,0.0,0.0,0.01,1.0,1.0,0.07,0.88,0.96,0.22,0.22,0.34,0.31,0.41,0.18,0.01,0.0],[0.0,0.0,0.0,0.0,0.0,0.01,0.0,0.01,0.03,0.07,1.0,0.01,0.01,0.0,0.0,0.0,0.0,0.0,0.0,0.0,0.0],[0.0,0.02,0.15,0.49,0.13,0.89,0.05,0.29,0.98,0.88,0.01,1.0,1.0,0.05,0.0,0.0,0.0,0.0,0.0,0.0,0.0],[0.04,0.2,0.83,0.11,0.01,0.5,0.0,0.01,0.16,0.96,0.01,1.0,1.0,1.0,0.53,0.01,0.08,0.0,0.0,0.01,0.01],[0.29,0.83,0.17,0.0,0.0,0.0,0.0,0.0,0.01,0.22,0.0,0.05,1.0,1.0,0.96,0.43,0.76,0.01,0.0,0.0,0.0],[0.54,0.14,0.0,0.0,0.0,0.0,0.0,0.0,0.0,0.22,0.0,0.0,0.53,0.96,1.0,0.86,0.82,0.14,0.01,0.0,0.0],[0.17,0.01,0.0,0.0,0.0,0.0,0.0,0.0,0.0,0.34,0.0,0.0,0.01,0.43,0.86,1.0,0.86,0.72,0.07,0.0,0.0],[0.91,0.59,0.0,0.0,0.0,0.0,0.0,0.0,0.04,0.31,0.0,0.0,0.08,0.76,0.82,0.86,1.0,0.74,0.72,0.19,0.0],[0.05,0.0,0.0,0.0,0.0,0.0,0.0,0.01,0.12,0.41,0.0,0.0,0.0,0.01,0.14,0.72,0.74,1.0,0.92,0.02,0.0],[0.34,0.02,0.0,0.0,0.0,0.0,0.01,0.9,0.95,0.18,0.0,0.0,0.0,0.0,0.01,0.07,0.72,0.92,1.0,1.0,0.01],[0.94,0.2,0.02,0.01,0.02,0.06,0.3,0.96,0.22,0.01,0.0,0.0,0.01,0.0,0.0,0.0,0.19,0.02,1.0,1.0,1.0],[0.42,0.9,0.28,0.35,0.61,0.24,0.66,0.35,0.01,0.0,0.0,0.0,0.01,0.0,0.0,0.0,0.0,0.0,0.01,1.0,1.0]],
  "pae": [[0.8,1.1,1.4,2.2,2.6,2.4,2.5,2.0,2.0,2.0,3.3,2.0,1.6,1.4,1.5,1.6,1.3,1.7,1.5,1.4,1.6],[1.0,0.8,1.0,1.4,1.8,1.8,2.0,1.7,1.7,1.6,3.0,1.5,1.2,1.3,1.5,1.8,1.5,1.9,1.5,1.2,1.3],[1.2,0.9,0.8,1.3,1.6,1.5,1.9,1.7,1.9,1.9,2.9,1.4,1.3,1.4,1.7,2.0,1.7,2.2,1.6,1.5,1.3],[2.0,1.5,1.4,0.9,1.4,1.6,1.7,1.8,2.2,2.3,3.2,1.7,1.8,2.1,2.6,2.9,2.4,3.3,2.4,2.2,1.7],[2.3,1.8,1.6,1.2,0.9,1.6,1.4,1.6,2.1,2.3,2.8,1.7,1.9,2.3,3.1,3.3,2.9,3.4,2.4,2.1,2.0],[2.3,2.1,1.7,1.4,1.2,0.9,1.4,1.4,1.8,2.2,2.9,1.5,1.9,2.2,3.2,3.3,2.9,3.3,2.4,2.2,2.0],[2.6,2.3,2.0,1.7,1.5,1.5,0.9,1.6,1.9,2.2,2.9,1.8,2.3,2.6,3.7,3.7,3.2,3.3,2.3,2.1,2.0],[1.9,1.8,1.9,1.9,1.7,1.4,1.6,0.8,1.0,1.4,2.7,1.3,1.6,2.0,2.4,2.5,2.4,2.3,1.5,1.4,1.5],[1.7,1.7,1.7,2.0,2.0,1.5,1.7,1.0,0.8,1.0,2.3,1.3,1.3,1.6,2.1,2.1,2.1,2.0,1.3,1.4,1.7],[1.9,1.8,1.8,2.1,2.2,1.7,2.1,1.3,1.0,0.8,2.0,1.3,1.3,1.5,2.0,2.1,2.1,2.0,1.4,1.8,2.1],[4.4,4.2,4.0,5.1,5.0,3.1,5.3,2.8,2.5,2.8,1.1,2.8,2.8,3.5,4.1,4.4,4.3,4.4,4.1,3.9,4.6],[1.9,1.6,1.4,1.7,1.9,1.4,2.0,1.4,1.3,1.3,2.1,0.8,1.1,1.4,2.1,2.4,2.3,2.5,1.7,1.8,1.9],[1.4,1.2,1.2,1.6,1.9,1.6,2.0,1.4,1.2,1.2,2.3,0.9,0.8,1.0,1.6,1.9,1.9,2.2,1.6,1.6,1.6],[1.4,1.3,1.3,1.8,2.2,1.8,2.4,1.7,1.6,1.3,2.5,1.2,0.9,0.8,1.4,1.6,1.4,2.0,1.6,1.7,1.9],[1.8,2.1,2.4,3.2,3.6,2.8,3.9,2.5,2.5,2.2,3.7,2.0,1.7,1.5,0.9,1.6,1.7,2.0,1.9,2.2,2.8],[1.8,1.9,2.3,3.2,3.7,3.2,3.7,2.6,2.4,2.1,3.5,2.4,1.9,1.6,1.3,0.9,1.6,1.6,1.7,2.0,2.6],[1.4,1.9,2.2,3.4,3.5,3.1,3.3,2.4,2.3,2.2,3.4,2.4,2.0,1.9,1.4,1.2,0.9,1.6,1.6,1.8,2.3],[2.5,2.5,3.2,4.3,4.6,3.9,3.7,2.7,2.6,2.4,4.2,3.2,2.7,2.5,2.1,1.8,1.8,1.0,1.9,2.1,3.0],[1.5,1.8,2.0,2.5,2.6,2.4,2.2,1.5,1.5,1.5,3.4,2.0,1.9,2.0,1.9,1.8,1.5,1.5,0.8,1.1,1.6],[1.4,1.4,1.7,2.1,2.1,2.1,1.9,1.4,1.4,1.7,3.5,1.8,1.8,1.9,2.0,2.0,1.6,1.7,1.0,0.8,1.1],[1.6,1.6,1.7,2.1,2.2,2.2,2.0,1.7,2.0,2.3,4.2,2.2,2.2,2.2,2.6,2.7,2.2,2.5,1.4,1.0,0.8]],
  "token_chain_ids": ["A","A","A","A","A","A","A","A","A","A","A","A","A","A","A","A","A","A","A","A","A"],
  "token_res_ids": [1,2,3,4,5,6,7,8,9,10,11,12,13,14,15,16,17,18,19,20,21]
}