{
  "atom_chain_ids": ["A","A","A","A","A","A","A","A","A","A","A","A","A","A","A","A","A","A","A","A","A","A","A","A","A","A","A","A","A","A","A","A","A","A","A","A","A","A","A","A","A","A","A","A","A","A","A","A","A","A","A","A","A","A","A","A","A","A","A","A","A","A","A","A","A","A","A","A","A","A","A","A","A","A","A","A","A","A","A","A","A","A","A","A","A","A","A","A","A","A","A","A","A","A","A","A","A","A","A","A","A","A","A","A","A","A","A","A","A","A","A","A","A","A","A","A","A","A","A","A","A","A","A","A","A","A","A","A","A","A","A","A","A","A","A","A","A","A","A","A","A","A","A","A","A","A","A","A","A","A","A","A","A","A","A","A","A","A","A","A","A","A","A","A","A","A","A","A","A","A","A","A","A","A","A","A","A","A","A","A","A","A","A","A","A","A","A","A","A","A","A","A","A","A","A","A","A","A","A","A","A","A","A","A","A","A","A","A","A","A","A","A","A","A","A","A","A","A","A","A","A","A","A","A","A","A","A","A","A","A","A","A","A","A","A","A","A","A","A","A","A","A","A","A","A","A","A","A","A","A","A","A","A","A","A","A","A","A","A","A","A","A","A","A","A","A","A","A","A","A","A","A","A","A","A","A","A","A","A","A","A","A","A","A","A","A","A","A","A","A","A","A","A","A","A","A","A","A","A","A","A","A","A","A","A","A","A","A","A","A","A","A","A","A","A","A","A","A","A","A","A","A","A","A","A","A","A","A","A","A","A","A","A","A","A","A","A","A","A","A","A","A","A","A","A","A","A","A","A","A","A","A","A","A","A","A","A","A","A","A","A","A","A","A","A","A","A","A","A","A","A","A","A","A","A","A","A","A","A","A","A","A","A","A","A","A","A","A","A","A","A","A","A","A","A","A","A","A","A","A","A","A","A","A","A","A","A","A","A","A","A","A","A","A","A","A","A","A","A","A","A","A","A","A","A","A","A","A","A","A","A","A","A","A","A","A","A","A","A","A","A","A","A","A","A"],
  "atom_plddts": [84.15,82.88,78.6,77.88,83.57,85.99,88.09,88.32,88.27,87.89,88.09,88.76,89.82,89.67,89.69,90.35,90.31,89.74,90.17,90.34,90.39,90.45,90.59,86.38,83.69,83.81,86.68,86.99,88.39,88.18,88.44,87.81,88.57,89.23,90.08,90.17,90.08,90.7,90.88,90.53,91.01,90.88,90.58,90.69,90.68,87.81,85.79,85.96,87.5,87.34,88.69,88.65,88.74,88.11,88.67,89.13,90.05,90.03,89.71,90.16,90.31,89.82,90.26,90.26,89.95,89.9,90.24,86.14,83.67,83.02,84.1,82.27,84.2,83.51,84.23,82.62,81.61,80.63,83.25,81.81,79.53,78.69,79.47,78.35,77.66,77.34,79.65,84.34,80.42,78.87,82.46,81.5,83.72,83.18,84.06,82.22,81.04,79.33,82.13,79.98,76.19,74.88,75.94,74.22,72.73,72.7,75.76,82.96,77.66,75.61,81.85,83.08,84.95,85.86,86.59,85.0,85.08,83.91,86.08,84.81,80.99,80.41,81.51,80.34,79.64,78.98,81.99,80.01,74.57,73.66,79.75,80.71,83.29,83.74,84.64,83.03,82.34,81.04,83.07,81.24,76.89,75.8,76.88,75.21,73.84,73.79,77.24,84.1,80.18,78.97,84.62,86.05,87.57,87.8,87.61,87.19,87.91,88.59,89.37,89.39,89.1,89.75,89.88,89.4,89.86,89.93,89.76,90.01,90.08,85.27,82.79,82.82,85.12,85.88,87.32,86.91,87.12,86.28,87.38,87.87,88.81,89.07,89.02,89.72,89.94,89.61,90.1,89.89,89.54,89.7,89.67,85.25,82.46,81.8,85.28,85.74,86.87,87.16,86.94,86.29,87.26,87.89,88.92,89.04,88.83,89.51,89.7,89.22,89.72,89.66,89.38,89.47,89.64,83.3,80.66,80.23,82.24,80.05,82.43,82.09,82.61,81.27,80.45,79.23,81.24,79.59,77.4,76.5,76.88,75.18,74.33,74.48,76.9,85.52,82.52,81.93,85.58,86.64,87.82,88.03,87.9,87.39,87.92,88.6,89.56,89.58,89.61,90.25,90.33,89.92,90.42,90.48,90.19,90.31,90.41,87.13,84.98,85.15,87.34,87.56,88.74,88.54,88.79,88.19,89.03,89.65,90.52,90.63,90.38,90.94,91.08,90.73,91.2,91.13,90.82,90.88,90.92,88.08,86.19,86.03,87.88,87.82,88.97,89.03,89.1,88.54,89.07,89.58,90.57,90.53,90.15,90.67,90.76,90.25,90.7,90.71,90.4,90.4,90.67,86.36,83.67,82.92,84.73,83.13,84.96,84.5,85.19,83.5,82.94,82.69,84.78,83.5,80.96,80.59,81.12,80.07,79.83,79.24,81.71,84.94,81.65,79.96,82.98,82.17,84.22,84.06,84.44,82.85,81.96,80.64,83.11,81.34,77.99,77.0,78.11,76.56,75.51,75.22,77.96,84.61,79.76,77.39,83.6,84.79,86.58,87.67,87.98,86.7,86.88,86.52,88.03,86.93,83.92,83.61,84.32,83.19,82.81,82.3,85.13,81.63,76.86,75.37,80.91,81.67,83.96,84.53,85.14,83.85,83.39,82.16,83.83,82.15,78.33,77.37,78.43,76.78,75.7,75.51,78.58,83.77,79.55,77.46,84.44,86.01,87.38,87.65,87.31,86.97,87.73,88.47,89.3,89.28,89.07,89.78,89.92,89.47,89.99,90.01,89.82,90.12,90.14,86.36,83.87,83.33,86.2,86.8,88.22,87.78,87.99,87.17,87.89,88.59,89.6,89.72,89.62,90.26,90.44,90.07,90.56,90.48,90.15,90.23,90.26,86.84,84.94,83.9,86.41,86.76,87.7,87.8,87.62,86.77,87.39,87.95,89.21,89.13,88.88,89.4,89.56,89.0,89.46,89.56,89.26,89.23,89.65],
  "contact_probs": [[1.0,1.0,0.14,0.0,0.0,0.0,0.0,0.0,0.0,0.01,0.0,0.0,0.04,0.29,0.54,0.17,0.91,0.05,0.34,0.94,0.42],[1.0,1.0,1.0,0.49,0.01,0.04,0.01,0.0,0.01,0.01,0.0,0.02,0.2,0.83,0.14,0.01,0.59,0.0,0.02,0.2,0.9],[0.14,1.0,1.0,0.97,0.51,0.64,0.02,0.01,0.01,0.0,0.0,0.15,0.83,0.17,0.0,0.0,0.0,0.0,0.0,0.02,0.28],[0.0,0.49,0.97,1.0,0.9,0.84,0.18,0.01,0.0,0.0,0.0,0.49,0.11,0.0,0.0,0.0,0.0,0.0,0.0,0.01,0.35],[0.0,0.01,0.51,0.9,1.0,0.84,0.74,0.09,0.0,0.0,0.0,0.13,0.01,0.0,0.0,0.0,0.0,0.0,0.0,0.02,0.61],[0.0,0.04,0.64,0.84,0.84,1.0,0.66,0.71,0.16,0.0,0.01,0.89,0.5,0.0,0.0,0.0,0.0,0.0,0.0,0.06,0.24],[0.0,0.01,0.02,0.18,0.74,0.66,1.0,0.87,0.03,0.0,0.0,0.05,0.0,0.0,0.0,0.0,0.0,0.0,0.01,0.3,0.66],[0.0,0.0,0.01,0.01,0.09,0.71,0.87,1.0,1.0,0.01,0.01,0.29,0.01,0.0,0.0,0.0,0.0,0.01,0.9,0.96,0.35],[0.0,0.01,0.01,0.0,0.0,0.16,0.03,1.0,1.0,1.0,0.03,0.98,0.16,0.01,0.0,0.0,0.04,0.12,0.95,0.22,0.01],[0.01,0.01,0.0,0.0,0.0,0.0,0.0,0.01,1.0,1.0,0.07,0.88,0.96,0.22,0.22,0.34,0.31,0.41,0.18,0.01,0.0],[0.0,0.0,0.0,0.0,0.0,0.01,0.0,0.01,0.03,0.07,1.0,0.01,0.01,0.0,0.0,0.0,0.0,0.0,0.0,0.0,0.0],[0.0,0.02,0.15,0.49,0.13,0.89,0.05,0.29,0.98,0.88,0.01,1.0,1.0,0.05,0.0,0.0,0.0,0.0,0.0,0.0,0.0],[0.04,0.2,0.83,0.11,0.01,0.5,0.0,0.01,0.16,0.96,0.01,1.0,1.0,1.0,0.53,0.01,0.08,0.0,0.0,0.01,0.01],[0.29,0.83,0.17,0.0,0.0,0.0,0.0,0.0,0.01,0.22,0.0,0.05,1.0,1.0,0.96,0.43,0.76,0.01,0.0,0.0,0.0],[0.54,0.14,0.0,0.0,0.0,0.0,0.0,0.0,0.0,0.22,0.0,0.0,0.53,0.96,1.0,0.86,0.82,0.14,0.01,0.0,0.0],[0.17,0.01,0.0,0.0,0.0,0.0,0.0,0.0,0.0,0.34,0.0,0.0,0.01,0.43,0.86,1.0,0.86,0.72,0.07,0.0,0.0],[0.91,0.59,0.0,0.0,0.0,0.0,0.0,0.0,0.04,0.31,0.0,0.0,0.08,0.76,0.82,0.86,1.0,0.74,0.72,0.19,0.0],[0.05,0.0,0.0,0.0,0.0,0.0,0.0,0.01,0.12,0.41,0.0,0.0,0.0,0.01,0.14,0.72,0.74,1.0,0.92,0.02,0.0],[0.34,0.02,0.0,0.0,0.0,0.0,0.01,0.9,0.95,0.18,0.0,0.0,0.0,0.0,0.01,0.07,0.72,0.92,1.0,1.0,0.01],[0.94,0.2,0.02,0.01,0.02,0.06,0.3,0.96,0.22,0.01,0.0,0.0,0.01,0.0,0.0,0.0,0.19,0.02,1.0,1.0,1.0],[0.42,0.9,0.28,0.35,0.61,0.24,0.66,0.35,0.01,0.0,0.0,0.0,0.01,0.0,0.0,0.0,0.0,0.0,0.01,1.0,1.0]],
  "pae": [[0.8,1.3,1.7,3.0,3.6,3.3,3.5,2.6,2.7,2.6,4.3,2.5,2.2,1.8,2.1,2.4,1.9,2.6,1.9,1.8,2.0],[1.2,0.8,1.2,1.9,2.7,2.9,2.8,2.2,2.2,2.1,3.9,1.8,1.4,1.5,2.2,2.4,2.4,2.7,1.8,1.6,1.6],[1.4,1.0,0.8,1.8,2.4,2.3,2.8,2.3,2.3,2.5,3.8,1.7,1.6,1.7,2.4,2.9,2.7,3.1,2.2,1.9,1.6],[2.9,2.3,2.2,1.0,2.2,2.6,2.9,3.3,3.8,4.3,5.3,2.9,3.1,3.6,5.1,5.1,4.4,5.8,4.2,4.1,3.3],[4.2,3.3,2.8,2.1,1.0,2.9,2.5,3.1,3.7,4.4,4.7,3.0,3.5,4.4,5.6,5.5,4.7,5.7,4.5,4.0,3.5],[4.6,4.0,3.5,2.3,1.8,0.9,2.4,3.0,3.8,5.1,5.3,3.1,4.0,4.6,6.6,6.2,5.4,6.2,5.0,4.7,3.4],[5.1,4.5,4.0,3.2,2.5,2.3,1.0,2.9,3.4,4.7,5.2,3.7,4.4,5.0,6.9,6.5,5.7,5.8,4.2,4.0,3.9],[2.5,2.3,2.4,2.6,2.7,2.1,2.2,0.8,1.2,1.9,3.5,1.8,2.1,2.4,3.2,3.5,3.5,3.2,1.9,1.8,2.1],[2.2,2.0,2.2,2.7,2.9,2.4,2.2,1.2,0.8,1.2,3.1,1.6,1.6,1.9,2.8,2.9,3.0,2.9,1.7,1.7,2.1],[2.4,2.2,2.3,2.9,3.3,2.7,2.9,1.6,1.1,0.8,2.6,1.6,1.6,1.9,2.8,3.1,3.0,3.0,1.7,2.3,2.8],[6.6,6.5,6.2,6.9,7.4,5.1,8.5,4.3,3.5,4.1,1.2,4.1,3.8,5.2,5.9,6.4,6.3,6.7,5.7,6.2,7.0],[2.3,1.9,1.8,2.3,2.9,2.2,2.9,1.8,1.6,1.6,2.7,0.8,1.2,1.7,2.7,3.3,3.3,3.5,2.1,2.2,2.5],[1.8,1.3,1.4,2.1,2.7,2.6,2.7,1.7,1.4,1.5,3.0,1.1,0.8,1.1,2.1,2.5,2.8,2.9,1.9,1.9,2.0],[1.8,1.5,1.7,2.5,3.2,2.8,3.3,2.2,2.0,1.6,3.4,1.6,1.1,0.8,1.8,2.2,2.2,2.7,2.1,2.2,2.4],[3.0,3.5,3.6,5.1,5.6,4.5,6.2,4.1,3.5,3.3,5.3,2.8,2.4,2.1,0.9,2.2,2.3,3.3,3.1,3.7,3.9],[2.8,3.4,3.9,5.0,5.7,4.7,5.7,4.1,3.7,3.3,5.2,3.9,3.0,2.3,1.9,1.0,2.4,2.5,3.3,3.5,4.1],[2.5,3.3,3.7,5.6,5.8,4.9,5.8,4.2,3.8,3.3,5.3,3.6,3.3,3.1,2.0,1.7,0.9,2.5,2.5,3.0,3.6],[4.0,4.6,5.7,7.4,7.3,5.9,6.1,5.1,4.4,3.9,7.1,5.3,4.6,4.4,3.8,2.7,2.8,1.1,3.0,3.4,5.5],[2.0,2.2,2.7,3.4,3.8,3.5,3.0,2.2,1.9,1.9,4.6,2.6,2.4,2.5,2.7,2.5,2.2,2.2,0.8,1.4,2.2],[1.8,1.8,2.1,2.8,3.1,3.1,2.7,1.7,1.8,2.2,4.4,2.3,2.3,2.3,2.7,2.8,2.4,2.3,1.2,0.8,1.4],[2.1,2.2,2.3,2.9,3.3,3.3,2.9,2.3,2.7,3.2,5.4,2.8,2.8,2.9,3.8,3.7,3.1,3.4,1.8,1.3,0.9]],
  "token_chain_ids": ["A","A","A","A","A","A","A","A","A","A","A","A","A","A","A","A","A","A","A","A","A"],
  "token_res_ids": [1,2,3,4,5,6,7,8,9,10,11,12,13,14,15,16,17,18,19,20,21]
}