{
  "atom_chain_ids": ["A","B","C","D","E","F","G","H","I","J","J","J","J","J","J","J","J","J","J","J","J","J","J","J","J","J","J","J","J","J","J","J","J","J","J","J","J","J","J","J","J","J","J","J","J","J","J","J","J","J","J","J","J","J","J","J","J","J","J","J","J","J","J","J","J","J","J","J","J","J","J","J","J","J","J","J","J","J","J","J","J","J","J","J","J","J","J","J","J","J","J","J","J","J","J","J","J","J","J","J","J","J","J","J","J","J","J","J","J","J","J","J","J","J","J","J","J","J","J","J","J","J","J","J","J","J","J","J","J","J","J","J","J","J","J","J","J","J","J","J","J","J","J","J","J","J","J","J","J","J","J","J","J","J","J","J","J","J","J","J","J","J","J","J","J","J","J","J","J","J","J","J","J","J","J","J","J","J","J","J","J","J","J","J","J","J","J","J","J","J","J","J","J","J","J","J","J","J","J","J","J","J","J","J","J","J","J","J","J","J","J","J"],
  "atom_plddts": [70.07,66.3,68.28,59.03,54.12,48.02,52.23,45.78,38.4,72.51,79.39,73.08,71.19,79.61,85.29,89.27,90.35,90.11,89.73,89.93,90.13,91.0,90.54,89.53,89.83,89.52,88.63,88.54,89.35,82.59,80.16,80.11,80.98,79.47,81.86,80.64,81.81,79.59,77.3,76.05,78.43,75.22,70.75,70.07,69.52,67.71,67.7,67.15,70.71,84.79,80.51,80.76,84.77,85.78,87.87,88.38,88.3,87.24,87.54,87.41,88.18,87.48,84.79,84.4,84.99,84.18,84.3,83.32,85.37,86.08,83.06,82.61,85.08,84.59,86.52,86.4,86.97,85.42,84.9,84.15,85.76,84.45,80.99,80.81,81.53,80.18,80.46,78.83,81.24,84.74,81.02,79.57,85.02,86.95,89.35,89.89,89.63,89.36,89.75,90.14,90.6,90.41,89.96,90.58,90.65,89.99,90.4,90.47,90.26,90.7,90.83,86.72,85.14,84.59,86.3,86.99,88.58,88.95,88.46,87.59,88.09,88.54,89.55,89.53,88.65,88.87,88.91,88.37,88.48,88.89,81.32,78.65,79.11,80.68,79.01,81.38,80.59,81.59,79.25,77.61,77.13,78.96,76.31,72.78,72.51,72.25,70.67,71.21,69.87,72.96,81.85,77.86,77.91,81.49,81.64,83.83,84.24,84.87,83.23,82.84,82.35,83.94,82.23,77.83,77.51,77.96,76.57,76.57,75.68,78.48,84.61,80.5,79.43,84.33,84.89,87.14,87.69,87.82,86.38,86.51,86.45,87.53,86.35,82.96,82.87,83.46,82.17,82.21,81.09,83.6,88.18,85.21,82.42,87.57,88.83,90.93,91.37,91.13,90.76,90.86,91.09,91.83,91.47,90.89,91.37,91.31,90.61,90.91,91.26,91.21,91.34,91.74],
  "contact_probs": [[1.0,0.01,0.14,0.07,0.04,0.09,0.2,0.05,0.16,0.01,0.01,0.03,0.03,0.07,0.15,0.53,0.28,0.19,0.04],[0.01,1.0,0.02,0.39,0.09,0.21,0.05,0.19,0.09,0.06,0.21,0.22,0.56,0.29,0.06,0.04,0.06,0.04,0.04],[0.14,0.02,1.0,0.06,0.2,0.05,0.3,0.06,0.16,0.13,0.02,0.06,0.06,0.1,0.22,0.31,0.43,0.65,0.55],[0.07,0.39,0.06,1.0,0.23,0.3,0.14,0.2,0.15,0.09,0.12,0.22,0.37,0.52,0.25,0.19,0.17,0.08,0.06],[0.04,0.09,0.2,0.23,1.0,0.26,0.2,0.21,0.15,0.33,0.33,0.33,0.23,0.18,0.16,0.18,0.2,0.22,0.34],[0.09,0.21,0.05,0.3,0.26,1.0,0.22,0.23,0.13,0.1,0.16,0.22,0.28,0.26,0.18,0.25,0.21,0.13,0.1],[0.2,0.05,0.3,0.14,0.2,0.22,1.0,0.19,0.19,0.17,0.08,0.16,0.14,0.22,0.32,0.41,0.41,0.48,0.3],[0.05,0.19,0.06,0.2,0.21,0.23,0.19,1.0,0.18,0.17,0.34,0.33,0.37,0.22,0.13,0.13,0.14,0.12,0.14],[0.16,0.09,0.16,0.15,0.15,0.13,0.19,0.18,1.0,0.16,0.11,0.19,0.18,0.21,0.2,0.26,0.27,0.23,0.21],[0.01,0.06,0.13,0.09,0.33,0.1,0.17,0.17,0.16,1.0,0.15,1.0,0.53,1.0,0.98,0.1,0.24,0.46,1.0],[0.01,0.21,0.02,0.12,0.33,0.16,0.08,0.34,0.11,0.15,1.0,0.32,0.29,0.07,0.01,0.01,0.02,0.01,0.02],[0.03,0.22,0.06,0.22,0.33,0.22,0.16,0.33,0.19,1.0,0.32,1.0,0.53,0.9,0.21,0.11,0.06,0.03,0.95],[0.03,0.56,0.06,0.37,0.23,0.28,0.14,0.37,0.18,0.53,0.29,0.53,1.0,0.87,0.19,0.02,0.05,0.02,0.13],[0.07,0.29,0.1,0.52,0.18,0.26,0.22,0.22,0.21,1.0,0.07,0.9,0.87,1.0,1.0,0.27,0.39,0.41,0.84],[0.15,0.06,0.22,0.25,0.16,0.18,0.32,0.13,0.2,0.98,0.01,0.21,0.19,1.0,1.0,0.71,0.78,0.92,1.0],[0.53,0.04,0.31,0.19,0.18,0.25,0.41,0.13,0.26,0.1,0.01,0.11,0.02,0.27,0.71,1.0,0.25,0.51,0.24],[0.28,0.06,0.43,0.17,0.2,0.21,0.41,0.14,0.27,0.24,0.02,0.06,0.05,0.39,0.78,0.25,1.0,0.41,0.6],[0.19,0.04,0.65,0.08,0.22,0.13,0.48,0.12,0.23,0.46,0.01,0.03,0.02,0.41,0.92,0.51,0.41,1.0,0.99],[0.04,0.04,0.55,0.06,0.34,0.1,0.3,0.14,0.21,1.0,0.02,0.95,0.13,0.84,1.0,0.24,0.6,0.99,1.0]],
  "pae": [[1.1,15.5,12.1,13.8,17.5,16.6,14.7,18.6,16.1,12.2,15.1,12.9,14.2,11.0,10.5,10.8,11.8,11.8,11.9],[14.5,1.4,16.2,10.3,14.9,15.0,16.9,14.5,16.9,10.8,10.7,9.5,9.5,9.7,11.3,15.5,14.4,14.3,12.0],[13.1,17.3,1.5,15.3,13.7,15.7,13.5,18.6,18.7,11.0,15.8,12.7,14.0,11.0,10.4,10.6,10.0,9.0,9.8],[13.7,9.9,18.5,1.9,15.0,14.8,16.8,16.3,18.2,12.4,13.8,11.1,11.1,9.8,11.4,14.8,14.0,15.8,14.7],[18.2,14.7,14.4,16.1,1.9,14.6,16.6,16.4,21.1,10.9,13.8,10.7,13.4,12.2,13.6,15.3,15.8,14.0,11.6],[20.5,17.6,14.5,13.8,17.0,2.2,14.2,17.2,20.4,10.7,17.3,11.0,12.8,10.9,11.6,14.4,13.0,11.5,11.3],[18.3,20.2,10.5,18.2,16.7,15.6,2.0,18.5,19.0,11.8,18.7,12.7,14.5,11.4,10.5,13.0,11.0,10.8,10.2],[21.1,14.8,19.1,16.5,13.8,15.6,18.0,1.7,18.0,12.0,13.7,11.3,13.5,12.3,14.0,16.3,17.1,15.7,12.8],[19.7,19.0,19.6,16.4,20.6,18.8,16.2,18.9,1.3,16.3,20.3,17.1,17.9,16.2,15.4,17.5,16.1,16.1,15.6],[8.1,6.7,6.9,7.0,7.8,8.8,8.5,9.6,14.2,1.0,3.1,2.7,4.4,2.9,3.5,6.1,5.0,4.2,2.8],[9.8,7.4,8.6,8.0,8.4,10.0,10.3,10.0,14.2,4.5,1.2,3.4,4.7,4.9,5.4,6.5,7.5,6.5,4.8],[8.1,6.5,7.1,6.7,7.5,9.0,8.5,8.9,13.3,2.6,2.5,1.0,3.2,2.9,3.5,6.1,5.3,4.9,3.4],[7.9,6.8,7.3,6.9,7.9,8.9,8.7,9.2,13.1,3.7,3.6,2.7,1.1,2.6,3.9,5.6,5.5,5.2,4.8],[6.1,5.7,5.6,6.0,6.9,8.2,7.3,8.8,11.8,2.6,3.8,2.3,2.1,0.8,1.6,4.0,3.5,3.2,2.7],[5.9,5.5,5.6,5.6,6.4,7.5,7.1,8.4,12.1,2.8,4.6,2.9,2.9,1.4,0.9,4.3,3.3,3.1,2.1],[7.5,7.9,7.6,7.9,9.4,9.5,8.6,11.4,12.5,5.8,6.4,5.5,4.9,3.8,3.2,1.3,4.3,4.1,4.8],[6.8,8.2,6.5,8.3,8.8,8.8,8.4,10.7,12.9,4.7,6.8,5.3,5.5,4.5,3.1,3.7,1.1,3.0,4.1],[7.1,7.5,6.2,8.2,7.7,8.5,7.6,9.7,13.0,3.7,5.8,4.2,4.7,3.4,3.2,3.8,2.6,1.2,2.4],[6.3,6.2,5.7,6.7,6.9,7.9,7.6,9.0,12.3,2.3,4.5,2.9,3.9,2.8,2.5,4.1,3.0,2.0,0.9]],
  "token_chain_ids": ["A","B","C","D","E","F","G","H","I","J","J","J","J","J","J","J","J","J","J"],
  "token_res_ids": [1,1,1,1,1,1,1,1,1,1,2,3,4,5,6,7,8,9,10]
}