{
  "atom_chain_ids": ["A","B","C","D","E","F","G","H","I","J","J","J","J","J","J","J","J","J","J","J","J","J","J","J","J","J","J","J","J","J","J","J","J","J","J","J","J","J","J","J","J","J","J","J","J","J","J","J","J","J","J","J","J","J","J","J","J","J","J","J","J","J","J","J","J","J","J","J","J","J","J","J","J","J","J","J","J","J","J","J","J","J","J","J","J","J","J","J","J","J","J","J","J","J","J","J","J","J","J","J","J","J","J","J","J","J","J","J","J","J","J","J","J","J","J","J","J","J","J","J","J","J","J","J","J","J","J","J","J","J","J","J","J","J","J","J","J","J","J","J","J","J","J","J","J","J","J","J","J","J","J","J","J","J","J","J","J","J","J","J","J","J","J","J","J","J","J","J","J","J","J","J","J","J","J","J","J","J","J","J","J","J","J","J","J","J","J","J","J","J","J","J","J","J","J","J","J","J","J","J","J","J","J","J","J","J","J","J","J","J","J","J"],
  "atom_plddts": [71.8,68.2,68.42,58.48,53.09,49.97,51.73,45.62,38.97,73.85,80.79,74.87,72.77,80.88,86.1,89.93,90.97,90.66,90.32,90.5,90.72,91.62,91.2,90.33,90.62,90.31,89.45,89.43,90.18,85.42,82.94,83.0,83.89,82.71,85.08,84.17,84.89,82.82,81.3,80.36,82.13,79.26,74.86,74.24,73.84,71.96,72.31,71.26,74.96,86.51,82.5,82.68,86.26,87.2,89.18,89.63,89.48,88.5,88.8,88.78,89.44,88.8,86.5,86.14,86.63,85.84,86.05,85.05,87.07,86.82,83.59,83.44,86.04,85.76,87.66,87.69,88.04,86.61,86.22,85.82,86.99,85.71,82.43,82.35,82.87,81.56,82.02,80.43,82.93,86.48,83.39,81.98,86.41,88.01,90.28,90.75,90.42,90.11,90.46,90.82,91.4,91.19,90.91,91.48,91.57,90.99,91.45,91.46,91.16,91.51,91.63,87.44,85.62,85.05,87.09,87.77,89.46,89.89,89.34,88.46,88.96,89.42,90.43,90.39,89.65,89.9,89.97,89.41,89.53,89.94,84.14,81.33,81.76,83.35,81.95,84.44,83.77,84.42,82.07,80.84,80.43,81.99,79.44,75.8,75.51,75.47,73.86,74.65,72.72,76.12,82.57,78.4,78.55,82.29,82.53,84.96,85.37,85.93,84.14,83.84,83.62,84.98,83.11,78.69,78.41,78.76,77.36,77.59,76.42,79.61,86.06,81.88,80.76,85.68,86.24,88.6,89.1,89.17,87.64,87.76,87.82,88.83,87.51,84.07,83.97,84.49,83.14,83.36,81.95,84.81,88.3,85.19,82.21,87.75,89.09,91.29,91.79,91.49,91.11,91.27,91.55,92.31,91.92,91.4,91.92,91.86,91.15,91.52,91.83,91.75,91.95,92.31],
  "contact_probs": [[1.0,0.01,0.14,0.07,0.04,0.09,0.2,0.05,0.16,0.01,0.01,0.03,0.03,0.07,0.15,0.53,0.28,0.19,0.04],[0.01,1.0,0.02,0.39,0.09,0.21,0.05,0.19,0.09,0.06,0.21,0.22,0.56,0.29,0.06,0.04,0.06,0.04,0.04],[0.14,0.02,1.0,0.06,0.2,0.05,0.3,0.06,0.16,0.13,0.02,0.06,0.06,0.1,0.22,0.31,0.43,0.65,0.55],[0.07,0.39,0.06,1.0,0.23,0.3,0.14,0.2,0.15,0.09,0.12,0.22,0.37,0.52,0.25,0.19,0.17,0.08,0.06],[0.04,0.09,0.2,0.23,1.0,0.26,0.2,0.21,0.15,0.33,0.33,0.33,0.23,0.18,0.16,0.18,0.2,0.22,0.34],[0.09,0.21,0.05,0.3,0.26,1.0,0.22,0.23,0.13,0.1,0.16,0.22,0.28,0.26,0.18,0.25,0.21,0.13,0.1],[0.2,0.05,0.3,0.14,0.2,0.22,1.0,0.19,0.19,0.17,0.08,0.16,0.14,0.22,0.32,0.41,0.41,0.48,0.3],[0.05,0.19,0.06,0.2,0.21,0.23,0.19,1.0,0.18,0.17,0.34,0.33,0.37,0.22,0.13,0.13,0.14,0.12,0.14],[0.16,0.09,0.16,0.15,0.15,0.13,0.19,0.18,1.0,0.16,0.11,0.19,0.18,0.21,0.2,0.26,0.27,0.23,0.21],[0.01,0.06,0.13,0.09,0.33,0.1,0.17,0.17,0.16,1.0,0.15,1.0,0.53,1.0,0.98,0.1,0.24,0.46,1.0],[0.01,0.21,0.02,0.12,0.33,0.16,0.08,0.34,0.11,0.15,1.0,0.32,0.29,0.07,0.01,0.01,0.02,0.01,0.02],[0.03,0.22,0.06,0.22,0.33,0.22,0.16,0.33,0.19,1.0,0.32,1.0,0.53,0.9,0.21,0.11,0.06,0.03,0.95],[0.03,0.56,0.06,0.37,0.23,0.28,0.14,0.37,0.18,0.53,0.29,0.53,1.0,0.87,0.19,0.02,0.05,0.02,0.13],[0.07,0.29,0.1,0.52,0.18,0.26,0.22,0.22,0.21,1.0,0.07,0.9,0.87,1.0,1.0,0.27,0.39,0.41,0.84],[0.15,0.06,0.22,0.25,0.16,0.18,0.32,0.13,0.2,0.98,0.01,0.21,0.19,1.0,1.0,0.71,0.78,0.92,1.0],[0.53,0.04,0.31,0.19,0.18,0.25,0.41,0.13,0.26,0.1,0.01,0.11,0.02,0.27,0.71,1.0,0.25,0.51,0.24],[0.28,0.06,0.43,0.17,0.2,0.21,0.41,0.14,0.27,0.24,0.02,0.06,0.05,0.39,0.78,0.25,1.0,0.41,0.6],[0.19,0.04,0.65,0.08,0.22,0.13,0.48,0.12,0.23,0.46,0.01,0.03,0.02,0.41,0.92,0.51,0.41,1.0,0.99],[0.04,0.04,0.55,0.06,0.34,0.1,0.3,0.14,0.21,1.0,0.02,0.95,0.13,0.84,1.0,0.24,0.6,0.99,1.0]],
  "pae": [[1.0,14.0,10.2,12.0,17.6,14.2,11.7,19.0,17.9,11.6,17.0,12.1,14.2,11.1,9.6,11.0,10.6,10.9,11.4],[14.8,1.3,15.4,9.6,13.9,14.5,15.5,13.3,17.8,10.3,10.9,9.0,9.9,9.9,11.1,15.0,13.4,14.4,11.7],[13.3,16.0,1.4,14.7,12.8,17.0,12.0,17.4,17.3,10.4,15.2,11.9,14.4,10.9,10.3,11.3,9.8,8.6,9.0],[14.0,10.9,18.1,1.6,14.7,12.6,15.6,16.6,19.2,13.6,14.6,11.0,11.9,10.2,11.1,14.5,13.1,14.9,13.9],[19.1,15.8,14.3,16.2,1.9,15.1,15.6,15.2,20.8,10.4,12.5,10.8,12.8,12.5,13.9,16.3,15.8,14.1,10.6],[13.1,12.6,14.6,10.4,14.5,2.2,13.3,16.6,19.1,11.8,15.9,10.3,13.6,10.1,10.7,12.8,13.2,13.9,12.2],[16.9,19.7,10.5,17.2,16.5,16.7,1.9,17.6,18.5,11.7,17.7,12.5,15.1,11.1,10.3,11.6,11.6,11.7,10.6],[21.7,14.8,19.5,17.4,13.5,16.7,18.1,1.5,18.2,11.6,11.8,11.2,12.5,11.8,13.4,16.5,17.7,16.4,12.7],[20.9,21.9,18.8,19.9,20.5,17.0,15.0,18.1,1.3,15.8,20.3,16.0,17.5,14.4,14.5,16.8,15.2,14.8,14.4],[6.5,5.7,5.8,6.6,6.5,8.3,7.3,8.4,12.9,1.0,2.8,2.5,3.5,2.7,3.0,5.6,4.4,3.9,2.2],[8.3,5.7,7.3,6.9,6.5,9.0,8.4,8.7,13.2,3.5,1.1,2.7,3.2,4.5,4.3,6.5,6.1,5.9,4.1],[6.7,5.4,6.0,6.3,6.2,8.3,7.3,8.1,12.5,2.2,2.3,1.0,2.7,2.6,3.0,5.6,4.4,4.4,2.8],[7.3,5.6,6.5,6.5,6.4,8.1,7.7,8.1,12.2,3.3,3.1,2.5,1.0,2.4,3.3,5.2,4.5,4.5,3.7],[5.3,4.7,4.7,5.5,5.6,7.1,6.1,7.8,11.1,2.3,3.2,2.2,2.0,0.8,1.5,3.7,3.2,3.2,2.4],[5.2,4.6,4.7,5.1,5.7,6.9,5.9,7.7,11.4,2.6,4.0,2.8,2.5,1.3,0.9,3.6,3.0,3.2,1.8],[6.6,7.2,6.1,7.1,8.3,9.2,7.6,10.5,12.4,5.2,5.8,5.0,4.2,3.2,2.8,1.3,3.5,3.6,4.3],[6.4,7.5,5.5,7.5,8.1,8.9,6.8,10.1,12.6,4.5,6.4,4.9,5.2,4.6,3.1,3.1,1.1,2.8,3.8],[6.4,7.2,5.3,8.1,7.0,8.9,6.4,9.2,11.3,3.4,5.7,4.1,4.5,3.4,3.5,3.7,2.7,1.2,2.8],[5.9,5.6,4.8,6.5,6.0,7.7,6.4,8.1,11.4,1.9,3.9,2.6,3.3,2.5,2.1,3.9,2.9,2.0,0.9]],
  "token_chain_ids": ["A","B","C","D","E","F","G","H","I","J","J","J","J","J","J","J","J","J","J"],
  "token_res_ids": [1,1,1,1,1,1,1,1,1,1,2,3,4,5,6,7,8,9,10]
}