{
  "atom_chain_ids": ["A","B","C","D","E","F","G","H","I","J","J","J","J","J","J","J","J","J","J","J","J","J","J","J","J","J","J","J","J","J","J","J","J","J","J","J","J","J","J","J","J","J","J","J","J","J","J","J","J","J","J","J","J","J","J","J","J","J","J","J","J","J","J","J","J","J","J","J","J","J","J","J","J","J","J","J","J","J","J","J","J","J","J","J","J","J","J","J","J","J","J","J","J","J","J","J","J","J","J","J","J","J","J","J","J","J","J","J","J","J","J","J","J","J","J","J","J","J","J","J","J","J","J","J","J","J","J","J","J","J","J","J","J","J","J","J","J","J","J","J","J","J","J","J","J","J","J","J","J","J","J","J","J","J","J","J","J","J","J","J","J","J","J","J","J","J","J","J","J","J","J","J","J","J","J","J","J","J","J","J","J","J","J","J","J","J","J","J","J","J","J","J","J","J","J","J","J","J","J","J","J","J","J","J","J","J","J","J","J","J","J","J"],
  "atom_plddts": [72.91,68.28,67.38,58.6,52.62,50.42,51.59,45.4,39.32,72.33,79.85,74.0,71.97,80.0,85.75,89.75,90.89,90.59,90.21,90.44,90.68,91.59,91.12,90.12,90.43,90.09,89.18,89.16,89.94,82.98,79.68,80.02,81.85,80.68,83.1,81.79,82.98,80.5,78.34,77.89,79.5,76.04,71.49,70.98,70.11,68.4,68.89,68.03,72.21,84.91,80.63,81.06,84.92,85.95,88.19,88.69,88.5,87.12,87.37,87.38,88.26,87.17,83.81,83.17,83.84,83.01,83.28,81.86,84.56,85.26,81.85,81.92,84.67,84.34,86.27,86.14,86.56,84.93,84.09,83.92,85.22,83.61,79.94,79.83,80.34,79.03,79.52,77.85,80.65,85.74,82.69,81.19,85.61,87.35,89.7,90.29,89.93,89.58,90.05,90.43,91.04,90.83,90.47,91.14,91.26,90.63,91.13,91.08,90.69,91.09,91.26,86.77,84.72,84.02,86.51,87.47,89.2,89.7,89.12,88.27,88.86,89.42,90.32,90.31,89.5,89.81,89.88,89.28,89.39,89.83,81.19,78.32,78.95,80.7,79.02,81.29,80.52,81.41,78.9,77.35,77.69,78.92,76.27,73.24,73.22,72.92,71.57,72.46,70.69,74.09,81.2,77.37,77.75,80.66,80.66,82.92,83.16,83.88,81.88,81.12,80.96,82.64,80.51,75.88,75.55,75.82,74.51,74.74,73.6,76.83,85.62,81.5,80.47,85.32,86.01,88.23,88.83,88.87,87.43,87.71,87.87,88.72,87.57,84.28,84.29,84.77,83.5,83.74,82.41,85.11,88.28,85.17,82.09,87.73,89.1,91.3,91.8,91.51,91.12,91.35,91.68,92.4,92.02,91.48,92.04,91.99,91.28,91.68,91.97,91.86,92.09,92.43],
  "contact_probs": [[1.0,0.01,0.14,0.07,0.04,0.09,0.2,0.05,0.16,0.01,0.01,0.03,0.03,0.07,0.15,0.53,0.28,0.19,0.04],[0.01,1.0,0.02,0.39,0.09,0.21,0.05,0.19,0.09,0.06,0.21,0.22,0.56,0.29,0.06,0.04,0.06,0.04,0.04],[0.14,0.02,1.0,0.06,0.2,0.05,0.3,0.06,0.16,0.13,0.02,0.06,0.06,0.1,0.22,0.31,0.43,0.65,0.55],[0.07,0.39,0.06,1.0,0.23,0.3,0.14,0.2,0.15,0.09,0.12,0.22,0.37,0.52,0.25,0.19,0.17,0.08,0.06],[0.04,0.09,0.2,0.23,1.0,0.26,0.2,0.21,0.15,0.33,0.33,0.33,0.23,0.18,0.16,0.18,0.2,0.22,0.34],[0.09,0.21,0.05,0.3,0.26,1.0,0.22,0.23,0.13,0.1,0.16,0.22,0.28,0.26,0.18,0.25,0.21,0.13,0.1],[0.2,0.05,0.3,0.14,0.2,0.22,1.0,0.19,0.19,0.17,0.08,0.16,0.14,0.22,0.32,0.41,0.41,0.48,0.3],[0.05,0.19,0.06,0.2,0.21,0.23,0.19,1.0,0.18,0.17,0.34,0.33,0.37,0.22,0.13,0.13,0.14,0.12,0.14],[0.16,0.09,0.16,0.15,0.15,0.13,0.19,0.18,1.0,0.16,0.11,0.19,0.18,0.21,0.2,0.26,0.27,0.23,0.21],[0.01,0.06,0.13,0.09,0.33,0.1,0.17,0.17,0.16,1.0,0.15,1.0,0.53,1.0,0.98,0.1,0.24,0.46,1.0],[0.01,0.21,0.02,0.12,0.33,0.16,0.08,0.34,0.11,0.15,1.0,0.32,0.29,0.07,0.01,0.01,0.02,0.01,0.02],[0.03,0.22,0.06,0.22,0.33,0.22,0.16,0.33,0.19,1.0,0.32,1.0,0.53,0.9,0.21,0.11,0.06,0.03,0.95],[0.03,0.56,0.06,0.37,0.23,0.28,0.14,0.37,0.18,0.53,0.29,0.53,1.0,0.87,0.19,0.02,0.05,0.02,0.13],[0.07,0.29,0.1,0.52,0.18,0.26,0.22,0.22,0.21,1.0,0.07,0.9,0.87,1.0,1.0,0.27,0.39,0.41,0.84],[0.15,0.06,0.22,0.25,0.16,0.18,0.32,0.13,0.2,0.98,0.01,0.21,0.19,1.0,1.0,0.71,0.78,0.92,1.0],[0.53,0.04,0.31,0.19,0.18,0.25,0.41,0.13,0.26,0.1,0.01,0.11,0.02,0.27,0.71,1.0,0.25,0.51,0.24],[0.28,0.06,0.43,0.17,0.2,0.21,0.41,0.14,0.27,0.24,0.02,0.06,0.05,0.39,0.78,0.25,1.0,0.41,0.6],[0.19,0.04,0.65,0.08,0.22,0.13,0.48,0.12,0.23,0.46,0.01,0.03,0.02,0.41,0.92,0.51,0.41,1.0,0.99],[0.04,0.04,0.55,0.06,0.34,0.1,0.3,0.14,0.21,1.0,0.02,0.95,0.13,0.84,1.0,0.24,0.6,0.99,1.0]],
  "pae": [[1.0,14.3,12.1,13.3,17.6,15.2,13.7,17.7,21.0,12.4,17.5,13.0,14.9,11.4,10.3,11.2,11.5,11.5,12.0],[14.3,1.3,15.9,10.7,14.8,14.6,16.3,14.6,19.8,10.8,12.0,10.4,10.4,9.9,11.5,15.7,14.3,13.9,12.2],[15.5,17.1,1.4,15.7,13.3,17.1,12.7,18.0,17.8,10.1,14.9,12.2,14.6,11.0,10.4,11.7,9.2,9.0,9.0],[12.0,9.9,19.7,2.1,15.8,13.9,16.4,17.1,21.2,13.2,14.9,12.2,12.7,10.9,11.3,13.9,13.8,13.6,13.7],[18.3,15.5,14.5,16.2,2.0,13.9,17.0,16.5,18.7,10.4,12.5,10.8,12.1,12.2,13.6,15.8,13.7,14.6,10.9],[11.9,14.4,13.6,12.0,13.8,2.6,13.9,16.4,20.8,11.7,16.2,11.0,13.6,11.2,11.3,10.8,12.2,13.6,11.9],[18.8,20.1,12.0,17.7,16.9,17.0,2.1,17.6,19.9,12.1,18.7,13.4,16.2,11.7,10.9,12.3,11.9,11.5,10.6],[19.7,12.3,20.4,14.4,15.2,15.0,17.7,2.3,18.7,12.6,14.3,12.1,13.5,12.3,13.9,16.1,16.0,16.4,13.4],[23.2,21.4,18.3,21.7,14.9,19.9,16.3,17.9,1.4,14.5,18.9,16.0,16.8,14.8,15.3,17.5,16.4,16.3,13.9],[7.5,6.0,6.5,6.9,6.7,8.3,7.9,9.5,12.8,1.0,3.4,3.3,4.4,2.8,3.6,5.8,5.1,3.9,2.3],[9.5,6.1,7.7,7.6,6.8,9.0,9.1,9.5,13.1,3.8,1.1,2.9,3.8,5.3,4.8,6.8,6.5,6.1,4.6],[8.2,5.9,6.9,7.0,6.7,8.4,8.3,9.2,12.7,2.5,2.7,1.0,3.7,3.6,4.1,6.6,5.7,4.9,3.5],[8.3,6.2,7.1,7.2,6.9,8.7,8.6,9.1,12.4,3.9,3.6,3.1,1.0,2.9,4.1,5.8,5.6,4.9,4.2],[6.1,5.1,5.4,6.2,6.2,7.6,7.0,8.7,11.5,2.5,4.0,2.9,2.4,0.9,1.8,4.0,3.9,3.0,2.7],[5.7,5.1,5.3,5.8,6.2,7.3,6.6,8.6,11.1,2.8,5.0,3.6,3.0,1.3,0.9,4.0,4.0,2.6,1.8],[7.1,7.4,6.8,7.8,8.6,9.5,7.7,10.4,12.8,5.1,7.0,5.9,4.9,3.9,2.7,1.1,3.9,3.6,4.3],[6.8,7.4,6.1,8.0,8.1,8.8,7.5,10.7,12.8,4.7,7.2,5.0,6.0,4.9,2.8,3.0,1.2,2.7,3.8],[6.7,7.0,5.8,7.5,7.8,8.3,7.0,9.9,12.1,3.6,6.7,4.8,4.7,3.1,2.6,3.7,2.7,1.1,2.4],[6.2,6.1,5.4,6.7,6.6,7.7,7.0,9.3,11.8,1.9,5.0,3.5,3.9,2.7,2.1,4.0,3.1,1.8,0.9]],
  "token_chain_ids": ["A","B","C","D","E","F","G","H","I","J","J","J","J","J","J","J","J","J","J"],
  "token_res_ids": [1,1,1,1,1,1,1,1,1,1,2,3,4,5,6,7,8,9,10]
}