{
  "atom_chain_ids": ["A","B","C","D","E","F","G","H","I","J","J","J","J","J","J","J","J","J","J","J","J","J","J","J","J","J","J","J","J","J","J","J","J","J","J","J","J","J","J","J","J","J","J","J","J","J","J","J","J","J","J","J","J","J","J","J","J","J","J","J","J","J","J","J","J","J","J","J","J","J","J","J","J","J","J","J","J","J","J","J","J","J","J","J","J","J","J","J","J","J","J","J","J","J","J","J","J","J","J","J","J","J","J","J","J","J","J","J","J","J","J","J","J","J","J","J","J","J","J","J","J","J","J","J","J","J","J","J","J","J","J","J","J","J","J","J","J","J","J","J","J","J","J","J","J","J","J","J","J","J","J","J","J","J","J","J","J","J","J","J","J","J","J","J","J","J","J","J","J","J","J","J","J","J","J","J","J","J","J","J","J","J","J","J","J","J","J","J","J","J","J","J","J","J","J","J","J","J","J","J","J","J","J","J","J","J","J","J","J","J","J","J"],
  "atom_plddts": [70.5,65.69,69.06,58.01,51.97,48.52,46.44,45.94,41.23,71.75,78.86,72.47,70.82,79.18,85.16,89.27,90.39,90.12,89.72,89.95,90.15,91.04,90.56,89.55,89.83,89.52,88.61,88.51,89.35,84.18,82.15,81.99,82.33,80.94,83.27,82.07,82.96,80.78,78.61,77.03,79.57,76.42,71.88,71.01,70.72,68.78,68.75,67.98,71.51,84.87,80.34,80.62,85.02,86.07,88.25,88.82,88.65,87.61,88.01,88.01,88.66,88.02,85.63,85.29,85.9,85.13,85.29,84.29,86.33,86.12,82.97,82.56,85.18,84.63,86.61,86.48,86.99,85.4,84.84,84.13,85.76,84.4,80.88,80.67,81.51,80.19,80.49,78.76,81.23,84.78,81.18,79.75,84.99,86.91,89.34,89.95,89.65,89.37,89.79,90.18,90.67,90.46,90.0,90.65,90.73,90.05,90.48,90.52,90.28,90.74,90.89,86.8,85.11,84.51,86.36,87.1,88.79,89.21,88.65,87.78,88.23,88.72,89.75,89.69,88.84,89.08,89.12,88.53,88.65,89.07,82.04,79.31,79.82,81.47,79.96,82.29,81.59,82.4,80.08,78.58,78.18,79.83,77.22,73.72,73.43,73.24,71.7,72.31,70.83,73.96,81.6,77.5,77.58,81.28,81.41,83.71,84.09,84.75,83.0,82.53,82.04,83.66,81.75,77.19,76.84,77.24,75.82,75.86,74.89,77.86,84.82,80.58,79.56,84.64,85.34,87.66,88.22,88.34,86.86,87.04,87.05,88.05,86.84,83.37,83.24,83.83,82.54,82.62,81.4,84.07,87.95,84.85,81.96,87.4,88.74,90.93,91.37,91.1,90.73,90.87,91.12,91.88,91.49,90.89,91.37,91.33,90.61,90.92,91.27,91.21,91.37,91.79],
  "contact_probs": [[1.0,0.01,0.14,0.07,0.04,0.09,0.2,0.05,0.16,0.01,0.01,0.03,0.03,0.07,0.15,0.53,0.28,0.19,0.04],[0.01,1.0,0.02,0.39,0.09,0.21,0.05,0.19,0.09,0.06,0.21,0.22,0.56,0.29,0.06,0.04,0.06,0.04,0.04],[0.14,0.02,1.0,0.06,0.2,0.05,0.3,0.06,0.16,0.13,0.02,0.06,0.06,0.1,0.22,0.31,0.43,0.65,0.55],[0.07,0.39,0.06,1.0,0.23,0.3,0.14,0.2,0.15,0.09,0.12,0.22,0.37,0.52,0.25,0.19,0.17,0.08,0.06],[0.04,0.09,0.2,0.23,1.0,0.26,0.2,0.21,0.15,0.33,0.33,0.33,0.23,0.18,0.16,0.18,0.2,0.22,0.34],[0.09,0.21,0.05,0.3,0.26,1.0,0.22,0.23,0.13,0.1,0.16,0.22,0.28,0.26,0.18,0.25,0.21,0.13,0.1],[0.2,0.05,0.3,0.14,0.2,0.22,1.0,0.19,0.19,0.17,0.08,0.16,0.14,0.22,0.32,0.41,0.41,0.48,0.3],[0.05,0.19,0.06,0.2,0.21,0.23,0.19,1.0,0.18,0.17,0.34,0.33,0.37,0.22,0.13,0.13,0.14,0.12,0.14],[0.16,0.09,0.16,0.15,0.15,0.13,0.19,0.18,1.0,0.16,0.11,0.19,0.18,0.21,0.2,0.26,0.27,0.23,0.21],[0.01,0.06,0.13,0.09,0.33,0.1,0.17,0.17,0.16,1.0,0.15,1.0,0.53,1.0,0.98,0.1,0.24,0.46,1.0],[0.01,0.21,0.02,0.12,0.33,0.16,0.08,0.34,0.11,0.15,1.0,0.32,0.29,0.07,0.01,0.01,0.02,0.01,0.02],[0.03,0.22,0.06,0.22,0.33,0.22,0.16,0.33,0.19,1.0,0.32,1.0,0.53,0.9,0.21,0.11,0.06,0.03,0.95],[0.03,0.56,0.06,0.37,0.23,0.28,0.14,0.37,0.18,0.53,0.29,0.53,1.0,0.87,0.19,0.02,0.05,0.02,0.13],[0.07,0.29,0.1,0.52,0.18,0.26,0.22,0.22,0.21,1.0,0.07,0.9,0.87,1.0,1.0,0.27,0.39,0.41,0.84],[0.15,0.06,0.22,0.25,0.16,0.18,0.32,0.13,0.2,0.98,0.01,0.21,0.19,1.0,1.0,0.71,0.78,0.92,1.0],[0.53,0.04,0.31,0.19,0.18,0.25,0.41,0.13,0.26,0.1,0.01,0.11,0.02,0.27,0.71,1.0,0.25,0.51,0.24],[0.28,0.06,0.43,0.17,0.2,0.21,0.41,0.14,0.27,0.24,0.02,0.06,0.05,0.39,0.78,0.25,1.0,0.41,0.6],[0.19,0.04,0.65,0.08,0.22,0.13,0.48,0.12,0.23,0.46,0.01,0.03,0.02,0.41,0.92,0.51,0.41,1.0,0.99],[0.04,0.04,0.55,0.06,0.34,0.1,0.3,0.14,0.21,1.0,0.02,0.95,0.13,0.84,1.0,0.24,0.6,0.99,1.0]],
  "pae": [[1.1,14.4,11.1,13.8,16.4,14.1,19.5,20.1,16.6,11.5,16.5,12.7,13.0,10.4,9.5,10.8,10.3,11.2,11.2],[13.9,1.4,15.9,9.9,15.1,14.3,15.6,15.6,17.3,10.7,11.6,9.8,9.5,9.4,11.1,14.6,14.3,13.8,11.7],[13.0,16.7,1.3,15.3,12.1,16.3,14.8,19.3,17.8,10.8,16.5,12.5,14.8,11.5,10.9,11.9,10.2,9.2,9.2],[13.4,8.2,18.2,1.9,15.0,14.1,18.6,18.0,18.8,12.2,13.4,11.6,11.7,10.0,11.5,13.5,14.0,14.0,13.5],[17.4,15.4,13.7,16.9,1.8,16.5,13.1,16.8,20.8,10.8,13.7,11.4,14.8,13.8,13.4,15.6,15.2,13.7,11.1],[10.7,14.1,16.4,11.7,17.0,2.6,17.6,18.9,18.2,12.7,17.1,12.6,13.0,10.9,12.0,13.9,13.1,13.6,13.3],[20.4,15.5,15.3,16.6,9.8,19.2,2.0,15.7,20.4,10.9,15.9,11.3,15.3,13.1,13.6,14.2,15.0,13.5,10.7],[20.9,14.5,19.8,15.6,14.9,16.7,15.6,1.7,18.2,11.5,13.7,11.3,13.5,11.9,13.4,15.6,16.8,15.9,12.5],[18.8,18.9,18.1,16.6,20.3,15.6,18.1,19.5,1.4,15.8,20.1,17.9,18.4,14.5,13.9,16.4,15.2,16.3,15.0],[7.2,6.6,6.2,7.0,6.8,8.2,8.4,10.0,13.2,1.0,3.2,2.3,4.0,2.7,3.1,5.3,4.5,3.7,2.4],[9.2,7.2,8.3,8.3,7.6,9.8,9.6,10.6,13.6,3.7,1.3,3.0,4.2,4.7,4.7,5.5,6.7,5.4,4.2],[7.5,6.3,6.5,6.7,6.8,8.3,8.3,9.1,12.9,2.3,2.7,1.0,3.0,2.8,3.1,5.5,4.7,4.4,3.0],[7.3,6.6,7.1,7.1,7.3,8.3,9.3,10.0,13.2,3.5,3.5,2.4,1.1,2.6,3.7,5.2,5.1,4.6,4.2],[5.8,5.3,4.9,6.1,6.5,7.6,7.7,8.7,10.4,2.3,3.5,2.0,2.0,0.8,1.4,3.3,3.1,2.8,2.3],[5.7,5.3,4.8,5.7,6.1,7.1,7.3,8.3,10.6,2.5,4.2,2.6,2.6,1.2,0.9,3.5,3.1,2.6,1.7],[6.9,7.2,6.4,8.0,8.0,8.8,10.0,11.2,11.6,5.1,5.9,4.6,4.4,3.4,2.9,1.2,3.6,3.3,4.2],[6.7,7.6,6.2,8.4,7.8,9.1,9.9,11.2,12.0,4.0,6.5,4.3,4.8,3.6,2.9,3.3,1.1,2.4,3.8],[6.6,7.0,5.7,7.7,7.1,8.7,8.3,9.9,11.5,3.3,5.9,3.8,4.4,2.8,2.4,3.4,2.3,1.1,2.5],[6.1,6.1,5.2,6.6,6.1,7.8,7.4,9.0,11.0,1.8,4.2,2.5,3.6,2.4,2.0,3.6,2.8,1.8,0.9]],
  "token_chain_ids": ["A","B","C","D","E","F","G","H","I","J","J","J","J","J","J","J","J","J","J"],
  "token_res_ids": [1,1,1,1,1,1,1,1,1,1,2,3,4,5,6,7,8,9,10]
}