{
  "atom_chain_ids": ["A","B","C","D","E","F","G","H","I","J","J","J","J","J","J","J","J","J","J","J","J","J","J","J","J","J","J","J","J","J","J","J","J","J","J","J","J","J","J","J","J","J","J","J","J","J","J","J","J","J","J","J","J","J","J","J","J","J","J","J","J","J","J","J","J","J","J","J","J","J","J","J","J","J","J","J","J","J","J","J","J","J","J","J","J","J","J","J","J","J","J","J","J","J","J","J","J","J","J","J","J","J","J","J","J","J","J","J","J","J","J","J","J","J","J","J","J","J","J","J","J","J","J","J","J","J","J","J","J","J","J","J","J","J","J","J","J","J","J","J","J","J","J","J","J","J","J","J","J","J","J","J","J","J","J","J","J","J","J","J","J","J","J","J","J","J","J","J","J","J","J","J","J","J","J","J","J","J","J","J","J","J","J","J","J","J","J","J","J","J","J","J","J","J","J","J","J","J","J","J","J","J","J","J","J","J","J","J","J","J","J","J"],
  "atom_plddts": [72.66,67.82,68.03,57.96,52.17,47.05,49.61,45.43,36.43,73.74,81.3,75.3,72.86,81.37,86.76,90.77,91.82,91.52,91.21,91.38,91.63,92.47,92.05,91.24,91.55,91.25,90.33,90.33,91.07,86.36,83.83,83.89,84.77,83.68,86.03,85.05,85.71,83.59,82.06,81.1,82.84,79.87,75.38,74.65,74.33,72.47,72.94,71.65,75.57,87.19,83.11,83.23,86.97,88.0,90.05,90.5,90.33,89.4,89.72,89.71,90.32,89.73,87.64,87.31,87.79,86.99,87.21,86.2,88.21,88.08,84.95,84.54,87.14,86.77,88.65,88.67,89.02,87.61,87.42,86.92,88.09,86.92,83.82,83.72,84.34,83.06,83.51,81.83,84.3,86.62,83.4,82.05,86.64,88.41,90.72,91.25,90.9,90.64,91.02,91.41,91.94,91.73,91.47,92.03,92.12,91.54,91.98,92.02,91.75,92.13,92.22,88.28,86.58,86.03,87.88,88.5,90.16,90.56,90.06,89.23,89.76,90.19,91.14,91.13,90.43,90.69,90.78,90.24,90.35,90.74,83.8,80.78,81.43,83.3,81.94,84.35,83.85,84.39,82.15,80.95,81.01,82.18,79.71,76.35,76.18,75.92,74.44,75.31,73.6,76.99,84.09,80.63,80.81,83.42,83.61,85.71,86.02,86.43,84.72,84.39,84.03,85.48,83.75,79.38,78.98,79.4,78.07,78.29,77.11,80.08,86.99,83.23,82.18,86.5,87.09,89.22,89.69,89.71,88.3,88.5,88.62,89.5,88.37,85.17,85.1,85.61,84.34,84.57,83.21,85.89,89.09,86.17,83.29,88.49,89.67,91.81,92.3,92.0,91.61,91.81,92.1,92.84,92.47,91.98,92.51,92.44,91.74,92.13,92.43,92.32,92.55,92.87],
  "contact_probs": [[1.0,0.01,0.14,0.07,0.04,0.09,0.2,0.05,0.16,0.01,0.01,0.03,0.03,0.07,0.15,0.53,0.28,0.19,0.04],[0.01,1.0,0.02,0.39,0.09,0.21,0.05,0.19,0.09,0.06,0.21,0.22,0.56,0.29,0.06,0.04,0.06,0.04,0.04],[0.14,0.02,1.0,0.06,0.2,0.05,0.3,0.06,0.16,0.13,0.02,0.06,0.06,0.1,0.22,0.31,0.43,0.65,0.55],[0.07,0.39,0.06,1.0,0.23,0.3,0.14,0.2,0.15,0.09,0.12,0.22,0.37,0.52,0.25,0.19,0.17,0.08,0.06],[0.04,0.09,0.2,0.23,1.0,0.26,0.2,0.21,0.15,0.33,0.33,0.33,0.23,0.18,0.16,0.18,0.2,0.22,0.34],[0.09,0.21,0.05,0.3,0.26,1.0,0.22,0.23,0.13,0.1,0.16,0.22,0.28,0.26,0.18,0.25,0.21,0.13,0.1],[0.2,0.05,0.3,0.14,0.2,0.22,1.0,0.19,0.19,0.17,0.08,0.16,0.14,0.22,0.32,0.41,0.41,0.48,0.3],[0.05,0.19,0.06,0.2,0.21,0.23,0.19,1.0,0.18,0.17,0.34,0.33,0.37,0.22,0.13,0.13,0.14,0.12,0.14],[0.16,0.09,0.16,0.15,0.15,0.13,0.19,0.18,1.0,0.16,0.11,0.19,0.18,0.21,0.2,0.26,0.27,0.23,0.21],[0.01,0.06,0.13,0.09,0.33,0.1,0.17,0.17,0.16,1.0,0.15,1.0,0.53,1.0,0.98,0.1,0.24,0.46,1.0],[0.01,0.21,0.02,0.12,0.33,0.16,0.08,0.34,0.11,0.15,1.0,0.32,0.29,0.07,0.01,0.01,0.02,0.01,0.02],[0.03,0.22,0.06,0.22,0.33,0.22,0.16,0.33,0.19,1.0,0.32,1.0,0.53,0.9,0.21,0.11,0.06,0.03,0.95],[0.03,0.56,0.06,0.37,0.23,0.28,0.14,0.37,0.18,0.53,0.29,0.53,1.0,0.87,0.19,0.02,0.05,0.02,0.13],[0.07,0.29,0.1,0.52,0.18,0.26,0.22,0.22,0.21,1.0,0.07,0.9,0.87,1.0,1.0,0.27,0.39,0.41,0.84],[0.15,0.06,0.22,0.25,0.16,0.18,0.32,0.13,0.2,0.98,0.01,0.21,0.19,1.0,1.0,0.71,0.78,0.92,1.0],[0.53,0.04,0.31,0.19,0.18,0.25,0.41,0.13,0.26,0.1,0.01,0.11,0.02,0.27,0.71,1.0,0.25,0.51,0.24],[0.28,0.06,0.43,0.17,0.2,0.21,0.41,0.14,0.27,0.24,0.02,0.06,0.05,0.39,0.78,0.25,1.0,0.41,0.6],[0.19,0.04,0.65,0.08,0.22,0.13,0.48,0.12,0.23,0.46,0.01,0.03,0.02,0.41,0.92,0.51,0.41,1.0,0.99],[0.04,0.04,0.55,0.06,0.34,0.1,0.3,0.14,0.21,1.0,0.02,0.95,0.13,0.84,1.0,0.24,0.6,0.99,1.0]],
  "pae": [[1.1,14.6,10.5,13.1,17.5,12.7,12.5,18.4,16.9,11.3,15.1,11.8,13.2,10.4,9.6,10.4,9.8,10.5,10.9],[14.1,1.2,15.1,9.4,13.0,13.0,14.7,13.6,17.4,10.5,11.5,9.0,9.8,9.7,11.2,14.3,13.3,13.5,11.8],[12.4,15.7,1.5,14.3,12.7,16.5,11.3,16.4,18.0,10.0,14.5,11.7,13.8,10.7,10.1,9.8,9.0,8.5,8.7],[14.8,10.8,18.4,1.6,13.9,11.9,16.8,15.4,18.7,13.0,14.7,10.9,11.0,10.1,11.4,14.4,14.0,14.8,13.6],[18.5,14.2,14.3,16.4,1.9,15.4,15.3,16.0,21.1,10.2,13.3,9.9,12.5,12.1,13.6,16.4,14.8,13.9,10.6],[12.6,13.9,15.0,10.6,16.8,2.4,14.3,17.3,19.0,12.6,16.8,11.5,12.5,10.5,11.4,13.9,13.3,13.6,13.4],[17.1,19.9,9.7,19.2,15.4,18.4,1.9,17.9,19.1,11.2,16.4,12.2,14.9,11.8,11.0,12.4,11.2,11.0,9.9],[21.5,13.1,17.5,15.4,13.6,16.3,17.9,2.2,17.9,11.7,13.7,11.1,13.1,11.8,13.4,15.6,16.2,15.5,12.5],[18.9,18.9,19.8,16.7,20.4,17.7,16.6,18.1,1.3,16.3,20.4,16.4,17.8,15.0,15.0,17.8,16.4,16.1,15.8],[7.1,5.7,5.9,6.5,6.5,7.6,7.2,8.5,13.7,1.0,2.6,2.2,3.7,2.4,3.0,4.8,4.4,3.5,2.1],[8.6,6.0,7.6,7.0,6.8,8.6,8.2,9.0,13.5,3.2,1.2,2.9,4.0,4.5,4.7,5.4,6.5,5.2,4.0],[6.9,5.2,6.0,6.0,6.0,7.2,7.0,8.0,12.6,1.8,2.3,0.9,2.6,2.3,2.8,4.8,4.0,3.8,2.3],[7.1,5.7,6.5,6.2,6.5,7.5,7.7,8.3,12.5,3.2,3.4,2.2,1.0,2.2,3.4,4.6,4.5,4.1,3.7],[5.5,4.9,4.9,5.3,5.6,6.4,5.8,7.7,11.3,2.0,3.2,1.9,1.7,0.8,1.5,3.5,2.9,2.8,2.1],[5.4,4.6,4.9,4.9,5.6,6.1,5.7,7.4,11.4,2.3,4.3,2.5,2.5,1.2,0.9,3.9,3.0,2.8,1.6],[6.9,7.3,6.5,7.6,8.1,8.4,7.0,10.0,12.6,5.0,5.6,4.4,4.1,3.6,2.9,1.2,3.5,3.5,3.8],[6.5,7.5,5.7,8.2,7.9,8.5,6.6,9.6,12.6,3.8,5.9,4.1,4.2,3.5,2.6,3.0,1.0,2.1,3.0],[6.4,7.1,5.5,7.7,7.0,8.3,6.2,8.9,12.7,3.0,5.5,3.7,4.2,3.1,3.0,3.3,2.2,1.1,2.1],[6.0,5.6,4.9,6.4,6.0,7.1,6.1,8.2,11.9,1.7,4.0,2.4,3.4,2.4,2.1,3.9,2.4,1.8,0.9]],
  "token_chain_ids": ["A","B","C","D","E","F","G","H","I","J","J","J","J","J","J","J","J","J","J"],
  "token_res_ids": [1,1,1,1,1,1,1,1,1,1,2,3,4,5,6,7,8,9,10]
}