{
  "atom_chain_ids": ["A","A","A","A","A","A","A","A","A","A","A","A","A","A","A","A","A","A","A","A","A","A","A","A","A","A","A","A","A","A","A","A","A","A","A","A","A","A","A","A","A","A","A","A","A","A","A","A","A","A","A","A","A","A","A","A","A","A","A","A","A","A","A","A","A","A","A","A","A","A","A","A","A","A","A","A","A","A","A","A","A","A","A","A","A","A","A","A","A","A","A","A","A","A","A","A","A","A","A","A","A","A","A","A","A","A","A","A","A","A","A","A","A","A","A","A","A","A","A","A","A","A","A","A","A","A","A","A","A","A","A","A","A","A","A","A","A","A","A","A","A","A","A","A","A","A","A","A","A","A","A","A","A","A","A","A","A","A","A","A","A","A","A","A","A","A","A","A","A","A","A","A","A","A","A","A","A","A","A","A","A","A","A","A","A","A","A","A","A","A","A","A","A","A","A","A","A","A","A","A","A","A","A","A","A","A","A","A","A","A","A","A","A","A","A","A","A","A","A","A","A","A","A","A","A","A","A","A","A","A","A","A","A","A","A","A","A","A","A","A","A","A","A","A","A","A","A","A","A","A","A","A","A","A","A","A","A","A","A","A","A","A","A","A","A","A","A","A","A","A","A","A","A","A","A","A","A","A","A","A","A","A","A","A","A","A","A","A","A","A","A","A","A","A","A","A","A","A","A","A","A","A","A","A","A","A","A","A","A","A","A","A","A","A","A","A","A","A","A","A","A","A","A","A","A","A","A","A","A","A","A","A","A","A","A","A","A","A","A","A","A","A","A","A","A","A","A","A","A","A","A","A","A","A","A","A","A","A","A","A","A","A","A","A","A","A","A","A","A","A","A","A","A","A","A","A","A","A","A","A","A","A","A","A","A","A","A","A","A","A","A","A","A","A","A","A","A","A","A","A","A","A","A","A","A","A","A","A","A","A","A","A","A","A","A","A","A","A","A","A","A","A","A","A","A","A","A","A","A","A","A","A","A","A","A","A","A","A","A","A","A","A","A","A","A","A","A","A","A","A","A","A","A","A","A","A","A","A","A","A","A","A","A","A","A","A","A","A","A","A","A","A","A","A","A","A","A","A","A","A","A","A","A","A","A","A","A","A","A","A","A","A","A","A","A","A","A","A","A","A","A","A","A","A","A","A","A","A","A","A","A","A","A","A","A","A","A","A","A","A","A","A","A","A","A","A","A","A","A","A","A","A","A","A","A","A","A","A","A","A","A","A","A","A","A","A","A","A","A"],
  "atom_plddts": [38.48,39.53,35.74,34.03,40.49,40.69,40.59,39.94,42.77,42.85,42.1,40.85,40.79,39.02,37.0,35.94,35.68,34.7,34.04,35.38,37.38,53.32,47.48,46.79,54.09,54.16,55.88,57.14,58.14,57.39,56.79,55.01,57.48,56.65,53.94,53.21,53.36,52.42,50.5,51.92,53.74,63.91,59.52,58.43,63.12,64.41,66.06,67.48,67.29,66.11,66.97,64.38,66.14,65.89,63.71,63.58,64.7,63.49,61.55,62.09,62.9,63.31,68.17,64.96,65.06,68.48,69.64,71.41,72.38,72.16,71.04,72.3,71.98,72.59,73.01,72.22,72.5,73.35,73.12,72.37,72.42,72.56,72.26,73.53,70.8,68.76,68.72,70.87,71.23,72.63,73.07,72.9,71.84,73.05,73.02,73.42,73.92,73.11,73.47,74.23,74.01,73.52,73.42,73.45,73.2,74.19,71.7,69.42,68.5,70.82,70.87,71.92,72.59,72.52,71.3,72.21,71.09,72.54,72.81,71.92,71.97,73.1,72.87,71.98,71.97,72.05,71.27,72.97,60.57,57.75,56.74,60.15,58.96,58.94,56.49,58.42,57.47,56.06,53.73,56.18,53.59,51.28,50.3,49.16,48.37,46.71,48.88,51.82,56.58,51.93,50.81,56.86,57.16,57.6,57.38,58.84,58.02,57.21,55.66,57.51,55.91,53.1,52.13,51.71,50.76,48.91,50.87,53.38,62.05,58.1,56.4,61.02,60.72,61.51,61.91,62.29,61.13,61.64,57.39,60.0,58.45,56.09,55.29,55.46,53.54,51.1,52.57,54.36,54.02,65.65,62.03,62.18,65.74,67.29,68.46,70.04,69.55,68.51,69.73,69.47,69.88,70.4,69.87,70.12,70.97,70.84,69.98,70.07,70.22,69.85,71.09,69.78,67.35,67.21,69.91,71.18,72.51,73.1,72.71,71.79,73.06,73.05,73.34,73.93,73.22,73.57,74.37,74.27,73.8,73.71,73.72,73.56,74.44,70.4,68.35,67.76,69.28,69.2,70.11,71.16,70.63,69.48,70.38,68.57,70.32,70.63,70.56,70.49,71.58,71.44,70.55,70.55,70.57,69.71,71.26,59.06,56.69,56.33,58.47,56.32,56.35,55.75,56.12,55.39,53.92,51.88,54.53,52.61,51.61,50.83,50.28,49.48,47.83,49.42,51.51,52.03,47.46,47.07,52.39,52.08,52.74,53.06,53.79,52.89,52.25,50.58,52.89,51.72,49.67,49.27,48.81,47.96,46.47,47.79,49.78,63.11,58.62,57.68,62.3,62.71,63.99,65.24,64.96,63.88,64.63,61.54,63.9,63.46,61.59,61.36,62.3,61.03,59.01,59.73,60.71,60.81,67.24,63.87,63.82,67.11,68.36,69.76,71.02,70.48,69.42,70.8,69.85,70.67,71.18,70.76,70.98,71.89,71.75,70.89,70.9,71.0,70.63,71.94,69.67,67.13,67.12,69.7,70.77,72.21,72.89,72.51,71.55,72.65,72.35,72.9,73.5,72.82,73.12,74.02,73.95,73.39,73.23,73.18,72.96,74.02,69.51,67.73,66.73,68.11,67.83,68.31,69.58,69.08,67.87,68.45,66.55,68.24,68.46,68.0,67.75,69.17,69.11,67.91,67.72,67.73,66.61,68.6,51.12,49.28,48.64,50.62,50.72,50.03,47.66,50.2,49.15,48.0,44.99,46.05,43.42,40.0,38.39,37.16,36.14,34.79,37.17,39.91,47.02,43.06,41.8,47.01,47.75,47.78,47.02,49.81,48.81,48.34,46.16,47.25,45.32,42.05,40.78,39.97,38.85,37.41,39.51,42.07,53.31,48.27,47.49,52.63,52.93,53.63,53.01,55.23,54.17,54.28,50.84,53.23,51.49,48.96,48.57,48.2,46.52,44.8,45.7,47.48,48.06,68.01,64.27,64.44,68.1,69.15,71.09,72.05,71.94,70.89,71.76,71.29,72.22,72.72,71.93,72.19,73.16,72.98,72.16,72.13,72.2,71.81,73.24,70.35,68.29,68.37,70.65,71.2,72.74,73.21,72.93,71.94,73.02,73.1,73.44,74.0,73.18,73.58,74.38,74.24,73.73,73.61,73.61,73.39,74.34,70.47,68.6,68.0,69.5,69.04,70.2,71.03,71.17,69.93,70.51,69.37,70.64,70.92,70.37,70.48,71.47,71.33,70.5,70.43,70.33,69.49,71.11,64.74,62.03,61.36,64.13,62.81,63.3,62.37,62.43,61.66,59.63,57.9,60.55,58.86,57.52,56.21,56.25,55.4,53.5,55.1,57.07,48.95,45.25,44.5,48.79,50.07,49.57,48.41,51.22,50.05,49.28,47.89,49.03,47.21,45.07,44.21,43.33,42.37,41.16,42.74,45.27],
  "contact_probs": [[1.0,0.67,0.35,0.09,0.01,0.0,0.0,0.01,0.01,0.01,0.0,0.03,0.13,0.26,0.31,0.08,0.01,0.01,0.03,0.06,0.08,0.08,0.01,0.01,0.01,0.02],[0.67,1.0,0.81,0.24,0.01,0.0,0.0,0.01,0.01,0.01,0.01,0.06,0.13,0.25,0.5,0.26,0.04,0.01,0.02,0.06,0.14,0.41,0.07,0.01,0.01,0.01],[0.35,0.81,1.0,0.93,0.18,0.01,0.0,0.01,0.01,0.02,0.04,0.14,0.17,0.29,0.31,0.13,0.03,0.01,0.01,0.04,0.14,0.56,0.34,0.04,0.02,0.02],[0.09,0.24,0.93,1.0,1.0,0.25,0.02,0.02,0.03,0.14,0.24,0.34,0.13,0.16,0.11,0.03,0.03,0.01,0.0,0.01,0.08,0.31,0.73,0.37,0.06,0.02],[0.01,0.01,0.18,1.0,1.0,1.0,0.16,0.17,0.16,0.44,0.4,0.5,0.07,0.05,0.03,0.02,0.03,0.03,0.01,0.01,0.05,0.11,0.26,0.7,0.34,0.07],[0.0,0.0,0.01,0.25,1.0,1.0,0.45,0.42,0.46,0.65,0.66,0.24,0.03,0.02,0.01,0.01,0.04,0.04,0.03,0.03,0.06,0.05,0.11,0.2,0.43,0.2],[0.0,0.0,0.0,0.02,0.16,0.45,1.0,0.47,0.24,0.12,0.04,0.02,0.01,0.01,0.0,0.0,0.01,0.05,0.05,0.05,0.06,0.01,0.02,0.11,0.21,0.18],[0.01,0.01,0.01,0.02,0.17,0.42,0.47,1.0,0.61,0.25,0.07,0.02,0.01,0.01,0.01,0.01,0.03,0.14,0.1,0.14,0.16,0.03,0.03,0.14,0.22,0.22],[0.01,0.01,0.01,0.03,0.16,0.46,0.24,0.61,1.0,0.79,0.18,0.03,0.01,0.01,0.01,0.03,0.2,0.38,0.18,0.26,0.29,0.06,0.05,0.11,0.15,0.14],[0.01,0.01,0.02,0.14,0.44,0.65,0.12,0.25,0.79,1.0,0.99,0.2,0.02,0.03,0.05,0.38,0.5,0.26,0.09,0.14,0.16,0.02,0.03,0.03,0.02,0.02],[0.0,0.01,0.04,0.24,0.4,0.66,0.04,0.07,0.18,0.99,1.0,0.99,0.2,0.19,0.4,0.74,0.27,0.07,0.01,0.02,0.03,0.03,0.03,0.05,0.02,0.01],[0.03,0.06,0.14,0.34,0.5,0.24,0.02,0.02,0.03,0.2,0.99,1.0,0.63,0.42,0.63,0.51,0.13,0.04,0.01,0.01,0.01,0.02,0.05,0.04,0.06,0.04],[0.13,0.13,0.17,0.13,0.07,0.03,0.01,0.01,0.01,0.02,0.2,0.63,1.0,0.49,0.31,0.1,0.01,0.01,0.01,0.01,0.01,0.01,0.01,0.03,0.06,0.05],[0.26,0.25,0.29,0.16,0.05,0.02,0.01,0.01,0.01,0.03,0.19,0.42,0.49,1.0,0.63,0.2,0.02,0.01,0.01,0.01,0.01,0.03,0.02,0.04,0.06,0.06],[0.31,0.5,0.31,0.11,0.03,0.01,0.0,0.01,0.01,0.05,0.4,0.63,0.31,0.63,1.0,0.91,0.17,0.01,0.01,0.01,0.03,0.11,0.08,0.08,0.05,0.04],[0.08,0.26,0.13,0.03,0.02,0.01,0.0,0.01,0.03,0.38,0.74,0.51,0.1,0.2,0.91,1.0,1.0,0.12,0.03,0.06,0.13,0.35,0.21,0.09,0.02,0.01],[0.01,0.04,0.03,0.03,0.03,0.04,0.01,0.03,0.2,0.5,0.27,0.13,0.01,0.02,0.17,1.0,1.0,0.99,0.21,0.24,0.44,0.78,0.38,0.17,0.02,0.03],[0.01,0.01,0.01,0.01,0.03,0.04,0.05,0.14,0.38,0.26,0.07,0.04,0.01,0.01,0.01,0.12,0.99,1.0,0.49,0.37,0.56,0.65,0.7,0.27,0.09,0.13],[0.03,0.02,0.01,0.0,0.01,0.03,0.05,0.1,0.18,0.09,0.01,0.01,0.01,0.01,0.01,0.03,0.21,0.49,1.0,0.46,0.3,0.08,0.03,0.02,0.02,0.04],[0.06,0.06,0.04,0.01,0.01,0.03,0.05,0.14,0.26,0.14,0.02,0.01,0.01,0.01,0.01,0.06,0.24,0.37,0.46,1.0,0.65,0.16,0.04,0.01,0.01,0.02],[0.08,0.14,0.14,0.08,0.05,0.06,0.06,0.16,0.29,0.16,0.03,0.01,0.01,0.01,0.03,0.13,0.44,0.56,0.3,0.65,1.0,0.68,0.19,0.03,0.02,0.02],[0.08,0.41,0.56,0.31,0.11,0.05,0.01,0.03,0.06,0.02,0.03,0.02,0.01,0.03,0.11,0.35,0.78,0.65,0.08,0.16,0.68,1.0,1.0,0.16,0.01,0.01],[0.01,0.07,0.34,0.73,0.26,0.11,0.02,0.03,0.05,0.03,0.03,0.05,0.01,0.02,0.08,0.21,0.38,0.7,0.03,0.04,0.19,1.0,1.0,1.0,0.3,0.09],[0.01,0.01,0.04,0.37,0.7,0.2,0.11,0.14,0.11,0.03,0.05,0.04,0.03,0.04,0.08,0.09,0.17,0.27,0.02,0.01,0.03,0.16,1.0,1.0,0.93,0.51],[0.01,0.01,0.02,0.06,0.34,0.43,0.21,0.22,0.15,0.02,0.02,0.06,0.06,0.06,0.05,0.02,0.02,0.09,0.02,0.01,0.02,0.01,0.3,0.93,1.0,0.74],[0.02,0.01,0.02,0.02,0.07,0.2,0.18,0.22,0.14,0.02,0.01,0.04,0.05,0.06,0.04,0.01,0.03,0.13,0.04,0.02,0.02,0.01,0.09,0.51,0.74,1.0]],
  "pae": [[1.8,11.5,12.0,15.0,17.4,18.9,17.8,18.6,19.8,18.5,17.9,17.6,12.8,12.0,13.6,15.4,18.2,18.8,21.9,20.8,15.6,15.5,17.3,19.0,18.7,21.2],[6.8,1.3,3.8,4.8,7.8,8.5,11.5,11.9,10.8,8.6,9.0,7.8,10.8,9.4,6.8,7.2,9.4,9.3,13.8,13.4,8.8,6.0,7.6,9.2,9.9,12.3],[7.3,3.3,1.0,2.4,4.2,5.1,7.5,8.5,7.2,5.7,5.4,5.5,8.2,8.1,5.6,5.0,5.4,6.2,10.2,9.7,6.8,4.4,4.4,5.3,6.6,9.1],[8.2,3.7,2.3,0.9,1.8,3.2,5.2,6.4,5.5,4.3,3.8,3.7,7.0,7.2,4.6,3.7,3.9,4.5,8.9,8.7,6.2,3.6,3.4,3.8,4.8,7.2],[9.1,4.8,2.7,1.7,0.8,1.7,4.3,5.1,4.9,3.7,3.1,3.3,6.9,7.0,4.4,3.7,3.5,4.0,8.5,8.9,5.9,3.3,2.8,3.3,4.3,6.9],[9.9,5.6,3.6,2.6,1.7,0.9,3.6,4.1,5.0,3.8,3.5,3.5,7.7,8.0,4.9,4.5,4.2,4.5,9.5,9.6,6.5,4.1,3.6,3.6,4.2,7.1],[14.3,11.6,10.6,9.6,6.9,5.9,1.3,7.0,8.2,7.9,8.5,7.8,11.6,12.5,10.6,11.0,10.1,10.7,16.5,15.5,12.3,11.1,9.7,9.1,8.9,10.4],[13.3,11.0,10.5,9.6,6.9,5.5,5.7,1.3,5.3,5.7,7.2,8.3,12.0,13.3,11.2,10.0,9.3,8.6,14.8,14.0,11.2,9.5,8.6,6.4,5.8,6.8],[13.5,10.6,10.1,9.3,7.6,6.3,6.5,5.8,1.2,4.5,6.2,7.9,11.2,12.1,10.1,8.5,7.7,6.7,12.2,11.0,10.0,8.8,8.1,7.3,6.9,8.8],[11.1,7.5,6.2,5.6,4.9,4.2,5.2,4.9,3.2,0.9,2.0,3.7,7.3,8.4,6.2,4.7,4.7,4.5,9.8,9.0,7.0,5.2,4.5,4.7,5.6,7.3],[10.1,6.0,4.8,3.9,3.6,3.6,5.3,5.6,3.4,1.9,0.9,2.0,6.2,7.5,5.0,4.0,3.7,4.0,8.6,8.9,6.2,4.2,3.8,4.2,5.2,7.2],[10.5,7.4,5.1,4.2,4.2,3.9,6.2,7.0,5.0,3.5,1.9,0.9,5.8,8.0,5.7,4.0,4.9,5.9,9.9,9.7,7.3,5.1,4.9,5.1,6.6,8.6],[13.4,12.1,12.5,11.8,11.3,11.8,11.6,14.4,13.1,11.9,9.3,8.0,1.5,9.0,8.1,10.0,12.6,14.1,18.0,16.6,13.0,13.3,14.2,13.8,14.3,15.1],[13.3,11.2,10.7,12.4,12.6,13.4,12.5,15.5,13.6,12.9,12.0,9.3,6.5,1.4,7.7,8.2,11.9,13.5,17.4,16.2,11.6,12.8,13.5,14.8,14.7,16.4],[10.5,7.7,6.6,6.9,7.2,8.2,8.7,10.3,8.6,8.0,7.0,5.8,7.3,5.2,1.1,3.3,5.8,7.9,10.8,10.9,8.0,6.8,7.6,8.3,9.4,11.3],[9.6,6.2,5.0,5.2,5.6,6.2,7.7,7.8,6.0,5.2,5.2,5.0,7.3,5.7,2.9,0.9,2.0,4.4,8.9,9.1,6.7,4.9,5.6,6.1,7.1,9.7],[9.8,6.2,5.0,4.9,4.7,5.2,6.9,6.9,5.1,4.5,4.3,4.8,7.6,7.4,3.6,2.1,0.9,2.1,7.8,8.3,5.9,4.1,4.4,4.7,6.3,8.3],[10.3,7.3,5.8,5.5,5.2,5.0,7.6,7.1,4.9,4.4,4.9,5.4,8.8,7.8,4.3,3.2,1.8,1.0,7.9,8.3,6.7,4.2,4.2,4.6,6.2,7.8],[18.9,17.2,16.5,17.5,16.8,17.5,18.7,16.9,14.0,16.1,16.7,17.8,18.5,18.9,17.2,14.2,12.1,12.1,1.7,10.2,13.0,11.6,13.5,15.3,16.0,17.3],[17.8,15.3,15.2,17.2,17.0,18.1,17.3,17.5,13.7,16.0,16.9,18.2,18.1,18.6,15.1,13.4,12.8,11.9,8.8,1.5,11.2,11.9,14.8,16.6,17.6,18.9],[13.4,10.7,9.8,12.4,13.0,13.8,13.5,14.6,11.7,13.0,12.8,13.9,13.9,13.2,9.3,8.5,9.2,10.3,9.9,7.9,1.3,8.3,10.2,11.2,13.4,14.4],[9.7,5.8,4.4,4.5,4.6,5.4,7.4,7.5,6.3,5.0,5.4,5.2,8.1,8.6,5.9,4.6,4.1,5.2,8.3,6.5,3.9,0.9,1.7,4.1,5.9,8.0],[9.7,5.7,4.1,3.7,3.1,3.7,6.1,6.0,5.1,4.2,3.7,4.2,7.7,7.9,5.0,4.2,3.6,3.6,8.1,8.0,4.4,1.8,0.9,1.8,3.2,6.0],[10.7,6.7,5.0,4.7,4.1,4.1,6.6,6.7,5.6,4.7,4.6,4.9,9.1,8.9,6.2,5.2,4.5,4.1,9.1,9.3,6.3,2.9,1.9,0.9,2.5,6.1],[13.3,9.5,7.9,7.5,6.1,6.1,8.1,6.2,7.8,7.1,7.5,7.3,11.9,11.9,9.7,7.8,7.4,6.8,12.7,11.9,9.1,6.3,4.8,4.3,1.2,5.3],[16.5,13.8,12.5,11.9,8.8,7.6,9.5,7.6,9.5,9.9,10.6,11.2,15.3,15.3,13.4,11.6,10.8,9.9,16.2,16.4,12.6,11.1,9.4,7.9,5.1,1.9]],
  "token_chain_ids": ["A","A","A","A","A","A","A","A","A","A","A","A","A","A","A","A","A","A","A","A","A","A","A","A","A","A"],
  "token_res_ids": [1,2,3,4,5,6,7,8,9,10,11,12,13,14,15,16,17,18,19,20,21,22,23,24,25,26]
}