{
  "atom_chain_ids": ["A","A","A","A","A","A","A","A","A","A","A","A","A","A","A","A","A","A","A","A","A","A","A","A","A","A","A","A","A","A","A","A","A","A","A","A","A","A","A","A","A","A","A","A","A","A","A","A","A","A","A","A","A","A","A","A","A","A","A","A","A","A","A","A","A","A","A","A","A","A","A","A","A","A","A","A","A","A","A","A","A","A","A","A","A","A","A","A","A","A","A","A","A","A","A","A","A","A","A","A","A","A","A","A","A","A","A","A","A","A","A","A","A","A","A","A","A","A","A","A","A","A","A","A","A","A","A","A","A","A","A","A","A","A","A","A","A","A","A","A","A","A","A","A","A","A","A","A","A","A","A","A","A","A","A","A","A","A","A","A","A","A","A","A","A","A","A","A","A","A","A","A","A","A","A","A","A","A","A","A","A","A","A","A","A","A","A","A","A","A","A","A","A","A","A","A","A","A","A","A","A","A","A","A","A","A","A","A","A","A","A","A","A","A","A","A","A","A","A","A","A","A","A","A","A","A","A","A","A","A","A","A","A","A","A","A","A","A","A","A","A","A","A","A","A","A","A","A","A","A","A","A","A","A","A","A","A","A","A","A","A","A","A","A","A","A","A","A","A","A","A","A","A","A","A","A","A","A","A","A","A","A","A","A","A","A","A","A","A","A","A","A","A","A","A","A","A","A","A","A","A","A","A","A","A","A","A","A","A","A","A","A","A","A","A","A","A","A","A","A","A","A","A","A","A","A","A","A","A","A","A","A","A","A","A","A","A","A","A","A","A","A","A","A","A","A","A","A","A","A","A","A","A","A","A","A","A","A","A","A","A","A","A","A","A","A","A","A","A","A","A","A","A","A","A","A","A","A","A","A","A","A","A","A","A","A","A","A","A","A","A","A","A","A","A","A","A","A","A","A","A","A","A","A","A","A","A","A","A","A","A","A","A","A","A","A","A","A","A","A","A","A","A","A","A","A","A","A","A","A","A","A","A","A","A","A","A","A","A","A","A","A","A","A","A","A","A","A","A","A","A","A","A","A","A","A","A","A","A","A","A","A","A","A","A","A","A","A","A","A","A","A","A","A","A","A","A","A","A","A","A","A","A","A","A","A","A","A","A","A","A","A","A","A","A","A","A","A","A","A","A","A","A","A","A","A","A","A","A","A","A","A","A","A","A","A","A","A","A","A","A","A","A","A","A","A","A","A","A","A","A","A","A","A","A","A","A","A","A","A","A","A","A","A","A","A","A","A","A"],
  "atom_plddts": [37.83,38.97,35.48,33.8,39.9,39.94,39.95,39.29,41.99,41.91,41.36,40.16,40.27,38.63,36.8,35.9,35.77,34.86,34.23,35.32,37.15,45.25,40.79,39.75,45.9,46.36,47.62,47.73,49.99,48.93,48.72,46.97,48.95,48.15,45.61,45.32,45.08,44.23,42.93,43.84,45.64,61.19,56.75,55.88,60.35,61.32,62.74,64.09,64.04,62.93,63.57,60.79,62.67,62.32,60.24,60.16,60.91,59.68,57.71,58.35,59.3,59.68,66.56,63.68,63.71,66.74,67.66,68.96,70.29,69.8,68.63,69.82,69.24,69.87,70.32,69.7,69.89,70.8,70.62,69.77,69.74,69.92,69.52,70.79,69.22,67.5,67.43,69.21,69.48,70.56,71.32,70.89,69.81,70.98,70.84,71.2,71.74,71.09,71.37,72.16,72.02,71.46,71.31,71.39,71.1,72.02,69.87,68.11,67.17,68.8,68.77,69.26,70.21,69.93,68.66,69.5,68.13,69.61,69.92,69.32,69.25,70.39,70.22,69.24,69.19,69.33,68.47,70.02,52.09,50.86,49.59,51.31,50.98,49.74,47.38,49.41,48.17,47.75,45.16,47.38,45.39,43.45,42.72,41.84,41.21,39.83,41.36,43.79,51.58,47.48,46.37,51.69,52.32,52.39,52.28,53.69,52.82,52.46,50.77,52.76,51.71,49.34,48.84,48.36,47.58,45.95,47.38,49.54,60.02,56.13,54.61,58.99,58.95,59.63,59.89,60.45,59.3,59.75,55.67,58.23,56.76,54.51,53.79,53.75,51.92,49.6,51.03,52.85,52.57,65.25,62.1,62.14,65.23,66.64,67.54,69.2,68.61,67.55,68.7,68.29,68.69,69.19,68.75,68.93,69.73,69.59,68.7,68.8,68.99,68.53,69.77,68.88,66.56,66.32,68.98,70.23,71.41,72.2,71.76,70.84,71.99,71.84,72.11,72.69,71.87,72.14,72.99,72.9,72.3,72.21,72.29,72.09,73.07,70.39,68.94,68.23,68.94,68.24,68.96,69.95,69.46,68.28,68.85,66.65,68.75,69.01,69.08,68.86,69.94,69.79,68.73,68.82,68.9,67.75,69.45,57.38,55.22,54.73,56.82,54.93,54.64,53.56,54.36,53.56,52.25,49.99,52.3,50.07,48.6,47.59,46.85,45.99,44.29,46.15,48.45,50.38,45.79,45.27,50.74,50.71,51.48,51.94,52.92,51.95,51.4,49.85,52.05,51.1,48.98,48.71,48.25,47.46,46.08,47.25,49.21,62.23,58.17,57.23,61.43,61.54,62.53,63.6,63.56,62.51,63.03,59.55,62.12,61.45,59.33,59.0,59.73,58.35,56.25,57.05,58.17,58.17,66.56,63.2,63.11,66.48,67.64,69.02,70.42,69.92,68.85,70.17,69.18,70.01,70.54,69.93,70.12,71.09,70.91,69.95,69.97,70.1,69.7,71.14,68.31,65.95,65.82,68.28,69.31,70.49,71.52,70.98,70.02,71.14,70.77,71.19,71.82,71.13,71.41,72.35,72.3,71.63,71.44,71.44,71.22,72.32,68.05,66.46,65.46,66.59,66.48,66.71,68.12,67.56,66.31,66.89,65.04,66.63,66.87,66.55,66.32,67.62,67.56,66.35,66.19,66.28,65.21,67.05,53.14,51.9,51.14,52.54,51.85,50.93,48.49,50.65,49.71,48.48,45.47,46.9,44.38,41.56,40.02,38.89,37.94,36.46,38.73,41.35,46.67,42.87,41.54,46.51,47.36,47.39,46.5,49.57,48.56,47.97,45.62,46.49,44.41,40.88,39.44,38.56,37.44,36.08,38.35,40.98,54.84,50.0,49.13,54.01,54.03,54.74,54.37,55.8,54.84,54.92,51.39,54.05,52.48,50.25,49.86,49.57,47.94,46.07,47.04,48.75,49.07,66.13,62.78,62.87,66.26,67.55,68.77,70.06,69.7,68.64,69.58,69.3,69.84,70.39,69.72,70.0,70.89,70.74,69.9,69.83,69.99,69.69,70.91,68.8,67.13,67.06,68.95,69.37,70.59,71.34,70.81,69.81,70.79,70.72,71.05,71.65,70.91,71.26,72.09,71.99,71.38,71.2,71.25,70.93,71.93,68.43,67.0,66.31,67.37,66.86,67.51,68.56,68.46,67.19,67.64,66.23,67.59,67.88,67.51,67.49,68.46,68.36,67.41,67.33,67.32,66.38,67.95,62.68,60.61,59.81,61.69,60.31,60.04,59.53,59.07,58.41,56.82,55.05,57.8,56.46,55.95,54.85,54.86,54.13,52.31,53.74,55.43,44.04,41.02,40.32,44.06,45.13,44.9,43.71,46.61,44.98,44.95,43.2,44.75,43.44,41.53,40.95,40.43,39.59,38.57,39.62,41.68],
  "contact_probs": [[1.0,0.67,0.35,0.09,0.01,0.0,0.0,0.01,0.01,0.01,0.0,0.03,0.13,0.26,0.31,0.08,0.01,0.01,0.03,0.06,0.08,0.08,0.01,0.01,0.01,0.02],[0.67,1.0,0.81,0.24,0.01,0.0,0.0,0.01,0.01,0.01,0.01,0.06,0.13,0.25,0.5,0.26,0.04,0.01,0.02,0.06,0.14,0.41,0.07,0.01,0.01,0.01],[0.35,0.81,1.0,0.93,0.18,0.01,0.0,0.01,0.01,0.02,0.04,0.14,0.17,0.29,0.31,0.13,0.03,0.01,0.01,0.04,0.14,0.56,0.34,0.04,0.02,0.02],[0.09,0.24,0.93,1.0,1.0,0.25,0.02,0.02,0.03,0.14,0.24,0.34,0.13,0.16,0.11,0.03,0.03,0.01,0.0,0.01,0.08,0.31,0.73,0.37,0.06,0.02],[0.01,0.01,0.18,1.0,1.0,1.0,0.16,0.17,0.16,0.44,0.4,0.5,0.07,0.05,0.03,0.02,0.03,0.03,0.01,0.01,0.05,0.11,0.26,0.7,0.34,0.07],[0.0,0.0,0.01,0.25,1.0,1.0,0.45,0.42,0.46,0.65,0.66,0.24,0.03,0.02,0.01,0.01,0.04,0.04,0.03,0.03,0.06,0.05,0.11,0.2,0.43,0.2],[0.0,0.0,0.0,0.02,0.16,0.45,1.0,0.47,0.24,0.12,0.04,0.02,0.01,0.01,0.0,0.0,0.01,0.05,0.05,0.05,0.06,0.01,0.02,0.11,0.21,0.18],[0.01,0.01,0.01,0.02,0.17,0.42,0.47,1.0,0.61,0.25,0.07,0.02,0.01,0.01,0.01,0.01,0.03,0.14,0.1,0.14,0.16,0.03,0.03,0.14,0.22,0.22],[0.01,0.01,0.01,0.03,0.16,0.46,0.24,0.61,1.0,0.79,0.18,0.03,0.01,0.01,0.01,0.03,0.2,0.38,0.18,0.26,0.29,0.06,0.05,0.11,0.15,0.14],[0.01,0.01,0.02,0.14,0.44,0.65,0.12,0.25,0.79,1.0,0.99,0.2,0.02,0.03,0.05,0.38,0.5,0.26,0.09,0.14,0.16,0.02,0.03,0.03,0.02,0.02],[0.0,0.01,0.04,0.24,0.4,0.66,0.04,0.07,0.18,0.99,1.0,0.99,0.2,0.19,0.4,0.74,0.27,0.07,0.01,0.02,0.03,0.03,0.03,0.05,0.02,0.01],[0.03,0.06,0.14,0.34,0.5,0.24,0.02,0.02,0.03,0.2,0.99,1.0,0.63,0.42,0.63,0.51,0.13,0.04,0.01,0.01,0.01,0.02,0.05,0.04,0.06,0.04],[0.13,0.13,0.17,0.13,0.07,0.03,0.01,0.01,0.01,0.02,0.2,0.63,1.0,0.49,0.31,0.1,0.01,0.01,0.01,0.01,0.01,0.01,0.01,0.03,0.06,0.05],[0.26,0.25,0.29,0.16,0.05,0.02,0.01,0.01,0.01,0.03,0.19,0.42,0.49,1.0,0.63,0.2,0.02,0.01,0.01,0.01,0.01,0.03,0.02,0.04,0.06,0.06],[0.31,0.5,0.31,0.11,0.03,0.01,0.0,0.01,0.01,0.05,0.4,0.63,0.31,0.63,1.0,0.91,0.17,0.01,0.01,0.01,0.03,0.11,0.08,0.08,0.05,0.04],[0.08,0.26,0.13,0.03,0.02,0.01,0.0,0.01,0.03,0.38,0.74,0.51,0.1,0.2,0.91,1.0,1.0,0.12,0.03,0.06,0.13,0.35,0.21,0.09,0.02,0.01],[0.01,0.04,0.03,0.03,0.03,0.04,0.01,0.03,0.2,0.5,0.27,0.13,0.01,0.02,0.17,1.0,1.0,0.99,0.21,0.24,0.44,0.78,0.38,0.17,0.02,0.03],[0.01,0.01,0.01,0.01,0.03,0.04,0.05,0.14,0.38,0.26,0.07,0.04,0.01,0.01,0.01,0.12,0.99,1.0,0.49,0.37,0.56,0.65,0.7,0.27,0.09,0.13],[0.03,0.02,0.01,0.0,0.01,0.03,0.05,0.1,0.18,0.09,0.01,0.01,0.01,0.01,0.01,0.03,0.21,0.49,1.0,0.46,0.3,0.08,0.03,0.02,0.02,0.04],[0.06,0.06,0.04,0.01,0.01,0.03,0.05,0.14,0.26,0.14,0.02,0.01,0.01,0.01,0.01,0.06,0.24,0.37,0.46,1.0,0.65,0.16,0.04,0.01,0.01,0.02],[0.08,0.14,0.14,0.08,0.05,0.06,0.06,0.16,0.29,0.16,0.03,0.01,0.01,0.01,0.03,0.13,0.44,0.56,0.3,0.65,1.0,0.68,0.19,0.03,0.02,0.02],[0.08,0.41,0.56,0.31,0.11,0.05,0.01,0.03,0.06,0.02,0.03,0.02,0.01,0.03,0.11,0.35,0.78,0.65,0.08,0.16,0.68,1.0,1.0,0.16,0.01,0.01],[0.01,0.07,0.34,0.73,0.26,0.11,0.02,0.03,0.05,0.03,0.03,0.05,0.01,0.02,0.08,0.21,0.38,0.7,0.03,0.04,0.19,1.0,1.0,1.0,0.3,0.09],[0.01,0.01,0.04,0.37,0.7,0.2,0.11,0.14,0.11,0.03,0.05,0.04,0.03,0.04,0.08,0.09,0.17,0.27,0.02,0.01,0.03,0.16,1.0,1.0,0.93,0.51],[0.01,0.01,0.02,0.06,0.34,0.43,0.21,0.22,0.15,0.02,0.02,0.06,0.06,0.06,0.05,0.02,0.02,0.09,0.02,0.01,0.02,0.01,0.3,0.93,1.0,0.74],[0.02,0.01,0.02,0.02,0.07,0.2,0.18,0.22,0.14,0.02,0.01,0.04,0.05,0.06,0.04,0.01,0.03,0.13,0.04,0.02,0.02,0.01,0.09,0.51,0.74,1.0]],
  "pae": [[1.7,7.4,8.9,13.5,15.8,17.9,18.4,18.6,19.6,17.0,16.3,15.8,12.8,11.6,12.5,15.2,15.9,18.3,20.7,20.1,14.9,14.4,15.8,17.7,18.8,21.0],[5.5,1.4,5.6,6.8,10.0,11.7,15.5,14.8,14.2,13.0,12.1,10.9,12.3,11.2,9.3,11.5,12.1,14.2,16.8,16.8,12.0,9.3,11.7,13.0,13.3,15.4],[8.3,5.0,1.1,2.8,4.8,6.0,9.5,9.8,8.4,6.8,6.4,6.0,9.3,8.7,6.4,6.1,6.3,7.9,11.4,11.5,8.1,5.4,5.5,6.4,7.8,10.6],[9.5,5.7,2.8,0.9,2.0,3.8,7.3,7.4,6.4,5.2,4.5,4.4,8.3,8.3,5.3,4.7,4.7,5.4,9.6,10.1,6.6,4.4,4.3,4.6,5.8,8.6],[9.7,6.5,3.2,1.8,0.9,2.0,6.8,6.6,5.6,4.2,3.8,4.0,8.0,7.9,5.0,4.5,4.1,4.8,9.5,10.3,6.0,3.8,3.5,3.9,5.2,8.1],[10.6,7.3,4.4,3.2,2.1,0.9,6.5,5.8,6.1,4.5,4.3,4.4,9.3,8.8,5.6,5.1,4.9,5.2,10.4,11.2,6.8,4.8,4.5,4.6,5.2,8.4],[17.7,16.8,16.0,13.2,11.2,10.6,1.5,11.1,11.9,12.9,13.8,13.2,17.5,17.7,18.5,17.7,15.6,16.4,20.9,19.9,17.6,15.8,15.8,14.6,12.5,13.1],[15.3,14.6,14.1,11.8,9.7,8.4,9.0,1.4,6.7,8.3,10.9,11.6,15.9,15.4,14.1,13.2,11.9,11.0,17.4,16.5,13.8,12.5,11.3,10.0,7.6,8.5],[14.5,12.5,11.5,10.6,9.3,7.8,8.3,6.6,1.2,5.3,6.6,9.7,13.8,12.9,11.3,10.6,8.5,8.0,13.6,13.7,11.0,9.9,9.4,9.3,7.7,9.7],[11.9,9.4,6.9,6.5,5.3,5.0,8.2,5.7,3.9,0.9,2.0,4.2,8.1,8.5,6.6,5.1,5.3,5.2,10.3,10.7,7.4,5.8,5.0,5.2,6.5,8.6],[10.4,7.4,5.3,4.2,4.0,4.0,7.8,6.1,3.9,2.0,0.9,1.9,7.0,8.0,5.2,4.6,4.1,4.6,9.2,10.1,6.2,4.5,4.2,4.6,6.0,8.3],[10.6,9.0,6.0,4.6,4.9,4.5,9.0,7.4,5.4,4.1,2.1,0.9,6.3,8.6,5.6,4.8,5.3,6.5,10.2,10.6,7.5,5.7,5.5,5.7,7.3,9.8],[14.1,14.5,13.1,12.2,12.9,13.6,14.2,16.3,14.2,13.0,9.9,8.6,1.4,8.5,7.8,10.6,13.3,16.1,17.9,17.5,13.6,14.9,15.4,15.6,15.6,16.9],[14.5,14.0,11.8,12.5,13.6,14.1,15.7,16.7,14.7,13.4,11.5,8.1,5.6,1.3,7.0,8.4,12.0,13.6,16.8,16.9,12.4,12.9,14.5,15.2,15.7,17.5],[10.9,10.0,7.5,7.4,7.7,8.9,11.1,10.7,8.8,8.0,7.4,6.1,7.6,5.0,1.1,3.2,6.3,7.5,10.8,11.6,8.1,7.0,7.4,8.7,10.3,12.6],[9.9,8.3,5.7,5.1,5.9,6.5,9.2,8.6,6.5,5.2,5.4,5.2,7.8,5.5,3.0,1.0,2.2,4.4,8.7,9.8,6.9,5.0,5.4,6.1,7.7,10.7],[10.6,8.3,6.1,5.3,5.1,5.5,8.7,7.6,5.9,4.7,4.7,5.1,8.2,7.8,3.8,2.4,0.9,2.3,7.7,9.4,6.2,4.6,4.8,5.2,6.8,9.0],[11.7,9.7,7.2,6.6,5.8,5.7,10.0,7.8,5.5,4.2,5.6,6.0,9.5,8.5,4.7,3.7,2.2,1.0,7.3,9.3,7.3,4.8,4.7,5.6,6.9,9.1],[19.1,18.0,17.5,18.9,18.8,18.5,19.3,18.1,15.7,17.5,17.9,19.0,19.2,18.4,15.9,13.2,11.9,11.9,1.6,8.6,12.5,11.9,13.9,15.8,16.8,18.2],[18.2,16.3,17.1,18.0,18.1,18.3,19.1,18.5,16.1,17.7,17.9,17.7,18.4,18.4,16.2,13.9,12.0,12.5,6.8,1.4,12.5,11.8,15.2,17.0,17.8,18.5],[13.3,12.0,11.6,12.7,13.0,13.9,14.6,14.8,12.2,13.3,13.0,13.4,14.3,12.4,8.9,9.7,9.5,10.8,9.4,7.9,1.3,7.5,9.2,11.5,12.4,13.4],[10.4,7.8,5.6,5.4,5.2,6.1,9.4,8.4,7.3,5.4,6.1,5.9,8.9,8.8,6.3,5.3,5.5,6.0,8.7,7.1,4.4,0.9,2.0,4.9,6.2,9.2],[10.6,7.4,4.9,4.5,3.7,4.3,8.4,7.1,6.1,4.9,4.5,5.0,9.0,8.4,5.5,4.8,4.3,4.4,8.7,8.7,4.6,2.3,0.9,2.1,3.7,7.2],[11.5,8.5,5.6,5.1,4.6,4.9,9.0,8.1,6.6,5.2,5.2,5.4,10.7,9.9,6.5,5.4,4.8,4.7,9.8,10.2,6.2,3.5,2.1,0.9,3.1,7.7],[14.1,12.1,9.7,9.3,8.0,7.2,11.1,7.7,8.9,8.7,9.1,9.3,13.9,13.2,10.7,9.4,8.2,7.9,13.8,13.5,10.2,7.4,6.1,5.1,1.2,6.1],[18.2,16.3,14.1,12.9,11.7,10.0,12.9,8.6,10.7,12.0,12.9,13.4,17.6,17.2,15.6,13.6,12.4,12.0,17.6,18.4,14.5,12.3,10.9,9.2,5.8,2.0]],
  "token_chain_ids": ["A","A","A","A","A","A","A","A","A","A","A","A","A","A","A","A","A","A","A","A","A","A","A","A","A","A"],
  "token_res_ids": [1,2,3,4,5,6,7,8,9,10,11,12,13,14,15,16,17,18,19,20,21,22,23,24,25,26]
}