{
  "atom_chain_ids": ["A","A","A","A","A","A","A","A","A","A","A","A","A","A","A","A","A","A","A","A","A","A","A","A","A","A","A","A","A","A","A","A","A","A","A","A","A","A","A","A","A","A","A","A","A","A","A","A","A","A","A","A","A","A","A","A","A","A","A","A","A","A","A","A","A","A","A","A","A","A","A","A","A","A","A","A","A","A","A","A","A","A","A","A","A","A","A","A","A","A","A","A","A","A","A","A","A","A","A","A","A","A","A","A","A","A","A","A","A","A","A","A","A","A","A","A","A","A","A","A","A","A","A","A","A","A","A","A","A","A","A","A","A","A","A","A","A","A","A","A","A","A","A","A","A","A","A","A","A","A","A","A","A","A","A","A","A","A","A","A","A","A","A","A","A","A","A","A","A","A","A","A","A","A","A","A","A","A","A","A","A","A","A","A","A","A","A","A","A","A","A","A","A","A","A","A","A","A","A","A","A","A","A","A","A","A","A","A","A","A","A","A","A","A","A","A","A","A","A","A","A","A","A","A","A","A","A","A","A","A","A","A","A","A","A","A","A","A","A","A","A","A","A","A","A","A","A","A","A","A","A","A","A","A","A","A","A","A","A","A","A","A","A","A","A","A","A","A","A","A","A","A","A","A","A","A","A","A","A","A","A","A","A","A","A","A","A","A","A","A","A","A","A","A","A","A","A","A","A","A","A","A","A","A","A","A","A","A","A","A","A","A","A","A","A","A","A","A","A","A","A","A","A","A","A","A","A","A","A","A","A","A","A","A","A","A","A","A","A","A","A","A","A","A","A","A","A","A","A","A","A","A","A","A","A","A","A","A","A","A","A","A","A","A","A","A","A","A","A","A","A","A","A","A","A","A","A","A","A","A","A","A","A","A","A","A","A","A","A","A","A","A","A","A","A","A","A","A","A","A","A","A","A","A","A","A","A","A","A","A","A","A","A","A","A","A","A","A","A","A","A","A","A","A","A","A","A","A","A","A","A","A","A","A","A","A","A","A","A","A","A","A","A","A","A","A","A","A","A","A","A","A","A","A","A","A","A","A","A","A","A","A","A","A","A","A","A","A","A","A","A","A","A","A","A","A","A","A","A","A","A","A","A","A","A","A","A","A","A","A","A","A","A","A","A","A","A","A","A","A","A","A","A","A","A","A","A","A","A","A","A","A","A","A","A","A","A","A","A","A","A","A","A","A","A","A","A","A","A","A","A","A","A","A","A","A","A","A","A","A","A","A","A","A","A","A","A","A","A"],
  "atom_plddts": [40.65,41.65,37.42,35.87,43.0,43.06,43.19,42.83,45.43,45.67,44.63,43.66,44.1,42.46,40.68,39.99,39.72,38.9,38.13,39.21,41.33,52.34,46.45,45.59,53.19,53.26,54.79,55.76,57.06,56.32,55.71,53.74,56.14,55.14,52.36,51.57,51.6,50.6,48.67,50.19,52.12,61.96,57.28,56.54,61.18,62.67,64.33,65.74,65.58,64.4,65.23,62.79,64.33,64.04,61.99,61.96,62.78,61.54,59.59,60.21,61.14,61.63,65.66,62.53,62.67,66.03,67.46,68.77,70.25,69.7,68.55,69.85,69.59,69.87,70.35,69.63,69.96,70.84,70.64,69.85,69.73,69.9,69.65,70.88,68.88,66.95,66.94,69.02,69.69,70.9,71.66,71.22,70.09,71.32,71.24,71.51,72.02,71.31,71.62,72.43,72.31,71.75,71.54,71.6,71.37,72.34,68.75,66.86,65.99,67.74,68.06,68.43,69.56,69.17,67.91,68.83,67.56,68.76,69.04,68.56,68.55,69.66,69.55,68.61,68.47,68.6,67.87,69.26,54.18,51.0,49.95,53.95,54.01,53.61,51.69,53.9,52.7,51.88,49.55,51.62,49.43,46.82,45.97,44.9,44.12,42.65,44.58,47.36,50.24,46.46,45.34,50.39,50.93,50.74,50.06,52.08,51.08,50.6,48.73,50.53,49.1,46.53,45.82,45.23,44.36,42.79,44.37,46.64,56.84,52.7,51.55,56.07,56.42,56.99,56.53,58.15,56.94,57.26,53.3,55.68,53.89,51.27,50.7,50.28,48.44,46.37,47.65,49.7,49.74,62.58,58.88,59.17,62.7,64.41,65.19,67.35,66.68,65.67,66.65,66.48,66.45,66.98,66.62,66.94,67.77,67.65,66.7,66.68,66.89,66.52,67.77,67.53,65.24,64.96,67.62,69.02,69.96,71.11,70.43,69.49,70.67,70.6,70.68,71.27,70.63,70.97,71.86,71.8,71.21,70.99,71.05,70.89,71.84,67.89,66.35,65.77,66.46,66.11,66.55,67.9,67.28,66.06,66.67,64.7,66.41,66.67,66.94,66.87,67.85,67.75,66.73,66.71,66.81,65.77,67.28,53.11,50.44,49.84,52.74,51.83,51.66,50.87,52.08,51.12,50.13,48.28,50.21,48.21,46.63,46.02,45.34,44.52,43.09,44.52,46.75,51.37,46.7,46.27,51.78,51.69,52.24,52.56,53.83,52.93,52.34,50.48,52.65,51.39,49.02,48.46,47.98,47.11,45.53,47.03,49.19,62.41,58.31,57.52,61.59,61.99,63.14,64.12,64.06,62.89,63.57,60.26,62.63,61.96,59.96,59.7,60.38,59.0,56.99,57.74,58.85,58.88,64.08,60.34,60.53,64.23,66.03,67.24,68.93,68.31,67.2,68.57,67.69,68.17,68.69,68.17,68.43,69.39,69.23,68.23,68.17,68.33,68.03,69.47,66.76,64.53,64.42,66.67,67.79,68.76,69.99,69.25,68.24,69.13,68.56,69.05,69.65,69.11,69.32,70.36,70.34,69.59,69.26,69.27,68.91,70.14,65.51,63.88,63.01,64.05,64.08,64.06,65.49,65.0,63.61,64.0,61.93,63.45,63.54,63.4,63.11,64.48,64.45,63.14,62.88,62.99,61.79,63.72,47.37,46.21,45.42,46.41,46.58,45.71,43.35,46.43,45.24,44.47,41.6,42.41,39.93,36.91,35.55,34.55,33.65,32.59,34.5,36.94,47.73,43.27,42.15,48.08,48.53,48.91,48.52,51.3,50.38,49.99,48.26,49.92,48.49,45.6,44.9,44.36,43.47,41.97,43.6,45.99,50.95,46.57,45.99,50.44,50.75,51.35,50.13,52.67,51.66,51.37,47.85,50.19,48.31,45.7,45.16,44.78,43.16,41.65,42.42,44.12,44.52,64.08,60.24,60.65,64.43,66.06,67.41,69.03,68.63,67.59,68.46,68.16,68.57,69.12,68.33,68.64,69.63,69.5,68.57,68.37,68.51,68.22,69.59,68.66,66.81,66.8,68.87,69.42,70.64,71.46,70.79,69.76,70.81,70.73,71.05,71.63,71.06,71.44,72.29,72.24,71.68,71.4,71.41,71.13,72.08,67.8,66.26,65.74,66.8,66.72,67.26,68.37,68.11,66.86,67.45,66.25,67.38,67.67,67.46,67.49,68.44,68.44,67.56,67.38,67.37,66.53,67.91,58.44,55.77,54.91,58.23,57.56,57.13,56.12,56.74,56.06,54.51,52.51,54.59,52.75,51.41,50.29,49.94,49.2,47.34,48.96,51.0,44.68,41.46,40.74,44.83,45.99,45.56,44.35,47.33,45.85,45.71,44.03,45.42,44.07,42.12,41.51,40.93,40.1,39.02,40.17,42.32],
  "contact_probs": [[1.0,0.67,0.35,0.09,0.01,0.0,0.0,0.01,0.01,0.01,0.0,0.03,0.13,0.26,0.31,0.08,0.01,0.01,0.03,0.06,0.08,0.08,0.01,0.01,0.01,0.02],[0.67,1.0,0.81,0.24,0.01,0.0,0.0,0.01,0.01,0.01,0.01,0.06,0.13,0.25,0.5,0.26,0.04,0.01,0.02,0.06,0.14,0.41,0.07,0.01,0.01,0.01],[0.35,0.81,1.0,0.93,0.18,0.01,0.0,0.01,0.01,0.02,0.04,0.14,0.17,0.29,0.31,0.13,0.03,0.01,0.01,0.04,0.14,0.56,0.34,0.04,0.02,0.02],[0.09,0.24,0.93,1.0,1.0,0.25,0.02,0.02,0.03,0.14,0.24,0.34,0.13,0.16,0.11,0.03,0.03,0.01,0.0,0.01,0.08,0.31,0.73,0.37,0.06,0.02],[0.01,0.01,0.18,1.0,1.0,1.0,0.16,0.17,0.16,0.44,0.4,0.5,0.07,0.05,0.03,0.02,0.03,0.03,0.01,0.01,0.05,0.11,0.26,0.7,0.34,0.07],[0.0,0.0,0.01,0.25,1.0,1.0,0.45,0.42,0.46,0.65,0.66,0.24,0.03,0.02,0.01,0.01,0.04,0.04,0.03,0.03,0.06,0.05,0.11,0.2,0.43,0.2],[0.0,0.0,0.0,0.02,0.16,0.45,1.0,0.47,0.24,0.12,0.04,0.02,0.01,0.01,0.0,0.0,0.01,0.05,0.05,0.05,0.06,0.01,0.02,0.11,0.21,0.18],[0.01,0.01,0.01,0.02,0.17,0.42,0.47,1.0,0.61,0.25,0.07,0.02,0.01,0.01,0.01,0.01,0.03,0.14,0.1,0.14,0.16,0.03,0.03,0.14,0.22,0.22],[0.01,0.01,0.01,0.03,0.16,0.46,0.24,0.61,1.0,0.79,0.18,0.03,0.01,0.01,0.01,0.03,0.2,0.38,0.18,0.26,0.29,0.06,0.05,0.11,0.15,0.14],[0.01,0.01,0.02,0.14,0.44,0.65,0.12,0.25,0.79,1.0,0.99,0.2,0.02,0.03,0.05,0.38,0.5,0.26,0.09,0.14,0.16,0.02,0.03,0.03,0.02,0.02],[0.0,0.01,0.04,0.24,0.4,0.66,0.04,0.07,0.18,0.99,1.0,0.99,0.2,0.19,0.4,0.74,0.27,0.07,0.01,0.02,0.03,0.03,0.03,0.05,0.02,0.01],[0.03,0.06,0.14,0.34,0.5,0.24,0.02,0.02,0.03,0.2,0.99,1.0,0.63,0.42,0.63,0.51,0.13,0.04,0.01,0.01,0.01,0.02,0.05,0.04,0.06,0.04],[0.13,0.13,0.17,0.13,0.07,0.03,0.01,0.01,0.01,0.02,0.2,0.63,1.0,0.49,0.31,0.1,0.01,0.01,0.01,0.01,0.01,0.01,0.01,0.03,0.06,0.05],[0.26,0.25,0.29,0.16,0.05,0.02,0.01,0.01,0.01,0.03,0.19,0.42,0.49,1.0,0.63,0.2,0.02,0.01,0.01,0.01,0.01,0.03,0.02,0.04,0.06,0.06],[0.31,0.5,0.31,0.11,0.03,0.01,0.0,0.01,0.01,0.05,0.4,0.63,0.31,0.63,1.0,0.91,0.17,0.01,0.01,0.01,0.03,0.11,0.08,0.08,0.05,0.04],[0.08,0.26,0.13,0.03,0.02,0.01,0.0,0.01,0.03,0.38,0.74,0.51,0.1,0.2,0.91,1.0,1.0,0.12,0.03,0.06,0.13,0.35,0.21,0.09,0.02,0.01],[0.01,0.04,0.03,0.03,0.03,0.04,0.01,0.03,0.2,0.5,0.27,0.13,0.01,0.02,0.17,1.0,1.0,0.99,0.21,0.24,0.44,0.78,0.38,0.17,0.02,0.03],[0.01,0.01,0.01,0.01,0.03,0.04,0.05,0.14,0.38,0.26,0.07,0.04,0.01,0.01,0.01,0.12,0.99,1.0,0.49,0.37,0.56,0.65,0.7,0.27,0.09,0.13],[0.03,0.02,0.01,0.0,0.01,0.03,0.05,0.1,0.18,0.09,0.01,0.01,0.01,0.01,0.01,0.03,0.21,0.49,1.0,0.46,0.3,0.08,0.03,0.02,0.02,0.04],[0.06,0.06,0.04,0.01,0.01,0.03,0.05,0.14,0.26,0.14,0.02,0.01,0.01,0.01,0.01,0.06,0.24,0.37,0.46,1.0,0.65,0.16,0.04,0.01,0.01,0.02],[0.08,0.14,0.14,0.08,0.05,0.06,0.06,0.16,0.29,0.16,0.03,0.01,0.01,0.01,0.03,0.13,0.44,0.56,0.3,0.65,1.0,0.68,0.19,0.03,0.02,0.02],[0.08,0.41,0.56,0.31,0.11,0.05,0.01,0.03,0.06,0.02,0.03,0.02,0.01,0.03,0.11,0.35,0.78,0.65,0.08,0.16,0.68,1.0,1.0,0.16,0.01,0.01],[0.01,0.07,0.34,0.73,0.26,0.11,0.02,0.03,0.05,0.03,0.03,0.05,0.01,0.02,0.08,0.21,0.38,0.7,0.03,0.04,0.19,1.0,1.0,1.0,0.3,0.09],[0.01,0.01,0.04,0.37,0.7,0.2,0.11,0.14,0.11,0.03,0.05,0.04,0.03,0.04,0.08,0.09,0.17,0.27,0.02,0.01,0.03,0.16,1.0,1.0,0.93,0.51],[0.01,0.01,0.02,0.06,0.34,0.43,0.21,0.22,0.15,0.02,0.02,0.06,0.06,0.06,0.05,0.02,0.02,0.09,0.02,0.01,0.02,0.01,0.3,0.93,1.0,0.74],[0.02,0.01,0.02,0.02,0.07,0.2,0.18,0.22,0.14,0.02,0.01,0.04,0.05,0.06,0.04,0.01,0.03,0.13,0.04,0.02,0.02,0.01,0.09,0.51,0.74,1.0]],
  "pae": [[1.8,9.8,9.7,12.1,13.5,16.1,16.8,17.9,18.6,15.1,14.9,13.5,9.5,11.0,12.2,15.2,17.1,17.2,21.2,17.3,13.7,13.5,14.1,15.5,16.6,19.5],[6.3,1.4,4.0,4.6,6.8,8.7,11.2,12.0,10.9,9.2,7.8,7.6,10.1,7.8,6.3,7.8,9.4,9.8,14.8,12.1,9.2,6.1,6.9,8.8,10.2,13.1],[7.1,3.6,1.0,2.4,4.0,5.3,8.4,8.9,7.7,6.0,5.4,5.5,8.4,7.3,5.8,5.2,5.5,6.5,11.3,8.6,7.0,4.5,4.4,5.4,6.9,10.4],[8.1,3.6,2.0,0.9,1.8,3.4,6.5,7.4,6.4,4.8,4.0,4.2,8.0,7.3,4.8,4.2,4.3,5.0,10.1,7.3,6.4,4.0,3.6,4.2,5.6,8.6],[8.2,4.5,2.5,1.7,0.8,1.7,5.9,7.1,5.8,3.9,3.5,3.6,7.1,7.1,4.5,4.0,3.7,4.4,10.0,7.0,6.2,3.5,3.0,3.7,5.2,8.4],[8.9,5.6,3.9,2.7,1.8,0.9,5.2,6.1,5.8,3.9,3.7,4.1,8.0,7.6,5.0,4.6,4.4,4.8,10.3,7.9,7.3,4.5,3.7,3.8,5.2,8.6],[13.7,13.0,11.6,11.2,9.4,8.0,1.2,6.0,5.5,8.7,10.4,10.5,14.1,13.1,11.8,12.5,11.7,11.8,16.5,14.7,14.3,13.0,11.7,10.1,6.6,11.2],[14.2,13.3,12.5,10.8,10.1,8.0,4.7,1.3,6.5,8.0,9.9,10.8,14.6,14.0,12.4,12.0,10.7,9.7,15.8,14.0,13.1,11.9,10.9,9.6,7.4,8.3],[13.2,11.4,11.0,10.1,9.1,7.4,5.9,5.2,1.2,4.8,5.7,8.5,12.8,12.6,10.2,9.9,8.3,7.4,12.8,10.6,11.0,10.0,8.8,8.9,8.3,10.2],[10.2,7.8,6.4,6.6,5.8,5.2,6.9,5.9,3.8,0.9,2.1,4.0,8.0,7.7,6.0,5.5,5.1,5.0,10.3,8.3,8.0,5.8,4.7,5.1,6.7,9.2],[9.3,6.3,4.8,4.2,4.0,3.9,6.9,6.8,4.2,2.0,0.9,2.0,6.4,6.9,4.6,4.3,3.8,4.4,9.4,7.2,6.6,4.5,4.1,4.6,6.3,9.0],[9.8,7.1,5.1,4.3,4.7,4.4,7.6,7.8,5.4,3.6,1.9,0.9,6.1,6.5,4.7,4.1,4.9,6.0,10.8,8.6,7.5,5.3,4.8,5.3,7.5,10.0],[9.5,10.8,10.8,11.0,12.0,12.3,14.9,15.1,13.8,12.3,10.7,8.1,1.4,9.2,7.7,10.6,12.7,14.3,18.2,14.7,12.3,12.9,13.4,13.8,14.7,16.1],[11.3,9.1,8.9,10.0,10.7,11.3,13.7,14.3,12.2,10.4,9.8,6.1,5.2,1.4,6.4,6.8,9.1,10.9,15.4,12.7,10.2,10.0,10.6,11.9,13.6,15.4],[9.8,7.7,6.3,6.4,6.5,7.1,9.4,9.4,8.1,7.0,5.6,4.4,6.8,4.7,1.0,2.9,5.4,6.8,11.1,9.0,7.6,6.6,6.5,7.3,8.9,12.0],[9.6,6.5,5.1,5.1,5.5,6.0,8.3,8.3,6.5,5.0,5.1,4.7,7.4,5.1,2.7,0.9,2.1,4.2,9.1,7.6,6.9,5.0,5.2,6.1,7.4,10.4],[9.7,7.0,5.6,5.2,5.2,5.6,7.8,7.5,6.5,4.6,4.6,4.9,8.2,7.3,3.8,2.6,0.9,2.3,8.1,6.8,6.8,4.7,4.6,5.3,7.0,9.6],[10.2,8.2,6.9,6.5,6.1,5.9,8.8,8.4,6.4,4.7,5.6,5.9,9.3,7.7,4.6,3.9,2.2,1.0,8.2,6.4,7.5,5.4,5.2,5.8,7.4,10.2],[20.4,19.2,19.1,19.1,19.0,17.9,17.4,17.3,14.6,16.1,17.7,18.6,20.2,19.4,17.1,13.8,12.5,12.7,1.6,11.5,13.6,15.2,16.8,16.7,16.4,17.8],[14.5,13.2,12.1,14.9,15.1,15.2,15.2,15.7,11.4,13.2,15.7,15.3,17.2,15.6,12.7,12.0,8.7,8.5,9.3,1.4,10.1,9.0,12.1,14.0,13.0,15.4],[12.6,10.1,10.4,12.0,12.8,13.4,14.0,15.6,12.3,12.8,12.2,12.6,13.4,11.9,9.5,9.4,8.1,9.6,10.4,8.2,1.3,8.4,9.9,11.9,12.6,15.4],[9.2,6.1,4.2,4.6,4.6,5.9,8.2,8.7,7.4,5.4,5.3,5.4,8.6,8.1,6.0,4.8,4.9,6.3,8.8,5.5,4.3,0.9,1.9,4.3,6.3,9.3],[8.9,5.6,4.0,3.6,3.4,4.0,6.9,7.1,6.1,4.4,4.0,4.6,7.9,7.3,5.2,4.3,4.0,4.5,8.7,6.5,4.9,2.2,0.8,2.0,4.2,7.7],[9.5,6.4,5.0,4.3,4.5,4.3,7.5,7.5,6.5,5.2,5.1,5.1,9.3,8.4,6.1,5.7,4.5,4.6,10.2,7.3,6.2,3.0,2.0,0.9,2.9,7.6],[13.3,11.2,9.8,9.7,7.7,7.2,7.6,7.8,8.4,8.1,9.2,9.7,14.4,12.8,11.0,10.2,8.7,8.3,14.6,11.1,11.1,7.3,6.5,6.3,1.2,6.8],[16.9,15.9,14.1,13.2,12.6,9.9,9.3,8.5,10.4,10.6,11.5,13.6,17.5,16.3,14.8,13.8,12.1,10.6,17.6,15.6,13.8,13.3,11.7,10.2,7.0,2.0]],
  "token_chain_ids": ["A","A","A","A","A","A","A","A","A","A","A","A","A","A","A","A","A","A","A","A","A","A","A","A","A","A"],
  "token_res_ids": [1,2,3,4,5,6,7,8,9,10,11,12,13,14,15,16,17,18,19,20,21,22,23,24,25,26]
}