{
  "atom_chain_ids": ["A","A","A","A","A","A","A","A","A","A","A","A","A","A","A","A","A","A","A","A","A","A","A","A","A","A","A","A","A","A","A","A","A","A","A","A","A","A","A","A","A","A","A","A","A","A","A","A","A","A","A","A","A","A","A","A","A","A","A","A","A","A","A","A","A","A","A","A","A","A","A","A","A","A","A","A","A","A","A","A","A","A","A","A","A","A","A","A","A","A","A","A","A","A","A","A","A","A","A","A","A","A","A","A","A","A","A","A","A","A","A","A","A","A","A","A","A","A","A","A","A","A","A","A","A","A","A","A","A","A","A","A","A","A","A","A","A","A","A","A","A","A","A","A","A","A","A","A","A","A","A","A","A","A","A","A","A","A","A","A","A","A","A","A","A","A","A","A","A","A","A","A","A","A","A","A","A","A","A","A","A","A","A","A","A","A","A","A","A","A","A","A","A","A","A","A","A","A","A","A","A","A","A","A","A","A","A","A","A","A","A","A","A","A","A","A","A","A","A","A","A","A","A","A","A","A","A","A","A","A","A","A","A","A","A","A","A","A","A","A","A","A","A","A","A","A","A","A","A","A","A","A","A","A","A","A","A","A","A","A","A","A","A","A","A","A","A","A","A","A","A","A","A","A","A","A","A","A","A","A","A","A","A","A","A","A","A","A","A","A","A","A","A","A","A","A","A","A","A","A","A","A","A","A","A","A","A","A","A","A","A","A","A","A","A","A","A","A","A","A","A","A","A","A","A","A","A","A","A","A","A","A","A","A","A","A","A","A","A","A","A","A","A","A","A","A","A","A","A","A","A","A","A","A","A","A","A","A","A","A","A","A","A","A","A","A","A","A","A","A","A","A","A","A","A","A","A","A","A","A","A","A","A","A","A","A","A","A","A","A","A","A","A","A","A","A","A","A","A","A","A","A","A","A","A","A","A","A","A","A","A","A","A","A","A","A","A","A","A","A","A","A","A","A","A","A","A","A","A","A","A","A","A","A","A","A","A","A","A","A","A","A","A","A","A","A","A","A","A","A","A","A","A","A","A","A","A","A","A","A","A","A","A","A","A","A","A","A","A","A","A","A","A","A","A","A","A","A","A","A","A","A","A","A","A","A","A","A","A","A","A","A","A","A","A","A","A","A","A","A","A","A","A","A","A","A","A","A","A","A","A","A","A","A","A","A","A","A","A","A","A","A","A","A","A","A","A","A","A","A","A","A","A","A","A","A","A","A","A","A","A","A","A","A","A","A","A","A","A"],
  "atom_plddts": [39.79,40.86,36.92,35.31,41.92,42.14,42.17,41.65,44.33,44.41,43.55,42.41,42.62,40.85,38.91,38.02,37.72,36.79,36.08,37.31,39.38,51.0,45.63,44.85,51.72,51.94,53.41,54.24,55.71,54.88,54.3,52.63,54.88,54.03,51.44,50.85,50.78,49.87,48.13,49.45,51.32,61.8,57.35,56.34,60.88,61.96,63.4,64.64,64.57,63.42,64.1,61.25,63.1,62.67,60.58,60.45,61.27,59.98,58.0,58.62,59.55,60.0,66.07,63.15,63.22,66.42,67.7,69.01,70.38,69.85,68.76,70.02,69.69,70.02,70.47,69.78,70.06,70.94,70.74,69.92,69.88,70.06,69.72,70.99,69.45,67.6,67.54,69.57,69.97,71.17,71.87,71.51,70.47,71.67,71.71,71.93,72.46,71.71,72.09,72.84,72.65,72.13,71.99,72.05,71.82,72.76,70.18,68.12,67.21,69.23,69.31,69.99,70.89,70.67,69.41,70.32,69.06,70.45,70.74,70.09,70.1,71.23,71.06,70.11,70.05,70.17,69.35,70.96,58.6,56.69,55.55,58.0,56.73,56.04,53.54,55.06,54.18,53.05,50.31,52.96,50.64,48.8,47.87,46.78,46.01,44.26,46.29,49.02,55.03,50.41,49.29,55.24,55.71,55.91,55.75,57.31,56.51,55.89,54.35,56.21,54.69,51.93,51.05,50.53,49.62,47.79,49.72,52.21,61.56,57.61,55.93,60.54,60.18,60.86,61.08,61.78,60.61,61.06,56.66,59.3,57.54,54.98,54.12,54.11,52.07,49.64,51.17,53.1,52.83,65.05,61.73,61.79,64.98,66.27,67.35,69.1,68.66,67.68,68.67,68.27,68.64,69.15,68.65,68.88,69.72,69.59,68.65,68.74,68.92,68.41,69.75,68.39,66.02,65.78,68.53,69.85,70.97,71.96,71.44,70.58,71.78,71.82,71.88,72.5,71.73,72.11,72.95,72.85,72.31,72.16,72.21,72.09,73.0,69.26,67.53,66.87,67.91,67.48,68.19,69.37,68.88,67.72,68.39,66.35,68.14,68.4,68.47,68.39,69.45,69.32,68.32,68.3,68.36,67.34,68.95,57.96,55.6,55.18,57.49,55.6,55.45,54.4,55.2,54.37,52.87,50.69,53.05,50.84,49.35,48.37,47.67,46.77,45.07,46.91,49.22,50.35,45.95,45.4,50.69,50.54,51.0,50.99,52.51,51.49,50.86,49.05,51.17,49.74,47.35,46.83,46.27,45.38,43.93,45.34,47.49,63.62,59.56,58.47,62.65,62.78,63.87,64.88,64.76,63.65,64.31,60.97,63.42,62.74,60.82,60.55,61.31,59.92,57.86,58.64,59.75,59.78,65.45,61.58,61.61,65.5,67.04,68.4,70.02,69.52,68.43,69.79,68.9,69.49,70.01,69.46,69.74,70.72,70.55,69.59,69.56,69.7,69.42,70.84,68.72,66.37,66.2,68.61,69.57,70.85,71.79,71.32,70.39,71.37,70.97,71.4,72.0,71.32,71.61,72.57,72.53,71.88,71.65,71.62,71.36,72.49,68.63,67.22,66.09,66.96,66.45,66.63,67.96,67.47,66.19,66.58,64.41,66.18,66.29,66.06,65.78,67.19,67.14,65.87,65.65,65.69,64.44,66.45,50.11,48.73,48.01,49.44,49.44,48.66,46.14,48.82,47.73,46.62,43.7,44.7,42.1,38.96,37.47,36.31,35.3,34.05,36.23,38.87,45.16,41.39,40.06,45.16,45.89,46.05,45.35,48.41,47.33,46.94,44.82,45.96,44.23,41.03,39.96,39.28,38.23,36.9,38.72,41.13,51.37,46.73,46.06,50.83,51.01,51.51,50.52,53.28,52.25,52.05,48.58,51.01,49.08,46.44,46.03,45.6,43.93,42.36,43.15,44.95,45.55,64.98,61.09,61.4,65.14,66.41,67.98,69.5,69.27,68.23,68.95,68.47,69.1,69.6,68.87,69.17,70.19,70.04,69.07,68.93,69.04,68.62,70.17,68.26,66.43,66.21,68.46,68.8,70.19,71.21,70.71,69.84,70.59,70.55,70.75,71.34,70.41,70.86,71.79,71.69,71.04,70.77,70.8,70.54,71.62,68.64,67.07,66.34,67.57,66.9,67.78,68.73,68.9,67.68,67.91,66.39,67.81,68.03,67.53,67.6,68.66,68.58,67.58,67.41,67.3,66.28,68.07,62.94,60.55,59.74,62.25,60.9,60.9,59.87,59.94,59.22,57.25,55.39,58.01,56.25,55.15,53.9,53.78,52.97,51.05,52.68,54.64,46.93,43.4,42.64,46.87,48.2,47.72,46.5,49.5,48.21,47.69,46.03,47.14,45.33,43.07,42.15,41.3,40.27,39.09,40.67,43.16],
  "contact_probs": [[1.0,0.67,0.35,0.09,0.01,0.0,0.0,0.01,0.01,0.01,0.0,0.03,0.13,0.26,0.31,0.08,0.01,0.01,0.03,0.06,0.08,0.08,0.01,0.01,0.01,0.02],[0.67,1.0,0.81,0.24,0.01,0.0,0.0,0.01,0.01,0.01,0.01,0.06,0.13,0.25,0.5,0.26,0.04,0.01,0.02,0.06,0.14,0.41,0.07,0.01,0.01,0.01],[0.35,0.81,1.0,0.93,0.18,0.01,0.0,0.01,0.01,0.02,0.04,0.14,0.17,0.29,0.31,0.13,0.03,0.01,0.01,0.04,0.14,0.56,0.34,0.04,0.02,0.02],[0.09,0.24,0.93,1.0,1.0,0.25,0.02,0.02,0.03,0.14,0.24,0.34,0.13,0.16,0.11,0.03,0.03,0.01,0.0,0.01,0.08,0.31,0.73,0.37,0.06,0.02],[0.01,0.01,0.18,1.0,1.0,1.0,0.16,0.17,0.16,0.44,0.4,0.5,0.07,0.05,0.03,0.02,0.03,0.03,0.01,0.01,0.05,0.11,0.26,0.7,0.34,0.07],[0.0,0.0,0.01,0.25,1.0,1.0,0.45,0.42,0.46,0.65,0.66,0.24,0.03,0.02,0.01,0.01,0.04,0.04,0.03,0.03,0.06,0.05,0.11,0.2,0.43,0.2],[0.0,0.0,0.0,0.02,0.16,0.45,1.0,0.47,0.24,0.12,0.04,0.02,0.01,0.01,0.0,0.0,0.01,0.05,0.05,0.05,0.06,0.01,0.02,0.11,0.21,0.18],[0.01,0.01,0.01,0.02,0.17,0.42,0.47,1.0,0.61,0.25,0.07,0.02,0.01,0.01,0.01,0.01,0.03,0.14,0.1,0.14,0.16,0.03,0.03,0.14,0.22,0.22],[0.01,0.01,0.01,0.03,0.16,0.46,0.24,0.61,1.0,0.79,0.18,0.03,0.01,0.01,0.01,0.03,0.2,0.38,0.18,0.26,0.29,0.06,0.05,0.11,0.15,0.14],[0.01,0.01,0.02,0.14,0.44,0.65,0.12,0.25,0.79,1.0,0.99,0.2,0.02,0.03,0.05,0.38,0.5,0.26,0.09,0.14,0.16,0.02,0.03,0.03,0.02,0.02],[0.0,0.01,0.04,0.24,0.4,0.66,0.04,0.07,0.18,0.99,1.0,0.99,0.2,0.19,0.4,0.74,0.27,0.07,0.01,0.02,0.03,0.03,0.03,0.05,0.02,0.01],[0.03,0.06,0.14,0.34,0.5,0.24,0.02,0.02,0.03,0.2,0.99,1.0,0.63,0.42,0.63,0.51,0.13,0.04,0.01,0.01,0.01,0.02,0.05,0.04,0.06,0.04],[0.13,0.13,0.17,0.13,0.07,0.03,0.01,0.01,0.01,0.02,0.2,0.63,1.0,0.49,0.31,0.1,0.01,0.01,0.01,0.01,0.01,0.01,0.01,0.03,0.06,0.05],[0.26,0.25,0.29,0.16,0.05,0.02,0.01,0.01,0.01,0.03,0.19,0.42,0.49,1.0,0.63,0.2,0.02,0.01,0.01,0.01,0.01,0.03,0.02,0.04,0.06,0.06],[0.31,0.5,0.31,0.11,0.03,0.01,0.0,0.01,0.01,0.05,0.4,0.63,0.31,0.63,1.0,0.91,0.17,0.01,0.01,0.01,0.03,0.11,0.08,0.08,0.05,0.04],[0.08,0.26,0.13,0.03,0.02,0.01,0.0,0.01,0.03,0.38,0.74,0.51,0.1,0.2,0.91,1.0,1.0,0.12,0.03,0.06,0.13,0.35,0.21,0.09,0.02,0.01],[0.01,0.04,0.03,0.03,0.03,0.04,0.01,0.03,0.2,0.5,0.27,0.13,0.01,0.02,0.17,1.0,1.0,0.99,0.21,0.24,0.44,0.78,0.38,0.17,0.02,0.03],[0.01,0.01,0.01,0.01,0.03,0.04,0.05,0.14,0.38,0.26,0.07,0.04,0.01,0.01,0.01,0.12,0.99,1.0,0.49,0.37,0.56,0.65,0.7,0.27,0.09,0.13],[0.03,0.02,0.01,0.0,0.01,0.03,0.05,0.1,0.18,0.09,0.01,0.01,0.01,0.01,0.01,0.03,0.21,0.49,1.0,0.46,0.3,0.08,0.03,0.02,0.02,0.04],[0.06,0.06,0.04,0.01,0.01,0.03,0.05,0.14,0.26,0.14,0.02,0.01,0.01,0.01,0.01,0.06,0.24,0.37,0.46,1.0,0.65,0.16,0.04,0.01,0.01,0.02],[0.08,0.14,0.14,0.08,0.05,0.06,0.06,0.16,0.29,0.16,0.03,0.01,0.01,0.01,0.03,0.13,0.44,0.56,0.3,0.65,1.0,0.68,0.19,0.03,0.02,0.02],[0.08,0.41,0.56,0.31,0.11,0.05,0.01,0.03,0.06,0.02,0.03,0.02,0.01,0.03,0.11,0.35,0.78,0.65,0.08,0.16,0.68,1.0,1.0,0.16,0.01,0.01],[0.01,0.07,0.34,0.73,0.26,0.11,0.02,0.03,0.05,0.03,0.03,0.05,0.01,0.02,0.08,0.21,0.38,0.7,0.03,0.04,0.19,1.0,1.0,1.0,0.3,0.09],[0.01,0.01,0.04,0.37,0.7,0.2,0.11,0.14,0.11,0.03,0.05,0.04,0.03,0.04,0.08,0.09,0.17,0.27,0.02,0.01,0.03,0.16,1.0,1.0,0.93,0.51],[0.01,0.01,0.02,0.06,0.34,0.43,0.21,0.22,0.15,0.02,0.02,0.06,0.06,0.06,0.05,0.02,0.02,0.09,0.02,0.01,0.02,0.01,0.3,0.93,1.0,0.74],[0.02,0.01,0.02,0.02,0.07,0.2,0.18,0.22,0.14,0.02,0.01,0.04,0.05,0.06,0.04,0.01,0.03,0.13,0.04,0.02,0.02,0.01,0.09,0.51,0.74,1.0]],
  "pae": [[1.7,6.7,8.6,12.7,15.0,16.7,15.9,17.4,17.4,15.4,14.9,14.6,11.7,10.8,11.6,13.2,15.3,16.9,20.3,19.1,14.5,12.8,14.9,16.5,17.6,20.2],[5.5,1.4,4.7,5.6,8.2,10.1,12.9,12.9,11.9,10.4,9.2,8.7,11.1,9.7,7.7,8.2,10.4,11.5,14.6,15.0,11.2,7.2,9.8,10.9,11.4,13.3],[7.2,4.1,1.1,2.9,4.5,5.5,8.6,9.2,8.1,6.5,6.0,6.2,9.0,9.2,6.4,5.8,6.1,7.3,11.3,10.9,8.6,5.2,5.3,6.2,7.9,10.2],[8.3,4.6,2.7,0.9,2.0,3.7,6.2,6.6,6.2,5.0,4.6,4.5,8.0,8.3,5.2,4.6,4.7,5.4,9.8,9.6,7.5,4.5,4.6,4.7,6.0,8.1],[9.0,5.6,3.2,2.0,0.9,2.0,5.4,5.2,5.4,4.3,3.9,4.2,7.7,7.9,4.8,4.2,4.0,4.8,9.9,10.0,7.2,3.9,3.5,4.1,5.4,7.3],[9.7,6.3,4.2,3.1,2.1,0.9,5.0,4.2,5.5,4.7,4.6,4.7,9.1,9.3,5.7,5.3,4.9,5.3,10.8,11.1,8.0,4.9,4.5,4.4,5.2,7.7],[15.6,13.6,12.4,10.1,8.0,7.4,1.5,8.2,9.4,9.6,11.0,11.4,15.6,16.1,14.1,14.1,11.6,12.6,18.1,16.9,14.6,13.2,12.0,11.3,10.3,11.6],[13.4,12.3,11.4,10.5,7.8,6.0,6.9,1.3,5.4,6.6,8.7,10.0,14.1,14.6,12.2,11.2,9.9,8.6,15.4,14.4,12.2,10.5,9.0,7.2,6.4,7.8],[13.5,11.5,10.5,9.5,7.8,6.3,6.7,5.4,1.2,4.8,6.2,8.9,12.2,12.6,10.0,8.9,7.7,6.9,12.6,11.7,10.3,8.8,8.3,8.0,6.9,9.1],[11.1,8.5,6.8,6.9,5.5,4.9,6.9,5.4,4.1,0.9,2.2,4.2,7.7,8.7,6.5,5.4,5.2,4.9,10.1,9.5,7.9,5.8,5.1,5.6,6.4,8.2],[9.6,6.7,5.2,4.4,4.1,4.0,6.7,5.6,3.9,2.0,0.9,2.2,6.4,8.0,5.0,4.5,3.9,4.3,9.0,9.1,6.8,4.6,4.2,4.8,6.0,7.6],[10.0,8.2,5.7,4.8,4.7,4.4,7.6,7.2,5.5,3.8,2.1,0.9,5.7,7.5,5.3,4.2,5.1,6.1,10.3,10.2,8.2,5.7,5.3,5.9,7.5,9.0],[12.7,12.2,11.6,11.5,12.2,13.1,12.8,15.4,14.2,12.8,9.6,7.6,1.4,8.0,7.6,10.5,12.8,15.3,17.6,17.0,14.0,13.9,14.7,15.0,15.2,16.2],[12.6,11.7,11.6,12.1,12.7,14.0,13.8,15.7,14.0,13.0,11.3,7.6,5.2,1.2,7.2,9.5,12.9,14.7,17.4,16.6,13.1,13.6,14.7,15.9,15.4,17.3],[9.9,8.3,6.8,6.9,7.0,7.9,9.6,10.3,8.7,8.2,6.8,5.6,6.6,4.9,1.1,3.2,6.3,7.7,10.8,11.0,8.6,7.0,7.8,8.8,10.1,11.8],[9.3,7.2,5.5,5.4,5.9,6.6,8.4,8.4,6.4,5.6,5.6,5.2,7.1,5.7,3.3,0.9,2.4,4.6,9.0,9.7,7.3,5.3,5.6,6.5,7.7,10.1],[9.8,6.9,5.6,5.0,4.9,5.3,7.7,6.9,5.3,4.5,4.6,4.8,8.3,8.3,3.7,2.3,0.9,2.3,8.3,9.6,6.6,4.3,4.5,4.9,6.7,8.6],[10.7,8.2,6.6,6.1,5.6,5.5,8.0,7.2,4.8,4.4,5.3,5.7,9.7,8.8,4.6,3.3,2.1,1.0,8.3,8.4,7.6,4.3,4.4,5.0,7.0,8.8],[19.5,19.1,18.2,19.3,18.5,18.3,19.1,17.6,14.8,16.6,16.9,18.9,19.3,20.0,17.9,12.8,12.8,12.6,1.6,9.0,12.7,13.1,14.6,16.9,16.8,18.1],[17.5,16.5,15.8,17.3,17.6,18.4,18.2,17.9,13.8,16.6,16.8,18.4,18.6,19.4,16.4,13.2,13.2,12.5,7.0,1.5,11.6,12.5,15.3,17.1,18.3,19.2],[13.5,13.1,11.9,13.8,14.0,14.5,14.5,15.0,12.0,13.8,13.9,14.9,15.9,14.9,11.1,9.1,10.3,11.4,9.8,8.2,1.3,8.9,10.9,13.0,14.4,15.3],[10.0,7.4,5.4,5.6,5.5,6.2,9.0,8.2,7.2,5.9,6.3,6.1,9.4,9.5,6.8,5.5,5.2,6.6,8.8,7.1,4.7,0.9,2.2,5.2,7.0,9.0],[9.9,6.7,4.9,4.6,3.8,4.2,7.3,6.5,5.7,4.8,4.5,5.0,9.3,8.7,5.6,4.8,4.2,4.4,8.8,9.0,5.3,2.4,0.9,2.1,3.8,6.7],[10.9,7.5,5.5,5.3,4.5,4.6,7.8,7.0,6.2,5.3,5.4,5.6,10.9,10.5,6.9,5.5,4.8,4.7,10.0,10.0,7.0,3.5,2.2,0.9,2.9,7.0],[13.8,11.1,9.5,9.0,7.1,6.6,9.4,7.1,8.0,8.2,8.8,9.0,13.7,13.8,10.8,9.2,7.7,7.5,13.5,13.3,10.2,7.2,6.2,5.2,1.2,6.0],[17.7,15.6,13.7,13.0,10.5,8.8,11.1,7.6,10.1,11.3,11.7,13.2,16.8,16.7,14.4,12.8,11.6,11.0,17.1,16.8,14.8,12.2,10.1,8.8,5.7,2.1]],
  "token_chain_ids": ["A","A","A","A","A","A","A","A","A","A","A","A","A","A","A","A","A","A","A","A","A","A","A","A","A","A"],
  "token_res_ids": [1,2,3,4,5,6,7,8,9,10,11,12,13,14,15,16,17,18,19,20,21,22,23,24,25,26]
}