{
  "atom_chain_ids": ["A","A","A","A","A","A","A","A","A","A","A","A","A","A","A","A","A","A","A","A","A","A","A","A","A","A","A","A","A","A","A","A","A","A","A","A","A","A","A","A","A","A","A","A","A","A","A","A","A","A","A","A","A","A","A","A","A","A","A","A","A","A","A","A","A","A","A","A","A","A","A","A","A","A","A","A","A","A","A","A","A","A","A","A","A","A","A","A","A","A","A","A","A","A","A","A","A","A","A","A","A","A","A","A","A","A","A","A","A","A","A","A","A","A","A","A","A","A","A","A","A","A","A","A","A","A","A","A","A","A","A","A","A","A","A","A","A","A","A","A","A","A","A","A","A","A","A","A","A","A","A","A","A","A","A","A","A","A","A","A","A","A","A","A","A","A","A","A","A","A","A","A","A","A","A","A","A","A","A","A","A","A","A","A","A","A","A","A","A","A","A","A","A","A","A","A","A","A","A","A","A","A","A","A","A","A","A","A","A","A","A","A","A","A","A","A","A","A","A","A","A","A","A","A","A","A","A","A","A","A","A","A","A","A","A","A","A","A","A","A","A","A","A","A","A","A","A","A","A","A","A","A","A","A","A","A","A","A","A","A","A","A","A","A","A","A","A","A","A","A","A","A","A","A","A","A","A","A","A","A","A","A","A","A","A","A","A","A","A","A","A","A","A","A","A","A","A","A","A","A","A","A","A","A","A","A","A","A","A","A","A","A","A","A","A","A","A","A","A","A","A","A","A","A","A","A","A","A","A","A","A","A","A","A","A","A","A","A","A","A","A","A","A","A","A","A","A","A","A","A","A","A","A","A","A","A","A","A","A","A","A","A","A","A","A","A","A","A","A","A","A","A","A","A","A","A","A","A","A","A","A","A","A","A","A","A","A","A","A","A","A","A","A","A","A","A","A","A","A","A","A","A","A","A","A","A","A","A","A","A","A","A","A","A","A","A","A","A","A","A","A","A","A","A","A","A"],
  "atom_plddts": [79.51,78.02,72.35,71.94,79.02,82.71,84.74,85.08,85.08,84.54,85.23,85.98,86.97,87.19,87.39,88.24,88.33,87.76,88.24,88.34,88.39,88.33,88.49,83.96,80.54,80.63,84.25,84.68,86.36,85.66,86.11,85.24,86.32,86.84,87.67,87.96,87.88,88.57,88.82,88.41,88.89,88.7,88.35,88.54,88.59,84.28,81.61,81.29,83.76,83.53,85.41,85.31,85.37,84.6,85.25,85.59,86.71,86.79,86.54,87.14,87.32,86.67,87.03,87.02,86.78,86.64,87.21,80.71,78.35,77.73,78.97,76.98,79.06,77.42,78.48,77.25,74.41,73.31,75.43,72.53,69.8,68.11,68.26,66.47,65.01,66.08,69.25,74.97,68.64,68.22,74.89,76.44,79.32,80.6,81.19,79.8,80.18,80.07,81.21,80.28,77.67,77.54,78.39,77.22,76.45,76.37,78.66,74.6,68.95,69.25,75.0,76.38,79.71,80.77,81.6,80.01,80.23,79.69,81.16,79.98,76.69,76.16,77.27,75.9,74.83,74.76,77.31,78.95,73.67,73.15,80.15,81.74,83.61,84.04,83.98,83.32,84.45,85.23,85.98,86.12,85.85,86.64,86.88,86.35,86.8,86.89,86.76,86.93,87.15,83.42,81.09,81.47,83.7,83.77,85.12,84.86,85.07,84.24,85.3,85.88,86.77,87.04,86.89,87.52,87.77,87.38,87.85,87.66,87.33,87.35,87.48,84.51,82.41,82.66,84.41,83.96,85.52,85.4,85.54,84.69,85.55,85.98,87.02,87.15,86.93,87.52,87.69,87.08,87.54,87.44,87.1,87.03,87.38,82.23,80.04,79.56,80.58,78.66,80.74,80.33,80.69,79.02,77.97,77.18,79.97,78.81,76.76,76.0,76.85,75.75,74.93,74.79,76.59,77.84,73.78,72.89,76.94,75.93,78.51,78.51,78.73,77.46,76.33,75.17,77.67,76.23,73.43,72.71,73.82,72.28,71.08,71.08,73.25,78.05,72.86,71.63,77.9,79.48,81.44,83.05,83.07,81.77,82.07,81.94,83.32,82.3,79.57,79.47,80.33,79.2,78.75,78.26,80.66,75.42,70.7,70.27,75.28,76.64,79.25,80.12,80.61,79.38,78.88,77.8,79.84,78.65,75.38,74.81,75.96,74.55,73.49,73.36,75.68,81.66,76.34,74.23,82.71,84.34,86.04,86.35,86.05,85.69,86.36,87.02,87.85,87.9,87.76,88.43,88.65,88.12,88.54,88.71,88.62,88.76,88.93,85.25,83.79,83.88,84.93,84.91,86.09,85.64,85.7,84.75,85.58,86.08,87.3,87.54,87.55,88.08,88.31,87.97,88.41,88.32,87.89,87.62,87.93,83.26,81.08,80.69,82.46,82.1,83.38,83.61,83.56,82.37,83.12,82.87,84.4,84.42,83.86,84.38,84.84,84.09,84.22,84.16,83.91,83.62,84.73,81.49,79.02,77.88,80.0,80.85,82.3,82.63,83.19,81.69,82.04,81.48,82.76,82.1,80.27,80.49,80.86,79.2,78.73,78.73,79.44,80.5,82.59,78.84,78.21,82.97,83.93,85.39,85.67,85.6,85.07,85.9,86.5,87.33,87.49,87.27,87.89,88.09,87.53,87.92,87.92,87.71,87.81,88.08,84.53,82.77,82.35,84.19,84.41,85.61,85.09,85.34,84.37,85.42,86.07,87.01,87.41,87.33,88.0,88.25,87.81,88.29,88.05,87.65,87.51,87.7,83.65,81.98,81.01,83.47,83.28,84.01,83.99,83.73,82.8,83.92,84.44,85.71,85.94,85.77,86.37,86.7,86.17,86.63,86.61,86.17,85.91,86.37],
  "contact_probs": [[1.0,1.0,0.14,0.0,0.0,0.0,0.01,0.05,0.33,0.48,0.17,0.94,0.06,0.36,0.94,0.37,0.0,0.0,0.0,0.0],[1.0,1.0,1.0,0.07,0.56,0.0,0.02,0.21,0.74,0.06,0.01,0.63,0.01,0.02,0.31,0.81,0.02,0.01,0.01,0.01],[0.14,1.0,1.0,0.62,0.94,0.1,0.26,0.82,0.14,0.0,0.0,0.0,0.0,0.0,0.02,0.42,0.07,0.01,0.01,0.0],[0.0,0.07,0.62,1.0,0.49,0.14,0.06,0.02,0.01,0.0,0.0,0.0,0.0,0.0,0.0,0.11,0.1,0.01,0.0,0.0],[0.0,0.56,0.94,0.49,1.0,0.85,0.75,0.21,0.0,0.0,0.0,0.0,0.0,0.0,0.06,0.77,0.83,0.36,0.02,0.0],[0.0,0.0,0.1,0.14,0.85,1.0,0.82,0.02,0.0,0.0,0.0,0.0,0.0,0.0,0.03,0.23,0.82,0.8,0.31,0.0],[0.01,0.02,0.26,0.06,0.75,0.82,1.0,1.0,0.18,0.0,0.0,0.0,0.0,0.0,0.01,0.02,0.06,0.24,0.91,0.67],[0.05,0.21,0.82,0.02,0.21,0.02,1.0,1.0,1.0,0.66,0.02,0.05,0.01,0.01,0.01,0.01,0.0,0.02,0.29,0.93],[0.33,0.74,0.14,0.01,0.0,0.0,0.18,1.0,1.0,0.98,0.65,0.79,0.05,0.01,0.01,0.0,0.0,0.0,0.02,0.35],[0.48,0.06,0.0,0.0,0.0,0.0,0.0,0.66,0.98,1.0,0.91,0.84,0.42,0.02,0.0,0.0,0.0,0.0,0.01,0.54],[0.17,0.01,0.0,0.0,0.0,0.0,0.0,0.02,0.65,0.91,1.0,0.86,0.79,0.09,0.0,0.0,0.0,0.0,0.01,0.53],[0.94,0.63,0.0,0.0,0.0,0.0,0.0,0.05,0.79,0.84,0.86,1.0,0.67,0.65,0.21,0.01,0.0,0.0,0.03,0.15],[0.06,0.01,0.0,0.0,0.0,0.0,0.0,0.01,0.05,0.42,0.79,0.67,1.0,0.88,0.03,0.01,0.01,0.01,0.29,0.72],[0.36,0.02,0.0,0.0,0.0,0.0,0.0,0.01,0.01,0.02,0.09,0.65,0.88,1.0,1.0,0.05,0.06,0.8,0.91,0.22],[0.94,0.31,0.02,0.0,0.06,0.03,0.01,0.01,0.01,0.0,0.0,0.21,0.03,1.0,1.0,0.99,0.9,0.95,0.22,0.02],[0.37,0.81,0.42,0.11,0.77,0.23,0.02,0.01,0.0,0.0,0.0,0.01,0.01,0.05,0.99,1.0,0.95,0.34,0.02,0.01],[0.0,0.02,0.07,0.1,0.83,0.82,0.06,0.0,0.0,0.0,0.0,0.0,0.01,0.06,0.9,0.95,1.0,0.97,0.24,0.0],[0.0,0.01,0.01,0.01,0.36,0.8,0.24,0.02,0.0,0.0,0.0,0.0,0.01,0.8,0.95,0.34,0.97,1.0,1.0,0.04],[0.0,0.01,0.01,0.0,0.02,0.31,0.91,0.29,0.02,0.01,0.01,0.03,0.29,0.91,0.22,0.02,0.24,1.0,1.0,1.0],[0.0,0.01,0.0,0.0,0.0,0.0,0.67,0.93,0.35,0.54,0.53,0.15,0.72,0.22,0.02,0.01,0.0,0.04,1.0,1.0]],
  "pae": [[0.9,1.6,2.2,5.0,3.9,4.8,3.1,3.2,2.4,2.8,3.4,2.5,3.8,2.6,2.7,3.3,3.9,3.3,3.3,3.0],[1.3,0.8,1.4,3.8,3.2,3.9,2.5,2.0,2.0,2.7,3.4,3.0,4.0,2.4,2.3,2.5,3.0,2.7,2.5,2.4],[1.8,1.3,0.8,3.0,2.5,3.3,2.1,2.2,2.4,3.4,4.2,3.8,4.7,3.1,3.0,2.6,2.9,2.9,2.7,3.0],[7.4,4.9,3.7,1.2,3.9,4.0,5.2,6.1,7.6,8.5,9.9,8.9,10.0,8.1,7.0,6.2,5.7,4.9,5.9,7.6],[4.4,3.3,2.2,2.5,1.0,2.4,2.9,3.4,4.0,6.3,7.0,6.2,6.9,5.3,3.8,3.4,3.3,3.2,3.4,4.8],[5.6,4.6,3.6,3.3,2.0,1.1,2.6,3.2,4.7,6.5,7.4,6.7,7.3,5.6,4.4,4.0,3.7,3.2,3.9,4.8],[3.3,2.9,2.0,3.6,2.3,2.3,0.8,1.4,2.1,3.5,4.6,4.4,4.8,3.2,3.1,2.8,2.6,2.2,2.2,3.0],[2.7,1.9,1.9,4.0,2.9,2.7,1.3,0.8,1.4,2.4,3.5,3.9,4.2,2.6,2.8,2.7,2.8,2.2,2.0,2.3],[2.7,2.2,2.5,4.8,3.5,3.8,2.1,1.4,0.8,2.4,2.9,3.4,4.2,2.9,3.2,3.3,3.3,3.0,2.4,2.5],[4.3,4.3,5.4,7.3,6.4,6.8,4.3,3.3,3.0,1.0,2.6,3.3,4.1,4.5,5.1,6.3,6.9,5.9,4.6,4.8],[4.2,5.3,7.2,8.5,7.4,7.4,6.9,4.6,3.7,2.5,1.1,3.6,3.7,4.6,5.5,6.9,7.5,6.3,5.8,5.1],[3.3,5.0,6.3,8.7,7.0,6.9,5.9,4.9,4.3,2.8,2.1,1.1,2.8,3.8,5.1,6.4,7.2,6.5,4.7,4.8],[4.8,6.9,8.2,9.3,7.8,7.9,7.1,6.2,5.9,4.3,3.1,3.5,1.2,3.8,4.8,7.0,7.8,6.5,4.8,5.5],[2.9,3.3,3.5,5.5,4.4,4.2,3.3,3.2,3.4,3.2,3.4,2.7,2.8,0.9,1.7,3.0,3.6,3.8,3.2,2.9],[2.6,2.4,2.8,4.5,3.6,3.6,2.9,3.0,3.3,3.6,3.7,3.1,3.2,1.6,0.9,2.2,2.9,2.6,2.8,3.0],[3.3,3.2,3.2,4.3,3.3,3.7,3.4,3.4,3.8,4.4,4.9,4.2,4.7,2.7,1.8,0.9,2.8,2.7,3.2,4.0],[3.6,3.3,2.8,4.4,2.9,3.0,2.9,3.1,3.9,5.0,5.6,4.8,5.1,3.1,2.6,2.2,0.9,1.8,2.5,3.6],[2.9,2.8,2.7,4.1,2.8,2.7,2.1,2.6,2.7,3.7,4.3,3.9,3.9,2.5,2.5,2.3,1.9,0.8,1.6,2.2],[2.5,2.5,2.6,4.6,3.3,3.1,1.9,1.8,2.2,3.1,3.6,3.5,3.9,2.0,2.1,2.5,2.2,1.2,0.8,1.4],[3.0,2.8,3.0,5.3,4.0,3.8,2.4,2.2,2.2,3.3,4.0,3.6,4.0,2.4,3.2,3.4,3.2,2.1,1.3,0.9]],
  "token_chain_ids": ["A","A","A","A","A","A","A","A","A","A","A","A","A","A","A","A","A","A","A","A"],
  "token_res_ids": [1,2,3,4,5,6,7,8,9,10,11,12,13,14,15,16,17,18,19,20]
}