{
  "atom_chain_ids": ["A","A","A","A","A","A","A","A","A","A","A","A","A","A","A","A","A","A","A","A","A","A","A","A","A","A","A","A","A","A","A","A","A","A","A","A","A","A","A","A","A","A","A","A","A","A","A","A","A","A","A","A","A","A","A","A","A","A","A","A","A","A","A","A","A","A","A","A","A","A","A","A","A","A","A","A","A","A","A","A","A","A","A","A","A","A","A","A","A","A","A","A","A","A","A","A","A","A","A","A","A","A","A","A","A","A","A","A","A","A","A","A","A","A","A","A","A","A","A","A","A","A","A","A","A","A","A","A","A","A","A","A","A","A","A","A","A","A","A","A","A","A","A","A","A","A","A","A","A","A","A","A","A","A","A","A","A","A","A","A","A","A","A","A","A","A","A","A","A","A","A","A","A","A","A","A","A","A","A","A","A","A","A","A","A","A","A","A","A","A","A","A","A","A","A","A","A","A","A","A","A","A","A","A","A","A","A","A","A","A","A","A","A","A","A","A","A","A","A","A","A","A","A","A","A","A","A","A","A","A","A","A","A","A","A","A","A","A","A","A","A","A","A","A","A","A","A","A","A","A","A","A","A","A","A","A","A","A","A","A","A","A","A","A","A","A","A","A","A","A","A","A","A","A","A","A","A","A","A","A","A","A","A","A","A","A","A","A","A","A","A","A","A","A","A","A","A","A","A","A","A","A","A","A","A","A","A","A","A","A","A","A","A","A","A","A","A","A","A","A","A","A","A","A","A","A","A","A","A","A","A","A","A","A","A","A","A","A","A","A","A","A","A","A","A","A","A","A","A","A","A","A","A","A","A","A","A","A","A","A","A","A","A","A","A","A","A","A","A","A","A","A","A","A","A","A","A","A","A","A","A","A","A","A","A","A","A","A","A","A","A","A","A","A","A","A","A","A","A","A","A","A","A","A","A","A","A","A","A","A","A","A","A","A","A","A","A","A","A","A","A","A","A","A","A","A"],
  "atom_plddts": [75.66,74.86,69.06,69.05,75.52,79.75,82.03,82.29,82.46,81.63,82.47,83.04,84.04,84.42,84.3,85.12,85.35,84.8,84.99,85.22,85.28,85.21,85.65,80.67,76.82,77.27,81.29,82.05,83.88,83.11,83.66,82.7,83.94,84.34,85.11,85.5,85.14,85.75,86.09,85.65,85.91,85.84,85.61,85.84,86.07,80.68,77.44,77.24,80.46,80.22,82.19,82.1,82.15,81.32,82.05,82.16,83.27,83.47,83.13,83.61,84.0,83.45,83.56,83.6,83.44,83.22,83.98,70.88,67.58,67.35,70.58,68.45,70.16,68.05,69.21,68.45,65.2,64.35,65.94,63.17,61.15,59.74,59.25,57.81,55.93,57.9,61.16,60.4,55.45,54.58,59.83,59.94,61.41,59.45,61.45,60.05,58.15,57.17,58.59,56.53,54.77,53.44,53.28,52.07,49.98,51.64,54.61,67.23,61.23,62.51,68.23,69.23,72.69,73.14,74.35,72.64,72.36,71.76,73.44,72.21,69.26,68.34,69.6,68.49,66.66,67.36,69.63,75.64,70.1,69.91,76.65,78.17,80.11,80.48,80.51,79.6,80.88,81.35,82.15,82.49,82.22,82.94,83.46,83.03,83.21,83.31,83.15,83.28,83.69,81.49,79.25,79.59,81.38,81.21,82.58,82.16,82.33,81.33,82.29,82.49,83.61,83.94,83.96,84.41,84.82,84.46,84.75,84.58,84.22,84.06,84.52,82.5,80.42,80.73,82.28,81.73,83.45,83.2,83.4,82.43,83.2,83.39,84.47,84.67,84.42,84.85,85.14,84.57,84.8,84.78,84.52,84.36,84.94,78.2,75.74,75.26,76.84,74.66,76.32,75.7,75.81,74.23,72.6,71.66,74.51,73.14,71.44,70.33,71.31,70.38,68.92,69.37,71.06,75.45,71.09,70.55,75.18,74.16,76.59,76.5,76.74,75.45,74.26,73.11,75.54,73.98,71.08,70.15,71.19,69.74,68.18,68.71,70.86,74.06,69.12,67.79,73.9,74.92,76.22,77.61,77.95,76.42,76.57,75.94,77.41,76.33,73.41,72.66,73.87,72.9,71.48,71.9,73.9,71.55,67.07,66.71,71.62,72.62,75.06,75.04,76.05,74.69,73.04,71.59,73.78,71.72,67.91,66.73,67.68,66.14,64.38,65.1,68.01,78.04,72.89,71.2,79.05,80.82,82.55,82.63,82.5,81.9,82.77,83.17,84.01,84.22,83.82,84.43,84.87,84.4,84.57,84.8,84.73,84.73,85.22,81.86,80.5,80.54,81.42,81.39,82.32,81.71,81.74,80.64,81.58,81.71,82.93,83.25,83.33,83.7,84.08,83.77,83.98,83.95,83.59,83.04,83.74,80.2,78.17,78.08,79.42,78.85,80.11,80.23,80.17,78.82,79.51,78.8,80.69,80.68,79.96,80.17,80.95,80.24,79.91,79.99,79.91,79.07,80.85,78.21,75.89,74.77,76.76,77.02,78.6,78.89,79.43,77.69,77.95,76.65,78.26,77.27,75.05,74.92,75.48,73.57,72.4,72.73,73.74,74.41,79.05,75.1,75.05,79.65,80.51,82.14,82.42,82.45,81.72,82.69,83.14,83.97,84.25,83.76,84.29,84.67,84.14,84.26,84.36,84.21,84.27,84.76,81.78,79.57,79.24,81.63,81.96,83.12,82.62,82.9,81.95,82.95,83.42,84.29,84.74,84.65,85.19,85.57,85.13,85.41,85.29,84.96,84.79,85.17,81.76,80.07,79.27,81.45,81.1,81.88,81.82,81.65,80.64,81.68,81.82,83.14,83.43,83.29,83.64,84.17,83.73,83.85,83.95,83.6,83.16,83.92],
  "contact_probs": [[1.0,1.0,0.14,0.0,0.0,0.0,0.01,0.05,0.33,0.48,0.17,0.94,0.06,0.36,0.94,0.37,0.0,0.0,0.0,0.0],[1.0,1.0,1.0,0.07,0.56,0.0,0.02,0.21,0.74,0.06,0.01,0.63,0.01,0.02,0.31,0.81,0.02,0.01,0.01,0.01],[0.14,1.0,1.0,0.62,0.94,0.1,0.26,0.82,0.14,0.0,0.0,0.0,0.0,0.0,0.02,0.42,0.07,0.01,0.01,0.0],[0.0,0.07,0.62,1.0,0.49,0.14,0.06,0.02,0.01,0.0,0.0,0.0,0.0,0.0,0.0,0.11,0.1,0.01,0.0,0.0],[0.0,0.56,0.94,0.49,1.0,0.85,0.75,0.21,0.0,0.0,0.0,0.0,0.0,0.0,0.06,0.77,0.83,0.36,0.02,0.0],[0.0,0.0,0.1,0.14,0.85,1.0,0.82,0.02,0.0,0.0,0.0,0.0,0.0,0.0,0.03,0.23,0.82,0.8,0.31,0.0],[0.01,0.02,0.26,0.06,0.75,0.82,1.0,1.0,0.18,0.0,0.0,0.0,0.0,0.0,0.01,0.02,0.06,0.24,0.91,0.67],[0.05,0.21,0.82,0.02,0.21,0.02,1.0,1.0,1.0,0.66,0.02,0.05,0.01,0.01,0.01,0.01,0.0,0.02,0.29,0.93],[0.33,0.74,0.14,0.01,0.0,0.0,0.18,1.0,1.0,0.98,0.65,0.79,0.05,0.01,0.01,0.0,0.0,0.0,0.02,0.35],[0.48,0.06,0.0,0.0,0.0,0.0,0.0,0.66,0.98,1.0,0.91,0.84,0.42,0.02,0.0,0.0,0.0,0.0,0.01,0.54],[0.17,0.01,0.0,0.0,0.0,0.0,0.0,0.02,0.65,0.91,1.0,0.86,0.79,0.09,0.0,0.0,0.0,0.0,0.01,0.53],[0.94,0.63,0.0,0.0,0.0,0.0,0.0,0.05,0.79,0.84,0.86,1.0,0.67,0.65,0.21,0.01,0.0,0.0,0.03,0.15],[0.06,0.01,0.0,0.0,0.0,0.0,0.0,0.01,0.05,0.42,0.79,0.67,1.0,0.88,0.03,0.01,0.01,0.01,0.29,0.72],[0.36,0.02,0.0,0.0,0.0,0.0,0.0,0.01,0.01,0.02,0.09,0.65,0.88,1.0,1.0,0.05,0.06,0.8,0.91,0.22],[0.94,0.31,0.02,0.0,0.06,0.03,0.01,0.01,0.01,0.0,0.0,0.21,0.03,1.0,1.0,0.99,0.9,0.95,0.22,0.02],[0.37,0.81,0.42,0.11,0.77,0.23,0.02,0.01,0.0,0.0,0.0,0.01,0.01,0.05,0.99,1.0,0.95,0.34,0.02,0.01],[0.0,0.02,0.07,0.1,0.83,0.82,0.06,0.0,0.0,0.0,0.0,0.0,0.01,0.06,0.9,0.95,1.0,0.97,0.24,0.0],[0.0,0.01,0.01,0.01,0.36,0.8,0.24,0.02,0.0,0.0,0.0,0.0,0.01,0.8,0.95,0.34,0.97,1.0,1.0,0.04],[0.0,0.01,0.01,0.0,0.02,0.31,0.91,0.29,0.02,0.01,0.01,0.03,0.29,0.91,0.22,0.02,0.24,1.0,1.0,1.0],[0.0,0.01,0.0,0.0,0.0,0.0,0.67,0.93,0.35,0.54,0.53,0.15,0.72,0.22,0.02,0.01,0.0,0.04,1.0,1.0]],
  "pae": [[0.9,1.9,2.5,5.7,5.6,5.5,4.0,3.7,2.9,3.2,3.4,2.9,4.6,3.0,3.2,3.6,4.3,4.0,3.9,3.4],[1.5,0.8,1.5,4.4,4.2,4.6,3.0,2.4,2.2,3.1,3.4,3.4,4.8,3.0,2.8,2.8,3.2,3.1,3.2,2.9],[2.4,1.8,0.9,3.7,3.6,4.3,2.6,2.9,2.9,3.8,4.3,4.1,5.7,3.7,3.7,2.9,3.4,3.5,3.7,3.7],[10.1,9.0,7.9,1.3,4.8,5.3,8.2,9.0,10.0,11.2,12.2,10.5,12.5,11.6,9.2,7.1,8.0,8.9,10.0,11.3],[9.6,7.7,6.7,4.7,1.2,6.2,6.6,7.5,9.9,12.1,13.0,11.5,12.9,12.0,9.2,6.8,6.9,9.0,10.4,10.3],[8.5,7.8,7.3,5.6,3.9,1.2,4.7,5.8,8.2,9.9,10.2,10.0,10.0,9.9,7.6,6.4,6.1,6.1,6.8,9.2],[4.0,3.7,2.6,4.7,3.4,2.9,0.9,1.8,2.8,4.0,4.8,4.6,6.0,4.0,3.7,3.3,3.3,3.0,3.3,3.8],[2.7,2.1,2.1,4.9,4.4,3.3,1.5,0.8,1.5,2.5,3.4,3.7,4.8,2.9,2.9,2.9,3.1,2.6,2.4,2.2],[2.8,2.4,2.7,5.5,4.8,4.3,2.3,1.5,0.8,2.2,3.0,3.2,4.9,3.2,3.3,3.5,3.6,3.4,2.9,2.7],[4.1,4.5,5.4,7.9,7.5,6.9,4.6,3.5,3.2,1.0,2.7,3.1,5.0,4.6,5.9,6.3,6.9,6.0,5.3,5.2],[3.9,4.7,6.0,8.3,7.3,7.0,6.9,4.8,3.4,2.9,1.0,3.2,4.3,4.6,5.8,6.5,7.0,6.7,6.3,5.4],[3.9,5.5,6.8,8.7,7.8,7.7,6.3,4.9,4.2,3.2,2.4,1.0,3.6,4.2,5.7,6.6,7.7,6.4,5.7,5.8],[5.5,8.8,10.6,11.1,10.1,9.3,9.6,7.9,7.7,5.2,4.1,4.1,1.3,5.6,6.5,8.1,9.0,8.5,7.1,6.9],[3.5,4.1,5.0,6.7,6.2,5.3,4.5,4.3,4.3,3.8,3.6,3.1,3.7,0.9,2.3,3.6,4.6,4.5,4.4,3.7],[3.0,3.3,3.7,5.8,5.3,4.7,3.8,3.9,4.1,4.0,4.0,3.4,4.0,1.8,0.9,2.8,3.4,3.0,3.5,3.8],[3.9,4.3,3.9,5.6,4.8,4.6,4.3,4.4,4.7,5.4,5.4,4.9,6.0,3.4,2.7,1.0,3.3,3.3,4.7,5.3],[4.3,4.4,4.1,5.9,5.2,4.4,4.1,4.7,5.2,6.2,6.4,5.8,6.7,4.5,3.8,3.1,1.0,2.1,3.4,5.2],[3.4,3.6,3.4,5.3,4.3,3.6,2.7,3.4,3.6,4.2,4.5,4.3,5.1,3.2,3.2,2.7,2.1,0.9,1.9,2.7],[2.8,3.0,3.1,5.0,4.5,3.8,2.1,2.1,2.6,3.5,3.8,3.9,4.6,2.3,2.5,2.9,2.4,1.4,0.8,1.5],[3.5,3.7,3.8,6.2,5.3,4.5,3.2,2.7,2.7,3.7,4.1,4.3,5.0,2.7,3.7,4.1,3.3,2.5,1.5,0.9]],
  "token_chain_ids": ["A","A","A","A","A","A","A","A","A","A","A","A","A","A","A","A","A","A","A","A"],
  "token_res_ids": [1,2,3,4,5,6,7,8,9,10,11,12,13,14,15,16,17,18,19,20]
}