{
  "atom_chain_ids": ["A","A","A","A","A","A","A","A","A","A","A","A","A","A","A","A","A","A","A","A","A","A","A","A","A","A","A","A","A","A","A","A","A","A","A","A","A","A","A","A","A","A","A","A","A","A","A","A","A","A","A","A","A","A","A","A","A","A","A","A","A","A","A","A","A","A","A","A","A","A","A","A","A","A","A","A","A","A","A","A","A","A","A","A","A","A","A","A","A","A","A","A","A","A","A","A","A","A","A","A","A","A","A","A","A","A","A","A","A","A","A","A","A","A","A","A","A","A","A","A","A","A","A","A","A","A","A","A","A","A","A","A","A","A","A","A","A","A","A","A","A","A","A","A","A","A","A","A","A","A","A","A","A","A","A","A","A","A","A","A","A","A","A","A","A","A","A","A","A","A","A","A","A","A","A","A","A","A","A","A","A","A","A","A","A","A","A","A","A","A","A","A","A","A","A","A","A","A","A","A","A","A","A","A","A","A","A","A","A","A","A","A","A","A","A","A","A","A","A","A","A","A","A","A","A","A","A","A","A","A","A","A","A","A","A","A","A","A","A","A","A","A","A","A","A","A","A","A","A","A","A","A","A","A","A","A","A","A","A","A","A","A","A","A","A","A","A","A","A","A","A","A","A","A","A","A","A","A","A","A","A","A","A","A","A","A","A","A","A","A","A","A","A","A","A","A","A","A","A","A","A","A","A","A","A","A","A","A","A","A","A","A","A","A","A","A","A","A","A","A","A","A","A","A","A","A","A","A","A","A","A","A","A","A","A","A","A","A","A","A","A","A","A","A","A","A","A","A","A","A","A","A","A","A","A","A","A","A","A","A","A","A","A","A","A","A","A","A","A","A","A","A","A","A","A","A","A","A","A","A","A","A","A","A","A","A","A","A","A","A","A","A","A","A","A","A","A","A","A","A","A","A","A","A","A","A","A","A","A","A","A","A","A","A","A","A","A","A","A","A","A","A","A","A","A","A"],
  "atom_plddts": [75.03,73.79,67.78,67.72,74.33,78.26,80.27,80.49,80.61,79.72,80.67,81.16,82.09,82.56,82.63,83.44,83.78,83.31,83.48,83.69,83.66,83.56,84.03,79.33,76.12,76.47,79.8,80.27,81.68,80.87,81.21,80.14,81.49,81.87,82.58,83.03,82.97,83.57,83.96,83.59,83.88,83.75,83.44,83.42,83.75,80.48,77.96,77.89,79.97,79.28,80.94,80.79,80.71,79.81,80.58,80.46,81.72,81.95,81.86,82.19,82.66,82.2,82.25,82.28,82.06,81.58,82.48,61.41,59.18,58.9,61.6,60.15,61.34,57.33,60.08,59.13,56.06,54.78,55.16,51.7,48.84,47.19,45.67,44.31,42.48,45.25,49.22,65.38,58.95,58.37,65.04,65.24,67.73,67.86,69.02,67.85,67.27,66.18,67.93,66.45,64.21,63.04,63.66,62.44,60.17,61.7,64.22,63.58,58.12,58.86,64.2,64.33,67.29,67.87,69.18,67.91,67.61,67.27,68.29,67.12,64.59,63.71,64.34,63.29,61.24,62.63,64.83,75.23,69.8,69.58,76.14,77.48,79.2,79.54,79.52,78.63,79.88,80.21,80.99,81.37,81.2,81.83,82.43,82.04,82.15,82.28,82.12,82.16,82.63,80.88,79.13,79.57,80.79,80.5,81.53,81.15,81.19,80.25,81.32,81.49,82.48,82.83,82.86,83.24,83.63,83.28,83.53,83.4,83.05,82.76,83.3,81.01,79.37,79.8,80.85,80.34,81.65,81.42,81.42,80.4,81.34,81.48,82.44,82.62,82.39,82.75,82.98,82.41,82.58,82.63,82.41,82.05,82.79,71.87,70.09,69.15,70.47,67.3,68.12,66.6,67.3,66.15,63.57,62.44,64.8,62.78,61.73,60.67,60.52,59.75,57.76,59.13,61.24,65.19,61.82,60.95,65.01,63.17,64.45,63.39,63.72,62.73,60.38,59.07,61.32,59.4,57.56,56.46,56.3,54.93,52.79,54.54,56.96,68.77,63.74,62.8,68.9,69.66,70.65,72.12,72.78,71.22,71.1,70.45,71.76,70.43,67.56,66.55,67.69,66.7,64.68,65.61,67.77,68.19,63.62,63.57,68.36,68.79,70.9,71.43,72.09,71.12,70.11,69.06,70.83,69.7,67.17,66.35,67.39,66.31,64.56,65.29,67.26,77.14,72.14,70.49,78.2,79.88,81.36,81.46,81.3,80.74,81.7,82.12,82.85,83.15,82.79,83.44,83.93,83.52,83.71,83.89,83.77,83.79,84.21,81.71,80.42,80.5,81.34,81.13,82.06,81.45,81.46,80.45,81.4,81.53,82.69,83.03,83.21,83.54,83.94,83.67,83.91,83.85,83.45,82.9,83.53,80.78,78.81,78.51,79.86,79.15,80.34,80.5,80.32,79.05,79.66,78.75,80.73,80.75,80.28,80.4,81.22,80.58,80.24,80.27,80.17,79.34,81.06,78.71,76.48,75.27,77.21,77.69,79.2,79.6,79.94,78.38,78.61,77.36,79.01,78.38,76.62,76.45,77.27,75.73,74.69,74.84,75.59,76.09,78.83,74.98,74.68,79.13,79.54,80.92,81.12,81.06,80.31,81.33,81.64,82.54,82.92,82.81,83.33,83.8,83.36,83.56,83.55,83.27,83.2,83.66,81.53,79.73,79.45,81.17,81.12,82.06,81.5,81.67,80.71,81.82,82.27,83.14,83.65,83.86,84.42,84.83,84.44,84.82,84.57,84.14,83.84,84.21,81.54,79.84,78.91,81.09,80.54,81.21,81.03,80.8,79.81,80.86,80.98,82.29,82.61,82.85,83.21,83.76,83.41,83.64,83.66,83.21,82.66,83.35],
  "contact_probs": [[1.0,1.0,0.14,0.0,0.0,0.0,0.01,0.05,0.33,0.48,0.17,0.94,0.06,0.36,0.94,0.37,0.0,0.0,0.0,0.0],[1.0,1.0,1.0,0.07,0.56,0.0,0.02,0.21,0.74,0.06,0.01,0.63,0.01,0.02,0.31,0.81,0.02,0.01,0.01,0.01],[0.14,1.0,1.0,0.62,0.94,0.1,0.26,0.82,0.14,0.0,0.0,0.0,0.0,0.0,0.02,0.42,0.07,0.01,0.01,0.0],[0.0,0.07,0.62,1.0,0.49,0.14,0.06,0.02,0.01,0.0,0.0,0.0,0.0,0.0,0.0,0.11,0.1,0.01,0.0,0.0],[0.0,0.56,0.94,0.49,1.0,0.85,0.75,0.21,0.0,0.0,0.0,0.0,0.0,0.0,0.06,0.77,0.83,0.36,0.02,0.0],[0.0,0.0,0.1,0.14,0.85,1.0,0.82,0.02,0.0,0.0,0.0,0.0,0.0,0.0,0.03,0.23,0.82,0.8,0.31,0.0],[0.01,0.02,0.26,0.06,0.75,0.82,1.0,1.0,0.18,0.0,0.0,0.0,0.0,0.0,0.01,0.02,0.06,0.24,0.91,0.67],[0.05,0.21,0.82,0.02,0.21,0.02,1.0,1.0,1.0,0.66,0.02,0.05,0.01,0.01,0.01,0.01,0.0,0.02,0.29,0.93],[0.33,0.74,0.14,0.01,0.0,0.0,0.18,1.0,1.0,0.98,0.65,0.79,0.05,0.01,0.01,0.0,0.0,0.0,0.02,0.35],[0.48,0.06,0.0,0.0,0.0,0.0,0.0,0.66,0.98,1.0,0.91,0.84,0.42,0.02,0.0,0.0,0.0,0.0,0.01,0.54],[0.17,0.01,0.0,0.0,0.0,0.0,0.0,0.02,0.65,0.91,1.0,0.86,0.79,0.09,0.0,0.0,0.0,0.0,0.01,0.53],[0.94,0.63,0.0,0.0,0.0,0.0,0.0,0.05,0.79,0.84,0.86,1.0,0.67,0.65,0.21,0.01,0.0,0.0,0.03,0.15],[0.06,0.01,0.0,0.0,0.0,0.0,0.0,0.01,0.05,0.42,0.79,0.67,1.0,0.88,0.03,0.01,0.01,0.01,0.29,0.72],[0.36,0.02,0.0,0.0,0.0,0.0,0.0,0.01,0.01,0.02,0.09,0.65,0.88,1.0,1.0,0.05,0.06,0.8,0.91,0.22],[0.94,0.31,0.02,0.0,0.06,0.03,0.01,0.01,0.01,0.0,0.0,0.21,0.03,1.0,1.0,0.99,0.9,0.95,0.22,0.02],[0.37,0.81,0.42,0.11,0.77,0.23,0.02,0.01,0.0,0.0,0.0,0.01,0.01,0.05,0.99,1.0,0.95,0.34,0.02,0.01],[0.0,0.02,0.07,0.1,0.83,0.82,0.06,0.0,0.0,0.0,0.0,0.0,0.01,0.06,0.9,0.95,1.0,0.97,0.24,0.0],[0.0,0.01,0.01,0.01,0.36,0.8,0.24,0.02,0.0,0.0,0.0,0.0,0.01,0.8,0.95,0.34,0.97,1.0,1.0,0.04],[0.0,0.01,0.01,0.0,0.02,0.31,0.91,0.29,0.02,0.01,0.01,0.03,0.29,0.91,0.22,0.02,0.24,1.0,1.0,1.0],[0.0,0.01,0.0,0.0,0.0,0.0,0.67,0.93,0.35,0.54,0.53,0.15,0.72,0.22,0.02,0.01,0.0,0.04,1.0,1.0]],
  "pae": [[0.9,1.8,2.7,7.5,4.7,6.2,4.5,4.2,3.5,4.8,5.7,3.8,4.9,3.4,3.9,3.9,4.7,4.5,4.4,4.2],[1.5,0.9,1.6,6.4,4.2,5.4,3.4,2.8,2.5,4.8,5.3,4.4,4.7,3.3,3.1,2.9,3.4,3.3,3.3,3.2],[2.5,1.7,0.9,6.3,3.8,5.1,2.8,2.9,3.5,5.4,6.3,5.5,5.7,4.0,3.8,3.4,3.7,3.6,3.8,4.2],[15.0,13.5,11.2,1.5,8.3,7.1,11.2,12.8,16.3,16.2,16.7,15.2,18.0,18.0,16.7,13.9,11.9,15.5,16.9,17.1],[9.8,8.0,6.1,6.1,1.2,5.9,7.1,6.6,8.6,12.1,11.4,11.2,11.4,10.3,8.0,7.8,7.8,7.9,8.4,8.5],[10.0,8.9,7.9,6.1,4.1,1.2,5.7,5.8,8.7,11.8,11.6,11.0,12.6,11.7,9.8,8.4,7.0,7.0,7.6,9.3],[4.1,3.8,2.5,6.6,3.3,3.2,0.9,1.7,3.0,5.1,6.0,5.2,5.5,4.1,3.8,3.5,3.3,2.8,3.3,4.1],[3.3,2.7,2.4,7.4,4.2,3.6,1.5,0.8,1.6,3.8,4.9,4.9,5.2,3.5,3.5,3.5,3.4,2.9,2.5,2.5],[3.6,3.3,3.5,7.8,4.7,4.8,2.8,1.8,0.9,3.0,3.9,4.3,4.9,4.1,4.0,4.5,4.3,4.0,3.5,3.4],[7.7,7.6,10.0,12.9,10.2,10.5,7.3,4.9,5.7,1.1,3.7,4.1,4.8,7.3,8.8,10.3,10.4,9.8,8.7,7.7],[7.4,10.0,12.5,13.0,10.5,10.3,11.3,8.9,6.8,3.8,1.3,4.9,5.0,6.4,8.3,10.5,9.7,9.7,10.7,8.2],[6.1,7.7,10.7,11.9,10.5,10.1,9.4,7.8,7.2,4.0,3.1,1.2,3.4,5.5,6.8,10.3,9.4,8.3,7.6,7.7],[7.1,9.1,10.2,12.4,9.9,10.5,10.6,8.7,8.9,4.8,4.6,3.9,1.2,4.9,5.2,7.9,9.7,8.6,7.3,8.3],[3.9,4.2,4.5,8.4,5.6,5.9,4.6,4.1,4.3,5.0,5.1,3.6,3.1,0.9,2.3,3.6,4.2,4.0,3.6,3.2],[3.2,3.2,3.7,7.5,4.8,5.2,4.1,3.8,4.1,5.2,5.3,4.2,3.6,1.6,0.9,2.3,3.4,2.9,3.1,3.3],[3.9,3.7,3.7,7.2,4.2,5.0,4.5,4.3,4.7,5.7,6.1,5.1,5.3,3.0,2.2,0.9,3.4,3.1,3.7,4.5],[3.9,3.6,3.3,7.4,4.0,4.4,3.6,3.7,4.3,5.8,6.2,5.4,5.4,3.9,2.8,2.5,0.9,1.9,2.7,4.1],[3.5,3.6,3.4,6.9,3.9,4.3,2.5,3.2,3.5,4.9,5.6,5.1,4.6,3.2,3.1,2.9,1.9,0.9,1.6,2.5],[3.2,3.2,3.3,7.2,4.5,4.3,2.4,2.1,2.8,5.0,5.1,4.8,4.8,2.5,2.5,3.0,2.4,1.4,0.8,1.5],[3.7,3.8,3.6,7.8,4.9,4.9,3.1,2.5,2.8,5.0,5.6,4.7,4.8,2.7,3.6,3.8,3.2,2.5,1.4,0.9]],
  "token_chain_ids": ["A","A","A","A","A","A","A","A","A","A","A","A","A","A","A","A","A","A","A","A"],
  "token_res_ids": [1,2,3,4,5,6,7,8,9,10,11,12,13,14,15,16,17,18,19,20]
}