{
  "atom_chain_ids": ["A","A","A","A","A","A","A","A","A","A","A","A","A","A","A","A","A","A","A","A","A","A","A","A","A","A","A","A","A","A","A","A","A","A","A","A","A","A","A","A","A","A","A","A","A","A","A","A","A","A","A","A","A","A","A","A","A","A","A","A","A","A","A","A","A","A","A","A","A","A","A","A","A","A","A","A","A","A","A","A","A","A","A","A","A","A","A","A","A","A","A","A","A","A","A","A","A","A","A","A","A","A","A","A","A","A","A","A","A","A","A","A","A","A","A","A","A","A","A","A","A","A","A","A","A","A","A","A","A","A","A","A","A","A","A","A","A","A","A","A","A","A","A","A","A","A","A","A","A","A","A","A","A","A","A","A","A","A","A","A","A","A","A","A","A","A","A","A","A","A","A","A","A","A","A","A","A","A","A","A","A","A","A","A","A","A","A","A","A","A","A","A","A","A","A","A","A","A","A","A","A","A","A","A","A","A","A","A","A","A","A","A","A","A","A","A","A","A","A","A","A","A","A","A","A","A","A","A","A","A","A","A","A","A","A","A","A","A","A","A","A","A","A","A","A","A","A","A","A","A","A","A","A","A","A","A","A","A","A","A","A","A","A","A","A","A","A","A","A","A","A","A","A","A","A","A","A","A","A","A","A","A","A","A","A","A","A","A","A","A","A","A","A","A","A","A","A","A","A","A","A","A","A","A","A","A","A","A","A","A","A","A","A","A","A","A","A","A","A","A","A","A","A","A","A","A","A","A","A","A","A","A","A","A","A","A","A","A","A","A","A","A","A","A","A","A","A","A","A","A","A","A","A","A","A","A","A","A","A","A","A","A","A","A","A","A","A","A","A","A","A","A","A","A","A","A","A","A","A","A","A","A","A","A","A","A","A","A","A","A","A","A","A","A","A","A","A","A","A","A","A","A","A","A","A","A","A","A","A","A","A","A","A","A","A","A","A","A","A","A","A","A","A","A","A","A"],
  "atom_plddts": [73.85,73.0,67.03,67.13,73.76,78.04,80.07,80.34,80.48,79.58,80.59,81.15,82.03,82.48,82.38,83.22,83.51,82.98,83.08,83.35,83.4,83.33,83.85,79.36,75.96,76.32,79.95,80.54,82.07,81.23,81.66,80.56,81.95,82.36,83.11,83.55,83.36,83.99,84.37,83.95,84.23,84.1,83.82,83.9,84.21,80.38,77.66,77.62,80.11,79.56,81.38,81.27,81.29,80.38,81.21,81.27,82.44,82.65,82.32,82.75,83.16,82.6,82.67,82.72,82.55,82.21,83.05,72.81,70.51,70.14,71.78,69.33,70.97,68.79,69.62,68.88,65.66,64.21,66.32,63.62,61.92,60.32,60.1,58.74,56.75,58.6,61.5,66.97,60.77,60.26,66.84,67.21,69.52,69.5,70.78,69.34,68.56,67.47,69.38,67.73,65.01,63.84,64.62,63.45,61.24,62.49,65.09,68.37,62.46,63.26,68.98,69.61,72.89,73.53,74.59,72.97,72.75,71.94,73.66,72.55,69.62,68.71,70.01,68.89,67.02,67.77,69.86,74.81,69.45,69.26,75.95,77.63,79.4,79.81,79.82,78.86,80.21,80.68,81.39,81.7,81.25,81.92,82.44,81.97,82.04,82.23,82.15,82.22,82.77,80.04,78.19,78.6,80.08,79.9,80.88,80.56,80.6,79.54,80.73,81.02,81.94,82.32,82.3,82.77,83.16,82.77,83.03,82.87,82.53,82.28,82.81,80.16,78.31,78.7,80.18,79.68,81.04,80.88,80.89,79.77,80.9,81.22,82.08,82.32,82.15,82.64,82.93,82.36,82.59,82.53,82.25,82.02,82.62,72.0,69.49,68.98,71.15,68.96,70.16,69.27,69.34,68.04,65.8,65.05,67.16,65.51,64.19,63.12,63.43,62.54,60.72,61.82,63.79,68.28,64.65,64.18,68.38,67.09,69.03,68.03,68.23,67.06,64.71,63.6,65.96,63.98,61.59,60.48,60.7,59.3,57.3,58.73,61.15,67.6,62.71,61.7,67.51,68.78,69.72,70.76,71.5,69.6,69.31,68.73,69.83,68.38,65.98,65.09,66.06,65.17,63.37,64.04,66.33,65.97,61.46,61.71,66.7,67.39,69.72,69.59,70.64,69.63,67.71,66.54,68.54,66.64,63.42,62.3,63.04,61.67,59.69,60.83,63.49,76.87,72.02,70.5,78.06,79.91,81.47,81.57,81.41,80.79,81.73,82.17,82.95,83.17,82.64,83.26,83.73,83.26,83.39,83.62,83.57,83.55,84.1,80.77,79.38,79.48,80.48,80.52,81.42,80.85,80.85,79.77,80.82,80.99,82.1,82.47,82.55,82.92,83.32,83.03,83.22,83.18,82.82,82.29,82.96,79.51,77.69,77.28,78.58,77.65,78.71,78.88,78.68,77.31,78.15,77.28,79.23,79.34,78.98,79.22,80.11,79.45,79.13,79.07,78.95,78.15,79.76,76.94,74.52,73.43,75.65,75.86,77.57,77.94,78.41,76.69,76.94,75.5,77.14,76.11,73.84,73.62,74.21,72.29,70.95,71.39,72.48,73.07,77.95,74.16,74.14,78.55,79.28,80.72,81.03,81.0,80.2,81.32,81.73,82.56,82.92,82.47,82.99,83.43,82.93,83.02,83.1,82.93,82.91,83.45,80.84,78.74,78.52,80.76,81.03,82.06,81.59,81.82,80.85,81.97,82.44,83.25,83.76,83.69,84.22,84.64,84.2,84.47,84.32,83.98,83.77,84.18,80.3,78.44,77.55,80.15,79.86,80.51,80.47,80.23,79.22,80.4,80.57,81.8,82.13,82.08,82.48,83.06,82.64,82.77,82.85,82.49,82.05,82.79],
  "contact_probs": [[1.0,1.0,0.14,0.0,0.0,0.0,0.01,0.05,0.33,0.48,0.17,0.94,0.06,0.36,0.94,0.37,0.0,0.0,0.0,0.0],[1.0,1.0,1.0,0.07,0.56,0.0,0.02,0.21,0.74,0.06,0.01,0.63,0.01,0.02,0.31,0.81,0.02,0.01,0.01,0.01],[0.14,1.0,1.0,0.62,0.94,0.1,0.26,0.82,0.14,0.0,0.0,0.0,0.0,0.0,0.02,0.42,0.07,0.01,0.01,0.0],[0.0,0.07,0.62,1.0,0.49,0.14,0.06,0.02,0.01,0.0,0.0,0.0,0.0,0.0,0.0,0.11,0.1,0.01,0.0,0.0],[0.0,0.56,0.94,0.49,1.0,0.85,0.75,0.21,0.0,0.0,0.0,0.0,0.0,0.0,0.06,0.77,0.83,0.36,0.02,0.0],[0.0,0.0,0.1,0.14,0.85,1.0,0.82,0.02,0.0,0.0,0.0,0.0,0.0,0.0,0.03,0.23,0.82,0.8,0.31,0.0],[0.01,0.02,0.26,0.06,0.75,0.82,1.0,1.0,0.18,0.0,0.0,0.0,0.0,0.0,0.01,0.02,0.06,0.24,0.91,0.67],[0.05,0.21,0.82,0.02,0.21,0.02,1.0,1.0,1.0,0.66,0.02,0.05,0.01,0.01,0.01,0.01,0.0,0.02,0.29,0.93],[0.33,0.74,0.14,0.01,0.0,0.0,0.18,1.0,1.0,0.98,0.65,0.79,0.05,0.01,0.01,0.0,0.0,0.0,0.02,0.35],[0.48,0.06,0.0,0.0,0.0,0.0,0.0,0.66,0.98,1.0,0.91,0.84,0.42,0.02,0.0,0.0,0.0,0.0,0.01,0.54],[0.17,0.01,0.0,0.0,0.0,0.0,0.0,0.02,0.65,0.91,1.0,0.86,0.79,0.09,0.0,0.0,0.0,0.0,0.01,0.53],[0.94,0.63,0.0,0.0,0.0,0.0,0.0,0.05,0.79,0.84,0.86,1.0,0.67,0.65,0.21,0.01,0.0,0.0,0.03,0.15],[0.06,0.01,0.0,0.0,0.0,0.0,0.0,0.01,0.05,0.42,0.79,0.67,1.0,0.88,0.03,0.01,0.01,0.01,0.29,0.72],[0.36,0.02,0.0,0.0,0.0,0.0,0.0,0.01,0.01,0.02,0.09,0.65,0.88,1.0,1.0,0.05,0.06,0.8,0.91,0.22],[0.94,0.31,0.02,0.0,0.06,0.03,0.01,0.01,0.01,0.0,0.0,0.21,0.03,1.0,1.0,0.99,0.9,0.95,0.22,0.02],[0.37,0.81,0.42,0.11,0.77,0.23,0.02,0.01,0.0,0.0,0.0,0.01,0.01,0.05,0.99,1.0,0.95,0.34,0.02,0.01],[0.0,0.02,0.07,0.1,0.83,0.82,0.06,0.0,0.0,0.0,0.0,0.0,0.01,0.06,0.9,0.95,1.0,0.97,0.24,0.0],[0.0,0.01,0.01,0.01,0.36,0.8,0.24,0.02,0.0,0.0,0.0,0.0,0.01,0.8,0.95,0.34,0.97,1.0,1.0,0.04],[0.0,0.01,0.01,0.0,0.02,0.31,0.91,0.29,0.02,0.01,0.01,0.03,0.29,0.91,0.22,0.02,0.24,1.0,1.0,1.0],[0.0,0.01,0.0,0.0,0.0,0.0,0.67,0.93,0.35,0.54,0.53,0.15,0.72,0.22,0.02,0.01,0.0,0.04,1.0,1.0]],
  "pae": [[0.9,2.1,2.7,6.2,5.2,6.0,4.5,4.0,3.3,4.5,5.1,4.3,5.3,3.3,3.6,4.2,4.9,4.3,4.4,4.0],[1.5,0.8,1.6,4.9,4.5,5.2,3.3,2.6,2.4,3.9,4.8,5.2,5.3,3.3,3.0,3.2,3.6,3.3,3.3,3.1],[2.4,1.7,0.9,4.3,3.9,4.9,2.7,2.8,3.1,4.7,5.7,5.8,6.2,4.1,3.9,3.3,3.7,3.6,3.9,3.9],[9.8,7.5,6.8,1.3,5.6,5.4,7.4,8.5,10.4,12.3,12.2,11.7,12.6,11.5,10.2,8.4,8.4,8.6,8.7,10.5],[7.5,5.9,4.1,3.9,1.1,5.0,4.7,5.2,6.4,10.8,10.2,10.5,10.3,9.0,6.9,5.5,5.6,6.5,6.6,6.9],[7.9,7.3,6.2,5.4,4.1,1.2,3.9,4.7,6.7,10.0,9.9,9.3,9.9,9.0,7.7,6.4,5.4,5.4,6.3,7.0],[4.3,3.7,2.4,4.9,3.4,3.2,0.9,1.8,2.9,4.7,6.0,5.8,6.2,4.1,3.9,3.4,3.7,3.1,3.4,3.5],[3.2,2.4,2.3,5.3,4.4,3.5,1.5,0.8,1.6,3.8,5.0,5.5,5.4,3.3,3.5,3.2,3.6,2.8,2.6,2.4],[3.2,2.7,3.0,6.0,4.9,4.7,2.5,1.6,0.9,3.3,4.2,4.6,5.3,3.7,4.1,4.1,4.4,3.7,3.1,2.9],[6.7,6.7,8.2,10.4,9.2,9.4,6.6,5.8,5.7,1.1,3.7,4.1,4.6,7.3,9.4,9.6,9.5,9.0,7.5,7.1],[6.5,8.7,10.9,11.9,10.1,10.3,9.9,8.2,6.0,4.1,1.2,5.7,5.0,7.5,10.0,10.1,9.9,9.8,9.3,7.2],[6.3,8.7,10.8,11.5,10.3,10.1,8.7,8.4,7.4,4.3,3.2,1.2,3.9,6.0,9.4,10.5,9.8,9.4,7.7,7.1],[7.9,11.6,12.5,12.5,10.8,10.8,10.8,9.9,10.4,6.1,4.9,5.1,1.3,6.9,8.0,10.1,10.7,11.2,8.3,7.7],[4.2,4.3,5.5,7.3,6.2,6.2,5.0,4.6,4.8,4.6,5.1,4.2,4.1,0.9,2.8,4.7,5.3,4.5,4.0,3.8],[3.6,3.4,3.9,5.9,5.3,5.0,4.2,4.0,4.4,4.9,5.4,5.1,4.4,1.9,0.9,2.9,4.0,3.2,3.6,3.8],[4.5,4.2,4.1,6.1,4.9,5.2,4.6,4.5,5.1,5.7,6.6,6.6,6.8,3.3,2.6,1.0,3.5,3.4,4.5,5.2],[4.7,4.7,4.2,6.3,4.9,4.4,4.1,4.7,5.4,7.1,7.4,7.0,6.9,5.2,4.0,3.8,1.0,2.3,3.4,5.1],[3.5,3.9,3.6,5.5,4.5,4.0,3.0,3.6,3.8,4.5,5.6,5.4,5.5,3.5,3.5,3.4,2.5,0.9,1.9,2.6],[3.0,3.3,3.2,5.4,4.8,4.2,2.3,2.2,2.8,4.2,4.9,5.3,5.3,2.5,2.8,3.1,2.7,1.5,0.8,1.5],[3.8,3.9,3.8,6.6,5.2,4.9,3.1,2.6,2.9,4.6,5.3,5.5,5.6,3.0,4.1,4.2,3.9,2.7,1.6,0.9]],
  "token_chain_ids": ["A","A","A","A","A","A","A","A","A","A","A","A","A","A","A","A","A","A","A","A"],
  "token_res_ids": [1,2,3,4,5,6,7,8,9,10,11,12,13,14,15,16,17,18,19,20]
}