{
  "atom_chain_ids": ["A","A","A","A","A","A","A","A","A","A","A","A","A","A","A","A","A","A","A","A","A","A","A","A","A","A","A","A","A","A","A","A","A","A","A","A","A","A","A","A","A","A","A","A","A","A","A","A","A","A","A","A","A","A","A","A","A","A","A","A","A","A","A","A","A","A","A","A","A","A","A","A","A","A","A","A","A","A","A","A","A","A","A","A","A","A","A","A","A","A","A","A","A","A","A","A","A","A","A","A","A","A","A","A","A","A","A","A","A","A","A","A","A","A","A","A","A","A","A","A","A","A","A","A","A","A","A","A","A","A","A","A","A","A","A","A","A","A","A","A","A","A","A","A","A","A","A","A","A","A","A","A","A","A","A","A","A","A","A","A","A","A","A","A","A","A","A","A","A","A","A","A","A","A","A","A","A","A","A","A","A","A","A","A","A","A","A","A","A","A","A","A","A","A","A","A","A","A","A","A","A","A","A","A","A","A","A","A","A","A","A","A","A","A","A","A","A","A","A","A","A","A","A","A","A","A","A","A","A","A","A","A","A","A","A","A","A","A","A","A","A","A","A","A","A","A","A","A","A","A","A","A","A","A","A","A","A","A","A","A","A","A","A","A","A","A","A","A","A","A","A","A","A","A","A","A","A","A","A","A","A","A","A","A","A","A","A","A","A","A","A","A","A","A","A","A","A","A","A","A","A","A","A","A","A","A","A","A","A","A","A","A","A","A","A","A","A","A","A","A","A","A","A","A","A","A","A","A","A","A","A","A","A","A","A","A","A","A","A","A","A","A","A","A","A","A","A","A","A","A","A","A","A","A","A","A","A","A","A","A","A","A","A","A","A","A","A","A","A","A","A","A","A","A","A","A","A","A","A","A","A","A","A","A","A","A","A","A","A","A","A","A","A","A","A","A","A","A","A","A","A","A","A","A","A","A","A","A","A","A","A","A","A","A","A","A","A","A","A","A","A","A","A","A","A","A","A","A","A","A","A","A","A","A","A","A","A","A","A","A","A","A","A","A","A","A","A","A","A","A","A","A","A","A","A","A","A","A","A","A","A","A","A","A","A","A","A","A","A"],
  "atom_plddts": [61.5,63.16,58.05,58.38,62.63,65.5,67.44,69.4,69.24,67.79,68.24,67.64,68.43,68.6,67.81,68.25,69.03,68.51,67.2,67.14,67.35,67.81,70.07,61.92,59.05,59.36,62.47,62.75,64.94,67.41,66.36,65.15,65.45,65.95,65.86,66.58,66.16,66.86,67.74,67.5,66.77,66.32,66.2,66.21,67.44,62.82,60.44,60.77,62.98,61.85,63.21,64.06,63.69,62.4,61.59,60.84,62.38,61.94,61.99,62.47,63.05,62.37,61.48,61.17,61.4,60.45,62.56,53.77,51.11,50.61,53.31,52.23,53.72,51.01,54.69,53.31,52.06,49.5,50.75,48.19,45.11,44.36,43.53,41.72,40.55,41.69,43.63,43.67,56.66,52.08,52.37,57.85,56.87,58.19,57.23,59.57,58.49,56.89,55.95,57.12,55.17,52.23,51.34,51.32,50.41,48.58,49.87,52.03,61.65,57.44,57.71,62.41,62.9,65.31,67.74,67.62,66.26,66.48,66.72,67.07,67.59,66.65,67.34,68.44,68.0,67.24,66.78,66.85,66.97,68.51,63.52,60.68,60.76,63.88,64.65,66.9,68.69,67.85,66.75,66.55,67.06,67.18,67.92,67.46,68.03,69.08,68.93,68.25,67.69,67.48,67.31,68.69,63.33,60.79,60.85,63.13,63.01,64.28,65.76,64.54,63.75,63.15,62.78,63.74,64.08,64.34,64.9,65.84,65.58,64.66,64.27,64.15,63.52,65.18,58.23,55.69,55.77,58.33,56.97,58.24,57.5,58.59,57.45,56.14,54.99,56.35,54.29,52.41,52.66,51.99,50.47,49.07,49.7,51.32,51.89,50.0,46.42,46.12,50.32,49.94,51.25,51.79,52.48,52.01,50.32,50.51,50.53,49.12,46.69,45.96,45.44,44.86,43.43,45.23,50.73,45.42,44.56,50.93,50.98,52.69,52.13,54.3,52.97,52.81,51.5,52.27,50.35,47.62,47.72,47.21,45.38,44.2,44.93,46.67,47.76,51.95,47.04,46.88,53.37,53.58,55.59,57.16,57.17,56.57,55.12,55.7,55.9,54.82,52.65,52.09,51.95,51.29,49.65,51.34,56.68,50.95,50.72,57.37,57.31,59.17,59.7,60.97,59.51,59.41,57.45,59.0,57.27,54.19,54.48,54.41,52.33,50.83,51.29,52.84,54.03,58.91,54.45,54.63,59.41,59.74,61.43,64.33,63.39,62.53,62.35,62.35,63.09,63.58,62.59,63.55,64.5,63.88,62.94,62.55,62.54,62.66,64.49,64.26,61.54,61.78,64.44,64.86,66.78,68.96,67.95,66.61,67.08,67.52,67.7,68.42,67.72,68.48,69.43,69.18,68.59,68.06,67.97,68.0,69.07,64.99,62.5,62.6,64.98,64.52,66.24,68.06,67.11,65.91,65.96,65.9,66.75,67.33,67.03,67.71,68.61,68.33,67.67,67.21,67.12,66.85,67.98,59.91,57.1,57.0,59.79,58.47,59.93,59.98,60.65,59.23,58.54,57.55,58.88,57.64,56.94,57.48,57.51,56.54,55.48,55.64,56.45,55.02,57.69,57.45,54.39,54.19,57.51,56.63,58.74,56.86,59.35,57.82,57.17,55.5,56.34,53.9,51.23,51.04,50.06,48.32,47.06,48.06,50.29,50.93,56.21,51.47,52.03,57.46,57.0,58.44,60.04,59.98,59.35,57.68,57.67,58.05,56.91,55.08,53.78,54.11,53.55,51.59,53.33,62.18,58.1,58.56,62.69,63.06,65.1,67.33,67.25,65.94,66.06,65.64,66.53,66.83,65.9,66.36,67.35,66.77,65.73,65.61,65.9,65.6,67.53,64.45,62.22,62.35,64.41,64.13,66.0,68.07,67.13,65.86,66.0,66.48,66.76,67.42,67.41,68.21,68.97,68.7,68.12,67.67,67.51,67.38,68.5,63.88,60.97,60.92,63.18,63.78,64.99,66.33,65.69,64.15,64.44,64.03,65.06,65.19,65.15,65.51,66.36,66.08,65.13,64.92,64.89,64.49,66.27],
  "contact_probs": [[1.0,1.0,0.2,0.07,0.06,0.47,0.54,0.36,0.14,0.17,0.25,0.27,0.42,0.62,0.29,0.08,0.03,0.02,0.02,0.02,0.04,0.06],[1.0,1.0,0.98,0.31,0.45,0.7,0.32,0.1,0.03,0.03,0.05,0.05,0.12,0.48,0.45,0.19,0.07,0.05,0.05,0.03,0.04,0.04],[0.2,0.98,1.0,0.58,0.55,0.38,0.11,0.06,0.01,0.01,0.01,0.01,0.04,0.17,0.42,0.35,0.22,0.13,0.17,0.04,0.03,0.03],[0.07,0.31,0.58,1.0,0.63,0.26,0.05,0.01,0.01,0.01,0.01,0.01,0.02,0.02,0.04,0.09,0.16,0.1,0.23,0.14,0.03,0.02],[0.06,0.45,0.55,0.63,1.0,0.77,0.11,0.01,0.01,0.01,0.01,0.01,0.02,0.02,0.02,0.06,0.12,0.12,0.34,0.18,0.04,0.02],[0.47,0.7,0.38,0.26,0.77,1.0,0.99,0.24,0.03,0.01,0.01,0.01,0.01,0.02,0.03,0.05,0.04,0.06,0.37,0.28,0.18,0.08],[0.54,0.32,0.11,0.05,0.11,0.99,1.0,0.99,0.23,0.07,0.08,0.05,0.04,0.03,0.03,0.04,0.02,0.02,0.18,0.62,0.29,0.21],[0.36,0.1,0.06,0.01,0.01,0.24,0.99,1.0,0.68,0.22,0.32,0.28,0.16,0.08,0.03,0.02,0.01,0.01,0.02,0.2,0.56,0.28],[0.14,0.03,0.01,0.01,0.01,0.03,0.23,0.68,1.0,0.53,0.34,0.29,0.14,0.06,0.02,0.01,0.01,0.01,0.01,0.02,0.09,0.2],[0.17,0.03,0.01,0.01,0.01,0.01,0.07,0.22,0.53,1.0,0.62,0.21,0.15,0.06,0.02,0.01,0.01,0.0,0.0,0.01,0.02,0.07],[0.25,0.05,0.01,0.01,0.01,0.01,0.08,0.32,0.34,0.62,1.0,0.72,0.3,0.1,0.02,0.01,0.01,0.01,0.01,0.01,0.04,0.17],[0.27,0.05,0.01,0.01,0.01,0.01,0.05,0.28,0.29,0.21,0.72,1.0,0.7,0.3,0.06,0.01,0.01,0.01,0.01,0.01,0.07,0.29],[0.42,0.12,0.04,0.02,0.02,0.01,0.04,0.16,0.14,0.15,0.3,0.7,1.0,0.83,0.24,0.03,0.01,0.01,0.01,0.02,0.1,0.32],[0.62,0.48,0.17,0.02,0.02,0.02,0.03,0.08,0.06,0.06,0.1,0.3,0.83,1.0,0.98,0.28,0.04,0.01,0.03,0.07,0.15,0.43],[0.29,0.45,0.42,0.04,0.02,0.03,0.03,0.03,0.02,0.02,0.02,0.06,0.24,0.98,1.0,0.99,0.29,0.06,0.09,0.19,0.34,0.45],[0.08,0.19,0.35,0.09,0.06,0.05,0.04,0.02,0.01,0.01,0.01,0.01,0.03,0.28,0.99,1.0,0.94,0.23,0.48,0.57,0.52,0.25],[0.03,0.07,0.22,0.16,0.12,0.04,0.02,0.01,0.01,0.01,0.01,0.01,0.01,0.04,0.29,0.94,1.0,0.56,0.52,0.54,0.27,0.08],[0.02,0.05,0.13,0.1,0.12,0.06,0.02,0.01,0.01,0.0,0.01,0.01,0.01,0.01,0.06,0.23,0.56,1.0,0.51,0.18,0.03,0.01],[0.02,0.05,0.17,0.23,0.34,0.37,0.18,0.02,0.01,0.0,0.01,0.01,0.01,0.03,0.09,0.48,0.52,0.51,1.0,0.88,0.23,0.01],[0.02,0.03,0.04,0.14,0.18,0.28,0.62,0.2,0.02,0.01,0.01,0.01,0.02,0.07,0.19,0.57,0.54,0.18,0.88,1.0,0.99,0.18],[0.04,0.04,0.03,0.03,0.04,0.18,0.29,0.56,0.09,0.02,0.04,0.07,0.1,0.15,0.34,0.52,0.27,0.03,0.23,0.99,1.0,0.99],[0.06,0.04,0.03,0.02,0.02,0.08,0.21,0.28,0.2,0.07,0.17,0.29,0.32,0.43,0.45,0.25,0.08,0.01,0.01,0.18,0.99,1.0]],
  "pae": [[1.0,2.6,4.2,8.1,6.6,5.1,4.9,5.7,7.7,9.8,8.6,7.0,5.6,5.7,5.2,6.9,7.9,11.1,7.8,6.2,5.6,6.5],[1.8,0.9,2.3,5.8,4.5,3.9,4.0,5.1,7.0,9.8,8.4,6.7,5.4,4.6,4.1,4.5,6.2,8.8,6.7,5.2,4.6,5.5],[3.5,2.2,1.0,6.3,4.2,4.0,4.4,6.2,8.4,10.3,9.5,8.1,7.1,5.9,5.3,5.6,6.6,9.3,6.0,5.7,5.6,7.2],[11.7,8.3,6.4,1.3,6.8,7.2,11.2,12.8,13.2,16.8,16.6,14.9,14.6,14.8,13.6,12.1,11.4,12.1,9.7,12.7,13.2,14.2],[7.7,6.9,4.8,6.3,1.3,4.6,6.4,8.6,10.4,12.6,12.3,11.3,10.9,9.8,8.7,8.7,7.9,9.1,6.6,8.1,9.3,9.9],[4.5,4.3,4.7,6.8,3.7,0.9,2.6,3.8,5.9,9.9,8.7,7.7,6.3,5.5,5.1,5.2,6.2,8.6,5.8,5.0,5.2,5.7],[4.0,3.9,5.0,8.1,4.0,2.3,0.9,2.3,5.3,8.3,7.7,6.8,5.6,5.0,4.5,4.8,6.2,8.1,5.5,4.4,3.9,4.4],[4.4,4.7,6.0,9.2,5.6,3.6,2.4,1.0,4.9,7.0,7.1,6.5,6.0,5.5,5.2,5.5,6.9,9.2,6.6,4.9,4.4,5.3],[9.5,10.7,12.3,14.0,11.9,8.0,7.1,6.7,1.3,6.8,6.5,7.6,8.7,10.1,10.8,12.3,12.9,15.0,11.5,10.6,9.4,9.2],[11.7,13.7,15.6,18.5,16.2,13.4,11.4,9.6,6.8,1.7,5.6,6.8,8.8,12.6,12.9,14.6,15.6,16.7,14.4,13.3,11.6,10.7],[9.5,11.6,13.0,16.1,14.8,11.6,11.1,8.9,6.5,4.5,1.2,5.6,6.9,8.8,9.7,11.6,13.8,14.3,13.4,11.7,10.1,8.9],[7.6,9.1,10.8,14.2,11.7,9.8,9.4,8.5,6.5,5.7,4.4,1.4,4.6,6.1,7.0,8.4,10.2,13.2,10.7,9.7,8.5,7.4],[6.0,7.3,7.6,12.2,9.8,8.1,7.7,7.4,7.1,7.3,5.7,4.3,1.2,3.6,5.4,6.9,8.8,10.7,9.2,8.4,7.3,7.0],[4.6,4.5,5.1,9.5,6.7,6.1,5.8,5.8,7.3,7.9,6.5,4.1,3.0,1.0,2.1,4.0,5.7,8.1,6.8,5.9,5.0,5.4],[4.0,4.1,4.6,8.3,6.2,4.5,4.8,5.1,6.4,7.8,6.6,5.1,3.3,2.0,0.9,1.9,4.4,6.5,6.1,4.5,3.9,4.7],[5.4,4.9,5.1,8.5,6.4,5.2,5.4,5.5,7.8,9.4,8.0,6.4,4.9,3.4,2.4,0.9,2.9,6.1,5.6,5.0,4.4,5.3],[8.2,7.2,6.2,9.2,6.0,6.5,8.3,8.9,11.0,11.3,11.1,9.0,8.2,6.8,4.9,3.3,1.1,4.4,3.8,5.8,5.7,8.3],[12.0,11.3,9.5,13.3,9.5,9.8,11.8,12.4,13.8,14.2,14.1,12.4,12.9,11.0,9.3,7.2,3.8,1.3,4.8,6.6,8.5,10.4],[9.0,8.0,6.6,10.8,6.4,6.5,7.9,9.2,11.1,12.4,11.8,10.2,10.0,9.0,7.9,6.3,3.8,4.7,1.3,4.7,6.7,8.1],[5.7,5.1,5.2,8.5,5.9,5.1,4.7,5.6,7.1,9.2,7.8,7.0,6.4,5.7,5.0,5.0,5.0,5.8,3.9,1.0,1.9,3.9],[4.8,4.3,5.7,8.8,6.7,4.3,4.2,4.7,6.7,8.4,7.5,6.2,5.7,4.8,4.3,4.9,6.3,7.3,4.4,2.2,0.9,2.6],[5.5,5.5,6.6,10.9,8.5,6.3,4.7,5.3,6.8,9.0,7.4,6.1,5.5,4.9,4.8,5.6,7.6,10.1,6.0,3.5,2.3,1.1]],
  "token_chain_ids": ["A","A","A","A","A","A","A","A","A","A","A","A","A","A","A","A","A","A","A","A","A","A"],
  "token_res_ids": [1,2,3,4,5,6,7,8,9,10,11,12,13,14,15,16,17,18,19,20,21,22]
}