{
  "atom_chain_ids": ["A","A","A","A","A","A","A","A","A","A","A","A","A","A","A","A","A","A","A","A","A","A","A","A","A","A","A","A","A","A","A","A","A","A","A","A","A","A","A","A","A","A","A","A","A","A","A","A","A","A","A","A","A","A","A","A","A","A","A","A","A","A","A","A","A","A","A","A","A","A","A","A","A","A","A","A","A","A","A","A","A","A","A","A","A","A","A","A","A","A","A","A","A","A","A","A","A","A","A","A","A","A","A","A","A","A","A","A","A","A","A","A","A","A","A","A","A","A","A","A","A","A","A","A","A","A","A","A","A","A","A","A","A","A","A","A","A","A","A","A","A","A","A","A","A","A","A","A","A","A","A","A","A","A","A","A","A","A","A","A","A","A","A","A","A","A","A","A","A","A","A","A","A","A","A","A","A","A","A","A","A","A","A","A","A","A","A","A","A","A","A","A","A","A","A","A","A","A","A","A","A","A","A","A","A","A","A","A","A","A","A","A","A","A","A","A","A","A","A","A","A","A","A","A","A","A","A","A","A","A","A","A","A","A","A","A","A","A","A","A","A","A","A","A","A","A","A","A","A","A","A","A","A","A","A","A","A","A","A","A","A","A","A","A","A","A","A","A","A","A","A","A","A","A","A","A","A","A","A","A","A","A","A","A","A","A","A","A","A","A","A","A","A","A","A","A","A","A","A","A","A","A","A","A","A","A","A","A","A","A","A","A","A","A","A","A","A","A","A","A","A","A","A","A","A","A","A","A","A","A","A","A","A","A","A","A","A","A","A","A","A","A","A","A","A","A","A","A","A","A","A","A","A","A","A","A","A","A","A","A","A","A","A","A","A","A","A","A","A","A","A","A","A","A","A","A","A","A","A","A","A","A","A","A","A","A","A","A","A","A","A","A","A","A","A","A","A","A","A","A","A","A","A","A","A","A","A","A","A","A","A","A","A","A","A","A","A","A","A","A","A","A","A","A","A","A","A","A","A","A","A","A","A","A","A","A","A","A","A","A","A","A","A","A","A","A","A","A","A","A","A","A","A","A","A","A","A","A","A","A","A","A","A","A","A","A","A","A","A"],
  "atom_plddts": [62.36,63.97,59.06,59.27,63.39,66.1,67.89,69.71,69.55,68.1,68.52,67.89,68.78,68.99,68.17,68.59,69.38,68.87,67.57,67.52,67.7,68.09,70.34,62.62,59.57,59.86,63.29,63.75,65.95,68.36,67.34,66.16,66.51,67.01,66.87,67.58,66.99,67.65,68.59,68.34,67.56,67.17,67.06,67.12,68.41,63.97,61.74,61.97,64.04,62.77,64.12,64.95,64.57,63.28,62.45,61.54,63.21,62.76,62.74,63.13,63.78,63.1,62.15,61.88,62.09,61.1,63.31,52.95,50.5,49.98,52.37,51.39,52.79,50.13,53.87,52.48,51.32,48.79,50.03,47.59,44.57,43.79,42.96,41.23,40.06,41.2,43.15,43.15,56.94,52.15,52.42,58.15,57.14,58.54,57.87,59.93,58.9,57.53,56.59,57.81,56.0,53.09,52.18,52.25,51.36,49.46,50.77,52.88,61.76,57.34,57.6,62.5,63.14,65.6,68.05,67.9,66.55,66.88,67.1,67.43,67.97,67.0,67.63,68.72,68.28,67.5,67.12,67.22,67.37,68.88,64.01,61.16,61.2,64.37,65.04,67.28,69.01,68.17,67.07,66.87,67.32,67.6,68.34,67.83,68.38,69.45,69.29,68.58,68.03,67.83,67.64,69.08,63.44,60.76,60.86,63.36,63.21,64.47,66.05,64.84,64.08,63.51,63.1,64.1,64.45,64.55,65.07,66.06,65.8,64.82,64.47,64.35,63.75,65.46,58.99,56.66,56.82,59.09,57.57,58.79,58.15,58.8,57.65,56.33,55.05,56.63,54.71,52.97,53.09,52.56,51.06,49.57,50.26,51.85,52.09,51.68,47.93,47.69,52.14,51.65,52.91,53.72,54.08,53.62,52.04,52.36,52.43,51.02,48.71,47.99,47.48,46.94,45.43,47.27,51.45,45.94,45.12,51.66,51.64,53.38,53.09,54.97,53.62,53.45,52.15,53.07,51.31,48.72,48.92,48.47,46.7,45.48,46.18,47.89,48.87,52.98,48.08,48.03,54.35,54.53,56.42,58.05,57.84,57.2,55.91,56.45,56.78,55.76,53.72,53.22,53.15,52.53,50.91,52.46,57.14,51.32,51.01,57.82,57.74,59.66,60.3,61.54,60.06,59.97,58.13,59.68,58.03,55.02,55.4,55.38,53.33,51.81,52.23,53.78,55.02,59.22,54.61,54.8,59.8,60.22,62.09,64.95,64.11,63.22,63.13,63.13,63.82,64.31,63.24,64.18,65.1,64.44,63.49,63.18,63.24,63.37,65.19,64.77,62.0,62.2,64.93,65.3,67.24,69.3,68.31,66.96,67.4,67.75,68.04,68.75,68.06,68.75,69.71,69.45,68.81,68.35,68.26,68.21,69.36,65.4,62.91,62.96,65.41,64.94,66.75,68.53,67.69,66.51,66.6,66.49,67.33,67.9,67.44,68.07,69.0,68.71,68.01,67.59,67.5,67.23,68.41,61.73,58.97,58.87,61.65,60.16,61.73,61.94,62.31,60.89,60.24,59.11,60.59,59.43,58.67,59.08,59.3,58.28,57.14,57.33,58.1,56.61,59.49,58.77,56.15,55.83,58.68,57.53,59.41,57.67,59.75,58.28,57.63,55.76,56.87,54.53,52.03,51.8,50.91,49.25,47.9,48.9,51.05,51.44,56.43,51.43,51.95,57.66,57.33,58.91,60.77,60.62,59.92,58.42,58.46,58.95,57.96,56.14,54.93,55.36,54.8,52.87,54.49,62.22,58.01,58.47,62.77,63.29,65.35,67.7,67.6,66.3,66.55,66.2,66.99,67.36,66.3,66.73,67.74,67.17,66.09,66.02,66.34,66.09,68.02,64.73,62.53,62.63,64.77,64.7,66.58,68.63,67.71,66.5,66.66,67.07,67.38,68.04,67.8,68.49,69.27,68.98,68.35,67.97,67.86,67.69,68.89,64.43,61.55,61.48,63.74,64.39,65.58,67.0,66.23,64.66,65.07,64.66,65.7,65.89,65.78,66.13,67.04,66.75,65.81,65.58,65.53,65.14,66.92],
  "contact_probs": [[1.0,1.0,0.2,0.07,0.06,0.47,0.54,0.36,0.14,0.17,0.25,0.27,0.42,0.62,0.29,0.08,0.03,0.02,0.02,0.02,0.04,0.06],[1.0,1.0,0.98,0.31,0.45,0.7,0.32,0.1,0.03,0.03,0.05,0.05,0.12,0.48,0.45,0.19,0.07,0.05,0.05,0.03,0.04,0.04],[0.2,0.98,1.0,0.58,0.55,0.38,0.11,0.06,0.01,0.01,0.01,0.01,0.04,0.17,0.42,0.35,0.22,0.13,0.17,0.04,0.03,0.03],[0.07,0.31,0.58,1.0,0.63,0.26,0.05,0.01,0.01,0.01,0.01,0.01,0.02,0.02,0.04,0.09,0.16,0.1,0.23,0.14,0.03,0.02],[0.06,0.45,0.55,0.63,1.0,0.77,0.11,0.01,0.01,0.01,0.01,0.01,0.02,0.02,0.02,0.06,0.12,0.12,0.34,0.18,0.04,0.02],[0.47,0.7,0.38,0.26,0.77,1.0,0.99,0.24,0.03,0.01,0.01,0.01,0.01,0.02,0.03,0.05,0.04,0.06,0.37,0.28,0.18,0.08],[0.54,0.32,0.11,0.05,0.11,0.99,1.0,0.99,0.23,0.07,0.08,0.05,0.04,0.03,0.03,0.04,0.02,0.02,0.18,0.62,0.29,0.21],[0.36,0.1,0.06,0.01,0.01,0.24,0.99,1.0,0.68,0.22,0.32,0.28,0.16,0.08,0.03,0.02,0.01,0.01,0.02,0.2,0.56,0.28],[0.14,0.03,0.01,0.01,0.01,0.03,0.23,0.68,1.0,0.53,0.34,0.29,0.14,0.06,0.02,0.01,0.01,0.01,0.01,0.02,0.09,0.2],[0.17,0.03,0.01,0.01,0.01,0.01,0.07,0.22,0.53,1.0,0.62,0.21,0.15,0.06,0.02,0.01,0.01,0.0,0.0,0.01,0.02,0.07],[0.25,0.05,0.01,0.01,0.01,0.01,0.08,0.32,0.34,0.62,1.0,0.72,0.3,0.1,0.02,0.01,0.01,0.01,0.01,0.01,0.04,0.17],[0.27,0.05,0.01,0.01,0.01,0.01,0.05,0.28,0.29,0.21,0.72,1.0,0.7,0.3,0.06,0.01,0.01,0.01,0.01,0.01,0.07,0.29],[0.42,0.12,0.04,0.02,0.02,0.01,0.04,0.16,0.14,0.15,0.3,0.7,1.0,0.83,0.24,0.03,0.01,0.01,0.01,0.02,0.1,0.32],[0.62,0.48,0.17,0.02,0.02,0.02,0.03,0.08,0.06,0.06,0.1,0.3,0.83,1.0,0.98,0.28,0.04,0.01,0.03,0.07,0.15,0.43],[0.29,0.45,0.42,0.04,0.02,0.03,0.03,0.03,0.02,0.02,0.02,0.06,0.24,0.98,1.0,0.99,0.29,0.06,0.09,0.19,0.34,0.45],[0.08,0.19,0.35,0.09,0.06,0.05,0.04,0.02,0.01,0.01,0.01,0.01,0.03,0.28,0.99,1.0,0.94,0.23,0.48,0.57,0.52,0.25],[0.03,0.07,0.22,0.16,0.12,0.04,0.02,0.01,0.01,0.01,0.01,0.01,0.01,0.04,0.29,0.94,1.0,0.56,0.52,0.54,0.27,0.08],[0.02,0.05,0.13,0.1,0.12,0.06,0.02,0.01,0.01,0.0,0.01,0.01,0.01,0.01,0.06,0.23,0.56,1.0,0.51,0.18,0.03,0.01],[0.02,0.05,0.17,0.23,0.34,0.37,0.18,0.02,0.01,0.0,0.01,0.01,0.01,0.03,0.09,0.48,0.52,0.51,1.0,0.88,0.23,0.01],[0.02,0.03,0.04,0.14,0.18,0.28,0.62,0.2,0.02,0.01,0.01,0.01,0.02,0.07,0.19,0.57,0.54,0.18,0.88,1.0,0.99,0.18],[0.04,0.04,0.03,0.03,0.04,0.18,0.29,0.56,0.09,0.02,0.04,0.07,0.1,0.15,0.34,0.52,0.27,0.03,0.23,0.99,1.0,0.99],[0.06,0.04,0.03,0.02,0.02,0.08,0.21,0.28,0.2,0.07,0.17,0.29,0.32,0.43,0.45,0.25,0.08,0.01,0.01,0.18,0.99,1.0]],
  "pae": [[1.0,2.6,4.0,9.5,6.4,4.8,5.0,5.6,7.1,9.0,8.7,6.3,5.7,6.0,5.2,6.6,7.5,10.1,7.4,6.1,5.4,6.3],[1.8,0.9,2.1,6.4,4.3,3.9,3.9,5.0,6.8,9.2,8.0,6.0,5.5,4.4,4.0,4.4,5.5,7.7,5.7,4.9,4.4,5.0],[3.6,2.2,1.0,6.4,4.1,3.9,4.6,6.1,8.2,9.8,8.8,7.3,7.3,5.7,5.0,5.5,6.2,8.6,5.8,5.6,5.7,6.8],[13.0,9.2,6.7,1.3,6.6,7.4,12.3,12.6,14.6,16.7,16.9,14.0,15.1,14.8,13.3,12.1,11.7,11.7,10.9,13.0,14.2,14.8],[7.8,7.2,4.9,6.4,1.3,5.3,6.5,9.0,9.9,12.0,11.8,10.3,10.6,9.6,8.3,8.5,8.0,9.0,6.9,8.2,8.8,9.6],[4.3,4.1,4.4,6.8,3.8,0.9,2.2,3.8,5.8,8.7,7.5,6.4,6.1,5.0,4.8,4.9,5.9,7.9,5.4,4.6,4.8,5.3],[3.9,3.8,4.8,8.3,4.1,2.4,0.9,2.3,4.9,7.5,6.7,6.0,5.7,4.5,4.2,4.6,5.9,7.5,5.0,4.2,3.9,4.2],[4.4,4.7,5.9,9.0,5.7,3.8,2.5,1.0,4.8,6.6,6.7,6.2,6.2,5.2,5.1,5.5,6.5,8.8,6.0,4.7,4.5,5.2],[9.7,10.8,12.5,14.5,11.9,8.6,6.9,6.5,1.4,7.6,6.7,8.0,9.2,10.2,11.1,12.6,12.9,13.6,11.0,10.3,9.3,8.9],[10.0,11.7,13.6,17.0,13.8,12.3,9.2,7.7,7.1,1.7,5.5,7.4,8.2,11.1,11.9,13.2,13.5,15.4,12.7,12.2,10.5,9.6],[8.7,10.1,11.3,14.7,12.2,10.8,9.1,7.9,6.0,4.3,1.2,5.9,6.2,7.3,8.7,10.1,11.7,13.7,11.3,9.5,8.4,7.8],[6.5,8.4,9.3,13.1,9.5,9.0,8.1,7.2,6.5,5.8,5.9,1.5,4.2,4.8,6.4,7.6,8.6,12.2,9.2,8.6,8.0,6.8],[5.4,7.0,7.0,12.1,9.1,7.8,7.6,6.7,6.8,6.8,5.5,3.8,1.1,3.4,4.9,6.6,8.2,9.9,8.8,8.0,7.2,6.7],[4.5,4.5,4.9,9.6,6.7,5.8,6.0,5.6,6.4,7.4,5.8,3.8,3.0,1.0,2.1,3.8,5.2,7.4,6.3,5.5,5.1,4.7],[3.9,4.1,4.5,8.5,5.9,4.5,4.8,4.9,6.2,7.4,6.1,4.7,3.3,2.0,0.9,1.9,4.0,6.0,5.3,4.2,4.0,4.3],[5.2,4.8,4.9,8.7,5.9,5.1,5.4,5.7,7.2,8.6,7.3,5.8,4.8,3.1,2.3,0.9,2.7,5.4,4.8,4.4,4.3,4.8],[7.3,6.5,5.8,9.1,6.1,6.1,7.6,8.0,9.2,10.5,9.3,7.6,7.5,5.7,4.4,3.0,1.0,3.9,3.5,5.3,5.3,6.8],[11.1,10.4,9.2,12.8,9.2,9.1,10.8,11.4,12.2,13.6,13.2,10.8,11.9,9.6,8.0,6.0,3.5,1.2,3.9,6.2,8.0,9.4],[7.9,7.1,6.1,10.3,6.0,5.8,7.4,8.0,9.4,11.0,9.9,8.4,8.8,7.3,6.5,5.5,3.6,4.3,1.3,4.0,5.5,6.7],[5.5,4.9,5.2,8.6,6.0,5.0,4.5,5.5,6.5,8.0,6.8,6.2,6.0,5.4,4.6,4.8,4.8,5.4,3.5,1.0,2.1,3.6],[4.8,4.2,5.7,9.4,6.4,4.3,4.3,4.5,6.2,7.8,6.6,5.6,5.7,4.7,4.2,4.4,6.2,6.8,3.7,2.2,0.9,2.5],[5.2,5.3,6.3,10.6,7.6,5.7,4.4,4.8,6.3,8.0,7.0,5.1,5.4,4.5,4.5,4.9,7.0,8.6,5.1,3.4,2.0,1.1]],
  "token_chain_ids": ["A","A","A","A","A","A","A","A","A","A","A","A","A","A","A","A","A","A","A","A","A","A"],
  "token_res_ids": [1,2,3,4,5,6,7,8,9,10,11,12,13,14,15,16,17,18,19,20,21,22]
}