{
  "atom_chain_ids": ["A","A","A","A","A","A","A","A","A","A","A","A","A","A","A","A","A","A","A","A","A","A","A","A","A","A","A","A","A","A","A","A","A","A","A","A","A","A","A","A","A","A","A","A","A","A","A","A","A","A","A","A","A","A","A","A","A","A","A","A","A","A","A","A","A","A","A","A","A","A","A","A","A","A","A","A","A","A","A","A","A","A","A","A","A","A","A","A","A","A","A","A","A","A","A","A","A","A","A","A","A","A","A","A","A","A","A","A","A","A","A","A","A","A","A","A","A","A","A","A","A","A","A","A","A","A","A","A","A","A","A","A","A","A","A","A","A","A","A","A","A","A","A","A","A","A","A","A","A","A","A","A","A","A","A","A","A","A","A","A","A","A","A","A","A","A","A","A","A","A","A","A","A","A","A","A","A","A","A","A","A","A","A","A","A","A","A","A","A","A","A","A","A","A","A","A","A","A","A","A","A","A","A","A","A","A","A","A","A","A","A","A","A","A","A","A","A","A","A","A","A","A","A","A","A","A","A","A","A","A","A","A","A","A","A","A","A","A","A","A","A","A","A","A","A","A","A","A","A","A","A","A","A","A","A","A","A","A","A","A","A","A","A","A","A","A","A","A","A","A","A","A","A","A","A","A","A","A","A","A","A","A","A","A","A","A","A","A","A","A","A","A","A","A","A","A","A","A","A","A","A","A","A","A","A","A","A","A","A","A","A","A","A","A","A","A","A","A","A","A","A","A","A","A","A","A","A","A","A","A","A","A","A","A","A","A","A","A","A","A","A","A","A","A","A","A","A","A","A","A","A","A","A","A","A","A","A","A","A","A","A","A","A","A","A","A","A","A","A","A","A","A","A","A","A","A","A","A","A","A","A","A","A","A","A","A","A","A","A","A","A","A","A","A","A","A","A","A","A","A","A","A","A","A","A","A","A","A","A","A","A","A","A","A","A","A","A","A","A","A","A","A","A","A","A","A","A","A","A","A","A","A","A","A","A","A","A","A","A","A","A","A","A","A","A","A","A","A","A","A","A","A","A","A","A","A","A","A","A","A","A","A","A","A","A","A","A","A","A"],
  "atom_plddts": [56.43,57.44,52.32,53.03,57.37,59.34,61.15,63.68,63.11,61.87,61.8,61.78,62.22,62.42,61.79,62.05,62.95,62.56,61.18,60.94,61.2,61.64,63.76,57.1,54.58,55.27,57.62,57.65,59.83,62.75,61.68,60.59,60.65,61.29,61.09,61.95,61.36,61.98,62.95,62.84,61.98,61.53,61.42,61.26,62.53,55.07,53.88,53.97,54.92,53.67,54.52,54.97,54.92,53.87,53.17,52.33,53.8,53.13,53.27,53.87,54.1,53.61,52.75,52.46,52.73,51.57,53.5,49.74,48.07,47.33,48.87,47.6,48.41,46.0,49.86,48.67,47.7,45.49,46.84,44.82,42.36,41.81,41.25,39.95,38.95,39.62,41.28,41.28,49.36,44.97,44.83,50.55,49.79,50.85,50.23,52.72,51.98,51.21,50.39,51.24,49.88,47.11,46.52,46.33,45.57,43.99,45.11,47.09,52.87,48.41,48.96,53.51,53.71,55.9,58.68,58.8,57.68,57.58,58.05,58.15,58.84,57.91,58.54,59.5,59.19,58.29,57.92,58.05,57.86,59.36,54.89,52.87,53.52,55.04,55.58,57.5,59.71,58.86,57.89,57.29,57.83,57.78,58.68,58.37,58.82,59.92,59.89,59.07,58.47,58.3,57.77,59.05,57.1,55.17,55.55,56.84,56.52,57.54,58.91,57.68,57.09,56.33,56.2,57.07,57.45,57.73,58.4,59.11,58.92,58.0,57.6,57.53,56.77,58.27,50.82,47.99,48.03,50.81,49.89,51.22,50.31,52.13,50.8,50.03,48.86,50.18,48.56,46.56,46.75,46.15,44.95,43.73,44.16,45.69,46.22,47.34,43.74,43.13,47.61,47.25,48.82,49.66,50.62,50.24,48.88,48.94,49.13,48.13,45.63,45.14,44.81,44.36,43.0,44.43,46.53,41.97,41.0,46.62,46.04,47.26,46.71,49.55,48.46,48.01,46.68,47.66,45.89,43.38,43.43,42.94,41.5,40.47,40.98,42.63,43.57,41.86,38.56,37.58,41.68,41.75,43.86,44.26,46.38,45.65,44.95,44.06,44.02,42.85,39.71,38.94,38.76,38.24,37.03,38.51,45.85,40.98,40.3,46.31,45.74,47.34,46.98,49.98,48.74,48.45,46.84,47.99,46.34,43.49,43.62,43.06,41.54,40.52,40.81,42.36,43.57,53.42,49.47,49.85,53.94,53.95,55.43,58.03,57.19,56.5,56.21,56.04,56.67,57.12,56.05,56.84,57.57,57.13,56.21,55.83,55.82,55.67,57.35,57.26,54.96,55.68,57.27,57.25,58.8,61.48,60.24,59.18,58.98,59.37,59.59,60.36,59.94,60.54,61.53,61.39,60.67,60.07,59.93,59.59,60.75,56.17,54.33,55.05,56.12,55.41,56.59,58.92,57.82,56.94,56.42,56.6,57.36,58.04,57.77,58.52,59.33,59.2,58.52,57.93,57.76,57.21,58.34,49.29,46.63,46.48,48.98,48.48,49.87,49.66,50.47,49.17,48.82,47.92,49.31,48.28,47.29,47.88,47.85,47.19,46.37,46.22,46.92,45.8,47.95,47.66,44.64,44.18,47.32,46.83,48.72,47.26,50.67,49.04,48.78,47.15,48.22,46.52,43.77,43.69,43.04,41.87,40.9,41.41,43.2,43.87,46.69,42.92,42.81,47.17,47.12,48.55,49.52,50.26,49.84,48.69,48.53,48.76,48.07,45.99,45.28,45.38,44.97,43.61,44.63,51.15,47.57,48.49,51.65,52.3,53.78,55.77,55.79,54.76,54.34,54.09,54.88,55.21,54.4,54.92,55.55,55.16,54.31,54.03,54.31,53.85,55.34,55.68,54.07,54.6,55.39,55.11,56.57,58.67,57.84,56.71,56.35,56.51,57.1,57.75,57.78,58.45,59.11,58.94,58.33,57.9,57.73,57.28,58.35,56.38,54.36,54.47,55.64,56.38,57.28,58.42,57.8,56.45,56.13,55.73,56.62,56.67,56.51,56.8,57.51,57.33,56.35,56.02,56.04,55.4,57.12],
  "contact_probs": [[1.0,1.0,0.2,0.07,0.06,0.47,0.54,0.36,0.14,0.17,0.25,0.27,0.42,0.62,0.29,0.08,0.03,0.02,0.02,0.02,0.04,0.06],[1.0,1.0,0.98,0.31,0.45,0.7,0.32,0.1,0.03,0.03,0.05,0.05,0.12,0.48,0.45,0.19,0.07,0.05,0.05,0.03,0.04,0.04],[0.2,0.98,1.0,0.58,0.55,0.38,0.11,0.06,0.01,0.01,0.01,0.01,0.04,0.17,0.42,0.35,0.22,0.13,0.17,0.04,0.03,0.03],[0.07,0.31,0.58,1.0,0.63,0.26,0.05,0.01,0.01,0.01,0.01,0.01,0.02,0.02,0.04,0.09,0.16,0.1,0.23,0.14,0.03,0.02],[0.06,0.45,0.55,0.63,1.0,0.77,0.11,0.01,0.01,0.01,0.01,0.01,0.02,0.02,0.02,0.06,0.12,0.12,0.34,0.18,0.04,0.02],[0.47,0.7,0.38,0.26,0.77,1.0,0.99,0.24,0.03,0.01,0.01,0.01,0.01,0.02,0.03,0.05,0.04,0.06,0.37,0.28,0.18,0.08],[0.54,0.32,0.11,0.05,0.11,0.99,1.0,0.99,0.23,0.07,0.08,0.05,0.04,0.03,0.03,0.04,0.02,0.02,0.18,0.62,0.29,0.21],[0.36,0.1,0.06,0.01,0.01,0.24,0.99,1.0,0.68,0.22,0.32,0.28,0.16,0.08,0.03,0.02,0.01,0.01,0.02,0.2,0.56,0.28],[0.14,0.03,0.01,0.01,0.01,0.03,0.23,0.68,1.0,0.53,0.34,0.29,0.14,0.06,0.02,0.01,0.01,0.01,0.01,0.02,0.09,0.2],[0.17,0.03,0.01,0.01,0.01,0.01,0.07,0.22,0.53,1.0,0.62,0.21,0.15,0.06,0.02,0.01,0.01,0.0,0.0,0.01,0.02,0.07],[0.25,0.05,0.01,0.01,0.01,0.01,0.08,0.32,0.34,0.62,1.0,0.72,0.3,0.1,0.02,0.01,0.01,0.01,0.01,0.01,0.04,0.17],[0.27,0.05,0.01,0.01,0.01,0.01,0.05,0.28,0.29,0.21,0.72,1.0,0.7,0.3,0.06,0.01,0.01,0.01,0.01,0.01,0.07,0.29],[0.42,0.12,0.04,0.02,0.02,0.01,0.04,0.16,0.14,0.15,0.3,0.7,1.0,0.83,0.24,0.03,0.01,0.01,0.01,0.02,0.1,0.32],[0.62,0.48,0.17,0.02,0.02,0.02,0.03,0.08,0.06,0.06,0.1,0.3,0.83,1.0,0.98,0.28,0.04,0.01,0.03,0.07,0.15,0.43],[0.29,0.45,0.42,0.04,0.02,0.03,0.03,0.03,0.02,0.02,0.02,0.06,0.24,0.98,1.0,0.99,0.29,0.06,0.09,0.19,0.34,0.45],[0.08,0.19,0.35,0.09,0.06,0.05,0.04,0.02,0.01,0.01,0.01,0.01,0.03,0.28,0.99,1.0,0.94,0.23,0.48,0.57,0.52,0.25],[0.03,0.07,0.22,0.16,0.12,0.04,0.02,0.01,0.01,0.01,0.01,0.01,0.01,0.04,0.29,0.94,1.0,0.56,0.52,0.54,0.27,0.08],[0.02,0.05,0.13,0.1,0.12,0.06,0.02,0.01,0.01,0.0,0.01,0.01,0.01,0.01,0.06,0.23,0.56,1.0,0.51,0.18,0.03,0.01],[0.02,0.05,0.17,0.23,0.34,0.37,0.18,0.02,0.01,0.0,0.01,0.01,0.01,0.03,0.09,0.48,0.52,0.51,1.0,0.88,0.23,0.01],[0.02,0.03,0.04,0.14,0.18,0.28,0.62,0.2,0.02,0.01,0.01,0.01,0.02,0.07,0.19,0.57,0.54,0.18,0.88,1.0,0.99,0.18],[0.04,0.04,0.03,0.03,0.04,0.18,0.29,0.56,0.09,0.02,0.04,0.07,0.1,0.15,0.34,0.52,0.27,0.03,0.23,0.99,1.0,0.99],[0.06,0.04,0.03,0.02,0.02,0.08,0.21,0.28,0.2,0.07,0.17,0.29,0.32,0.43,0.45,0.25,0.08,0.01,0.01,0.18,0.99,1.0]],
  "pae": [[1.1,3.3,4.9,9.4,9.6,7.9,7.7,6.4,8.2,10.4,9.1,12.1,10.2,7.4,6.8,9.4,11.4,15.3,13.0,8.5,7.5,8.9],[2.3,0.9,3.3,6.0,8.0,6.1,6.2,6.4,8.4,9.8,9.3,11.4,9.8,6.1,5.5,8.0,10.4,13.3,12.0,7.7,6.1,7.4],[5.0,3.3,1.1,4.6,7.2,7.0,7.4,8.6,11.0,12.7,10.6,12.6,10.6,7.2,7.4,10.5,12.3,17.1,14.7,10.3,9.3,9.5],[10.1,8.1,6.3,1.4,8.2,7.1,10.4,13.5,15.3,15.6,15.1,17.0,14.6,12.7,13.6,15.9,16.9,18.8,17.1,14.9,15.4,12.7],[10.9,8.4,8.1,5.5,1.5,7.0,7.9,10.9,11.3,13.6,13.4,16.4,15.1,12.3,12.8,13.4,15.2,17.9,15.8,13.0,11.4,10.2],[8.3,7.7,8.1,7.7,5.7,1.0,3.2,4.9,7.1,9.6,10.2,13.0,11.5,7.8,7.2,7.4,9.7,12.9,11.5,7.6,8.0,7.5],[6.7,6.2,7.8,8.1,5.2,2.9,0.9,3.2,6.2,8.3,9.6,12.0,10.4,7.7,6.1,6.8,9.4,12.2,9.9,7.2,6.1,6.4],[6.2,6.5,7.8,8.8,6.9,4.5,3.1,1.0,5.5,6.9,8.0,11.0,10.3,7.8,6.5,7.3,10.1,12.3,10.4,7.0,6.6,8.0],[9.6,10.9,11.4,13.2,11.7,9.0,6.9,6.6,1.3,4.8,6.2,10.2,11.5,11.8,12.0,10.8,12.8,14.9,11.5,10.7,11.1,11.3],[10.7,12.4,14.1,15.2,14.0,12.3,9.9,7.3,6.2,1.5,6.5,10.6,11.4,13.0,13.0,12.0,10.8,15.0,12.8,11.9,12.3,12.8],[10.6,12.5,13.2,15.2,14.6,13.8,13.0,11.5,7.5,8.5,1.3,9.1,9.1,11.0,12.2,12.8,13.0,16.8,13.9,12.6,14.4,13.6],[12.0,14.2,15.2,17.5,17.8,17.9,17.1,15.5,13.6,10.4,10.1,1.6,6.6,13.1,14.6,16.2,15.9,18.9,16.7,17.2,18.2,16.9],[9.6,12.3,13.2,16.4,16.8,17.3,15.9,15.8,14.7,13.7,9.2,7.0,1.3,10.1,12.4,14.6,16.1,17.5,17.3,17.0,17.4,16.0],[5.8,5.6,6.7,10.8,9.7,7.8,7.8,7.6,9.6,10.8,9.0,9.0,7.1,1.1,2.2,5.3,8.1,12.9,12.0,8.2,8.4,8.6],[5.6,5.6,7.8,9.7,8.9,6.2,6.2,6.3,8.2,9.3,8.5,10.3,7.3,2.7,0.9,2.4,5.8,9.9,10.1,6.7,6.4,8.1],[7.2,7.8,9.7,12.2,10.6,7.3,6.7,6.9,9.3,10.4,10.4,13.1,11.1,4.7,3.3,1.0,4.0,8.9,9.7,7.5,6.9,7.3],[11.5,11.9,12.4,14.9,14.1,11.1,10.7,9.7,12.5,13.5,13.4,15.9,15.1,9.1,6.5,5.4,1.1,8.2,7.8,9.3,8.9,11.1],[16.0,16.4,18.0,18.7,18.3,17.0,16.4,15.4,15.9,13.7,16.3,19.9,19.4,15.5,13.5,11.5,8.5,1.3,8.7,9.2,12.5,13.1],[14.7,14.3,15.9,17.5,15.4,13.8,13.1,11.8,13.4,13.8,15.8,18.5,18.4,15.0,13.6,10.2,8.7,7.3,1.3,7.1,7.7,10.7],[9.1,8.4,10.0,12.4,10.7,8.6,7.9,8.4,9.6,10.4,11.2,14.6,13.8,10.5,9.5,8.3,8.9,9.1,6.4,1.1,2.6,5.0],[8.0,7.2,9.6,11.1,10.3,6.8,7.7,8.8,10.8,11.1,11.5,14.9,13.7,9.5,8.8,7.8,10.3,10.6,6.8,4.4,1.0,2.6],[10.4,7.6,10.3,13.0,9.4,7.6,8.5,7.7,12.0,13.0,13.7,16.4,14.7,8.8,8.9,8.8,11.8,13.5,8.8,5.8,4.0,1.2]],
  "token_chain_ids": ["A","A","A","A","A","A","A","A","A","A","A","A","A","A","A","A","A","A","A","A","A","A"],
  "token_res_ids": [1,2,3,4,5,6,7,8,9,10,11,12,13,14,15,16,17,18,19,20,21,22]
}