{
  "atom_chain_ids": ["A","A","A","A","A","A","A","A","A","A","A","A","A","A","A","A","A","A","A","A","A","A","A","A","A","A","A","A","A","A","A","A","A","A","A","A","A","A","A","A","A","A","A","A","A","A","A","A","A","A","A","A","A","A","A","A","A","A","A","A","A","A","A","A","A","A","A","A","A","A","A","A","A","A","A","A","A","A","A","A","A","A","A","A","A","A","A","A","A","A","A","A","A","A","A","A","A","A","A","A","A","A","A","A","A","A","A","A","A","A","A","A","A","A","A","A","A","A","A","A","A","A","A","A","A","A","A","A","A","A","A","A","A","A","A","A","A","A","A","A","A","A","A","A","A","A","A","A","A","A","A","A","A","A","A","A","A","A","A","A","A","A","A","A","A","A","A","A","A","A","A","A","A","A","A","A","A","A","A","A","A","A","A","A","A","A","A","A","A","A","A","A","A","A","A","A","A","A","A","A","A","A","A","A","A","A","A","A","A","A","A","A","A","A","A","A","A","A","A","A","A","A","A","A","A","A","A","A","A","A","A","A","A","A","A","A","A","A","A","A","A","A","A","A","A","A","A","A","A","A","A","A","A","A","A","A","A","A","A","A","A","A","A","A","A","A","A","A","A","A","A","A","A","A","A","A","A","A","A","A","A","A","A","A","A","A","A","A","A","A","A","A","A","A","A","A","A","A","A","A","A","A","A","A","A","A","A","A","A","A","A","A","A","A","A","A","A","A","A","A","A","A","A","A","A","A","A","A","A","A","A","A","A","A","A","A","A","A","A","A","A","A","A","A","A","A","A","A","A","A","A","A","A","A","A","A","A","A","A","A","A","A","A","A","A","A","A","A","A","A","A","A","A","A","A","A","A","A","A","A","A","A","A","A","A","A","A","A","A","A","A","A","A","A","A","A","A","A","A","A","A","A","A","A","A","A","A","A","A","A","A","A","A","A","A","A","A","A","A","A","A","A","A","A","A","A","A","A","A","A","A","A","A","A","A","A","A","A","A","A","A","A","A","A","A","A","A","A","A","A","A","A","A","A","A","A","A","A","A","A","A","A","A","A","A","A","A","A","A"],
  "atom_plddts": [55.33,56.22,51.25,51.92,56.19,58.06,60.18,62.55,61.99,60.8,60.68,60.53,60.96,61.11,60.38,60.45,61.36,60.95,59.54,59.35,59.65,60.02,62.19,53.91,51.61,52.36,54.03,54.2,56.14,58.98,58.26,57.09,57.11,57.44,57.43,58.24,57.73,58.27,59.11,58.98,58.23,57.78,57.65,57.4,58.54,51.08,49.85,50.02,50.77,49.99,50.72,50.98,50.94,49.94,49.61,48.7,49.99,49.38,49.44,49.93,50.11,49.63,48.85,48.63,48.87,47.87,49.69,46.79,45.34,44.64,45.78,44.77,45.49,43.05,47.37,46.06,45.11,43.07,44.24,42.22,39.74,39.1,38.6,37.36,36.59,37.15,38.65,38.87,45.37,41.44,40.78,45.97,45.73,46.81,46.18,49.13,48.23,48.04,47.08,47.71,46.48,43.62,43.11,42.83,42.09,40.78,41.76,43.64,51.42,47.06,47.59,51.87,52.21,54.6,57.14,57.4,56.17,56.07,56.67,56.81,57.49,56.65,57.31,58.08,57.74,56.95,56.61,56.83,56.67,57.98,53.8,51.57,52.36,53.81,54.57,56.64,58.74,58.0,56.98,56.46,56.84,56.99,57.85,57.6,57.98,58.96,58.83,58.05,57.56,57.44,56.88,58.17,51.36,49.43,50.01,51.12,51.25,52.53,53.67,52.92,52.36,51.92,51.6,52.4,52.72,52.56,53.28,53.84,53.59,52.75,52.29,52.15,51.52,53.1,44.63,41.97,41.73,44.46,43.76,44.91,43.95,46.47,45.09,44.67,43.5,44.74,43.31,41.19,41.23,40.94,39.96,39.03,39.12,40.38,41.25,39.87,36.82,35.52,39.37,39.2,41.3,41.6,44.13,43.55,42.83,42.12,42.12,41.26,38.14,37.55,37.56,37.17,36.23,37.28,39.15,35.65,34.51,38.94,38.37,39.52,38.32,42.23,41.05,40.69,39.31,39.86,38.13,35.64,35.11,35.0,33.79,33.14,33.47,34.71,35.67,39.24,36.14,34.91,38.82,38.57,40.77,40.94,43.52,42.74,42.45,41.34,41.41,40.35,37.33,36.67,36.68,36.19,35.17,36.31,43.77,39.28,38.5,44.07,43.35,44.9,44.33,47.36,46.07,45.8,44.22,45.38,43.75,41.14,41.13,40.71,39.31,38.42,38.62,40.06,41.22,50.96,46.84,47.17,51.28,51.47,53.24,55.79,55.2,54.52,54.39,54.17,54.76,55.24,53.98,54.77,55.33,54.89,54.04,53.68,53.71,53.62,55.19,53.93,51.33,52.41,53.93,54.35,55.98,58.56,57.39,56.36,56.16,56.63,56.82,57.61,57.27,57.89,58.69,58.5,57.96,57.4,57.29,57.05,57.97,56.68,54.71,55.34,56.65,56.11,57.51,59.81,58.87,57.99,57.57,57.64,58.48,59.12,58.74,59.46,60.2,60.04,59.33,58.85,58.75,58.22,59.35,51.71,49.43,49.21,51.14,50.26,51.55,51.22,52.08,50.77,50.23,49.04,50.63,49.35,48.51,48.98,48.88,48.12,47.16,47.17,47.97,46.56,49.09,51.7,48.97,48.61,51.33,50.45,52.16,50.48,53.66,52.11,51.8,50.03,51.45,49.43,46.8,46.8,45.96,44.72,43.6,44.25,46.22,46.73,50.54,45.81,45.88,51.37,51.21,52.64,54.3,54.55,54.12,52.93,53.0,53.33,52.73,50.87,50.13,50.3,49.9,48.27,49.48,54.04,50.04,50.74,54.39,55.13,56.44,58.82,58.6,57.56,57.32,56.93,57.68,58.01,57.25,57.66,58.33,57.9,56.87,56.78,57.13,56.68,58.32,56.05,54.46,54.98,55.71,55.52,56.85,59.23,58.18,57.16,56.91,57.06,57.6,58.28,58.21,58.84,59.51,59.34,58.76,58.36,58.26,57.87,58.89,57.37,55.35,55.49,56.51,56.94,57.66,58.84,57.91,56.61,56.3,55.84,56.99,57.06,57.11,57.38,58.1,57.94,56.98,56.69,56.69,56.03,57.66],
  "contact_probs": [[1.0,1.0,0.2,0.07,0.06,0.47,0.54,0.36,0.14,0.17,0.25,0.27,0.42,0.62,0.29,0.08,0.03,0.02,0.02,0.02,0.04,0.06],[1.0,1.0,0.98,0.31,0.45,0.7,0.32,0.1,0.03,0.03,0.05,0.05,0.12,0.48,0.45,0.19,0.07,0.05,0.05,0.03,0.04,0.04],[0.2,0.98,1.0,0.58,0.55,0.38,0.11,0.06,0.01,0.01,0.01,0.01,0.04,0.17,0.42,0.35,0.22,0.13,0.17,0.04,0.03,0.03],[0.07,0.31,0.58,1.0,0.63,0.26,0.05,0.01,0.01,0.01,0.01,0.01,0.02,0.02,0.04,0.09,0.16,0.1,0.23,0.14,0.03,0.02],[0.06,0.45,0.55,0.63,1.0,0.77,0.11,0.01,0.01,0.01,0.01,0.01,0.02,0.02,0.02,0.06,0.12,0.12,0.34,0.18,0.04,0.02],[0.47,0.7,0.38,0.26,0.77,1.0,0.99,0.24,0.03,0.01,0.01,0.01,0.01,0.02,0.03,0.05,0.04,0.06,0.37,0.28,0.18,0.08],[0.54,0.32,0.11,0.05,0.11,0.99,1.0,0.99,0.23,0.07,0.08,0.05,0.04,0.03,0.03,0.04,0.02,0.02,0.18,0.62,0.29,0.21],[0.36,0.1,0.06,0.01,0.01,0.24,0.99,1.0,0.68,0.22,0.32,0.28,0.16,0.08,0.03,0.02,0.01,0.01,0.02,0.2,0.56,0.28],[0.14,0.03,0.01,0.01,0.01,0.03,0.23,0.68,1.0,0.53,0.34,0.29,0.14,0.06,0.02,0.01,0.01,0.01,0.01,0.02,0.09,0.2],[0.17,0.03,0.01,0.01,0.01,0.01,0.07,0.22,0.53,1.0,0.62,0.21,0.15,0.06,0.02,0.01,0.01,0.0,0.0,0.01,0.02,0.07],[0.25,0.05,0.01,0.01,0.01,0.01,0.08,0.32,0.34,0.62,1.0,0.72,0.3,0.1,0.02,0.01,0.01,0.01,0.01,0.01,0.04,0.17],[0.27,0.05,0.01,0.01,0.01,0.01,0.05,0.28,0.29,0.21,0.72,1.0,0.7,0.3,0.06,0.01,0.01,0.01,0.01,0.01,0.07,0.29],[0.42,0.12,0.04,0.02,0.02,0.01,0.04,0.16,0.14,0.15,0.3,0.7,1.0,0.83,0.24,0.03,0.01,0.01,0.01,0.02,0.1,0.32],[0.62,0.48,0.17,0.02,0.02,0.02,0.03,0.08,0.06,0.06,0.1,0.3,0.83,1.0,0.98,0.28,0.04,0.01,0.03,0.07,0.15,0.43],[0.29,0.45,0.42,0.04,0.02,0.03,0.03,0.03,0.02,0.02,0.02,0.06,0.24,0.98,1.0,0.99,0.29,0.06,0.09,0.19,0.34,0.45],[0.08,0.19,0.35,0.09,0.06,0.05,0.04,0.02,0.01,0.01,0.01,0.01,0.03,0.28,0.99,1.0,0.94,0.23,0.48,0.57,0.52,0.25],[0.03,0.07,0.22,0.16,0.12,0.04,0.02,0.01,0.01,0.01,0.01,0.01,0.01,0.04,0.29,0.94,1.0,0.56,0.52,0.54,0.27,0.08],[0.02,0.05,0.13,0.1,0.12,0.06,0.02,0.01,0.01,0.0,0.01,0.01,0.01,0.01,0.06,0.23,0.56,1.0,0.51,0.18,0.03,0.01],[0.02,0.05,0.17,0.23,0.34,0.37,0.18,0.02,0.01,0.0,0.01,0.01,0.01,0.03,0.09,0.48,0.52,0.51,1.0,0.88,0.23,0.01],[0.02,0.03,0.04,0.14,0.18,0.28,0.62,0.2,0.02,0.01,0.01,0.01,0.02,0.07,0.19,0.57,0.54,0.18,0.88,1.0,0.99,0.18],[0.04,0.04,0.03,0.03,0.04,0.18,0.29,0.56,0.09,0.02,0.04,0.07,0.1,0.15,0.34,0.52,0.27,0.03,0.23,0.99,1.0,0.99],[0.06,0.04,0.03,0.02,0.02,0.08,0.21,0.28,0.2,0.07,0.17,0.29,0.32,0.43,0.45,0.25,0.08,0.01,0.01,0.18,0.99,1.0]],
  "pae": [[1.0,2.9,4.8,9.2,7.8,6.8,6.4,6.4,10.1,11.9,13.4,10.6,9.0,7.3,6.5,8.9,10.3,13.3,10.0,7.6,6.7,7.6],[2.4,0.9,3.5,7.9,7.3,6.2,5.9,6.2,9.5,11.3,12.6,10.7,9.1,6.1,5.7,7.8,9.7,11.3,9.5,6.8,6.0,6.5],[4.8,3.3,1.1,8.5,6.8,6.9,7.4,8.8,12.1,13.3,13.9,11.3,10.2,7.3,8.3,10.3,12.7,15.3,11.9,9.4,8.5,8.9],[9.4,7.1,6.6,1.4,8.2,8.1,10.8,13.2,14.3,15.2,15.4,12.7,12.4,14.0,14.3,16.2,18.0,18.6,15.2,15.1,14.9,14.6],[9.6,6.7,7.0,6.8,1.4,5.8,7.4,9.5,11.2,13.6,14.5,13.4,12.0,11.2,11.1,11.6,14.7,15.6,12.6,11.8,10.9,11.6],[6.4,6.5,7.5,7.2,4.8,1.0,3.5,4.7,8.5,11.0,11.9,11.3,9.8,7.0,6.8,7.4,9.4,10.9,8.9,6.5,7.3,7.1],[5.9,6.6,8.4,8.6,5.0,3.3,1.0,3.7,8.7,11.0,12.4,11.5,10.2,7.3,6.4,7.1,9.2,11.3,8.4,6.4,6.4,7.0],[6.9,8.3,9.4,10.9,7.5,5.8,4.8,1.1,8.7,11.8,12.8,12.6,12.0,10.0,7.9,8.4,10.9,12.6,8.1,7.3,8.4,9.5],[13.0,12.8,13.4,13.8,12.5,11.1,9.3,10.2,1.4,8.0,9.0,11.6,13.7,14.3,16.2,17.8,18.8,18.9,14.4,15.1,14.7,16.0],[13.6,13.5,14.0,15.4,13.7,13.3,12.4,11.9,7.5,1.4,7.1,8.6,11.4,16.2,17.9,19.2,19.9,21.4,17.6,18.2,17.1,18.9],[13.1,13.2,12.8,14.5,13.8,15.1,15.5,14.8,8.8,7.1,1.3,8.2,9.8,14.7,17.5,19.2,20.8,21.7,19.1,18.6,18.2,18.9],[12.9,13.4,11.6,15.4,14.8,17.1,16.9,16.5,11.8,9.6,9.6,1.6,7.8,13.4,14.9,18.2,20.2,21.0,19.5,18.9,18.3,17.6],[10.0,10.6,9.7,13.7,14.3,14.1,15.7,16.1,13.6,13.3,11.2,7.5,1.3,9.1,11.4,15.4,17.0,17.1,16.7,17.0,16.0,14.7],[6.5,6.9,7.6,12.7,9.3,8.0,8.6,8.5,11.7,13.0,11.9,9.1,7.4,1.1,2.9,5.8,7.6,10.3,9.6,8.1,7.9,8.5],[6.2,6.9,9.0,12.2,9.7,7.1,7.1,7.4,10.5,12.3,13.3,11.2,7.4,4.1,1.0,3.2,5.6,7.8,7.9,6.0,6.4,7.1],[6.7,7.8,8.9,13.0,10.5,8.1,7.6,7.2,11.0,12.9,14.2,12.5,11.2,6.4,4.2,1.0,3.8,7.2,7.4,6.0,6.1,7.1],[10.8,11.5,12.5,15.9,14.0,11.4,10.9,11.0,14.9,16.6,17.0,15.1,15.2,9.1,6.3,3.9,1.1,5.6,6.7,6.8,7.6,9.5],[16.0,16.0,17.4,19.3,18.2,16.5,16.6,15.0,18.5,20.9,20.1,18.8,17.6,13.6,10.7,7.5,6.8,1.4,7.8,7.3,9.8,11.5],[13.6,13.7,14.1,17.6,14.4,12.6,10.0,9.7,16.1,18.0,18.6,16.7,16.2,12.3,9.9,8.3,7.7,7.0,1.5,5.6,6.4,8.7],[7.4,7.7,9.4,12.8,10.3,7.5,7.0,7.5,11.8,13.0,14.3,13.3,11.4,8.3,6.2,6.3,6.7,7.4,4.7,1.0,2.8,4.8],[6.8,6.6,8.7,12.2,10.0,7.0,6.7,7.7,11.8,12.9,13.7,12.6,11.0,7.3,5.9,6.2,6.7,8.2,5.0,3.3,0.9,2.9],[7.7,7.1,8.8,13.2,10.0,7.4,7.8,7.2,12.3,14.1,15.4,12.7,10.5,7.0,6.9,6.5,8.8,10.6,6.5,4.5,2.7,1.1]],
  "token_chain_ids": ["A","A","A","A","A","A","A","A","A","A","A","A","A","A","A","A","A","A","A","A","A","A"],
  "token_res_ids": [1,2,3,4,5,6,7,8,9,10,11,12,13,14,15,16,17,18,19,20,21,22]
}