{
  "atom_chain_ids": ["A","B","C","D","E","E","E","E","E","E","E","E","E","E","E","E","E","E","E","E","E","E","E","E","E","E","E","E","E","E","E","E","E","E","E","E","E","E","E","E","E","E","E","E","E","E","E","E","E","E","E","E","E","E","E","E","E","E","E","E","E","E","E","E","E","E","E","E","E","E","E","E","E","E","E","E","E","E","E","E","E","E","E","E","E","E","E","E","E","E","E","E","E","E","E","E","E","E","E","E","E","E","E","E","E","E","E","E","E","E","E","E","E","E","E","E","E","E","E","E","E","E","E","E","E","E","E","E","E","E","E","E","E","E","E","E","E","E","E","E","E","E","E","E","E","E","E","E","E","E","E","E","E","E","E","E","E","E","E","E","E","E","E","E","E","E","E","E","E","E","E","E","E","E","E","E","E","E","E","E","E","E","E","E","E","E","E","E","E","E","E","E","E","E","E","E","E","E","E","E","E","E","E","E","E","E","E","E","E","E","E","E","E","E","E","E","E","E","E","E","E","E","E","E","E","E","E","E","E","E","E","E","E","E","E","E","E","E","E","E","E","E","E","E","E","E","E","E","E","E","E","E","E","E","E","E","E","E","E","E","E","E","E","E","E","E","E","E","E","E","E","E","E","E","E","E","E","E","E","E","E","E","E","E","E","E","E","E","E","E","E","E","E","E","E","E","E","E","E","E","E","E","E","E","E","E","E","E","E","E","E","E","E","E","E","E","E","E","E","E","E","E","E","E","E","E","E","E","E","E","E","E","E","E","E","E","E","E","E","E","E","E","E","E","E","E","E","E","E","E","E","E","E","E","E","E","E","E","E","E","E","E","E","E","E","E","E","E","E","E","E","E","E","E","E","E","E","E","E","E","E","E","E","E","E","E","E","E","E","E","E","E","E","E","E","E","E","E","E","E","E","E","E","E","E","E","E","E","E","E","E","E","E","E","E","E","E","E","E","E","E","E","E","E","E","E","E","E","E","E","E","E","E","E","E","E","E","E","E","E","E","E","E","E","E","E","E","E","E","E","E","E","E","E","E","E","E","E","E","E","E","E","E","E","E","E","E","E","E","E","E","E","E","E","E","E","E"],
  "atom_plddts": [86.08,85.68,65.06,81.24,53.24,56.2,49.47,49.58,56.52,59.86,63.04,62.31,66.33,64.32,64.03,63.34,62.29,58.69,56.23,56.18,54.29,51.07,49.49,51.08,54.15,59.52,74.56,68.93,68.13,75.47,77.46,79.96,80.5,80.92,79.93,80.73,81.3,81.81,82.0,81.3,81.91,82.44,81.55,81.42,81.79,81.92,82.23,82.99,80.7,78.61,78.25,80.7,80.8,81.79,81.13,81.38,80.3,81.08,81.58,82.45,82.78,82.79,83.07,83.45,82.9,83.0,83.16,82.92,82.42,83.23,81.06,79.25,78.41,80.16,79.71,80.64,80.33,80.3,79.18,79.63,79.82,81.16,81.4,81.65,81.88,82.46,82.06,82.21,82.27,81.85,81.14,82.19,79.38,77.45,77.52,77.94,74.92,77.08,75.41,76.8,74.35,73.38,72.01,73.39,70.48,68.8,68.36,67.59,64.67,63.22,64.29,66.25,66.56,78.04,74.48,74.52,78.39,79.75,81.49,81.54,82.0,80.96,81.5,81.92,82.62,82.74,82.32,82.64,82.91,82.28,82.32,82.61,82.56,82.32,83.16,82.14,80.03,79.98,82.04,82.05,83.23,82.67,82.9,81.77,82.32,82.76,83.68,83.93,83.96,84.2,84.58,84.18,84.37,84.43,84.1,83.69,84.42,81.44,79.8,78.87,80.35,80.0,80.74,80.93,80.82,79.58,79.8,79.82,81.45,81.69,81.5,81.79,82.5,82.14,82.27,82.24,81.75,81.22,82.26,76.92,75.22,75.43,75.99,72.3,74.26,73.38,73.81,72.76,70.78,69.83,71.61,69.85,69.49,68.13,68.05,67.3,65.67,67.53,73.17,69.08,67.83,73.33,74.99,77.13,77.72,78.05,76.93,77.74,78.41,78.9,79.32,78.37,79.04,79.63,78.72,78.56,78.78,78.81,79.01,80.1,71.03,68.37,69.11,71.21,67.83,69.42,68.68,69.43,68.42,65.47,66.04,66.92,65.28,65.0,64.32,63.69,63.06,61.81,63.5,73.37,68.57,67.74,72.51,71.57,73.41,73.03,74.61,72.54,71.17,70.41,72.62,70.75,67.25,66.53,67.16,65.85,64.46,64.8,67.33,74.84,70.24,68.97,75.3,76.85,79.09,79.93,80.3,79.31,80.17,80.54,81.1,81.41,80.5,81.11,81.72,80.98,80.85,81.04,80.98,81.37,82.21,78.88,76.09,75.46,79.02,79.44,80.8,80.75,80.88,79.94,80.75,81.19,81.88,82.3,81.99,82.38,82.89,82.36,82.45,82.48,82.2,82.11,82.85,79.16,77.54,76.98,78.47,78.55,79.96,79.91,79.89,78.68,79.25,79.43,80.67,81.03,80.71,80.98,81.54,80.97,80.93,80.95,80.62,80.24,81.37,60.5,58.03,58.28,60.36,58.71,61.04,58.77,62.25,60.24,58.52,57.51,58.34,55.15,51.73,51.71,50.32,48.13,47.03,47.92,50.39,51.49,57.1,54.76,54.14,56.73,56.19,58.11,58.94,60.3,59.1,57.98,57.67,58.52,58.36,57.68,59.07,58.66,57.27,56.73,56.85,57.28,57.17,58.98,48.82,47.72,47.46,46.8,48.38,50.97,50.26,52.49,50.8,50.5,48.93,49.58,48.61,47.24,47.52,47.29,45.9,45.57,45.4,45.76,45.75,48.79,57.19,52.48,52.45,57.98,58.32,60.72,58.63,61.83,59.87,59.09,57.83,57.92,55.27,52.19,52.47,51.3,49.09,47.78,48.71,51.19,52.74,59.35,54.22,53.71,58.68,59.18,61.17,61.33,63.13,61.83,61.16,60.64,61.92,61.0,60.01,60.92,61.07,59.6,58.89,59.08,59.77,59.61,61.89,65.05,60.43,59.79,64.86,67.28,69.41,71.53,71.93,71.01,72.48,73.55,73.29,74.23,73.65,74.99,75.66,74.95,74.92,74.68,74.23,75.09,75.95,70.75,67.81,66.37,69.71,72.42,73.58,74.39,74.29,73.1,74.15,74.38,75.29,75.93,75.47,76.23,77.0,76.31,76.13,76.15,75.82,75.93,77.19],
  "contact_probs": [[1.0,0.99,0.97,0.97,0.02,0.82,0.99,0.99,0.01,0.88,0.99,0.99,0.01,0.69,0.0,0.09,0.82,0.99,0.99,0.13,0.3,0.94,0.24,0.75,0.98,0.99],[0.99,1.0,0.6,0.98,0.43,0.98,0.99,0.84,0.01,0.99,0.99,0.79,0.01,0.98,0.01,0.75,0.98,0.99,0.8,0.0,0.01,0.06,0.01,0.09,0.6,0.97],[0.97,0.6,1.0,0.04,0.02,0.04,0.15,0.46,0.02,0.04,0.09,0.28,0.01,0.03,0.0,0.02,0.13,0.87,0.94,0.46,0.93,0.92,0.55,0.92,0.95,0.49],[0.97,0.98,0.04,1.0,0.54,0.96,0.8,0.04,0.01,0.98,0.76,0.04,0.02,0.97,0.04,0.78,0.95,0.68,0.03,0.0,0.01,0.03,0.01,0.03,0.06,0.74],[0.02,0.43,0.02,0.54,1.0,0.7,0.17,0.0,0.0,0.1,0.0,0.0,0.0,0.01,0.01,0.32,0.55,0.45,0.01,0.01,0.0,0.0,0.01,0.01,0.0,0.0],[0.82,0.98,0.04,0.96,0.7,1.0,1.0,0.01,0.03,0.37,0.0,0.0,0.0,0.0,0.0,0.03,0.29,0.97,0.81,0.0,0.0,0.0,0.0,0.01,0.0,0.0],[0.99,0.99,0.15,0.8,0.17,1.0,1.0,1.0,0.08,0.99,0.29,0.0,0.0,0.0,0.0,0.0,0.0,0.24,0.96,0.04,0.01,0.78,0.01,0.02,0.02,0.01],[0.99,0.84,0.46,0.04,0.0,0.01,1.0,1.0,0.07,0.91,0.99,0.24,0.0,0.0,0.0,0.0,0.0,0.01,0.2,0.07,0.82,0.96,0.34,0.04,0.02,0.02],[0.01,0.01,0.02,0.01,0.0,0.03,0.08,0.07,1.0,0.02,0.01,0.0,0.0,0.0,0.0,0.0,0.0,0.0,0.01,0.0,0.0,0.02,0.01,0.01,0.0,0.0],[0.88,0.99,0.04,0.98,0.1,0.37,0.99,0.91,0.02,1.0,1.0,0.11,0.03,0.08,0.01,0.02,0.0,0.0,0.0,0.0,0.0,0.0,0.0,0.01,0.02,0.01],[0.99,0.99,0.09,0.76,0.0,0.0,0.29,0.99,0.01,1.0,1.0,1.0,0.04,0.97,0.0,0.01,0.0,0.0,0.0,0.0,0.0,0.1,0.08,0.07,0.12,0.14],[0.99,0.79,0.28,0.04,0.0,0.0,0.0,0.24,0.0,0.11,1.0,1.0,0.05,0.49,0.0,0.0,0.0,0.01,0.01,0.01,0.01,0.56,0.44,0.8,0.88,0.43],[0.01,0.01,0.01,0.02,0.0,0.0,0.0,0.0,0.0,0.03,0.04,0.05,1.0,0.04,0.01,0.0,0.0,0.0,0.0,0.0,0.0,0.0,0.01,0.01,0.03,0.03],[0.69,0.98,0.03,0.97,0.01,0.0,0.0,0.0,0.0,0.08,0.97,0.49,0.04,1.0,0.15,0.94,0.16,0.0,0.0,0.0,0.0,0.0,0.0,0.02,0.58,0.91],[0.0,0.01,0.0,0.04,0.01,0.0,0.0,0.0,0.0,0.01,0.0,0.0,0.01,0.15,1.0,0.17,0.01,0.0,0.0,0.0,0.0,0.0,0.0,0.0,0.0,0.02],[0.09,0.75,0.02,0.78,0.32,0.03,0.0,0.0,0.0,0.02,0.01,0.0,0.0,0.94,0.17,1.0,0.96,0.07,0.0,0.0,0.0,0.0,0.0,0.01,0.05,0.81],[0.82,0.98,0.13,0.95,0.55,0.29,0.0,0.0,0.0,0.0,0.0,0.0,0.0,0.16,0.01,0.96,1.0,1.0,0.11,0.0,0.0,0.0,0.0,0.03,0.12,0.89],[0.99,0.99,0.87,0.68,0.45,0.97,0.24,0.01,0.0,0.0,0.0,0.01,0.0,0.0,0.0,0.07,1.0,1.0,1.0,0.21,0.01,0.01,0.0,0.06,0.19,0.34],[0.99,0.8,0.94,0.03,0.01,0.81,0.96,0.2,0.01,0.0,0.0,0.01,0.0,0.0,0.0,0.0,0.11,1.0,1.0,0.52,0.97,0.57,0.01,0.08,0.06,0.02],[0.13,0.0,0.46,0.0,0.01,0.0,0.04,0.07,0.0,0.0,0.0,0.01,0.0,0.0,0.0,0.0,0.0,0.21,0.52,1.0,0.56,0.2,0.06,0.12,0.02,0.0],[0.3,0.01,0.93,0.01,0.0,0.0,0.01,0.82,0.0,0.0,0.0,0.01,0.0,0.0,0.0,0.0,0.0,0.01,0.97,0.56,1.0,0.99,0.8,0.25,0.01,0.01],[0.94,0.06,0.92,0.03,0.0,0.0,0.78,0.96,0.02,0.0,0.1,0.56,0.0,0.0,0.0,0.0,0.0,0.01,0.57,0.2,0.99,1.0,0.89,0.79,0.06,0.02],[0.24,0.01,0.55,0.01,0.01,0.0,0.01,0.34,0.01,0.0,0.08,0.44,0.01,0.0,0.0,0.0,0.0,0.0,0.01,0.06,0.8,0.89,1.0,0.77,0.19,0.0],[0.75,0.09,0.92,0.03,0.01,0.01,0.02,0.04,0.01,0.01,0.07,0.8,0.01,0.02,0.0,0.01,0.03,0.06,0.08,0.12,0.25,0.79,0.77,1.0,0.99,0.22],[0.98,0.6,0.95,0.06,0.0,0.0,0.02,0.02,0.0,0.02,0.12,0.88,0.03,0.58,0.0,0.05,0.12,0.19,0.06,0.02,0.01,0.06,0.19,0.99,1.0,1.0],[0.99,0.97,0.49,0.74,0.0,0.0,0.01,0.02,0.0,0.01,0.14,0.43,0.03,0.91,0.02,0.81,0.89,0.34,0.02,0.0,0.01,0.02,0.0,0.22,1.0,1.0]],
  "pae": [[0.8,1.8,5.3,3.1,6.9,2.3,1.9,1.9,4.7,2.5,2.1,2.2,5.0,2.8,5.8,5.7,2.5,2.0,2.2,8.2,5.8,7.8,7.7,5.2,3.3,3.0],[1.8,0.8,5.6,2.6,6.7,1.9,1.8,2.4,4.6,2.1,2.0,2.7,4.9,2.2,5.5,4.9,2.0,2.0,2.4,8.3,6.4,8.3,8.0,5.5,3.8,3.0],[6.3,8.6,0.8,10.4,13.9,10.2,8.1,8.3,15.7,11.4,9.0,8.6,14.9,12.2,16.7,13.2,10.7,8.5,7.5,9.8,9.5,10.3,10.0,8.7,8.4,8.3],[4.9,3.3,9.5,0.8,8.9,4.2,5.0,6.3,9.2,4.3,5.2,6.6,9.1,5.0,9.4,7.2,4.9,5.5,6.3,11.5,12.3,12.2,12.3,10.2,7.7,6.6],[9.3,7.7,11.9,8.2,1.1,4.4,6.4,9.3,12.5,8.4,10.3,11.0,13.2,8.7,10.2,8.8,6.3,5.9,7.0,9.5,12.3,12.6,11.8,11.9,11.0,10.5],[2.3,2.1,5.5,2.9,4.8,0.8,1.1,1.8,3.3,1.7,2.0,2.4,4.5,2.4,4.7,4.5,1.6,1.6,1.8,6.5,4.7,7.0,6.4,4.9,3.3,2.9],[1.6,1.7,4.9,3.1,4.8,0.9,0.8,1.1,2.7,1.4,1.4,1.7,3.7,2.0,4.3,4.4,1.8,1.4,1.7,6.6,4.0,6.8,5.8,4.0,2.7,2.4],[1.7,2.0,5.3,3.2,5.2,1.5,1.0,0.8,2.6,1.5,1.6,1.8,4.1,2.4,4.9,4.8,2.4,1.9,1.7,6.5,4.9,6.5,6.1,4.8,2.8,2.9],[3.9,4.1,7.8,5.1,7.2,3.7,2.5,2.4,1.2,3.1,3.3,4.0,6.3,5.4,7.5,6.9,5.5,6.1,5.4,8.2,7.1,7.9,9.1,6.9,6.0,6.0],[2.0,2.0,5.4,3.1,5.8,1.7,1.5,1.4,2.4,0.8,1.1,1.7,3.7,1.8,4.7,4.8,2.2,2.2,2.2,7.0,4.8,7.1,6.2,4.8,3.2,2.8],[1.6,1.8,4.9,3.1,5.4,1.6,1.4,1.4,2.6,1.0,0.8,1.2,3.1,1.6,4.2,4.5,1.9,1.9,2.0,6.6,4.4,6.5,5.6,4.0,2.7,2.4],[2.0,2.4,5.8,3.5,6.0,2.7,2.6,2.0,3.6,1.8,1.2,0.8,3.0,2.2,4.7,5.1,2.8,2.8,2.8,7.4,5.1,6.6,6.3,4.5,2.9,2.6],[4.5,4.9,8.7,6.0,8.7,7.5,6.9,6.5,8.2,4.7,2.8,3.6,1.4,4.3,5.9,6.2,6.3,7.0,6.8,9.0,9.1,9.4,9.3,7.2,5.7,5.7],[3.5,3.2,6.8,3.6,6.8,3.5,4.1,4.1,5.4,2.4,2.5,2.4,3.2,0.9,2.9,4.4,2.4,3.3,4.1,8.0,7.6,8.2,7.5,5.8,4.3,4.0],[7.5,7.2,10.2,6.8,8.7,8.4,8.1,9.2,11.5,6.6,6.6,6.2,6.1,4.6,1.3,5.1,5.1,7.9,8.5,10.1,10.9,11.1,10.9,9.0,7.1,5.8],[6.5,5.6,9.8,5.5,8.8,6.2,6.6,8.1,10.1,6.1,5.2,5.8,7.2,3.3,4.1,1.2,3.9,5.5,6.0,9.8,9.9,9.8,10.4,8.7,6.1,4.9],[2.4,2.3,5.5,3.3,5.9,1.7,2.3,2.7,4.1,2.4,2.6,2.7,4.3,1.9,3.7,2.8,0.9,1.2,2.0,6.5,5.4,7.0,6.8,5.3,3.4,3.0],[1.8,2.1,4.8,3.3,5.4,1.6,1.6,2.3,3.8,2.3,2.4,2.6,4.4,2.4,4.6,3.4,1.1,0.8,1.3,5.9,4.2,6.3,6.4,5.1,3.1,2.7],[2.1,2.8,4.9,3.6,5.8,2.2,2.0,2.0,4.1,3.1,3.2,3.2,5.3,3.5,5.3,4.5,2.4,1.4,0.9,4.9,4.7,5.8,6.6,4.9,3.8,3.2],[12.3,13.4,11.8,13.9,13.4,11.7,11.8,11.7,17.7,15.1,13.7,13.4,16.6,14.3,15.1,12.6,8.9,7.9,8.3,1.1,5.2,8.0,9.0,10.3,10.5,10.5],[8.3,10.5,6.1,10.8,10.8,9.3,7.4,6.3,8.9,10.0,10.5,9.1,12.0,11.3,12.5,11.0,10.9,7.7,6.6,4.9,0.9,3.0,6.3,6.4,7.3,8.5],[10.0,12.8,7.9,14.7,14.3,13.8,9.1,8.2,14.0,14.1,10.3,8.7,14.9,15.3,16.1,13.2,13.2,10.2,8.3,5.2,3.2,1.0,6.8,6.6,8.3,8.9],[11.1,12.1,9.0,13.6,13.3,12.6,11.4,11.1,13.7,10.9,11.2,9.5,13.4,10.9,14.0,12.9,11.5,10.4,10.6,7.1,5.7,6.8,1.3,7.1,8.0,11.7],[5.3,7.8,6.5,9.6,10.9,10.4,7.9,7.7,11.2,7.5,6.4,4.9,9.9,6.3,10.6,9.0,8.4,8.9,8.3,8.4,4.9,5.6,5.3,1.0,4.9,4.8],[3.2,4.7,5.8,6.0,7.8,6.3,5.4,5.4,7.7,5.2,4.1,3.8,6.6,4.4,7.2,6.2,5.5,4.6,5.1,8.0,6.6,7.3,5.5,3.4,0.9,2.0],[3.0,3.8,6.1,5.3,7.2,5.7,5.5,5.9,7.5,4.7,3.6,3.7,7.5,3.9,7.7,6.1,4.7,4.6,5.2,7.8,6.2,7.9,6.1,3.9,2.5,1.0]],
  "token_chain_ids": ["A","B","C","D","E","E","E","E","E","E","E","E","E","E","E","E","E","E","E","E","E","E","E","E","E","E"],
  "token_res_ids": [1,1,1,1,1,2,3,4,5,6,7,8,9,10,11,12,13,14,15,16,17,18,19,20,21,22]
}