{
  "atom_chain_ids": ["A","A","A","A","A","A","A","A","A","A","A","A","A","A","A","A","A","A","A","A","A","A","A","A","A","A","A","A","A","A","A","A","A","A","A","A","A","A","A","A","A","A","A","A","A","A","A","A","A","A","A","A","A","A","A","A","A","A","A","A","A","A","A","A","A","A","A","A","A","A","A","A","A","A","A","A","A","A","A","A","A","A","A","A","A","A","A","A","A","A","A","A","A","A","A","A","A","A","A","A","A","A","A","A","A","A","A","A","A","A","A","A","A","A","A","A","A","A","A","A","A","A","A","A","A","A","A","A","A","A","A","A","A","A","A","A","A","A","A","A","A","A","A","A","A","A","A","A","A","A","A","A","A","A","A","A","A","A","A","A","A","A","A","A","A","A","A","A","A","A","A","A","A","A","A","A","A","A","A","A","A","A","A","A","A","A","A","A","A","A","A","A","A","A","A","A","A","A","A","A","A","A","A","A","A","A","A","A","A","A","A","A","A","A","A","A","A","A","A","A","A","A","A","A","A","A","A","A","A","A","A","A","A","A","A","A","A","A","A","A","A","A","A","A","A","A","A","A","A","A","A","A","A","A","A","A","A","A","A","A","A","A","A","A","A","A","A","A","A","A","A","A","A","A","A","A","A","A","A","A","A","A","A","A","A","A","A","A","A","A","A","A","A","A","A","A","A","A","A","A","A","A","A","A","A","A","A","A","A","A","A","A","A","A","A","A","A","A","A","A","A","A","A","A","A","A","A","A","A","A","A","A","A","A","A","A","A","A","A","A","A","A","A","A","A","A","A","A","A","A","A","A","A","A","A","A","A","A","A","A","A","A","A","A","A","A","A","A","A","A","A","A","A","A","A","A","A","A","A","A","A","A","A","A","A","A","A","A","A","A","A","A","A","A","A","A","A","A","A","A","A","A","A","A","A","A","A","A","A","A","A","A","A","A","A","A","A","A","A","A","A","A","A","A","A","A","A","A","A","A","A","A","A","A","A","A","A","A","A","A","A","A","A","A","A","A","A","A","A","A","A","A","A","A","A","A","A","A","A","A","A","A","A","A","A","A","A","A","A","A","A","A","A","A","A","A","A","A","A","A","A","A","A","A","A","A","A","A","A"],
  "atom_plddts": [55.96,58.44,52.97,54.57,58.05,60.6,63.47,65.54,65.31,64.06,64.02,63.8,64.41,64.5,64.43,64.98,65.94,65.69,64.52,63.83,64.03,64.79,67.06,58.53,55.89,56.47,58.87,59.1,61.1,63.67,62.6,61.16,60.88,61.55,61.55,62.48,62.38,63.07,64.23,64.2,63.46,62.75,62.56,62.24,63.68,59.75,57.82,57.98,59.59,58.51,59.36,59.97,59.22,58.03,57.17,56.23,57.86,57.47,57.98,58.37,59.17,58.84,57.9,57.48,57.65,56.25,58.37,54.21,51.42,51.59,55.55,54.31,55.09,53.4,55.2,54.06,52.27,51.62,51.96,50.2,47.99,47.37,46.77,46.08,44.63,46.22,48.45,54.58,50.07,49.86,54.85,54.9,56.66,56.92,58.53,57.26,56.84,54.56,56.34,54.78,51.92,51.76,51.74,50.09,48.46,49.08,50.8,51.26,57.44,53.47,53.85,57.95,58.89,60.62,62.89,62.66,61.54,61.23,61.35,61.57,62.05,61.3,61.9,63.07,62.85,61.89,61.16,61.05,60.75,62.76,61.5,59.0,59.04,61.49,61.75,63.56,65.39,64.71,63.31,62.94,63.28,63.34,64.12,63.95,64.59,65.9,65.76,64.99,64.22,63.97,63.6,65.29,60.83,58.53,58.5,60.62,59.65,60.59,61.44,60.73,59.53,58.59,58.36,59.45,59.73,60.64,61.47,62.49,62.4,61.74,60.92,60.62,59.73,61.25,58.98,56.17,57.18,60.59,58.87,60.02,59.86,60.36,59.16,56.85,56.39,57.43,55.62,54.29,53.32,53.18,52.87,51.21,52.73,57.81,52.27,52.46,58.56,59.16,61.12,61.37,62.69,60.63,61.0,58.06,60.14,58.26,55.17,55.12,55.32,53.49,51.92,52.38,53.96,54.6,58.2,53.06,53.26,59.1,59.7,61.36,62.91,62.89,61.65,61.33,59.99,61.8,61.2,60.09,60.5,61.56,60.81,59.49,59.36,59.83,58.84,61.94,60.66,57.39,58.09,60.97,61.81,63.56,65.68,64.9,63.91,63.54,63.85,64.17,64.89,64.39,65.08,66.38,66.26,65.57,64.83,64.7,64.57,66.05,62.37,59.78,60.0,62.29,62.49,63.88,65.69,64.49,63.5,62.93,62.73,63.44,63.96,63.86,64.27,65.49,65.41,64.57,63.95,63.87,63.23,64.89,60.43,58.05,58.19,60.1,59.3,60.26,61.05,60.2,59.03,58.0,56.82,58.51,57.68,57.53,57.75,58.62,58.07,56.96,56.66,57.13,55.33,58.1,51.76,48.16,47.54,51.92,51.53,52.67,51.4,53.49,52.38,51.75,49.6,51.09,48.8,46.0,45.73,44.77,43.08,41.82,42.83,44.91,45.0,43.12,39.43,37.51,42.43,42.55,44.49,44.76,48.03,47.2,45.94,44.89,44.86,43.18,39.52,38.57,38.03,37.39,36.31,38.34,46.49,41.38,39.85,46.5,46.3,47.04,46.16,49.27,48.24,48.25,45.91,47.27,45.21,42.24,41.97,41.18,39.49,38.42,39.34,41.34,41.73,47.67,43.58,42.38,47.65,47.88,49.53,49.66,51.43,50.94,49.6,47.94,48.89,47.11,43.88,42.65,42.17,41.31,39.84,42.11,51.21,45.65,44.85,51.74,51.65,53.19,53.1,55.41,54.15,53.94,50.97,52.92,50.71,47.49,47.2,46.84,44.85,43.36,44.23,46.04,46.7,57.34,53.16,54.02,57.79,58.3,59.86,62.5,61.74,60.79,60.4,60.42,61.35,61.99,61.66,62.63,63.72,63.53,62.61,61.92,61.89,61.71,63.47,61.14,58.5,58.95,61.2,61.18,62.95,64.92,64.13,62.89,62.14,62.53,63.02,63.83,63.77,64.56,65.95,65.98,65.26,64.29,63.9,63.66,65.2,59.69,57.73,57.79,59.27,57.89,58.72,59.49,58.65,57.93,57.16,56.69,58.16,58.08,59.01,59.87,60.62,60.52,59.84,59.06,58.71,58.01,59.58,54.21,50.95,51.14,55.1,54.57,54.83,53.82,55.17,53.87,52.56,51.84,52.72,50.8,49.33,48.95,48.61,48.06,46.92,47.79,49.4],
  "contact_probs": [[1.0,1.0,0.24,0.02,0.09,0.27,0.35,0.45,0.15,0.33,0.47,0.41,0.36,0.14,0.04,0.01,0.02,0.01,0.04,0.02,0.04,0.05,0.02],[1.0,1.0,0.98,0.15,0.44,0.6,0.46,0.26,0.04,0.07,0.1,0.19,0.25,0.19,0.05,0.02,0.04,0.02,0.05,0.07,0.06,0.05,0.02],[0.24,0.98,1.0,0.56,0.69,0.61,0.24,0.07,0.01,0.02,0.03,0.06,0.15,0.2,0.09,0.05,0.08,0.08,0.09,0.06,0.07,0.06,0.03],[0.02,0.15,0.56,1.0,0.53,0.15,0.02,0.01,0.01,0.01,0.01,0.01,0.01,0.05,0.07,0.06,0.1,0.11,0.11,0.03,0.01,0.02,0.03],[0.09,0.44,0.69,0.53,1.0,0.83,0.21,0.02,0.01,0.01,0.01,0.02,0.03,0.1,0.09,0.06,0.11,0.16,0.29,0.26,0.15,0.06,0.04],[0.27,0.6,0.61,0.15,0.83,1.0,0.99,0.25,0.02,0.03,0.05,0.04,0.05,0.03,0.02,0.01,0.04,0.06,0.21,0.27,0.38,0.16,0.03],[0.35,0.46,0.24,0.02,0.21,0.99,1.0,0.99,0.21,0.31,0.17,0.06,0.06,0.02,0.01,0.0,0.01,0.01,0.06,0.24,0.26,0.47,0.1],[0.45,0.26,0.07,0.01,0.02,0.25,0.99,1.0,0.68,0.76,0.52,0.12,0.05,0.02,0.01,0.0,0.0,0.0,0.01,0.07,0.22,0.2,0.21],[0.15,0.04,0.01,0.01,0.01,0.02,0.21,0.68,1.0,0.64,0.2,0.03,0.01,0.0,0.01,0.0,0.0,0.0,0.01,0.01,0.03,0.13,0.17],[0.33,0.07,0.02,0.01,0.01,0.03,0.31,0.76,0.64,1.0,0.89,0.21,0.02,0.01,0.01,0.0,0.0,0.0,0.01,0.04,0.14,0.31,0.24],[0.47,0.1,0.03,0.01,0.01,0.05,0.17,0.52,0.2,0.89,1.0,0.97,0.23,0.04,0.01,0.0,0.0,0.0,0.03,0.17,0.28,0.28,0.14],[0.41,0.19,0.06,0.01,0.02,0.04,0.06,0.12,0.03,0.21,0.97,1.0,0.99,0.28,0.04,0.01,0.01,0.01,0.08,0.38,0.38,0.19,0.04],[0.36,0.25,0.15,0.01,0.03,0.05,0.06,0.05,0.01,0.02,0.23,0.99,1.0,0.96,0.22,0.05,0.04,0.04,0.2,0.54,0.38,0.12,0.02],[0.14,0.19,0.2,0.05,0.1,0.03,0.02,0.02,0.0,0.01,0.04,0.28,0.96,1.0,0.56,0.16,0.14,0.17,0.3,0.37,0.22,0.08,0.04],[0.04,0.05,0.09,0.07,0.09,0.02,0.01,0.01,0.01,0.01,0.01,0.04,0.22,0.56,1.0,0.59,0.27,0.23,0.21,0.08,0.03,0.02,0.04],[0.01,0.02,0.05,0.06,0.06,0.01,0.0,0.0,0.0,0.0,0.0,0.01,0.05,0.16,0.59,1.0,0.65,0.21,0.14,0.04,0.01,0.01,0.02],[0.02,0.04,0.08,0.1,0.11,0.04,0.01,0.0,0.0,0.0,0.0,0.01,0.04,0.14,0.27,0.65,1.0,0.71,0.22,0.06,0.01,0.01,0.02],[0.01,0.02,0.08,0.11,0.16,0.06,0.01,0.0,0.0,0.0,0.0,0.01,0.04,0.17,0.23,0.21,0.71,1.0,0.54,0.12,0.02,0.01,0.01],[0.04,0.05,0.09,0.11,0.29,0.21,0.06,0.01,0.01,0.01,0.03,0.08,0.2,0.3,0.21,0.14,0.22,0.54,1.0,0.73,0.13,0.02,0.01],[0.02,0.07,0.06,0.03,0.26,0.27,0.24,0.07,0.01,0.04,0.17,0.38,0.54,0.37,0.08,0.04,0.06,0.12,0.73,1.0,0.99,0.18,0.02],[0.04,0.06,0.07,0.01,0.15,0.38,0.26,0.22,0.03,0.14,0.28,0.38,0.38,0.22,0.03,0.01,0.01,0.02,0.13,0.99,1.0,0.99,0.25],[0.05,0.05,0.06,0.02,0.06,0.16,0.47,0.2,0.13,0.31,0.28,0.19,0.12,0.08,0.02,0.01,0.01,0.01,0.02,0.18,0.99,1.0,0.78],[0.02,0.02,0.03,0.03,0.04,0.03,0.1,0.21,0.17,0.24,0.14,0.04,0.02,0.04,0.04,0.02,0.02,0.01,0.01,0.02,0.25,0.78,1.0]],
  "pae": [[1.0,2.9,4.5,6.7,6.5,6.7,6.0,6.1,8.8,7.0,5.5,6.5,6.3,7.2,10.8,13.1,12.5,9.7,8.3,7.4,6.9,6.5,8.7],[2.2,0.9,2.5,4.2,3.7,4.8,4.4,6.0,8.5,7.0,5.8,4.8,4.8,5.5,8.0,10.9,9.6,7.2,6.0,5.5,5.4,5.8,7.7],[3.6,2.1,0.9,4.3,2.9,4.2,5.5,7.1,9.5,8.3,7.5,6.5,5.7,6.2,7.9,11.6,10.5,7.2,5.7,5.5,6.2,6.8,8.6],[7.2,4.7,3.2,1.2,3.4,5.2,7.5,9.8,11.7,10.3,9.8,8.9,7.5,6.8,8.1,12.5,10.8,6.4,6.6,7.3,8.2,9.3,11.8],[5.5,4.0,3.2,3.5,1.0,2.8,5.2,7.1,9.1,7.7,7.3,6.5,5.6,5.2,7.0,10.0,9.1,6.2,5.2,5.1,6.4,7.1,9.0],[4.9,4.8,3.8,4.1,2.8,0.9,2.6,4.5,7.4,6.1,5.6,5.8,5.4,5.7,7.5,10.4,9.2,6.7,5.3,4.7,5.1,5.8,7.3],[4.8,5.1,5.4,6.0,3.9,2.9,0.9,2.4,5.0,4.7,4.8,4.9,5.5,6.2,7.4,10.8,9.1,7.2,6.2,4.5,4.3,5.0,6.2],[5.4,6.6,7.8,8.8,5.9,4.6,3.8,0.9,4.8,3.1,4.2,4.8,5.6,7.1,9.5,12.0,10.9,9.6,7.1,5.5,5.2,5.2,7.0],[8.2,10.0,12.5,13.3,11.8,9.0,6.7,4.4,1.4,3.2,5.2,7.1,9.1,10.4,12.3,15.0,14.4,12.5,11.9,9.5,8.3,7.4,8.7],[6.0,7.3,9.2,9.7,8.3,6.9,5.4,3.5,3.0,1.0,2.5,4.3,5.3,6.7,9.4,12.3,11.5,10.2,8.3,7.0,6.0,5.7,6.4],[5.3,5.3,7.7,9.1,7.4,6.2,5.1,3.8,3.7,2.4,0.9,2.4,3.9,5.0,8.6,12.2,10.8,9.7,8.7,6.2,5.4,4.7,5.8],[4.8,5.0,6.1,7.8,6.4,5.6,5.4,4.3,5.6,3.5,2.5,0.9,2.3,4.0,6.2,10.6,9.4,8.1,8.0,5.3,4.8,4.8,6.6],[5.0,5.1,6.1,7.5,6.0,5.6,5.8,5.5,6.4,4.4,4.0,2.6,0.9,2.3,5.4,9.6,8.4,7.4,7.3,5.1,5.0,5.4,7.2],[7.1,5.9,6.4,8.0,6.2,7.0,7.4,7.7,8.7,6.8,5.5,4.8,2.9,1.0,4.9,8.6,8.8,7.5,7.0,6.0,6.2,6.8,9.1],[11.5,11.0,10.1,10.8,9.7,11.3,12.0,13.1,12.7,12.4,11.1,9.0,7.3,5.9,1.4,9.2,9.3,7.8,9.4,10.6,11.2,12.2,13.7],[17.1,16.9,15.4,12.8,14.3,15.0,17.2,19.0,19.3,19.5,18.1,16.6,14.9,11.8,9.9,1.6,8.5,9.8,11.2,14.7,15.5,16.5,19.4],[14.5,14.0,12.3,11.3,10.9,12.2,13.6,15.4,16.3,15.4,14.7,13.6,12.8,11.5,6.9,7.5,1.3,6.8,8.0,10.2,11.1,13.5,14.7],[10.5,9.7,8.2,7.2,8.5,8.8,11.1,12.1,12.7,13.2,12.3,11.6,9.4,7.8,7.3,8.8,8.1,1.4,5.8,6.9,8.7,10.1,11.7],[7.9,7.1,6.5,6.5,5.8,6.4,7.6,8.4,9.2,8.2,8.3,7.4,6.5,6.8,6.5,8.2,6.2,4.2,1.2,4.0,5.6,6.5,8.1],[5.7,6.0,5.7,6.9,5.5,5.3,5.2,5.7,7.0,5.9,5.8,4.5,4.9,6.0,7.0,9.1,7.6,5.2,3.5,1.0,2.1,3.7,5.9],[5.0,5.7,7.0,7.5,6.2,5.7,4.6,4.5,6.2,4.8,5.1,4.1,4.6,5.9,7.3,10.2,8.0,6.1,3.9,2.4,0.9,2.3,4.7],[5.8,7.1,8.3,8.4,7.3,6.0,5.7,5.9,6.4,5.0,5.1,4.9,5.2,6.8,8.7,11.0,9.4,7.2,5.0,3.7,2.3,0.9,3.9],[7.4,8.7,10.3,11.4,9.8,8.8,7.2,7.3,8.8,5.9,6.4,6.0,7.7,9.3,12.1,14.4,13.0,10.1,8.6,6.9,4.7,3.1,1.5]],
  "token_chain_ids": ["A","A","A","A","A","A","A","A","A","A","A","A","A","A","A","A","A","A","A","A","A","A","A"],
  "token_res_ids": [1,2,3,4,5,6,7,8,9,10,11,12,13,14,15,16,17,18,19,20,21,22,23]
}