{
  "atom_chain_ids": ["A","A","A","A","A","A","A","A","A","A","A","A","A","A","A","A","A","A","A","A","A","A","A","A","A","A","A","A","A","A","A","A","A","A","A","A","A","A","A","A","A","A","A","A","A","A","A","A","A","A","A","A","A","A","A","A","A","A","A","A","A","A","A","A","A","A","A","A","A","A","A","A","A","A","A","A","A","A","A","A","A","A","A","A","A","A","A","A","A","A","A","A","A","A","A","A","A","A","A","A","A","A","A","A","A","A","A","A","A","A","A","A","A","A","A","A","A","A","A","A","A","A","A","A","A","A","A","A","A","A","A","A","A","A","A","A","A","A","A","A","A","A","A","A","A","A","A","A","A","A","A","A","A","A","A","A","A","A","A","A","A","A","A","A","A","A","A","A","A","A","A","A","A","A","A","A","A","A","A","A","A","A","A","A","A","A","A","A","A","A","A","A","A","A","A","A","A","A","A","A","A","A","A","A","A","A","A","A","A","A","A","A","A","A","A","A","A","A","A","A","A","A","A","A","A","A","A","A","A","A","A","A","A","A","A","A","A","A","A","A","A","A","A","A","A","A","A","A","A","A","A","A","A","A","A","A","A","A","A","A","A","A","A","A","A","A","A","A","A","A","A","A","A","A","A","A","A","A","A","A","A","A","A","A","A","A","A","A","A","A","A","A","A","A","A","A","A","A","A","A","A","A","A","A","A","A","A","A","A","A","A","A","A","A","A","A","A","A","A","A","A","A","A","A","A","A","A","A","A","A","A","A","A","A","A","A","A","A","A","A","A","A","A","A","A","A","A","A","A","A","A","A","A","A","A","A","A","A","A","A","A","A","A","A","A","A","A","A","A","A","A","A","A","A","A","A","A","A","A","A","A","A","A","A","A","A","A","A","A","A","A","A","A","A","A","A","A","A","A","A","A","A","A","A","A","A","A","A","A","A","A","A","A","A","A","A","A","A","A","A","A","A","A","A","A","A","A","A","A","A","A","A","A","A","A","A","A","A","A","A","A","A","A","A","A","A","A","A","A","A","A","A","A","A","A","A","A","A","A","A","A","A","A","A","A","A","A","A","A","A","A","A","A","A","A","A","A","A","A","A","A","A","A","A","A","A","A","A","A"],
  "atom_plddts": [55.72,57.46,52.33,53.9,57.15,59.18,61.5,63.66,63.09,62.03,61.78,61.68,62.23,62.37,62.25,62.6,63.68,63.5,62.3,61.6,61.78,62.48,64.59,57.67,55.12,55.81,57.93,58.3,60.13,62.97,61.74,60.42,60.21,60.76,60.81,61.73,61.46,62.01,63.1,63.04,62.31,61.68,61.6,61.3,62.6,58.77,56.85,56.93,58.54,57.48,57.81,58.74,57.89,56.88,56.31,55.18,56.69,56.31,56.76,57.02,57.78,57.48,56.45,56.15,56.34,55.04,57.1,53.69,51.25,51.25,54.59,53.45,54.1,52.62,54.23,53.12,51.87,50.96,51.3,49.69,47.35,46.64,46.04,45.41,43.95,45.61,47.73,53.2,48.9,48.58,53.37,53.19,54.5,54.48,56.22,55.09,54.71,52.24,54.09,52.41,49.65,49.31,49.12,47.48,45.87,46.6,48.36,48.77,55.57,51.51,52.04,55.84,57.14,58.62,61.12,60.52,59.45,59.37,59.44,59.42,59.99,59.4,59.84,60.93,60.74,59.76,59.16,59.17,58.99,60.72,60.1,57.74,57.99,60.01,60.05,61.22,63.28,62.05,60.81,60.34,60.65,60.91,61.65,61.75,62.3,63.5,63.39,62.67,61.93,61.8,61.35,62.72,59.38,56.7,57.05,59.3,58.69,59.65,61.25,60.12,59.1,58.4,58.26,59.32,59.68,60.21,60.84,61.8,61.65,60.93,60.32,60.24,59.56,60.97,58.29,55.78,56.63,59.54,57.89,58.79,59.09,59.22,58.14,56.18,55.58,56.73,55.14,53.75,52.84,52.71,52.39,50.73,52.18,57.11,52.03,52.11,57.45,57.72,59.23,59.7,60.62,58.84,59.23,56.25,58.4,56.77,54.1,53.94,54.0,52.34,50.69,51.29,52.89,53.3,58.22,53.74,53.88,58.59,58.85,60.08,62.08,61.39,60.4,60.34,58.96,60.6,60.33,59.35,59.6,60.57,60.01,58.7,58.6,59.11,58.09,60.68,59.08,55.84,56.57,59.23,60.38,61.77,64.14,63.13,62.27,62.07,62.28,62.43,63.12,62.59,63.05,64.21,64.04,63.32,62.73,62.75,62.63,63.95,61.24,59.01,59.12,61.02,61.12,62.13,64.02,62.67,61.87,61.4,60.89,61.66,62.16,62.12,62.28,63.4,63.32,62.39,61.95,61.97,61.18,62.74,56.54,54.12,54.11,56.02,55.3,55.84,56.92,56.03,55.21,54.47,53.01,54.61,53.83,53.63,53.73,54.46,53.93,52.78,52.61,53.06,51.39,54.04,47.64,44.64,43.86,47.31,47.09,48.09,46.82,49.32,48.08,47.77,45.57,47.13,45.11,42.34,41.99,41.28,39.92,38.88,39.6,41.33,41.44,43.07,39.43,37.65,42.6,42.96,45.21,45.64,47.97,47.08,46.08,44.95,45.34,44.23,40.72,40.06,39.76,39.16,38.14,39.65,41.94,37.75,36.27,41.8,41.5,42.24,41.41,45.08,44.05,44.02,41.94,43.09,41.38,38.38,37.97,37.61,36.25,35.44,35.98,37.59,38.09,41.34,37.77,36.19,40.6,40.52,42.35,42.36,45.47,45.12,44.15,42.05,42.83,41.23,37.57,36.44,36.19,35.44,34.29,36.14,47.97,42.7,41.33,47.93,47.5,48.83,48.1,50.44,49.42,49.17,46.58,48.29,46.2,43.35,42.81,42.3,40.51,39.2,40.07,41.84,42.44,56.71,52.45,53.11,56.91,57.71,58.93,61.71,60.85,59.97,59.83,59.61,60.49,61.0,60.35,61.04,62.01,61.74,60.78,60.25,60.33,60.21,61.95,58.9,56.43,56.7,58.86,59.22,60.78,63.16,62.23,61.23,60.62,60.65,60.98,61.75,61.23,61.7,63.01,62.97,62.16,61.4,61.23,60.99,62.43,58.58,56.69,56.8,58.13,56.69,57.35,58.3,57.43,56.86,56.17,55.5,56.93,56.99,57.77,58.4,59.1,59.04,58.29,57.71,57.53,56.73,58.08,52.86,49.95,49.79,53.26,52.62,52.45,51.41,52.87,51.64,50.73,49.73,50.57,48.77,47.45,47.03,46.64,46.13,44.93,45.84,47.37],
  "contact_probs": [[1.0,1.0,0.24,0.02,0.09,0.27,0.35,0.45,0.15,0.33,0.47,0.41,0.36,0.14,0.04,0.01,0.02,0.01,0.04,0.02,0.04,0.05,0.02],[1.0,1.0,0.98,0.15,0.44,0.6,0.46,0.26,0.04,0.07,0.1,0.19,0.25,0.19,0.05,0.02,0.04,0.02,0.05,0.07,0.06,0.05,0.02],[0.24,0.98,1.0,0.56,0.69,0.61,0.24,0.07,0.01,0.02,0.03,0.06,0.15,0.2,0.09,0.05,0.08,0.08,0.09,0.06,0.07,0.06,0.03],[0.02,0.15,0.56,1.0,0.53,0.15,0.02,0.01,0.01,0.01,0.01,0.01,0.01,0.05,0.07,0.06,0.1,0.11,0.11,0.03,0.01,0.02,0.03],[0.09,0.44,0.69,0.53,1.0,0.83,0.21,0.02,0.01,0.01,0.01,0.02,0.03,0.1,0.09,0.06,0.11,0.16,0.29,0.26,0.15,0.06,0.04],[0.27,0.6,0.61,0.15,0.83,1.0,0.99,0.25,0.02,0.03,0.05,0.04,0.05,0.03,0.02,0.01,0.04,0.06,0.21,0.27,0.38,0.16,0.03],[0.35,0.46,0.24,0.02,0.21,0.99,1.0,0.99,0.21,0.31,0.17,0.06,0.06,0.02,0.01,0.0,0.01,0.01,0.06,0.24,0.26,0.47,0.1],[0.45,0.26,0.07,0.01,0.02,0.25,0.99,1.0,0.68,0.76,0.52,0.12,0.05,0.02,0.01,0.0,0.0,0.0,0.01,0.07,0.22,0.2,0.21],[0.15,0.04,0.01,0.01,0.01,0.02,0.21,0.68,1.0,0.64,0.2,0.03,0.01,0.0,0.01,0.0,0.0,0.0,0.01,0.01,0.03,0.13,0.17],[0.33,0.07,0.02,0.01,0.01,0.03,0.31,0.76,0.64,1.0,0.89,0.21,0.02,0.01,0.01,0.0,0.0,0.0,0.01,0.04,0.14,0.31,0.24],[0.47,0.1,0.03,0.01,0.01,0.05,0.17,0.52,0.2,0.89,1.0,0.97,0.23,0.04,0.01,0.0,0.0,0.0,0.03,0.17,0.28,0.28,0.14],[0.41,0.19,0.06,0.01,0.02,0.04,0.06,0.12,0.03,0.21,0.97,1.0,0.99,0.28,0.04,0.01,0.01,0.01,0.08,0.38,0.38,0.19,0.04],[0.36,0.25,0.15,0.01,0.03,0.05,0.06,0.05,0.01,0.02,0.23,0.99,1.0,0.96,0.22,0.05,0.04,0.04,0.2,0.54,0.38,0.12,0.02],[0.14,0.19,0.2,0.05,0.1,0.03,0.02,0.02,0.0,0.01,0.04,0.28,0.96,1.0,0.56,0.16,0.14,0.17,0.3,0.37,0.22,0.08,0.04],[0.04,0.05,0.09,0.07,0.09,0.02,0.01,0.01,0.01,0.01,0.01,0.04,0.22,0.56,1.0,0.59,0.27,0.23,0.21,0.08,0.03,0.02,0.04],[0.01,0.02,0.05,0.06,0.06,0.01,0.0,0.0,0.0,0.0,0.0,0.01,0.05,0.16,0.59,1.0,0.65,0.21,0.14,0.04,0.01,0.01,0.02],[0.02,0.04,0.08,0.1,0.11,0.04,0.01,0.0,0.0,0.0,0.0,0.01,0.04,0.14,0.27,0.65,1.0,0.71,0.22,0.06,0.01,0.01,0.02],[0.01,0.02,0.08,0.11,0.16,0.06,0.01,0.0,0.0,0.0,0.0,0.01,0.04,0.17,0.23,0.21,0.71,1.0,0.54,0.12,0.02,0.01,0.01],[0.04,0.05,0.09,0.11,0.29,0.21,0.06,0.01,0.01,0.01,0.03,0.08,0.2,0.3,0.21,0.14,0.22,0.54,1.0,0.73,0.13,0.02,0.01],[0.02,0.07,0.06,0.03,0.26,0.27,0.24,0.07,0.01,0.04,0.17,0.38,0.54,0.37,0.08,0.04,0.06,0.12,0.73,1.0,0.99,0.18,0.02],[0.04,0.06,0.07,0.01,0.15,0.38,0.26,0.22,0.03,0.14,0.28,0.38,0.38,0.22,0.03,0.01,0.01,0.02,0.13,0.99,1.0,0.99,0.25],[0.05,0.05,0.06,0.02,0.06,0.16,0.47,0.2,0.13,0.31,0.28,0.19,0.12,0.08,0.02,0.01,0.01,0.01,0.02,0.18,0.99,1.0,0.78],[0.02,0.02,0.03,0.03,0.04,0.03,0.1,0.21,0.17,0.24,0.14,0.04,0.02,0.04,0.04,0.02,0.02,0.01,0.01,0.02,0.25,0.78,1.0]],
  "pae": [[1.0,3.0,5.7,9.1,9.0,8.5,7.4,6.6,8.7,7.6,7.6,7.5,8.3,9.2,13.7,14.0,15.2,14.4,11.5,9.5,8.8,7.8,10.4],[2.7,0.9,2.7,6.4,6.4,5.9,5.9,6.8,8.5,7.7,6.5,5.6,5.9,7.7,11.1,11.1,12.0,11.5,8.7,6.7,6.6,6.5,8.9],[4.5,2.9,1.0,4.2,5.1,5.5,6.4,7.7,9.4,8.7,8.1,7.3,7.5,8.3,11.7,11.0,11.8,11.3,8.0,7.2,7.4,7.8,10.1],[7.8,5.0,4.6,1.2,4.2,5.1,7.3,9.7,10.4,10.1,9.8,9.1,7.8,8.3,12.3,11.9,12.9,12.5,7.3,7.3,8.3,9.0,11.9],[7.5,6.0,4.1,3.9,1.2,4.6,6.4,9.0,10.2,9.6,9.2,7.9,7.1,7.6,11.4,10.0,11.4,10.2,6.9,6.3,7.1,8.5,10.5],[5.9,5.7,4.6,4.6,4.0,0.9,2.6,4.5,6.9,5.9,6.1,6.6,6.5,7.2,10.6,10.2,10.6,10.0,7.8,5.4,5.0,5.1,7.9],[5.2,4.9,5.0,6.5,4.5,2.6,0.9,2.7,5.3,4.6,4.7,5.2,5.9,7.1,10.7,11.1,11.0,10.5,8.5,6.0,4.6,4.2,8.2],[5.8,5.3,6.4,7.9,5.5,4.4,2.5,0.9,4.7,3.2,4.3,5.1,6.2,8.0,11.6,12.1,12.2,11.5,9.3,6.4,5.9,5.0,9.1],[8.1,8.3,10.9,12.6,11.2,7.7,5.6,4.4,1.5,3.9,5.3,7.4,9.2,10.3,14.0,14.6,15.7,15.3,13.6,10.1,9.3,8.2,11.2],[6.5,6.8,8.3,10.4,8.9,7.2,5.3,3.7,3.6,1.0,3.1,4.9,6.0,7.6,11.8,12.8,13.3,13.0,11.1,8.6,7.6,6.9,9.6],[5.5,5.3,6.6,10.1,7.9,6.4,5.0,3.9,4.3,2.6,1.0,2.1,4.4,6.1,9.7,11.6,11.8,12.1,10.5,7.3,5.8,6.3,8.5],[5.8,5.4,6.0,9.7,8.0,6.7,6.0,5.4,6.7,4.4,3.4,1.0,2.4,4.9,8.0,11.1,10.6,11.2,9.9,6.3,5.3,6.4,8.5],[6.0,5.8,5.9,9.2,7.4,6.5,6.4,6.6,7.1,5.5,4.7,2.8,0.9,3.2,7.2,9.9,9.9,10.4,8.1,6.1,5.7,7.2,8.8],[8.1,7.3,7.1,10.9,9.6,8.7,8.7,9.1,10.0,8.7,6.6,5.1,3.7,1.1,7.4,8.8,11.0,12.4,8.7,7.6,8.1,9.5,11.8],[14.6,14.7,14.6,14.1,14.6,16.2,15.8,16.9,16.9,16.5,14.7,10.6,8.2,8.3,1.4,9.2,8.9,12.1,12.1,13.5,14.5,16.4,18.3],[16.1,15.5,14.6,12.4,13.7,15.8,16.7,16.9,18.7,18.4,16.6,14.2,12.5,10.6,10.0,1.7,10.0,10.3,10.6,13.8,15.4,16.9,18.6],[18.1,17.8,17.3,14.4,15.0,17.4,18.2,18.8,20.2,20.0,19.4,17.0,14.0,12.7,8.3,7.7,1.2,9.8,9.9,12.8,15.3,17.4,18.9],[16.3,16.7,16.5,13.2,13.0,15.1,16.5,17.7,19.8,19.2,17.9,16.2,14.4,13.2,10.8,10.1,9.5,1.7,9.4,10.0,12.8,14.9,17.4],[12.2,11.8,11.4,9.6,9.8,10.7,11.5,12.3,14.2,13.2,12.8,11.1,9.7,9.7,11.0,11.6,8.8,8.2,1.3,7.9,8.3,10.1,12.1],[7.2,7.0,6.8,8.5,7.6,6.1,5.9,7.3,8.6,7.2,8.0,6.2,6.3,7.8,10.8,10.9,10.1,8.2,5.5,1.0,2.4,4.2,6.9],[6.1,6.4,6.6,8.8,7.2,5.5,5.0,6.4,7.9,6.6,6.6,5.1,5.4,7.8,10.5,10.7,11.0,9.8,5.5,3.0,0.9,2.4,5.7],[6.6,6.9,6.9,9.9,7.5,5.7,5.4,6.4,8.0,6.5,6.0,5.7,6.7,9.3,11.8,11.3,11.2,10.1,6.3,3.6,2.3,0.9,5.9],[8.2,8.1,9.1,12.2,9.4,7.5,6.6,7.6,10.2,7.5,7.5,7.4,9.1,11.6,14.9,14.5,14.9,13.7,10.8,7.3,6.0,3.4,1.5]],
  "token_chain_ids": ["A","A","A","A","A","A","A","A","A","A","A","A","A","A","A","A","A","A","A","A","A","A","A"],
  "token_res_ids": [1,2,3,4,5,6,7,8,9,10,11,12,13,14,15,16,17,18,19,20,21,22,23]
}