{
  "atom_chain_ids": ["A","A","A","A","A","A","A","A","A","A","A","A","A","A","A","A","A","A","A","A","A","A","A","A","A","A","A","A","A","A","A","A","A","A","A","A","A","A","A","A","A","A","A","A","A","A","A","A","A","A","A","A","A","A","A","A","A","A","A","A","A","A","A","A","A","A","A","A","A","A","A","A","A","A","A","A","A","A","A","A","A","A","A","A","A","A","A","A","A","A","A","A","A","A","A","A","A","A","A","A","A","A","A","A","A","A","A","A","A","A","A","A","A","A","A","A","A","A","A","A","A","A","A","A","A","A","A","A","A","A","A","A","A","A","A","A","A","A","A","A","A","A","A","A","A","A","A","A","A","A","A","A","A","A","A","A","A","A","A","A","A","A","A","A","A","A","A","A","A","A","A","A","A","A","A","A","A","A","A","A","A","A","A","A","A","A","A","A","A","A","A","A","A","A","A","A","A","A","A","A","A","A","A","A","A","A","A","A","A","A","A","A","A","A","A","A","A","A","A","A","A","A","A","A","A","A","A","A","A","A","A","A","A","A","A","A","A","A","A","A","A","A","A","A","A","A","A","A","A","A","A","A","A","A","A","A","A","A","A","A","A","A","A","A","A","A","A","A","A","A","A","A","A","A","A","A","A","A","A","A","A","A","A","A","A","A","A","A","A","A","A","A","A","A","A","A","A","A","A","A","A","A","A","A","A","A","A","A","A","A","A","A","A","A","A","A","A","A","A","A","A","A","A","A","A","A","A","A","A","A","A","A","A","A","A","A","A","A","A","A","A","A","A","A","A","A","A","A","A","A","A","A","A","A","A","A","A","A","A","A","A","A","A","A","A","A","A","A","A","A","A","A","A","A","A","A","A","A","A","A","A","A","A","A","A","A","A","A","A","A","A","A","A","A","A","A","A","A","A","A","A","A","A","A","A","A","A","A","A","A","A","A","A","A","A","A","A","A","A","A","A","A","A","A","A","A","A","A","A","A","A","A","A","A","A","A","A","A","A","A","A","A","A","A","A","A","A","A","A","A","A","A","A","A","A","A","A","A","A","A","A","A","A","A","A","A","A","A","A","A","A","A","A","A","A","A","A","A","A","A","A","A","A","A","A","A","A","A","A"],
  "atom_plddts": [55.63,57.71,52.12,53.81,57.46,59.93,62.84,65.06,64.82,63.64,63.67,63.58,64.05,64.19,63.97,64.52,65.53,65.28,64.07,63.4,63.62,64.48,66.75,57.31,54.93,55.55,57.58,57.55,59.5,62.09,61.11,59.71,59.31,59.82,59.89,60.82,60.75,61.43,62.62,62.62,61.91,61.1,60.8,60.38,61.81,57.51,55.46,55.61,57.47,56.71,57.34,58.06,57.55,56.44,55.73,54.7,55.95,55.56,56.01,56.34,57.1,56.77,55.79,55.42,55.58,54.24,56.4,53.92,51.12,51.27,55.32,54.01,54.82,53.0,54.85,53.77,52.12,51.38,51.68,49.93,47.71,47.08,46.54,45.92,44.45,46.01,48.22,53.62,49.53,49.35,53.99,53.86,55.3,55.02,56.79,55.57,54.93,52.45,54.31,52.51,49.67,49.32,49.19,47.49,45.92,46.61,48.36,48.67,55.56,51.63,52.06,56.07,57.06,58.66,60.93,60.55,59.47,59.14,59.2,59.23,59.73,59.08,59.68,60.86,60.65,59.72,58.92,58.78,58.52,60.45,59.3,57.08,57.21,59.31,59.37,60.69,62.55,61.61,60.33,59.77,60.19,60.08,60.9,61.06,61.75,63.04,62.98,62.26,61.39,61.07,60.61,62.07,60.38,58.14,58.19,60.16,59.17,60.21,61.13,60.14,58.99,58.12,57.94,59.1,59.34,60.18,60.94,61.87,61.68,61.08,60.33,60.14,59.25,60.7,56.11,53.64,54.37,57.35,56.28,57.45,57.54,58.36,57.18,55.25,54.82,55.31,53.53,51.62,50.64,50.31,50.09,48.57,50.18,55.82,51.04,51.12,56.24,56.6,57.92,57.66,59.15,57.24,57.4,54.47,56.46,54.34,51.55,51.37,51.14,49.32,47.86,48.45,50.13,50.7,56.34,51.2,51.28,57.08,57.55,58.95,60.7,60.48,59.43,59.21,57.91,59.42,58.89,57.86,58.23,59.17,58.48,57.14,57.02,57.55,56.56,59.43,59.14,55.76,56.62,59.5,60.31,62.07,64.32,63.52,62.6,62.23,62.49,62.71,63.42,62.88,63.52,64.86,64.75,64.02,63.26,63.13,62.98,64.49,60.71,58.19,58.44,60.69,60.45,61.67,63.32,62.02,61.12,60.33,59.91,60.74,61.15,61.29,61.62,62.85,62.75,61.86,61.24,61.09,60.23,61.99,57.36,55.17,55.28,57.05,56.2,56.92,57.47,56.79,55.84,54.78,53.47,54.9,53.87,53.8,54.02,54.72,54.15,53.07,52.8,53.22,51.38,54.21,49.18,45.98,45.26,49.15,48.87,49.99,48.59,51.24,50.03,49.52,47.34,48.57,46.23,43.27,42.9,41.95,40.34,39.27,40.17,42.15,42.33,43.17,39.56,37.52,42.28,42.4,44.35,44.66,48.1,47.26,45.99,44.9,44.67,42.89,39.18,38.18,37.61,37.04,36.0,38.1,43.34,38.65,37.04,43.17,43.06,43.78,42.56,46.36,45.26,45.24,43.0,44.03,41.94,38.91,38.48,37.85,36.3,35.41,36.16,38.01,38.5,45.67,41.34,39.9,45.62,45.95,47.84,48.0,50.23,49.7,48.36,46.65,47.51,45.8,42.39,41.29,40.89,40.06,38.71,40.81,49.52,44.62,43.78,49.89,49.7,51.1,50.61,53.26,52.06,51.66,48.82,50.49,48.19,45.04,44.66,44.11,42.17,40.87,41.72,43.53,44.12,56.6,52.87,53.58,57.02,57.21,58.39,60.76,59.98,59.1,58.55,58.17,59.21,59.63,59.21,59.96,61.07,60.84,59.89,59.18,59.09,58.71,60.61,59.86,57.6,57.87,59.88,60.08,61.74,63.7,62.7,61.58,60.91,61.1,61.49,62.23,61.93,62.57,63.91,63.92,63.2,62.27,61.97,61.68,63.15,58.26,56.4,56.5,58.0,56.63,57.48,58.09,57.38,56.77,55.99,55.46,56.68,56.64,57.49,58.22,58.89,58.82,58.12,57.48,57.23,56.42,57.83,52.18,49.07,49.01,52.98,52.33,52.51,51.36,53.04,51.79,50.61,49.88,50.58,48.79,47.47,47.16,46.79,46.28,45.17,46.0,47.61],
  "contact_probs": [[1.0,1.0,0.24,0.02,0.09,0.27,0.35,0.45,0.15,0.33,0.47,0.41,0.36,0.14,0.04,0.01,0.02,0.01,0.04,0.02,0.04,0.05,0.02],[1.0,1.0,0.98,0.15,0.44,0.6,0.46,0.26,0.04,0.07,0.1,0.19,0.25,0.19,0.05,0.02,0.04,0.02,0.05,0.07,0.06,0.05,0.02],[0.24,0.98,1.0,0.56,0.69,0.61,0.24,0.07,0.01,0.02,0.03,0.06,0.15,0.2,0.09,0.05,0.08,0.08,0.09,0.06,0.07,0.06,0.03],[0.02,0.15,0.56,1.0,0.53,0.15,0.02,0.01,0.01,0.01,0.01,0.01,0.01,0.05,0.07,0.06,0.1,0.11,0.11,0.03,0.01,0.02,0.03],[0.09,0.44,0.69,0.53,1.0,0.83,0.21,0.02,0.01,0.01,0.01,0.02,0.03,0.1,0.09,0.06,0.11,0.16,0.29,0.26,0.15,0.06,0.04],[0.27,0.6,0.61,0.15,0.83,1.0,0.99,0.25,0.02,0.03,0.05,0.04,0.05,0.03,0.02,0.01,0.04,0.06,0.21,0.27,0.38,0.16,0.03],[0.35,0.46,0.24,0.02,0.21,0.99,1.0,0.99,0.21,0.31,0.17,0.06,0.06,0.02,0.01,0.0,0.01,0.01,0.06,0.24,0.26,0.47,0.1],[0.45,0.26,0.07,0.01,0.02,0.25,0.99,1.0,0.68,0.76,0.52,0.12,0.05,0.02,0.01,0.0,0.0,0.0,0.01,0.07,0.22,0.2,0.21],[0.15,0.04,0.01,0.01,0.01,0.02,0.21,0.68,1.0,0.64,0.2,0.03,0.01,0.0,0.01,0.0,0.0,0.0,0.01,0.01,0.03,0.13,0.17],[0.33,0.07,0.02,0.01,0.01,0.03,0.31,0.76,0.64,1.0,0.89,0.21,0.02,0.01,0.01,0.0,0.0,0.0,0.01,0.04,0.14,0.31,0.24],[0.47,0.1,0.03,0.01,0.01,0.05,0.17,0.52,0.2,0.89,1.0,0.97,0.23,0.04,0.01,0.0,0.0,0.0,0.03,0.17,0.28,0.28,0.14],[0.41,0.19,0.06,0.01,0.02,0.04,0.06,0.12,0.03,0.21,0.97,1.0,0.99,0.28,0.04,0.01,0.01,0.01,0.08,0.38,0.38,0.19,0.04],[0.36,0.25,0.15,0.01,0.03,0.05,0.06,0.05,0.01,0.02,0.23,0.99,1.0,0.96,0.22,0.05,0.04,0.04,0.2,0.54,0.38,0.12,0.02],[0.14,0.19,0.2,0.05,0.1,0.03,0.02,0.02,0.0,0.01,0.04,0.28,0.96,1.0,0.56,0.16,0.14,0.17,0.3,0.37,0.22,0.08,0.04],[0.04,0.05,0.09,0.07,0.09,0.02,0.01,0.01,0.01,0.01,0.01,0.04,0.22,0.56,1.0,0.59,0.27,0.23,0.21,0.08,0.03,0.02,0.04],[0.01,0.02,0.05,0.06,0.06,0.01,0.0,0.0,0.0,0.0,0.0,0.01,0.05,0.16,0.59,1.0,0.65,0.21,0.14,0.04,0.01,0.01,0.02],[0.02,0.04,0.08,0.1,0.11,0.04,0.01,0.0,0.0,0.0,0.0,0.01,0.04,0.14,0.27,0.65,1.0,0.71,0.22,0.06,0.01,0.01,0.02],[0.01,0.02,0.08,0.11,0.16,0.06,0.01,0.0,0.0,0.0,0.0,0.01,0.04,0.17,0.23,0.21,0.71,1.0,0.54,0.12,0.02,0.01,0.01],[0.04,0.05,0.09,0.11,0.29,0.21,0.06,0.01,0.01,0.01,0.03,0.08,0.2,0.3,0.21,0.14,0.22,0.54,1.0,0.73,0.13,0.02,0.01],[0.02,0.07,0.06,0.03,0.26,0.27,0.24,0.07,0.01,0.04,0.17,0.38,0.54,0.37,0.08,0.04,0.06,0.12,0.73,1.0,0.99,0.18,0.02],[0.04,0.06,0.07,0.01,0.15,0.38,0.26,0.22,0.03,0.14,0.28,0.38,0.38,0.22,0.03,0.01,0.01,0.02,0.13,0.99,1.0,0.99,0.25],[0.05,0.05,0.06,0.02,0.06,0.16,0.47,0.2,0.13,0.31,0.28,0.19,0.12,0.08,0.02,0.01,0.01,0.01,0.02,0.18,0.99,1.0,0.78],[0.02,0.02,0.03,0.03,0.04,0.03,0.1,0.21,0.17,0.24,0.14,0.04,0.02,0.04,0.04,0.02,0.02,0.01,0.01,0.02,0.25,0.78,1.0]],
  "pae": [[1.0,3.3,4.6,7.3,7.4,7.4,7.0,6.9,9.6,9.3,8.3,7.0,7.3,8.4,12.4,14.8,13.6,10.9,9.6,7.5,7.0,7.5,10.3],[2.5,0.9,3.0,5.4,4.6,5.3,5.6,7.1,9.0,9.6,7.2,5.9,5.7,7.7,10.8,12.9,10.8,8.8,7.5,6.4,6.1,6.8,9.0],[4.3,2.6,0.9,3.5,3.5,4.8,6.1,7.3,9.7,10.4,8.0,6.9,6.9,7.7,10.6,13.2,10.8,8.0,6.7,6.2,6.6,7.6,10.1],[7.1,5.0,4.0,1.2,3.3,5.0,7.2,9.0,11.2,12.4,10.2,9.2,7.9,8.2,11.6,13.9,12.2,7.0,7.1,7.1,8.2,9.2,12.0],[6.8,5.2,3.7,3.5,1.1,4.3,5.9,7.6,10.4,10.2,8.6,7.7,6.7,7.2,10.1,12.6,9.8,6.6,5.8,5.8,6.9,8.0,10.2],[6.1,5.8,4.6,4.0,3.2,0.9,2.7,4.7,7.1,7.1,6.5,6.8,7.0,7.3,10.3,12.3,10.4,7.9,6.7,5.6,5.3,5.8,8.1],[5.7,5.4,5.3,6.1,4.3,2.7,0.9,3.1,6.2,5.3,5.7,6.0,7.0,7.6,10.9,13.2,10.7,9.6,8.1,6.0,5.0,5.0,7.6],[7.0,6.6,7.4,9.0,6.2,4.8,3.3,0.9,5.3,4.6,5.1,6.0,7.7,9.1,12.2,14.5,12.2,11.3,9.5,6.4,6.4,5.6,8.1],[8.4,8.8,10.0,11.4,9.7,7.8,5.1,5.3,1.3,4.1,5.5,8.4,9.5,10.8,13.2,15.9,14.5,13.2,12.3,9.4,8.5,7.6,7.5],[9.6,10.1,11.5,13.6,12.4,9.5,6.5,5.1,4.8,1.1,5.3,6.9,10.5,11.9,14.3,16.9,16.1,13.4,13.1,10.3,9.6,7.2,7.8],[6.8,7.5,8.7,11.6,9.5,7.7,6.7,5.6,4.9,4.3,1.0,3.7,6.1,8.9,12.1,15.2,14.0,11.6,11.0,8.3,7.1,7.0,8.5],[6.4,6.5,7.1,9.3,8.0,7.1,7.0,6.1,7.4,5.1,4.2,1.0,2.9,6.1,9.4,13.2,11.3,9.3,9.0,6.6,6.1,7.1,8.8],[6.6,7.5,7.1,8.4,7.4,7.5,7.8,7.8,8.8,7.2,5.7,4.0,1.0,3.4,7.0,10.8,9.2,8.0,6.9,6.8,6.4,8.2,9.8],[8.8,7.8,7.4,9.1,8.2,8.8,9.6,9.7,11.6,10.6,7.7,5.7,5.3,1.1,8.2,11.1,9.9,8.5,6.5,8.4,9.2,10.9,12.1],[14.4,14.5,13.1,12.6,12.5,14.4,14.3,15.1,17.4,16.0,14.2,11.6,10.7,8.9,1.4,11.2,9.5,8.9,9.3,13.0,14.1,15.0,17.8],[17.9,19.0,16.4,14.2,15.3,18.0,18.5,19.4,21.9,21.0,19.2,17.3,16.1,12.9,10.8,1.6,7.0,10.8,10.8,16.5,16.6,17.8,21.8],[16.8,16.4,14.2,13.6,13.1,15.4,16.7,16.9,19.5,17.9,16.8,15.6,14.3,11.6,9.0,8.2,1.2,8.3,8.3,13.0,15.2,16.0,19.3],[12.3,12.9,11.0,10.0,10.7,12.0,13.4,14.6,15.8,15.3,14.0,13.2,11.4,8.3,9.3,9.9,7.9,1.3,6.5,9.4,11.1,12.3,13.6],[10.2,10.2,9.0,8.2,8.1,9.8,10.3,11.0,12.7,12.1,10.8,10.2,8.2,7.7,8.9,10.6,6.9,5.2,1.1,6.7,7.9,9.6,11.4],[6.8,7.3,7.0,8.0,6.6,6.4,6.3,7.3,8.5,8.4,7.7,6.3,6.8,7.7,10.0,11.8,9.9,6.2,5.4,1.0,3.0,5.0,6.8],[5.8,6.8,7.4,8.6,7.1,5.6,5.2,5.9,7.0,7.3,6.3,5.1,5.9,8.1,10.7,13.1,11.4,7.9,5.8,3.3,0.9,2.6,5.6],[6.7,7.5,7.4,9.7,8.1,6.1,6.0,6.5,7.6,7.0,6.9,6.0,6.9,9.1,11.6,14.1,12.0,9.1,6.6,4.4,2.7,1.0,5.6],[9.0,9.5,10.4,12.7,10.5,9.0,7.8,8.1,7.0,7.3,8.5,9.0,10.3,12.2,15.0,16.1,15.6,12.6,11.7,8.7,6.1,5.1,1.5]],
  "token_chain_ids": ["A","A","A","A","A","A","A","A","A","A","A","A","A","A","A","A","A","A","A","A","A","A","A"],
  "token_res_ids": [1,2,3,4,5,6,7,8,9,10,11,12,13,14,15,16,17,18,19,20,21,22,23]
}