{
  "atom_chain_ids": ["A","A","A","A","A","A","A","A","A","A","A","A","A","A","A","A","A","A","A","A","A","A","A","A","A","A","A","A","A","A","A","A","A","A","A","A","A","A","A","A","A","A","A","A","A","A","A","A","A","A","A","A","A","A","A","A","A","A","A","A","A","A","A","A","A","A","A","A","A","A","A","A","A","A","A","A","A","A","A","A","A","A","A","A","A","A","A","A","A","A","A","A","A","A","A","A","A","A","A","A","A","A","A","A","A","A","A","A","A","A","A","A","A","A","A","A","A","A","A","A","A","A","A","A","A","A","A","A","A","A","A","A","A","A","A","A","A","A","A","A","A","A","A","A","A","A","A","A","A","A","A","A","A","A","A","A","A","A","A","A","A","A","A","A","A","A","A","A","A","A","A","A","A","A","A","A","A","A","A","A","A","A","A","A","A","A","A","A","A","A","A","A","A","A","A","A","A","A","A","A","A","A","A","A","A","A","A","A","A","A","A","A","A","A","A","A","A","A","A","A","A","A","A","A","A","A","A","A","A","A","A","A","A","A","A","A","A","A","A","A","A","A","A","A","A","A","A","A","A","A","A","A","A","A","A","A","A","A","A","A","A","A","A","A","A","A","A","A","A","A","A","A","A","A","A","A","A","A","A","A","A","A","A","A","A","A","A","A","A","A","A","A","A","A","A","A","A","A","A","A","A","A","A","A","A","A","A","A","A","A","A","A","A","A","A","A","A","A","A","A","A","A","A","A","A","A","A","A","A","A","A","A","A","A","A","A","A","A","A","A","A","A","A","A","A","A","A","A","A","A","A","A","A","A","A","A","A","A","A","A","A","A","A","A","A","A","A","A","A","A","A","A","A","A","A","A","A","A","A","A","A","A","A","A","A","A","A","A","A","A","A","A","A","A","A","A","A","A","A","A","A","A","A","A","A","A","A","A","A","A","A","A","A","A","A","A","A","A","A","A","A","A","A","A","A","A","A","A","A","A","A","A","A","A","A","A","A","A","A","A","A","A","A","A","A","A","A","A","A","A","A","A","A","A","A","A","A","A","A","A","A","A","A","A","A","A","A","A","A","A","A","A","A","A","A","A","A","A","A","A","A","A","A","A","A","A","A","A","A"],
  "atom_plddts": [54.29,55.77,50.14,51.97,55.85,58.13,60.86,63.19,62.67,61.64,61.56,61.73,61.95,62.17,61.92,62.35,63.4,63.22,62.0,61.32,61.57,62.36,64.48,56.71,54.16,54.94,57.03,57.15,58.74,61.59,60.32,59.04,58.66,59.24,59.3,60.24,60.14,60.72,61.88,61.87,61.15,60.41,60.22,59.85,61.13,57.03,55.08,55.25,56.76,55.82,56.16,57.07,56.28,55.32,54.75,53.79,55.12,54.77,55.35,55.69,56.39,56.12,55.23,54.85,54.99,53.72,55.64,51.98,49.36,49.16,52.89,51.98,52.66,51.21,53.0,51.85,50.84,49.94,50.13,48.63,46.24,45.62,45.06,44.49,43.1,44.67,46.73,52.05,47.64,47.33,52.3,52.08,53.43,53.28,55.07,54.02,53.63,51.2,53.02,51.36,48.63,48.29,48.1,46.5,44.96,45.65,47.39,47.76,54.0,49.68,50.35,54.53,55.89,57.42,60.05,59.44,58.46,58.31,58.53,58.34,59.02,58.32,58.82,59.96,59.79,58.82,58.16,58.13,57.95,59.67,59.0,56.74,57.05,59.16,58.89,60.1,62.11,60.94,59.81,59.13,59.56,59.73,60.57,60.62,61.27,62.61,62.56,61.8,60.96,60.69,60.19,61.63,58.67,56.52,56.8,58.5,57.53,58.27,59.59,58.38,57.41,56.64,56.57,57.61,57.98,58.75,59.49,60.44,60.38,59.76,59.01,58.81,57.98,59.29,55.59,53.12,53.73,56.76,55.57,56.61,56.76,57.42,56.37,54.55,54.03,54.58,52.92,51.11,50.17,49.92,49.75,48.2,49.72,54.73,49.79,49.91,55.17,55.45,56.87,56.92,58.25,56.52,56.72,53.8,55.75,53.88,51.23,51.04,50.89,49.25,47.76,48.32,49.96,50.4,54.64,49.78,49.85,55.19,55.57,56.79,58.7,58.22,57.39,57.26,56.07,57.48,57.06,56.14,56.54,57.38,56.8,55.53,55.37,55.9,54.91,57.53,57.83,54.49,55.48,58.23,59.08,60.54,62.97,61.93,61.16,60.61,60.96,61.12,61.89,61.42,61.99,63.33,63.25,62.51,61.75,61.62,61.4,62.83,59.9,57.33,57.69,59.93,59.94,61.08,63.11,61.77,60.95,60.37,60.09,60.7,61.24,61.18,61.48,62.68,62.61,61.73,61.15,61.1,60.37,61.94,56.76,54.35,54.44,56.34,55.45,56.15,56.97,56.15,55.25,54.41,53.15,54.65,53.84,53.76,53.96,54.68,54.18,53.11,52.87,53.32,51.6,54.13,47.89,44.59,43.7,47.7,47.57,48.76,47.45,50.13,48.92,48.52,46.51,47.65,45.47,42.55,42.19,41.33,39.8,38.76,39.57,41.47,41.82,42.87,39.37,37.42,42.07,42.19,44.08,44.29,47.43,46.65,45.47,44.18,44.07,42.43,38.69,37.65,37.17,36.59,35.54,37.56,42.03,37.71,36.16,41.85,41.66,42.4,41.34,45.34,44.33,44.32,42.19,43.01,41.04,37.93,37.41,36.88,35.39,34.57,35.25,37.01,37.51,42.5,38.8,37.26,41.99,42.13,43.93,43.93,46.55,46.14,45.07,43.15,43.92,42.36,38.83,37.76,37.49,36.76,35.59,37.42,48.82,43.86,42.87,49.02,48.63,49.92,49.38,51.85,50.81,50.49,47.74,49.43,47.3,44.32,43.84,43.34,41.52,40.22,41.06,42.81,43.33,55.66,51.55,52.39,56.06,56.66,57.81,60.35,59.4,58.57,58.27,58.03,58.9,59.41,58.88,59.59,60.61,60.39,59.47,58.86,58.85,58.62,60.3,58.55,56.47,56.83,58.59,58.74,60.2,62.43,61.23,60.29,59.46,59.66,60.08,60.87,60.55,61.11,62.47,62.49,61.77,60.86,60.61,60.33,61.69,55.83,53.99,54.24,55.6,54.29,54.95,55.67,54.91,54.45,53.73,53.26,54.52,54.5,55.34,56.13,56.77,56.74,56.09,55.39,55.14,54.41,55.7,50.72,47.86,47.69,51.36,50.72,50.68,49.5,51.26,50.0,49.15,48.28,48.89,47.12,45.87,45.57,45.21,44.78,43.7,44.48,45.96],
  "contact_probs": [[1.0,1.0,0.24,0.02,0.09,0.27,0.35,0.45,0.15,0.33,0.47,0.41,0.36,0.14,0.04,0.01,0.02,0.01,0.04,0.02,0.04,0.05,0.02],[1.0,1.0,0.98,0.15,0.44,0.6,0.46,0.26,0.04,0.07,0.1,0.19,0.25,0.19,0.05,0.02,0.04,0.02,0.05,0.07,0.06,0.05,0.02],[0.24,0.98,1.0,0.56,0.69,0.61,0.24,0.07,0.01,0.02,0.03,0.06,0.15,0.2,0.09,0.05,0.08,0.08,0.09,0.06,0.07,0.06,0.03],[0.02,0.15,0.56,1.0,0.53,0.15,0.02,0.01,0.01,0.01,0.01,0.01,0.01,0.05,0.07,0.06,0.1,0.11,0.11,0.03,0.01,0.02,0.03],[0.09,0.44,0.69,0.53,1.0,0.83,0.21,0.02,0.01,0.01,0.01,0.02,0.03,0.1,0.09,0.06,0.11,0.16,0.29,0.26,0.15,0.06,0.04],[0.27,0.6,0.61,0.15,0.83,1.0,0.99,0.25,0.02,0.03,0.05,0.04,0.05,0.03,0.02,0.01,0.04,0.06,0.21,0.27,0.38,0.16,0.03],[0.35,0.46,0.24,0.02,0.21,0.99,1.0,0.99,0.21,0.31,0.17,0.06,0.06,0.02,0.01,0.0,0.01,0.01,0.06,0.24,0.26,0.47,0.1],[0.45,0.26,0.07,0.01,0.02,0.25,0.99,1.0,0.68,0.76,0.52,0.12,0.05,0.02,0.01,0.0,0.0,0.0,0.01,0.07,0.22,0.2,0.21],[0.15,0.04,0.01,0.01,0.01,0.02,0.21,0.68,1.0,0.64,0.2,0.03,0.01,0.0,0.01,0.0,0.0,0.0,0.01,0.01,0.03,0.13,0.17],[0.33,0.07,0.02,0.01,0.01,0.03,0.31,0.76,0.64,1.0,0.89,0.21,0.02,0.01,0.01,0.0,0.0,0.0,0.01,0.04,0.14,0.31,0.24],[0.47,0.1,0.03,0.01,0.01,0.05,0.17,0.52,0.2,0.89,1.0,0.97,0.23,0.04,0.01,0.0,0.0,0.0,0.03,0.17,0.28,0.28,0.14],[0.41,0.19,0.06,0.01,0.02,0.04,0.06,0.12,0.03,0.21,0.97,1.0,0.99,0.28,0.04,0.01,0.01,0.01,0.08,0.38,0.38,0.19,0.04],[0.36,0.25,0.15,0.01,0.03,0.05,0.06,0.05,0.01,0.02,0.23,0.99,1.0,0.96,0.22,0.05,0.04,0.04,0.2,0.54,0.38,0.12,0.02],[0.14,0.19,0.2,0.05,0.1,0.03,0.02,0.02,0.0,0.01,0.04,0.28,0.96,1.0,0.56,0.16,0.14,0.17,0.3,0.37,0.22,0.08,0.04],[0.04,0.05,0.09,0.07,0.09,0.02,0.01,0.01,0.01,0.01,0.01,0.04,0.22,0.56,1.0,0.59,0.27,0.23,0.21,0.08,0.03,0.02,0.04],[0.01,0.02,0.05,0.06,0.06,0.01,0.0,0.0,0.0,0.0,0.0,0.01,0.05,0.16,0.59,1.0,0.65,0.21,0.14,0.04,0.01,0.01,0.02],[0.02,0.04,0.08,0.1,0.11,0.04,0.01,0.0,0.0,0.0,0.0,0.01,0.04,0.14,0.27,0.65,1.0,0.71,0.22,0.06,0.01,0.01,0.02],[0.01,0.02,0.08,0.11,0.16,0.06,0.01,0.0,0.0,0.0,0.0,0.01,0.04,0.17,0.23,0.21,0.71,1.0,0.54,0.12,0.02,0.01,0.01],[0.04,0.05,0.09,0.11,0.29,0.21,0.06,0.01,0.01,0.01,0.03,0.08,0.2,0.3,0.21,0.14,0.22,0.54,1.0,0.73,0.13,0.02,0.01],[0.02,0.07,0.06,0.03,0.26,0.27,0.24,0.07,0.01,0.04,0.17,0.38,0.54,0.37,0.08,0.04,0.06,0.12,0.73,1.0,0.99,0.18,0.02],[0.04,0.06,0.07,0.01,0.15,0.38,0.26,0.22,0.03,0.14,0.28,0.38,0.38,0.22,0.03,0.01,0.01,0.02,0.13,0.99,1.0,0.99,0.25],[0.05,0.05,0.06,0.02,0.06,0.16,0.47,0.2,0.13,0.31,0.28,0.19,0.12,0.08,0.02,0.01,0.01,0.01,0.02,0.18,0.99,1.0,0.78],[0.02,0.02,0.03,0.03,0.04,0.03,0.1,0.21,0.17,0.24,0.14,0.04,0.02,0.04,0.04,0.02,0.02,0.01,0.01,0.02,0.25,0.78,1.0]],
  "pae": [[1.0,3.1,4.4,7.7,8.1,7.9,7.1,6.8,9.1,8.9,7.9,7.0,7.3,7.9,13.1,14.7,15.2,13.0,10.9,7.9,7.0,7.5,10.3],[2.4,0.9,2.9,5.8,5.7,5.8,6.0,7.5,9.4,9.2,7.1,5.9,5.7,7.5,11.8,13.4,13.2,10.4,9.3,6.5,6.0,6.7,9.2],[4.2,2.4,0.9,4.1,4.6,5.4,6.4,7.9,10.0,10.0,8.5,7.3,6.7,7.9,11.6,13.4,13.4,10.3,8.9,6.8,6.9,7.9,10.3],[7.8,5.3,4.3,1.2,3.7,5.3,7.7,10.2,11.4,12.3,11.6,10.3,9.5,9.4,13.5,15.2,15.4,11.0,8.6,8.2,9.7,9.8,12.8],[8.0,6.0,4.1,3.5,1.1,5.1,6.7,9.4,11.4,11.3,10.7,9.8,8.0,8.5,12.2,13.1,12.8,9.7,8.2,7.0,8.1,9.4,11.1],[6.6,6.1,4.9,4.6,4.1,0.9,2.9,4.9,7.0,7.9,6.7,7.1,7.2,7.7,11.6,12.6,12.8,9.9,8.5,5.8,5.8,5.7,8.5],[5.5,5.6,5.6,6.5,5.0,2.8,0.9,3.0,5.6,6.3,5.5,6.0,6.4,7.5,11.6,12.8,12.8,10.8,9.3,6.3,5.0,5.0,8.7],[6.4,6.3,7.2,8.6,6.3,4.7,3.2,1.0,4.7,4.7,4.8,5.7,6.8,8.6,12.3,13.8,13.7,12.4,10.5,6.6,6.5,5.4,9.1],[8.2,9.5,10.4,11.6,10.8,8.0,5.3,4.9,1.4,4.7,4.4,7.6,9.4,10.5,13.8,16.0,16.5,14.6,13.3,10.6,9.3,8.5,7.8],[7.6,8.6,10.0,12.0,11.5,9.3,7.2,5.0,4.2,1.1,3.5,5.8,6.9,8.3,12.8,15.5,15.5,14.2,12.7,9.6,9.0,8.0,9.8],[6.9,7.2,8.6,11.2,9.5,7.9,7.0,5.3,4.6,3.3,1.0,3.1,5.2,7.2,12.5,14.4,14.2,13.1,12.1,9.1,7.4,7.4,9.5],[5.7,5.8,7.2,10.2,8.3,7.2,6.6,5.6,6.6,4.3,3.4,1.0,2.8,5.2,9.0,12.6,11.9,11.0,10.4,7.0,5.9,6.7,9.1],[5.5,5.9,6.8,9.4,8.1,7.1,7.0,7.0,7.5,5.7,5.0,3.4,0.9,2.7,8.0,10.8,10.7,9.8,9.0,6.6,5.9,7.6,9.2],[6.9,6.8,7.7,11.5,10.9,9.3,9.8,10.2,9.9,9.6,6.8,6.0,3.9,1.1,7.5,9.5,11.2,11.1,9.9,8.9,8.8,11.2,12.6],[14.4,13.7,13.5,15.0,14.5,15.7,15.7,16.4,16.9,16.6,14.2,11.5,10.0,7.6,1.3,8.7,11.3,8.9,10.4,13.6,14.9,16.1,17.5],[16.4,16.0,14.8,13.8,15.0,17.3,17.6,18.0,20.1,19.5,17.8,15.5,12.5,11.4,9.8,1.5,6.4,7.5,8.3,14.3,15.5,16.6,19.1],[16.8,15.7,14.4,14.1,13.9,16.6,18.1,17.9,19.5,19.0,17.4,16.1,14.9,11.9,8.1,4.7,1.1,7.4,8.2,12.9,14.6,16.3,18.5],[14.8,14.5,13.2,12.1,12.1,14.1,16.5,16.4,17.4,18.0,16.4,15.4,13.7,10.9,9.4,8.3,7.6,1.4,7.2,10.2,13.3,14.5,15.9],[12.1,10.9,10.7,11.3,10.5,12.0,12.3,12.9,14.5,15.2,13.4,12.7,10.3,8.4,9.0,9.7,7.7,5.2,1.2,8.3,9.2,11.1,12.5],[7.2,7.5,7.1,9.6,8.3,6.7,6.5,7.8,8.7,9.0,8.6,7.3,6.6,7.9,11.1,11.2,11.9,8.1,5.7,1.0,2.9,5.0,7.3],[5.9,6.8,7.3,9.1,7.7,5.9,5.3,6.8,7.1,8.1,6.9,5.3,6.0,7.5,10.9,11.8,12.6,9.7,6.3,3.4,0.9,2.7,6.0],[6.9,7.8,7.5,10.1,8.6,6.9,6.5,6.7,7.6,9.2,7.1,6.1,6.6,8.8,12.6,13.1,13.2,11.1,7.3,4.5,2.9,1.0,6.4],[9.1,9.8,10.4,13.6,11.0,9.2,8.6,8.7,7.4,10.8,8.7,8.0,9.8,11.8,15.8,17.5,17.6,14.7,12.6,9.2,7.4,5.0,1.6]],
  "token_chain_ids": ["A","A","A","A","A","A","A","A","A","A","A","A","A","A","A","A","A","A","A","A","A","A","A"],
  "token_res_ids": [1,2,3,4,5,6,7,8,9,10,11,12,13,14,15,16,17,18,19,20,21,22,23]
}