{
  "atom_chain_ids": ["A","A","A","A","A","A","A","A","A","A","A","A","A","A","A","A","A","A","A","A","A","A","A","A","A","A","A","A","A","A","A","A","A","A","A","A","A","A","A","A","A","A","A","A","A","A","A","A","A","A","A","A","A","A","A","A","A","A","A","A","A","A","A","A","A","A","A","A","A","A","A","A","A","A","A","A","A","A","A","A","A","A","A","A","A","A","A","A","A","A","A","A","A","A","A","A","A","A","A","A","A","A","A","A","A","A","A","A","A","A","A","A","A","A","A","A","A","A","A","A","A","A","A","A","A","A","A","A","A","A","A","A","A","A","A","A","A","A","A","A","A","A","A","A","A","A","A","A","A","A","A","A","A","A","A","A","A","A","A","A","A","A","A","A","A","A","A","A","A","A","A","A","A","A","A","A","A","A","A","A","A","A","A","A","A","A","A","A","A","A","A","A","A","A","A","A","A","A","A","A","A","A","A","A","A","A","A","A","A","A","A","A","A","A","A","A","A","A","A","A","A","A","A","A","A","A","A","A","A","A","A","A","A","A","A","A","A","A","A","A","A","A","A","A","A","A","A","A","A","A","A","A","A","A","A","A","A","A","A","A","A","A","A","A","A","A","A","A","A","A","A","A","A","A","A","A","A","A","A","A","A","A","A","A","A","A","A","A","A","A","A","A","A","A","A","A","A","A","A","A","A","A","A","A","A","A","A","A","A","A","A","A","A","A","A","A","A","A","A","A","A","A","A","A","A","A","A","A","A","A","A","A","A","A","A","A","A","A","A","A","A","A","A","A","A","A","A","A","A","A","A","A","A","A","A","A","A","A","A","A","A","A","A","A","A","A","A","A","A","A","A","A","A","A","A","A","A","A","A","A","A","A","A","A","A","A","A","A","A","A","A","A","A","A","A","A","A","A","A","A","A","A","A","A","A","A","A","A","A","A","A","A","A","A","A","A","A","A","A","A","A","A","A","A","A","A","A","A","A","A","A","A","A","A","A","A","A","A","A","A","A","A","A","A","A","A","A","A","A","A","A","A","A","A","A","A","A","A","A","A","A","A","A","A","A","A","A","A","A","A","A","A","A","A","A","A","A","A","A","A","A","A","A","A","A","A","A","A","A"],
  "atom_plddts": [53.24,55.24,49.85,51.49,55.16,56.94,59.73,61.89,61.43,60.37,59.89,59.97,60.36,60.39,60.49,60.89,61.94,61.76,60.61,59.82,60.07,60.85,62.97,54.41,51.87,52.75,54.65,54.77,56.68,59.44,58.48,57.13,56.63,57.23,57.27,58.25,58.27,58.94,60.01,59.97,59.31,58.56,58.36,58.03,59.29,55.66,53.71,53.95,55.43,54.76,55.4,56.17,55.62,54.54,53.87,53.07,54.41,54.08,54.55,55.01,55.64,55.33,54.52,54.09,54.27,53.07,54.93,49.8,47.43,47.13,50.71,49.85,50.51,49.02,51.16,49.82,48.83,48.01,48.09,46.62,44.27,43.76,43.16,42.53,41.27,42.71,44.74,52.23,47.69,47.36,52.41,52.31,53.82,53.81,55.71,54.58,54.23,51.96,53.72,52.11,49.35,49.15,48.96,47.38,45.89,46.49,48.19,48.72,54.66,50.87,51.5,55.12,56.12,57.7,60.02,59.44,58.38,57.99,58.18,58.34,58.91,58.29,58.85,59.96,59.77,58.88,58.13,58.05,57.7,59.45,59.51,56.93,57.17,59.5,59.59,61.22,63.17,62.43,61.13,60.67,61.0,61.08,61.88,61.89,62.54,63.78,63.68,62.87,62.16,61.96,61.55,63.14,58.25,56.09,56.16,58.02,57.06,57.8,58.71,57.93,56.82,56.01,55.84,56.83,57.12,58.1,58.96,59.85,59.79,59.16,58.38,58.12,57.27,58.63,57.3,54.73,55.71,58.83,57.28,58.37,58.32,58.83,57.72,55.44,54.92,55.87,54.16,52.63,51.7,51.52,51.21,49.6,51.11,56.21,51.11,51.31,56.74,57.12,58.77,59.1,60.3,58.49,58.7,55.95,58.03,56.36,53.65,53.69,53.74,52.1,50.62,51.06,52.57,53.09,56.1,51.23,51.42,56.8,57.2,58.57,60.41,60.12,59.1,58.78,57.63,59.16,58.73,57.78,58.19,59.12,58.48,57.19,57.04,57.55,56.55,59.28,58.21,54.94,55.83,58.41,59.34,60.78,63.12,62.13,61.24,60.77,61.22,61.39,62.15,61.85,62.48,63.7,63.59,62.9,62.19,62.11,61.96,63.3,60.39,58.17,58.39,60.22,60.31,61.38,63.24,61.82,60.92,60.24,60.05,60.7,61.21,61.36,61.69,62.85,62.79,61.95,61.35,61.28,60.55,62.1,57.92,55.45,55.54,57.52,56.81,57.58,58.35,57.65,56.58,55.65,54.49,55.95,55.11,55.03,55.27,56.0,55.5,54.41,54.14,54.61,52.89,55.5,47.25,43.95,43.1,47.05,46.83,47.95,46.66,49.36,48.14,47.71,45.7,46.98,44.92,42.12,41.8,41.04,39.59,38.55,39.28,41.14,41.44,42.92,39.27,37.35,42.22,42.25,44.23,44.54,47.67,46.89,45.75,44.56,44.68,43.13,39.47,38.56,38.12,37.52,36.45,38.34,44.59,39.92,38.31,44.3,44.08,44.73,43.78,47.17,46.19,46.24,43.99,45.34,43.38,40.41,40.1,39.46,37.96,37.0,37.73,39.57,40.03,45.65,41.67,40.23,45.31,45.48,47.17,47.31,49.37,48.95,47.77,46.01,46.96,45.33,42.02,40.9,40.51,39.73,38.39,40.43,49.98,44.59,43.51,50.13,49.91,51.15,50.81,53.23,52.12,52.06,49.13,50.97,48.76,45.69,45.3,44.83,42.96,41.55,42.4,44.18,44.81,54.97,50.99,51.9,55.34,56.02,57.46,60.05,59.14,58.23,57.87,57.94,58.69,59.26,58.85,59.71,60.62,60.41,59.56,58.91,58.96,58.79,60.35,57.98,55.36,55.93,57.97,58.14,59.71,61.81,60.96,59.74,58.99,59.3,59.69,60.46,60.45,61.16,62.45,62.47,61.75,60.81,60.48,60.24,61.65,57.73,55.64,55.79,57.33,56.13,56.91,57.67,56.99,56.31,55.58,55.19,56.53,56.43,57.36,58.25,58.89,58.81,58.13,57.37,57.07,56.45,57.9,51.28,47.84,47.82,52.09,51.75,51.93,51.08,52.89,51.61,50.61,49.9,50.61,48.78,47.28,46.99,46.57,46.04,44.96,45.81,47.43],
  "contact_probs": [[1.0,1.0,0.24,0.02,0.09,0.27,0.35,0.45,0.15,0.33,0.47,0.41,0.36,0.14,0.04,0.01,0.02,0.01,0.04,0.02,0.04,0.05,0.02],[1.0,1.0,0.98,0.15,0.44,0.6,0.46,0.26,0.04,0.07,0.1,0.19,0.25,0.19,0.05,0.02,0.04,0.02,0.05,0.07,0.06,0.05,0.02],[0.24,0.98,1.0,0.56,0.69,0.61,0.24,0.07,0.01,0.02,0.03,0.06,0.15,0.2,0.09,0.05,0.08,0.08,0.09,0.06,0.07,0.06,0.03],[0.02,0.15,0.56,1.0,0.53,0.15,0.02,0.01,0.01,0.01,0.01,0.01,0.01,0.05,0.07,0.06,0.1,0.11,0.11,0.03,0.01,0.02,0.03],[0.09,0.44,0.69,0.53,1.0,0.83,0.21,0.02,0.01,0.01,0.01,0.02,0.03,0.1,0.09,0.06,0.11,0.16,0.29,0.26,0.15,0.06,0.04],[0.27,0.6,0.61,0.15,0.83,1.0,0.99,0.25,0.02,0.03,0.05,0.04,0.05,0.03,0.02,0.01,0.04,0.06,0.21,0.27,0.38,0.16,0.03],[0.35,0.46,0.24,0.02,0.21,0.99,1.0,0.99,0.21,0.31,0.17,0.06,0.06,0.02,0.01,0.0,0.01,0.01,0.06,0.24,0.26,0.47,0.1],[0.45,0.26,0.07,0.01,0.02,0.25,0.99,1.0,0.68,0.76,0.52,0.12,0.05,0.02,0.01,0.0,0.0,0.0,0.01,0.07,0.22,0.2,0.21],[0.15,0.04,0.01,0.01,0.01,0.02,0.21,0.68,1.0,0.64,0.2,0.03,0.01,0.0,0.01,0.0,0.0,0.0,0.01,0.01,0.03,0.13,0.17],[0.33,0.07,0.02,0.01,0.01,0.03,0.31,0.76,0.64,1.0,0.89,0.21,0.02,0.01,0.01,0.0,0.0,0.0,0.01,0.04,0.14,0.31,0.24],[0.47,0.1,0.03,0.01,0.01,0.05,0.17,0.52,0.2,0.89,1.0,0.97,0.23,0.04,0.01,0.0,0.0,0.0,0.03,0.17,0.28,0.28,0.14],[0.41,0.19,0.06,0.01,0.02,0.04,0.06,0.12,0.03,0.21,0.97,1.0,0.99,0.28,0.04,0.01,0.01,0.01,0.08,0.38,0.38,0.19,0.04],[0.36,0.25,0.15,0.01,0.03,0.05,0.06,0.05,0.01,0.02,0.23,0.99,1.0,0.96,0.22,0.05,0.04,0.04,0.2,0.54,0.38,0.12,0.02],[0.14,0.19,0.2,0.05,0.1,0.03,0.02,0.02,0.0,0.01,0.04,0.28,0.96,1.0,0.56,0.16,0.14,0.17,0.3,0.37,0.22,0.08,0.04],[0.04,0.05,0.09,0.07,0.09,0.02,0.01,0.01,0.01,0.01,0.01,0.04,0.22,0.56,1.0,0.59,0.27,0.23,0.21,0.08,0.03,0.02,0.04],[0.01,0.02,0.05,0.06,0.06,0.01,0.0,0.0,0.0,0.0,0.0,0.01,0.05,0.16,0.59,1.0,0.65,0.21,0.14,0.04,0.01,0.01,0.02],[0.02,0.04,0.08,0.1,0.11,0.04,0.01,0.0,0.0,0.0,0.0,0.01,0.04,0.14,0.27,0.65,1.0,0.71,0.22,0.06,0.01,0.01,0.02],[0.01,0.02,0.08,0.11,0.16,0.06,0.01,0.0,0.0,0.0,0.0,0.01,0.04,0.17,0.23,0.21,0.71,1.0,0.54,0.12,0.02,0.01,0.01],[0.04,0.05,0.09,0.11,0.29,0.21,0.06,0.01,0.01,0.01,0.03,0.08,0.2,0.3,0.21,0.14,0.22,0.54,1.0,0.73,0.13,0.02,0.01],[0.02,0.07,0.06,0.03,0.26,0.27,0.24,0.07,0.01,0.04,0.17,0.38,0.54,0.37,0.08,0.04,0.06,0.12,0.73,1.0,0.99,0.18,0.02],[0.04,0.06,0.07,0.01,0.15,0.38,0.26,0.22,0.03,0.14,0.28,0.38,0.38,0.22,0.03,0.01,0.01,0.02,0.13,0.99,1.0,0.99,0.25],[0.05,0.05,0.06,0.02,0.06,0.16,0.47,0.2,0.13,0.31,0.28,0.19,0.12,0.08,0.02,0.01,0.01,0.01,0.02,0.18,0.99,1.0,0.78],[0.02,0.02,0.03,0.03,0.04,0.03,0.1,0.21,0.17,0.24,0.14,0.04,0.02,0.04,0.04,0.02,0.02,0.01,0.01,0.02,0.25,0.78,1.0]],
  "pae": [[1.0,2.8,4.4,8.3,6.9,7.1,6.7,8.1,10.3,8.4,8.4,7.7,8.3,10.5,13.1,15.9,15.1,11.8,9.8,8.7,8.3,7.9,10.6],[2.7,0.9,2.7,5.5,5.1,5.5,5.5,8.0,10.6,9.6,7.9,6.0,6.3,8.9,10.6,13.2,12.3,9.6,8.0,7.3,6.6,7.3,10.3],[4.3,2.3,0.9,6.2,4.0,5.0,6.9,8.7,11.0,10.1,9.3,8.1,8.2,9.1,10.9,14.1,12.6,9.3,8.2,7.5,7.9,8.7,10.9],[8.6,5.8,3.9,1.3,4.9,6.9,10.2,12.5,13.9,12.9,12.7,12.1,10.3,10.1,12.2,15.0,13.0,8.8,8.9,9.7,10.7,12.0,14.5],[7.5,5.1,4.3,5.2,1.1,4.1,5.9,9.4,10.7,10.0,9.4,8.5,7.8,8.5,10.7,13.7,11.9,8.6,7.7,7.3,8.8,9.0,11.7],[5.9,5.7,4.5,5.7,3.6,0.9,3.3,5.8,8.9,7.8,7.0,7.3,7.0,8.2,10.4,12.8,11.5,8.8,7.3,6.3,6.8,6.8,9.3],[6.2,6.2,6.7,8.2,4.9,3.5,0.9,2.8,5.4,5.3,5.7,6.0,6.7,8.3,10.0,12.7,11.1,9.2,7.7,6.3,4.9,5.5,7.6],[7.5,8.0,9.6,11.7,6.9,5.5,4.0,0.9,5.3,3.5,5.0,5.6,6.9,9.1,11.6,13.6,12.8,10.1,7.8,6.6,6.2,5.7,9.0],[9.4,11.1,13.7,14.9,11.9,8.8,5.9,4.6,1.4,3.8,5.4,6.8,8.8,10.1,13.1,15.9,14.7,13.7,11.7,10.3,8.9,7.7,10.1],[7.9,8.3,10.1,12.3,9.5,7.3,5.8,3.9,3.2,1.0,2.7,4.8,5.6,7.5,10.7,13.8,13.1,11.3,9.3,8.2,6.9,6.6,8.3],[7.0,7.2,9.3,12.0,9.0,7.5,6.1,4.7,4.5,2.9,0.9,2.6,4.5,6.2,10.2,13.3,12.5,10.9,9.6,7.5,6.7,5.8,8.2],[6.6,6.5,7.7,10.4,8.2,7.3,6.5,5.3,6.6,4.0,2.9,0.9,2.6,4.7,7.8,12.4,11.0,9.7,9.2,6.5,5.8,6.0,8.8],[7.5,7.4,8.6,10.4,8.4,7.4,7.1,6.6,7.1,5.0,4.4,3.1,0.9,2.8,6.7,10.7,9.6,9.0,8.9,6.8,6.3,6.8,9.3],[9.4,8.4,9.7,11.9,9.5,9.0,8.6,8.9,9.7,8.1,6.0,5.5,3.8,1.1,5.7,9.1,10.0,9.6,8.8,7.4,7.4,8.7,11.3],[14.8,15.0,14.4,15.7,13.6,14.6,14.7,15.6,15.5,15.6,14.4,11.7,9.9,6.7,1.5,10.0,9.4,10.8,12.0,12.9,13.3,15.0,17.3],[17.9,17.4,16.7,16.0,15.2,16.6,17.9,18.2,19.8,19.5,17.9,15.7,13.4,10.4,10.1,1.6,7.4,10.5,11.2,14.2,15.7,17.0,19.2],[15.7,15.9,14.5,15.4,12.9,13.8,15.5,16.8,17.0,17.5,17.0,15.3,13.3,10.1,8.8,6.6,1.3,8.7,8.0,10.4,11.6,13.2,16.1],[12.7,12.7,10.2,11.8,10.6,11.0,12.5,14.0,14.3,14.7,14.3,12.9,11.4,10.0,10.4,9.9,8.5,1.4,7.3,7.5,9.3,11.2,13.5],[10.2,9.7,8.8,10.1,7.9,8.4,8.4,9.3,9.9,9.3,9.0,8.0,7.4,8.8,9.6,10.6,7.0,5.1,1.3,4.5,5.5,6.7,9.5],[6.8,7.1,7.3,9.5,7.2,6.3,6.3,6.3,7.6,6.7,6.3,5.1,5.5,7.8,9.3,10.8,9.0,6.1,4.7,1.0,2.1,4.0,6.8],[6.8,7.8,9.0,10.1,8.3,6.9,5.8,5.6,6.8,6.0,5.8,4.9,5.5,8.2,9.3,11.6,9.6,7.6,4.8,3.2,0.9,2.7,6.0],[7.1,9.0,9.7,10.9,9.2,7.0,7.1,7.2,6.3,5.7,5.6,5.5,6.0,9.0,10.6,12.5,10.8,8.2,5.7,4.4,2.5,0.9,4.8],[8.9,9.9,11.6,14.3,11.8,10.2,8.6,9.0,8.0,7.0,7.8,7.6,8.7,11.2,13.5,15.3,13.6,11.3,9.2,7.9,6.0,3.8,1.5]],
  "token_chain_ids": ["A","A","A","A","A","A","A","A","A","A","A","A","A","A","A","A","A","A","A","A","A","A","A"],
  "token_res_ids": [1,2,3,4,5,6,7,8,9,10,11,12,13,14,15,16,17,18,19,20,21,22,23]
}