{
  "atom_chain_ids": ["A","B","C","D","E","E","E","E","E","E","E","E","E","E","E","E","E","E","E","E","E","E","E","E","E","E","E","E","E","E","E","E","E","E","E","E","E","E","E","E","E","E","E","E","E","E","E","E","E","E","E","E","E","E","E","E","E","E","E","E","E","E","E","E","E","E","E","E","E","E","E","E","E","E","E","E","E","E","E","E","E","E","E","E","E","E","E","E","E","E","E","E","E","E","E","E","E","E","E","E","E","E","E","E","E","E","E","E","E","E","E","E","E","E","E","E","E","E","E","E","E","E","E","E","E","E","E","E","E","E","E","E","E","E","E","E","E","E","E","E","E","E","E","E","E","E","E","E","E","E","E","E","E","E","E","E","E","E","E","E","E","E","E","E","E","E","E","E","E","E","E","E","E","E","E","E","E","E","E","E","E","E","E","E","E","E","E","E","E","E","E","E","E","E","E","E","E","E","E","E","E","E","E","E","E","E","E","E","E","E","E","E","E","E","E","E","E","E","E","E","E","E","E","E","E","E","E","E","E","E","E","E","E","E","E","E","E","E","E","E","E","E","E","E","E","E","E","E","E","E","E","E","E","E","E","E","E","E","E","E","E","E","E","E","E","E","E","E","E","E","E","E","E","E","E","E","E","E","E","E","E","E","E","E","E","E","E","E","E","E","E","E","E","E","E","E","E","E","E","E","E","E","E","E","E","E","E","E","E","E","E","E","E","E","E","E","E","E","E","E","E","E","E","E","E","E","E","E","E","E","E","E","E","E","E","E","E","E","E","E","E","E","E","E","E","E","E","E","E","E","E","E","E","E","E","E","E","E","E","E","E","E","E","E","E","E","E","E","E","E","E","E","E","E","E","E","E","E","E","E","E","E","E","E","E","E","E","E","E","E","E","E","E","E","E","E","E","E","E","E","E","E","E","E","E","E","E","E","E","E","E","E","E","E","E","E","E","E","E","E","E","E","E","E","E","E","E","E","E","E","E","E","E","E","E","E","E","E","E","E","E","E","E","E","E","E","E","E","E","E","E","E","E","E","E","E","E","E","E","E","E","E","E","E","E","E","E","E","E","E","E","E","E","E","E","E","E","E","E","E","E","E","E","E","E","E","E","E","E","E","E","E","E","E","E","E","E","E","E","E","E","E","E","E","E","E","E","E","E","E","E","E","E","E","E","E","E","E","E","E","E","E","E","E","E","E","E","E","E","E","E","E","E","E","E","E","E","E","E","E","E","E","E","E","E","E","E","E","E","E","E","E","E","E","E","E","E","E","E"],
  "atom_plddts": [90.0,90.38,87.0,37.55,42.94,43.74,39.12,36.07,42.58,41.73,41.57,39.93,43.71,43.51,40.98,39.65,39.36,36.19,35.51,34.41,34.07,32.67,32.12,32.67,34.02,35.0,37.94,46.18,41.55,40.5,47.44,46.67,45.94,42.6,48.36,47.33,45.4,43.22,43.9,40.15,36.13,34.57,33.13,31.74,30.53,33.03,36.82,47.4,42.41,41.85,48.76,48.16,47.82,45.31,49.61,48.35,46.52,44.17,45.58,42.64,39.2,37.85,36.73,35.28,33.77,36.02,39.53,78.91,73.54,70.26,79.36,80.94,83.3,82.97,82.76,82.53,83.14,83.52,84.26,84.36,84.5,85.04,85.45,85.06,85.3,85.56,85.44,85.39,85.59,84.14,82.72,82.48,84.41,84.09,85.29,84.79,84.4,84.1,84.88,85.28,86.05,86.15,86.09,86.4,86.69,86.49,86.79,86.87,86.55,86.18,86.46,84.71,83.19,82.78,84.88,84.52,85.54,85.07,84.73,84.37,85.22,85.61,86.36,86.44,86.28,86.62,86.9,86.64,86.94,87.02,86.75,86.42,86.71,84.87,83.15,81.96,84.59,83.92,84.59,84.55,84.05,83.5,84.37,84.63,85.8,85.81,85.56,85.84,86.33,86.06,86.33,86.4,86.06,85.73,86.23,79.57,78.26,77.87,77.23,73.69,77.28,76.26,77.33,76.1,73.62,70.84,74.15,71.52,69.38,67.76,67.5,65.35,63.36,65.37,68.39,73.9,67.67,66.82,73.48,73.7,77.07,78.46,79.02,78.28,78.87,78.52,79.28,78.48,76.55,76.47,77.04,75.63,74.88,75.34,77.18,79.95,75.5,72.68,80.58,81.47,83.18,82.63,82.41,82.32,83.23,83.62,84.38,84.5,84.69,85.26,85.61,85.24,85.69,85.76,85.58,85.45,85.53,83.35,81.26,80.64,84.1,84.3,85.2,84.64,84.25,84.04,85.05,85.61,86.23,86.3,86.04,86.54,86.72,86.44,86.92,86.94,86.71,86.46,86.55,84.58,83.23,82.87,84.83,84.77,85.49,84.87,84.58,84.23,85.29,85.85,86.48,86.57,86.24,86.75,86.9,86.58,87.07,87.01,86.7,86.4,86.59,85.12,83.67,82.64,84.66,84.07,84.68,84.56,84.18,83.52,84.36,84.64,85.84,85.79,85.53,85.87,86.26,85.85,86.13,86.21,85.9,85.53,86.1,79.22,78.42,78.04,76.57,73.05,76.34,75.15,76.1,74.87,72.62,70.06,73.25,71.13,69.51,68.05,68.03,66.27,64.5,66.04,68.49,74.76,69.1,68.03,74.14,73.9,77.53,78.7,79.3,78.55,79.29,78.98,79.54,78.79,76.84,76.89,77.53,76.05,75.36,75.49,77.33,79.27,75.04,72.39,79.85,80.7,82.28,81.76,81.62,81.53,82.41,82.9,83.57,83.69,83.99,84.61,84.95,84.51,85.03,85.09,84.9,84.65,84.79,82.76,80.9,80.3,83.53,83.77,84.45,83.66,83.37,83.22,84.14,84.74,85.42,85.44,85.31,85.79,85.93,85.61,86.08,86.16,85.96,85.59,85.75,84.34,83.19,82.85,84.41,84.06,84.71,84.12,83.87,83.48,84.45,84.95,85.7,85.76,85.64,86.1,86.27,85.92,86.39,86.38,86.05,85.61,85.92,84.56,83.18,82.0,84.01,83.25,83.87,83.67,83.35,82.68,83.48,83.72,84.97,84.9,84.63,84.88,85.38,84.99,85.18,85.31,84.99,84.52,85.23,80.05,79.37,78.96,77.21,73.96,77.09,74.95,76.77,75.31,71.7,69.04,72.39,69.07,66.77,64.63,63.67,61.55,59.36,61.86,65.56,73.91,68.06,67.25,73.14,73.23,76.29,77.53,78.69,77.76,78.25,77.93,78.63,77.64,75.46,75.33,75.69,74.15,73.23,73.84,75.93,79.2,75.51,74.08,79.61,79.87,81.63,81.3,81.37,81.09,81.94,82.38,83.17,83.42,83.59,84.12,84.61,84.2,84.53,84.57,84.32,84.14,84.39,82.21,79.91,79.63,82.9,83.02,84.13,83.65,83.47,83.17,84.03,84.46,85.09,85.25,85.21,85.6,85.95,85.72,86.04,86.11,85.86,85.62,85.81,83.65,81.96,81.77,84.02,83.79,84.77,84.3,84.09,83.72,84.6,85.06,85.69,85.86,85.76,86.12,86.46,86.21,86.5,86.56,86.28,85.94,86.24,83.2,81.89,81.18,82.68,81.82,82.76,82.67,82.22,81.78,82.45,82.54,83.74,83.89,83.91,84.13,84.71,84.36,84.51,84.61,84.18,83.7,84.46,69.32,64.06,63.8,68.78,68.75,70.79,70.24,72.41,71.14,69.41,68.57,69.71,66.51,63.08,62.09,61.5,59.23,57.59,59.26,63.17],
  "contact_probs": [[1.0,0.99,0.96,0.07,0.01,0.0,0.01,0.02,0.83,0.99,0.97,0.01,0.06,0.03,0.81,0.99,0.97,0.01,0.05,0.05,0.84,0.99,0.97,0.01,0.09,0.04,0.79,0.99,0.97,0.29],[0.99,1.0,0.99,0.07,0.07,0.04,0.05,0.84,0.99,0.98,0.71,0.0,0.03,0.85,1.0,0.98,0.71,0.0,0.03,0.81,1.0,0.98,0.66,0.0,0.05,0.83,1.0,0.98,0.68,0.01],[0.96,0.99,1.0,0.07,0.47,0.33,0.35,0.98,0.97,0.72,0.07,0.0,0.02,0.99,0.98,0.73,0.06,0.0,0.02,0.99,0.98,0.72,0.08,0.0,0.03,0.99,0.97,0.64,0.05,0.0],[0.07,0.07,0.07,1.0,0.11,0.07,0.07,0.07,0.09,0.11,0.13,0.05,0.08,0.1,0.13,0.15,0.17,0.1,0.17,0.16,0.16,0.13,0.13,0.06,0.12,0.1,0.09,0.08,0.08,0.08],[0.01,0.07,0.47,0.11,1.0,0.59,0.41,0.18,0.03,0.01,0.0,0.0,0.01,0.27,0.1,0.0,0.0,0.0,0.01,0.51,0.26,0.0,0.0,0.0,0.01,0.45,0.07,0.01,0.0,0.0],[0.0,0.04,0.33,0.07,0.59,1.0,0.42,0.46,0.13,0.0,0.0,0.0,0.01,0.39,0.12,0.0,0.0,0.0,0.01,0.3,0.04,0.0,0.0,0.0,0.02,0.23,0.05,0.0,0.0,0.0],[0.01,0.05,0.35,0.07,0.41,0.42,1.0,0.7,0.08,0.0,0.0,0.0,0.01,0.1,0.01,0.0,0.0,0.0,0.01,0.07,0.01,0.0,0.0,0.0,0.02,0.56,0.44,0.01,0.0,0.0],[0.02,0.84,0.98,0.07,0.18,0.46,0.7,1.0,1.0,0.02,0.0,0.0,0.01,0.28,0.01,0.01,0.0,0.0,0.0,0.01,0.01,0.0,0.0,0.0,0.0,0.27,0.96,0.81,0.0,0.0],[0.83,0.99,0.97,0.09,0.03,0.13,0.08,1.0,1.0,1.0,0.02,0.0,0.17,0.97,0.16,0.02,0.02,0.0,0.0,0.0,0.01,0.02,0.01,0.0,0.0,0.01,0.2,0.96,0.74,0.01],[0.99,0.98,0.72,0.11,0.01,0.0,0.0,0.02,1.0,1.0,1.0,0.03,0.5,0.85,0.98,0.26,0.02,0.0,0.0,0.0,0.01,0.02,0.01,0.0,0.01,0.01,0.02,0.28,0.94,0.25],[0.97,0.71,0.07,0.13,0.0,0.0,0.0,0.0,0.02,1.0,1.0,0.09,0.49,0.0,0.71,0.97,0.09,0.01,0.01,0.0,0.0,0.02,0.01,0.0,0.0,0.0,0.01,0.01,0.18,0.35],[0.01,0.0,0.0,0.05,0.0,0.0,0.0,0.0,0.0,0.03,0.09,1.0,0.27,0.01,0.01,0.01,0.0,0.0,0.0,0.0,0.0,0.0,0.0,0.0,0.0,0.0,0.0,0.0,0.01,0.03],[0.06,0.03,0.02,0.08,0.01,0.01,0.01,0.01,0.17,0.5,0.49,0.27,1.0,0.17,0.24,0.04,0.01,0.0,0.01,0.0,0.0,0.01,0.01,0.0,0.01,0.0,0.0,0.0,0.01,0.04],[0.03,0.85,0.99,0.1,0.27,0.39,0.1,0.28,0.97,0.85,0.0,0.01,0.17,1.0,1.0,0.01,0.0,0.0,0.01,0.27,0.0,0.02,0.01,0.0,0.01,0.01,0.0,0.0,0.0,0.0],[0.81,1.0,0.98,0.13,0.1,0.12,0.01,0.01,0.16,0.98,0.71,0.01,0.24,1.0,1.0,1.0,0.01,0.01,0.16,0.97,0.23,0.02,0.03,0.0,0.0,0.0,0.01,0.02,0.01,0.0],[0.99,0.98,0.73,0.15,0.0,0.0,0.0,0.01,0.02,0.26,0.97,0.01,0.04,0.01,1.0,1.0,1.0,0.03,0.53,0.86,0.97,0.26,0.02,0.0,0.0,0.0,0.01,0.02,0.03,0.0],[0.97,0.71,0.06,0.17,0.0,0.0,0.0,0.0,0.02,0.02,0.09,0.0,0.01,0.0,0.01,1.0,1.0,0.08,0.47,0.01,0.7,0.95,0.06,0.0,0.01,0.0,0.0,0.02,0.01,0.01],[0.01,0.0,0.0,0.1,0.0,0.0,0.0,0.0,0.0,0.0,0.01,0.0,0.0,0.0,0.01,0.03,0.08,1.0,0.25,0.01,0.01,0.01,0.0,0.0,0.0,0.0,0.0,0.0,0.0,0.01],[0.05,0.03,0.02,0.17,0.01,0.01,0.01,0.0,0.0,0.0,0.01,0.0,0.01,0.01,0.16,0.53,0.47,0.25,1.0,0.17,0.22,0.02,0.01,0.0,0.01,0.0,0.0,0.01,0.01,0.02],[0.05,0.81,0.99,0.16,0.51,0.3,0.07,0.01,0.0,0.0,0.0,0.0,0.0,0.27,0.97,0.86,0.01,0.01,0.17,1.0,1.0,0.01,0.0,0.0,0.01,0.2,0.01,0.02,0.01,0.0],[0.84,1.0,0.98,0.16,0.26,0.04,0.01,0.01,0.01,0.01,0.0,0.0,0.0,0.0,0.23,0.97,0.7,0.01,0.22,1.0,1.0,1.0,0.02,0.0,0.18,0.97,0.17,0.05,0.03,0.0],[0.99,0.98,0.72,0.13,0.0,0.0,0.0,0.0,0.02,0.02,0.02,0.0,0.01,0.02,0.02,0.26,0.95,0.01,0.02,0.01,1.0,1.0,1.0,0.03,0.56,0.85,0.98,0.24,0.02,0.01],[0.97,0.66,0.08,0.13,0.0,0.0,0.0,0.0,0.01,0.01,0.01,0.0,0.01,0.01,0.03,0.02,0.06,0.0,0.01,0.0,0.02,1.0,1.0,0.07,0.55,0.01,0.65,0.95,0.08,0.11],[0.01,0.0,0.0,0.06,0.0,0.0,0.0,0.0,0.0,0.0,0.0,0.0,0.0,0.0,0.0,0.0,0.0,0.0,0.0,0.0,0.0,0.03,0.07,1.0,0.21,0.01,0.01,0.01,0.0,0.01],[0.09,0.05,0.03,0.12,0.01,0.02,0.02,0.0,0.0,0.01,0.0,0.0,0.01,0.01,0.0,0.0,0.01,0.0,0.01,0.01,0.18,0.56,0.55,0.21,1.0,0.27,0.3,0.07,0.01,0.02],[0.04,0.83,0.99,0.1,0.45,0.23,0.56,0.27,0.01,0.01,0.0,0.0,0.0,0.01,0.0,0.0,0.0,0.0,0.0,0.2,0.97,0.85,0.01,0.01,0.27,1.0,1.0,0.02,0.0,0.0],[0.79,1.0,0.97,0.09,0.07,0.05,0.44,0.96,0.2,0.02,0.01,0.0,0.0,0.0,0.01,0.01,0.0,0.0,0.0,0.01,0.17,0.98,0.65,0.01,0.3,1.0,1.0,1.0,0.01,0.0],[0.99,0.98,0.64,0.08,0.01,0.0,0.01,0.81,0.96,0.28,0.01,0.0,0.0,0.0,0.02,0.02,0.02,0.0,0.01,0.02,0.05,0.24,0.95,0.01,0.07,0.02,1.0,1.0,1.0,0.27],[0.97,0.68,0.05,0.08,0.0,0.0,0.0,0.0,0.74,0.94,0.18,0.01,0.01,0.0,0.01,0.03,0.01,0.0,0.01,0.01,0.03,0.02,0.08,0.0,0.01,0.0,0.01,1.0,1.0,0.76],[0.29,0.01,0.0,0.08,0.0,0.0,0.0,0.0,0.01,0.25,0.35,0.03,0.04,0.0,0.0,0.0,0.01,0.01,0.02,0.0,0.0,0.01,0.11,0.01,0.02,0.0,0.0,0.27,0.76,1.0]],
  "pae": [[0.8,1.6,2.5,11.0,13.8,13.2,10.6,3.9,2.9,2.5,2.6,5.8,4.7,3.7,3.0,2.5,2.9,5.4,4.8,3.5,2.6,2.5,2.8,6.1,5.4,3.9,3.2,2.2,2.7,6.8],[2.0,0.8,1.5,9.8,13.2,13.0,9.3,2.4,1.9,1.9,2.4,5.1,4.1,2.5,2.0,2.0,2.6,4.8,4.1,2.5,1.9,1.9,2.6,5.4,4.5,2.4,1.9,1.8,2.4,6.2],[2.9,2.5,0.8,11.9,14.8,14.2,11.2,3.1,3.1,3.8,4.9,6.9,5.0,2.8,3.0,3.8,4.8,7.2,5.3,2.9,2.9,4.0,5.0,7.2,5.5,2.8,3.2,3.7,4.5,7.8],[17.6,15.5,15.4,0.9,17.5,19.1,14.2,15.9,15.6,16.4,17.9,24.3,20.8,18.7,18.5,18.5,18.8,26.4,21.2,18.4,17.1,15.7,16.9,23.0,17.4,16.4,15.2,15.0,15.8,19.0],[19.2,18.2,17.8,12.4,1.0,5.0,5.0,13.0,15.7,17.7,20.0,22.0,18.4,20.0,20.0,20.7,21.8,26.0,20.2,21.1,21.6,20.9,19.5,21.8,17.3,19.2,15.8,13.4,14.5,15.2],[19.0,17.6,17.3,12.9,3.5,1.2,6.0,11.8,15.1,17.9,20.0,21.3,18.7,19.3,20.4,20.5,21.6,25.5,19.4,20.7,20.0,19.4,17.7,21.4,15.4,17.1,15.1,12.7,14.3,15.6],[18.4,16.3,16.3,12.6,5.2,6.4,1.3,10.3,11.6,14.8,17.4,18.7,16.2,16.2,17.0,19.2,19.1,23.9,17.8,18.9,17.9,16.7,17.6,19.4,16.2,16.7,12.8,10.8,11.4,14.2],[2.7,2.2,2.0,9.8,10.2,9.0,5.2,0.8,1.0,1.4,1.8,3.9,2.8,1.3,1.5,1.8,2.3,4.6,3.1,1.7,1.6,1.7,1.9,4.7,3.6,1.5,1.3,1.2,1.6,4.7],[2.3,1.8,2.1,9.9,10.6,9.3,6.0,1.0,0.8,1.0,1.3,3.4,2.3,1.2,1.2,1.4,1.6,3.7,2.9,1.6,1.5,1.5,1.5,4.2,3.5,1.4,1.2,1.1,1.4,4.2],[2.1,1.9,2.3,10.0,11.2,10.2,7.5,1.3,0.9,0.8,1.0,3.1,2.1,1.3,1.2,1.2,1.4,3.6,2.9,1.6,1.5,1.6,1.5,4.2,3.5,1.7,1.4,1.1,1.2,4.6],[2.1,2.2,2.5,10.1,11.1,10.4,7.6,1.8,1.2,0.9,0.8,3.0,2.0,1.6,1.3,1.3,1.4,3.6,3.1,1.8,1.6,1.7,1.7,4.6,3.9,2.0,1.8,1.4,1.3,5.3],[7.4,7.6,7.5,13.9,15.2,13.0,11.2,7.3,4.8,4.3,4.4,1.3,4.6,6.1,6.4,7.8,9.3,10.8,9.3,9.0,9.6,9.8,9.3,12.9,9.2,9.8,9.4,8.0,7.1,9.0],[4.4,4.1,4.1,11.8,13.5,12.5,9.5,3.7,3.2,3.1,3.2,3.5,1.1,3.9,3.4,3.8,3.5,6.1,5.4,3.8,4.6,4.1,3.9,9.1,5.9,4.8,4.4,3.8,3.9,7.5],[2.3,2.1,2.0,10.1,11.9,11.7,7.4,1.3,1.2,1.2,1.5,3.2,1.9,0.8,1.0,1.3,1.7,3.3,2.8,1.3,1.4,1.7,2.1,4.4,3.2,1.6,1.6,1.5,1.7,4.3],[2.3,1.8,2.1,10.9,11.6,10.4,7.9,1.3,1.1,1.1,1.2,3.2,2.0,0.9,0.8,1.0,1.2,3.2,2.5,1.2,1.2,1.3,1.6,3.9,3.2,1.4,1.4,1.4,1.6,4.8],[1.9,1.8,2.4,10.5,11.5,10.4,8.0,1.6,1.3,1.1,1.2,3.4,2.5,1.2,0.9,0.8,1.0,3.0,2.4,1.3,1.2,1.2,1.4,3.9,3.5,1.5,1.5,1.4,1.4,4.7],[1.9,2.1,2.3,10.2,11.4,10.9,8.2,2.0,1.7,1.4,1.3,3.5,2.6,1.5,1.2,0.9,0.8,2.9,2.1,1.5,1.3,1.3,1.4,4.1,3.5,1.7,1.6,1.6,1.6,5.2],[6.7,7.0,6.9,13.5,16.9,15.5,13.3,9.0,7.8,6.8,6.5,9.1,8.0,6.3,5.4,3.6,4.2,1.3,4.1,6.3,6.6,7.2,8.5,10.0,8.5,8.4,8.3,8.6,8.7,10.1],[4.3,4.0,4.2,12.3,13.7,12.8,10.4,4.4,3.7,3.3,3.2,5.7,4.9,3.0,2.7,2.8,2.5,3.8,1.1,4.0,2.9,3.7,4.0,6.6,5.5,4.0,4.1,3.8,3.9,7.5],[2.4,2.0,2.1,11.1,12.5,12.0,8.4,1.6,1.5,1.5,1.6,3.7,2.7,1.3,1.2,1.2,1.4,3.1,1.9,0.8,0.9,1.2,1.6,4.0,3.4,1.2,1.4,1.5,1.8,4.7],[2.3,1.7,2.2,11.0,12.2,10.7,8.3,1.5,1.4,1.4,1.5,3.7,2.7,1.3,1.2,1.1,1.2,3.1,2.2,0.9,0.8,0.9,1.3,3.9,3.2,1.2,1.2,1.3,1.6,4.8],[1.9,1.8,2.2,10.2,11.6,10.4,8.1,1.6,1.5,1.5,1.5,3.6,2.8,1.5,1.3,1.2,1.2,3.2,2.4,1.2,0.9,0.8,1.1,3.6,2.8,1.3,1.2,1.2,1.5,4.7],[2.0,2.1,2.4,10.1,11.8,11.0,8.2,2.0,1.8,1.9,1.9,4.3,3.1,2.1,1.8,1.6,1.3,3.5,3.0,1.8,1.3,1.0,0.8,3.4,2.5,1.7,1.5,1.5,1.7,5.5],[7.9,7.6,7.3,13.7,16.1,15.0,11.7,9.9,10.2,10.5,9.8,13.3,10.1,9.1,9.0,7.7,7.4,10.9,8.7,7.2,5.1,4.2,5.4,1.4,4.5,6.3,7.8,7.8,9.4,10.5],[5.7,5.2,5.1,12.5,14.8,14.1,11.3,5.9,5.5,4.9,4.5,9.9,7.2,5.5,5.0,4.2,4.4,7.4,6.7,4.8,4.2,4.1,3.8,5.0,1.1,4.7,4.2,5.8,6.1,8.4],[2.5,2.0,2.0,9.5,12.8,11.4,8.4,1.3,1.4,1.7,2.1,4.3,2.9,1.6,1.7,1.7,1.8,3.7,3.0,1.4,1.2,1.3,1.6,3.9,2.5,0.8,0.9,1.3,1.8,4.8],[2.3,1.8,2.0,10.0,12.1,11.4,8.3,1.3,1.2,1.4,1.7,3.8,2.7,1.5,1.5,1.5,1.6,3.8,2.9,1.5,1.2,1.2,1.4,3.8,2.6,0.9,0.8,0.9,1.3,4.3],[2.1,1.8,2.2,10.2,11.3,9.7,8.1,1.4,1.1,1.2,1.5,3.6,2.7,1.5,1.5,1.5,1.5,3.7,3.1,1.6,1.3,1.2,1.3,4.0,3.2,1.2,0.9,0.8,1.0,4.2],[2.2,2.3,2.6,10.3,10.7,9.4,7.1,1.8,1.4,1.4,1.5,3.5,2.9,1.8,1.7,1.7,1.7,4.1,3.3,2.0,1.8,1.6,1.4,4.2,3.7,1.8,1.2,1.0,0.8,3.5],[9.8,10.1,10.8,12.7,13.9,13.0,10.6,9.1,7.5,8.1,8.2,10.8,9.6,9.2,8.2,9.6,10.0,13.8,11.7,9.9,8.2,8.7,8.5,12.4,9.8,8.5,8.3,6.7,6.3,1.4]],
  "token_chain_ids": ["A","B","C","D","E","E","E","E","E","E","E","E","E","E","E","E","E","E","E","E","E","E","E","E","E","E","E","E","E","E"],
  "token_res_ids": [1,1,1,1,1,2,3,4,5,6,7,8,9,10,11,12,13,14,15,16,17,18,19,20,21,22,23,24,25,26]
}