{
  "atom_chain_ids": ["A","B","C","D","E","E","E","E","E","E","E","E","E","E","E","E","E","E","E","E","E","E","E","E","E","E","E","E","E","E","E","E","E","E","E","E","E","E","E","E","E","E","E","E","E","E","E","E","E","E","E","E","E","E","E","E","E","E","E","E","E","E","E","E","E","E","E","E","E","E","E","E","E","E","E","E","E","E","E","E","E","E","E","E","E","E","E","E","E","E","E","E","E","E","E","E","E","E","E","E","E","E","E","E","E","E","E","E","E","E","E","E","E","E","E","E","E","E","E","E","E","E","E","E","E","E","E","E","E","E","E","E","E","E","E","E","E","E","E","E","E","E","E","E","E","E","E","E","E","E","E","E","E","E","E","E","E","E","E","E","E","E","E","E","E","E","E","E","E","E","E","E","E","E","E","E","E","E","E","E","E","E","E","E","E","E","E","E","E","E","E","E","E","E","E","E","E","E","E","E","E","E","E","E","E","E","E","E","E","E","E","E","E","E","E","E","E","E","E","E","E","E","E","E","E","E","E","E","E","E","E","E","E","E","E","E","E","E","E","E","E","E","E","E","E","E","E","E","E","E","E","E","E","E","E","E","E","E","E","E","E","E","E","E","E","E","E","E","E","E","E","E","E","E","E","E","E","E","E","E","E","E","E","E","E","E","E","E","E","E","E","E","E","E","E","E","E","E","E","E","E","E","E","E","E","E","E","E","E","E","E","E","E","E","E","E","E","E","E","E","E","E","E","E","E","E","E","E","E","E","E","E","E","E","E","E","E","E","E","E","E","E","E","E","E","E","E","E","E","E","E","E","E","E","E","E","E","E","E","E","E","E","E","E","E","E","E","E","E","E","E","E","E","E","E","E","E","E","E","E","E","E","E","E","E","E","E","E","E","E","E","E","E","E","E","E","E","E","E","E","E","E","E","E","E","E","E","E","E","E","E","E","E","E","E","E","E","E","E","E","E","E","E","E","E","E","E","E","E","E","E","E","E","E","E","E","E","E","E","E","E","E","E","E","E","E","E","E","E","E","E","E","E","E","E","E","E","E","E","E","E","E","E","E","E","E","E","E","E","E","E","E","E","E","E","E","E","E","E","E","E","E","E","E","E","E","E","E","E","E","E","E","E","E","E","E","E","E","E","E","E","E","E","E","E","E","E","E","E","E","E","E","E","E","E","E","E","E","E","E","E","E","E","E","E","E","E","E","E","E","E","E","E","E","E","E","E","E","E","E","E","E","E","E","E","E","E","E","E","E","E","E","E","E","E","E","E","E","E"],
  "atom_plddts": [90.21,90.65,88.46,49.69,41.66,41.79,38.07,35.51,41.14,40.24,40.73,40.34,42.52,42.08,40.52,38.6,38.91,36.5,35.25,34.33,34.66,33.66,33.21,33.34,34.33,35.43,37.39,43.97,40.07,38.95,45.07,44.55,43.59,41.09,46.26,45.03,43.76,41.45,42.46,39.56,36.15,34.9,33.9,32.79,31.58,33.57,36.76,48.46,44.63,44.12,49.04,49.44,50.04,49.51,51.62,50.56,49.74,48.0,50.25,48.86,46.44,46.29,45.49,44.54,43.23,44.27,46.9,78.87,73.63,70.56,79.47,81.23,83.61,83.3,83.1,82.86,83.42,83.78,84.48,84.53,84.5,84.97,85.34,84.91,85.04,85.4,85.36,85.26,85.55,83.96,82.6,82.46,84.35,84.19,85.38,84.95,84.55,84.28,85.09,85.5,86.21,86.3,86.02,86.31,86.57,86.32,86.56,86.69,86.44,86.1,86.4,84.34,82.79,82.4,84.57,84.25,85.4,85.03,84.72,84.37,85.21,85.58,86.3,86.36,86.07,86.4,86.67,86.37,86.62,86.71,86.49,86.2,86.52,84.6,82.77,81.65,84.41,83.83,84.7,84.74,84.31,83.74,84.49,84.69,85.89,85.85,85.41,85.64,86.11,85.77,85.91,86.1,85.85,85.54,86.13,78.56,77.12,76.97,76.39,72.78,76.13,74.28,75.9,74.7,71.52,68.64,71.97,68.35,65.61,63.51,62.43,60.16,57.91,60.75,64.67,70.42,63.58,63.17,70.24,70.45,73.75,75.03,75.88,75.28,75.78,75.49,76.21,75.31,73.56,73.47,73.87,72.47,71.54,72.23,74.07,78.58,73.73,70.77,79.44,80.59,82.48,82.01,81.86,81.76,82.65,82.98,83.71,83.81,83.86,84.37,84.77,84.32,84.63,84.81,84.72,84.56,84.79,82.71,80.44,80.03,83.61,83.87,84.93,84.42,84.06,83.89,84.8,85.26,85.84,85.89,85.52,85.91,86.13,85.82,86.15,86.28,86.13,85.87,86.08,83.87,82.62,82.46,84.16,84.15,85.0,84.37,84.12,83.77,84.7,85.14,85.78,85.86,85.51,85.88,86.1,85.76,86.08,86.13,85.89,85.5,85.86,84.57,83.23,82.4,84.23,83.75,84.48,84.38,84.07,83.4,84.13,84.3,85.5,85.44,85.05,85.24,85.68,85.28,85.36,85.56,85.34,84.89,85.63,77.46,76.71,76.43,75.05,71.48,74.79,73.61,74.46,73.4,71.06,68.31,71.48,69.32,67.8,66.35,66.29,64.74,62.88,64.52,66.82,72.06,66.26,65.79,71.66,71.51,74.67,75.77,76.71,76.02,76.58,75.99,76.73,75.57,73.04,72.75,73.08,71.59,70.45,71.22,73.31,78.62,73.74,70.82,79.24,80.5,82.45,82.17,82.04,81.8,82.66,83.05,83.71,83.87,83.94,84.45,84.88,84.48,84.8,84.93,84.79,84.63,84.87,82.48,80.11,79.87,83.41,84.01,85.21,84.77,84.61,84.28,85.04,85.52,86.12,86.2,85.84,86.21,86.46,86.15,86.34,86.56,86.45,86.26,86.49,83.53,81.76,81.59,84.05,84.2,85.28,84.87,84.77,84.36,85.12,85.55,86.15,86.25,85.89,86.21,86.48,86.15,86.32,86.51,86.35,86.1,86.44,83.93,81.99,80.9,83.86,83.76,84.73,84.74,84.57,83.93,84.53,84.8,85.88,85.84,85.16,85.37,85.85,85.39,85.38,85.7,85.57,85.28,86.01,75.43,75.12,75.08,73.08,69.46,72.49,69.06,71.56,70.37,65.9,62.96,66.15,61.75,58.91,56.43,54.49,52.9,50.72,53.85,58.13,72.63,67.58,66.8,71.87,71.62,74.05,74.75,76.53,75.57,75.62,75.05,75.9,74.27,71.14,70.54,70.35,68.7,67.32,68.7,71.39,80.04,75.87,74.46,80.65,81.48,83.75,83.58,83.61,83.14,83.69,84.03,84.82,84.91,84.76,85.13,85.49,85.08,85.19,85.45,85.38,85.17,85.56,83.76,81.97,81.86,84.32,84.5,85.69,85.35,85.22,84.82,85.5,85.9,86.56,86.64,86.33,86.64,86.89,86.61,86.78,86.95,86.78,86.57,86.85,84.14,82.43,82.3,84.56,84.51,85.59,85.26,85.12,84.74,85.49,85.91,86.5,86.61,86.27,86.6,86.87,86.55,86.7,86.89,86.71,86.44,86.78,83.68,81.98,81.28,83.46,83.0,84.08,84.12,83.77,83.37,84.04,84.15,85.19,85.24,84.78,85.01,85.46,84.98,85.0,85.27,85.04,84.76,85.47,74.61,70.93,70.19,73.23,72.49,74.79,74.39,75.73,74.55,73.1,72.29,73.98,71.85,68.82,68.11,68.24,66.25,64.84,65.79,68.79],
  "contact_probs": [[1.0,0.99,0.96,0.07,0.01,0.0,0.01,0.02,0.83,0.99,0.97,0.01,0.06,0.03,0.81,0.99,0.97,0.01,0.05,0.05,0.84,0.99,0.97,0.01,0.09,0.04,0.79,0.99,0.97,0.29],[0.99,1.0,0.99,0.07,0.07,0.04,0.05,0.84,0.99,0.98,0.71,0.0,0.03,0.85,1.0,0.98,0.71,0.0,0.03,0.81,1.0,0.98,0.66,0.0,0.05,0.83,1.0,0.98,0.68,0.01],[0.96,0.99,1.0,0.07,0.47,0.33,0.35,0.98,0.97,0.72,0.07,0.0,0.02,0.99,0.98,0.73,0.06,0.0,0.02,0.99,0.98,0.72,0.08,0.0,0.03,0.99,0.97,0.64,0.05,0.0],[0.07,0.07,0.07,1.0,0.11,0.07,0.07,0.07,0.09,0.11,0.13,0.05,0.08,0.1,0.13,0.15,0.17,0.1,0.17,0.16,0.16,0.13,0.13,0.06,0.12,0.1,0.09,0.08,0.08,0.08],[0.01,0.07,0.47,0.11,1.0,0.59,0.41,0.18,0.03,0.01,0.0,0.0,0.01,0.27,0.1,0.0,0.0,0.0,0.01,0.51,0.26,0.0,0.0,0.0,0.01,0.45,0.07,0.01,0.0,0.0],[0.0,0.04,0.33,0.07,0.59,1.0,0.42,0.46,0.13,0.0,0.0,0.0,0.01,0.39,0.12,0.0,0.0,0.0,0.01,0.3,0.04,0.0,0.0,0.0,0.02,0.23,0.05,0.0,0.0,0.0],[0.01,0.05,0.35,0.07,0.41,0.42,1.0,0.7,0.08,0.0,0.0,0.0,0.01,0.1,0.01,0.0,0.0,0.0,0.01,0.07,0.01,0.0,0.0,0.0,0.02,0.56,0.44,0.01,0.0,0.0],[0.02,0.84,0.98,0.07,0.18,0.46,0.7,1.0,1.0,0.02,0.0,0.0,0.01,0.28,0.01,0.01,0.0,0.0,0.0,0.01,0.01,0.0,0.0,0.0,0.0,0.27,0.96,0.81,0.0,0.0],[0.83,0.99,0.97,0.09,0.03,0.13,0.08,1.0,1.0,1.0,0.02,0.0,0.17,0.97,0.16,0.02,0.02,0.0,0.0,0.0,0.01,0.02,0.01,0.0,0.0,0.01,0.2,0.96,0.74,0.01],[0.99,0.98,0.72,0.11,0.01,0.0,0.0,0.02,1.0,1.0,1.0,0.03,0.5,0.85,0.98,0.26,0.02,0.0,0.0,0.0,0.01,0.02,0.01,0.0,0.01,0.01,0.02,0.28,0.94,0.25],[0.97,0.71,0.07,0.13,0.0,0.0,0.0,0.0,0.02,1.0,1.0,0.09,0.49,0.0,0.71,0.97,0.09,0.01,0.01,0.0,0.0,0.02,0.01,0.0,0.0,0.0,0.01,0.01,0.18,0.35],[0.01,0.0,0.0,0.05,0.0,0.0,0.0,0.0,0.0,0.03,0.09,1.0,0.27,0.01,0.01,0.01,0.0,0.0,0.0,0.0,0.0,0.0,0.0,0.0,0.0,0.0,0.0,0.0,0.01,0.03],[0.06,0.03,0.02,0.08,0.01,0.01,0.01,0.01,0.17,0.5,0.49,0.27,1.0,0.17,0.24,0.04,0.01,0.0,0.01,0.0,0.0,0.01,0.01,0.0,0.01,0.0,0.0,0.0,0.01,0.04],[0.03,0.85,0.99,0.1,0.27,0.39,0.1,0.28,0.97,0.85,0.0,0.01,0.17,1.0,1.0,0.01,0.0,0.0,0.01,0.27,0.0,0.02,0.01,0.0,0.01,0.01,0.0,0.0,0.0,0.0],[0.81,1.0,0.98,0.13,0.1,0.12,0.01,0.01,0.16,0.98,0.71,0.01,0.24,1.0,1.0,1.0,0.01,0.01,0.16,0.97,0.23,0.02,0.03,0.0,0.0,0.0,0.01,0.02,0.01,0.0],[0.99,0.98,0.73,0.15,0.0,0.0,0.0,0.01,0.02,0.26,0.97,0.01,0.04,0.01,1.0,1.0,1.0,0.03,0.53,0.86,0.97,0.26,0.02,0.0,0.0,0.0,0.01,0.02,0.03,0.0],[0.97,0.71,0.06,0.17,0.0,0.0,0.0,0.0,0.02,0.02,0.09,0.0,0.01,0.0,0.01,1.0,1.0,0.08,0.47,0.01,0.7,0.95,0.06,0.0,0.01,0.0,0.0,0.02,0.01,0.01],[0.01,0.0,0.0,0.1,0.0,0.0,0.0,0.0,0.0,0.0,0.01,0.0,0.0,0.0,0.01,0.03,0.08,1.0,0.25,0.01,0.01,0.01,0.0,0.0,0.0,0.0,0.0,0.0,0.0,0.01],[0.05,0.03,0.02,0.17,0.01,0.01,0.01,0.0,0.0,0.0,0.01,0.0,0.01,0.01,0.16,0.53,0.47,0.25,1.0,0.17,0.22,0.02,0.01,0.0,0.01,0.0,0.0,0.01,0.01,0.02],[0.05,0.81,0.99,0.16,0.51,0.3,0.07,0.01,0.0,0.0,0.0,0.0,0.0,0.27,0.97,0.86,0.01,0.01,0.17,1.0,1.0,0.01,0.0,0.0,0.01,0.2,0.01,0.02,0.01,0.0],[0.84,1.0,0.98,0.16,0.26,0.04,0.01,0.01,0.01,0.01,0.0,0.0,0.0,0.0,0.23,0.97,0.7,0.01,0.22,1.0,1.0,1.0,0.02,0.0,0.18,0.97,0.17,0.05,0.03,0.0],[0.99,0.98,0.72,0.13,0.0,0.0,0.0,0.0,0.02,0.02,0.02,0.0,0.01,0.02,0.02,0.26,0.95,0.01,0.02,0.01,1.0,1.0,1.0,0.03,0.56,0.85,0.98,0.24,0.02,0.01],[0.97,0.66,0.08,0.13,0.0,0.0,0.0,0.0,0.01,0.01,0.01,0.0,0.01,0.01,0.03,0.02,0.06,0.0,0.01,0.0,0.02,1.0,1.0,0.07,0.55,0.01,0.65,0.95,0.08,0.11],[0.01,0.0,0.0,0.06,0.0,0.0,0.0,0.0,0.0,0.0,0.0,0.0,0.0,0.0,0.0,0.0,0.0,0.0,0.0,0.0,0.0,0.03,0.07,1.0,0.21,0.01,0.01,0.01,0.0,0.01],[0.09,0.05,0.03,0.12,0.01,0.02,0.02,0.0,0.0,0.01,0.0,0.0,0.01,0.01,0.0,0.0,0.01,0.0,0.01,0.01,0.18,0.56,0.55,0.21,1.0,0.27,0.3,0.07,0.01,0.02],[0.04,0.83,0.99,0.1,0.45,0.23,0.56,0.27,0.01,0.01,0.0,0.0,0.0,0.01,0.0,0.0,0.0,0.0,0.0,0.2,0.97,0.85,0.01,0.01,0.27,1.0,1.0,0.02,0.0,0.0],[0.79,1.0,0.97,0.09,0.07,0.05,0.44,0.96,0.2,0.02,0.01,0.0,0.0,0.0,0.01,0.01,0.0,0.0,0.0,0.01,0.17,0.98,0.65,0.01,0.3,1.0,1.0,1.0,0.01,0.0],[0.99,0.98,0.64,0.08,0.01,0.0,0.01,0.81,0.96,0.28,0.01,0.0,0.0,0.0,0.02,0.02,0.02,0.0,0.01,0.02,0.05,0.24,0.95,0.01,0.07,0.02,1.0,1.0,1.0,0.27],[0.97,0.68,0.05,0.08,0.0,0.0,0.0,0.0,0.74,0.94,0.18,0.01,0.01,0.0,0.01,0.03,0.01,0.0,0.01,0.01,0.03,0.02,0.08,0.0,0.01,0.0,0.01,1.0,1.0,0.76],[0.29,0.01,0.0,0.08,0.0,0.0,0.0,0.0,0.01,0.25,0.35,0.03,0.04,0.0,0.0,0.0,0.01,0.01,0.02,0.0,0.0,0.01,0.11,0.01,0.02,0.0,0.0,0.27,0.76,1.0]],
  "pae": [[0.8,2.0,2.9,9.4,12.3,11.4,8.2,4.1,3.0,2.8,3.0,6.6,5.1,3.7,3.1,2.7,3.0,5.6,5.5,4.0,2.9,2.7,3.0,7.8,5.8,4.4,3.4,2.3,3.0,6.7],[2.1,0.8,1.8,7.7,10.3,9.6,6.4,2.5,1.9,2.1,2.6,5.7,4.4,2.5,2.0,2.0,2.6,4.7,4.4,2.4,1.9,1.9,2.6,6.2,4.7,2.6,1.8,1.8,2.5,6.1],[3.3,2.6,0.8,8.0,11.7,10.9,7.3,3.7,3.1,4.1,5.4,8.4,5.9,3.2,3.3,4.1,5.3,7.8,6.1,3.2,3.2,4.2,5.5,8.7,6.3,3.0,3.3,3.8,5.0,8.4],[14.7,11.8,10.2,0.9,18.4,17.7,13.7,14.1,13.8,14.3,15.3,23.6,17.6,14.2,12.8,13.2,15.0,23.0,16.3,13.2,12.6,12.6,14.7,23.1,15.9,12.5,12.4,13.7,15.9,18.9],[17.7,15.5,14.1,14.2,1.1,5.1,5.5,13.5,16.2,18.3,19.7,20.8,17.2,17.5,18.6,19.0,19.2,23.2,17.2,16.3,15.0,13.8,14.7,15.3,11.8,10.5,10.6,13.5,17.8,15.8],[17.8,15.6,14.3,14.8,4.0,1.2,6.0,12.0,14.7,17.6,19.4,21.4,17.5,17.5,18.4,18.5,19.0,23.7,17.2,16.2,15.0,13.4,14.2,15.1,12.2,10.3,10.3,13.1,17.6,15.3],[14.8,11.9,9.9,11.7,5.5,5.1,1.2,8.5,10.4,13.6,14.8,17.0,13.8,14.8,14.4,15.6,17.6,19.3,14.7,14.8,13.1,12.7,12.2,13.5,9.8,8.4,8.3,9.8,12.8,12.9],[2.8,2.2,1.9,8.2,8.4,7.6,3.6,0.8,1.0,1.4,1.9,5.0,3.2,1.4,1.6,1.9,2.4,4.2,3.5,1.8,1.6,1.8,2.1,5.4,3.6,1.3,1.3,1.3,1.7,4.6],[2.6,1.7,2.1,8.2,9.2,8.6,3.9,1.0,0.8,1.0,1.3,4.3,2.8,1.3,1.2,1.4,1.7,3.5,3.4,1.5,1.5,1.5,1.7,5.1,3.7,1.4,1.1,1.1,1.3,4.7],[2.4,2.0,2.4,8.4,8.9,8.8,4.7,1.2,0.9,0.8,1.0,4.0,2.5,1.3,1.2,1.2,1.5,3.4,3.3,1.6,1.5,1.6,1.7,5.2,3.8,1.7,1.5,1.1,1.2,4.6],[2.3,2.2,2.6,8.7,9.2,8.9,5.3,1.9,1.3,1.0,0.8,3.8,2.5,1.7,1.5,1.4,1.5,3.6,3.7,2.0,1.7,1.8,1.9,5.7,4.2,2.2,2.0,1.5,1.4,5.1],[9.4,9.8,9.2,14.7,18.1,15.2,13.4,9.9,6.5,5.1,5.6,1.4,5.7,7.9,8.5,9.5,10.9,12.6,10.0,10.8,11.4,12.2,11.6,15.6,10.6,11.5,10.7,8.9,8.3,9.7],[5.9,5.1,4.9,11.1,13.1,12.5,9.3,5.1,5.3,4.4,4.6,5.3,1.2,4.6,4.6,5.7,5.5,8.8,6.7,4.7,5.5,5.3,5.0,11.9,7.4,6.1,5.4,4.9,5.9,9.2],[2.6,1.9,2.0,8.0,9.6,9.2,5.1,1.3,1.2,1.3,1.6,4.3,2.3,0.8,1.0,1.4,1.7,3.4,3.3,1.5,1.5,1.8,2.2,5.4,3.5,1.7,1.7,1.6,1.8,4.4],[2.3,1.7,2.1,8.5,9.4,9.1,4.8,1.4,1.2,1.2,1.3,4.1,2.4,1.0,0.8,1.0,1.3,3.1,2.9,1.4,1.2,1.5,1.7,5.0,3.5,1.5,1.5,1.4,1.6,4.9],[2.1,1.7,2.4,8.6,9.3,9.3,5.0,1.6,1.4,1.2,1.2,4.4,2.8,1.2,1.0,0.8,1.0,2.8,2.4,1.3,1.2,1.2,1.5,4.9,3.6,1.6,1.5,1.5,1.5,4.9],[2.2,2.1,2.5,8.7,9.9,9.3,5.7,2.2,1.8,1.6,1.4,4.4,3.1,1.7,1.3,1.0,0.8,2.6,2.2,1.6,1.5,1.4,1.6,5.3,3.9,1.9,1.8,1.7,1.7,5.5],[6.8,6.8,6.7,12.0,14.0,13.0,10.9,8.8,7.8,7.3,6.8,11.4,8.3,6.4,5.2,3.9,4.5,1.3,3.9,6.7,7.0,7.6,8.4,11.4,8.9,8.3,8.3,9.0,9.3,10.1],[5.6,4.6,5.0,10.5,12.5,12.0,9.6,5.7,5.2,4.6,4.8,8.9,7.4,5.0,3.6,4.0,3.5,4.3,1.2,5.5,4.3,5.0,5.0,9.6,7.3,5.5,5.1,5.2,4.8,8.7],[2.6,1.9,2.0,7.9,10.0,8.8,5.0,1.7,1.7,1.7,1.8,4.8,3.1,1.4,1.2,1.3,1.6,3.1,2.3,0.8,0.9,1.3,1.8,5.0,3.4,1.3,1.4,1.7,2.0,5.0],[2.4,1.6,2.0,8.1,9.1,8.6,4.9,1.6,1.6,1.6,1.7,4.9,3.3,1.5,1.3,1.2,1.3,3.1,2.5,1.0,0.8,1.0,1.4,4.7,3.1,1.3,1.2,1.4,1.8,4.7],[2.1,1.8,2.4,8.4,9.1,8.4,4.8,1.7,1.6,1.7,1.7,4.8,3.3,1.7,1.6,1.3,1.3,3.2,3.0,1.4,1.0,0.8,1.1,4.3,2.9,1.3,1.2,1.2,1.6,4.5],[2.2,2.2,2.5,8.7,9.2,8.7,5.4,2.1,2.0,2.1,2.1,5.6,3.9,2.3,2.2,1.9,1.5,3.6,3.6,2.0,1.4,1.0,0.8,4.0,2.7,1.8,1.6,1.5,1.7,5.1],[9.4,9.3,8.2,13.2,13.2,11.8,9.5,10.6,11.3,12.1,11.8,17.1,12.1,10.3,10.9,9.9,10.3,12.0,10.7,8.3,6.4,5.1,6.6,1.4,5.5,8.5,8.7,8.9,10.9,10.7],[6.2,5.4,4.9,10.0,10.8,10.0,7.0,6.4,5.9,6.0,5.8,11.3,8.8,6.3,5.6,4.8,5.6,8.1,6.6,5.0,4.6,3.9,3.9,6.2,1.2,4.2,4.4,5.2,6.3,8.8],[2.6,2.0,1.9,7.9,8.9,8.9,4.7,1.3,1.5,1.8,2.2,5.5,3.3,1.6,1.7,1.7,1.9,3.6,3.2,1.4,1.2,1.3,1.8,4.6,2.6,0.8,1.0,1.3,1.9,4.4],[2.4,1.7,2.0,8.1,8.5,7.9,4.3,1.2,1.2,1.5,1.8,4.7,3.2,1.5,1.6,1.6,1.6,3.5,3.3,1.4,1.2,1.1,1.4,4.4,2.7,0.9,0.8,0.9,1.3,4.1],[2.3,1.7,2.4,8.6,9.3,8.4,4.8,1.4,1.2,1.2,1.5,4.5,3.2,1.6,1.6,1.6,1.5,3.4,3.6,1.6,1.3,1.1,1.3,4.7,3.4,1.2,1.0,0.8,1.1,4.2],[2.4,2.2,2.5,9.0,9.3,9.2,5.2,1.8,1.3,1.4,1.5,4.3,3.3,1.8,1.8,1.7,1.7,3.8,3.7,1.9,1.7,1.5,1.4,5.2,3.8,1.7,1.2,0.9,0.8,3.4],[9.1,9.6,9.9,12.5,12.7,12.2,10.4,9.7,5.9,8.0,8.0,10.8,10.3,9.0,8.8,8.6,8.5,12.5,10.1,9.4,8.1,8.3,8.4,12.3,10.6,8.5,7.0,6.6,6.9,1.4]],
  "token_chain_ids": ["A","B","C","D","E","E","E","E","E","E","E","E","E","E","E","E","E","E","E","E","E","E","E","E","E","E","E","E","E","E"],
  "token_res_ids": [1,1,1,1,1,2,3,4,5,6,7,8,9,10,11,12,13,14,15,16,17,18,19,20,21,22,23,24,25,26]
}