{
  "atom_chain_ids": ["A","B","C","D","E","E","E","E","E","E","E","E","E","E","E","E","E","E","E","E","E","E","E","E","E","E","E","E","E","E","E","E","E","E","E","E","E","E","E","E","E","E","E","E","E","E","E","E","E","E","E","E","E","E","E","E","E","E","E","E","E","E","E","E","E","E","E","E","E","E","E","E","E","E","E","E","E","E","E","E","E","E","E","E","E","E","E","E","E","E","E","E","E","E","E","E","E","E","E","E","E","E","E","E","E","E","E","E","E","E","E","E","E","E","E","E","E","E","E","E","E","E","E","E","E","E","E","E","E","E","E","E","E","E","E","E","E","E","E","E","E","E","E","E","E","E","E","E","E","E","E","E","E","E","E","E","E","E","E","E","E","E","E","E","E","E","E","E","E","E","E","E","E","E","E","E","E","E","E","E","E","E","E","E","E","E","E","E","E","E","E","E","E","E","E","E","E","E","E","E","E","E","E","E","E","E","E","E","E","E","E","E","E","E","E","E","E","E","E","E","E","E","E","E","E","E","E","E","E","E","E","E","E","E","E","E","E","E","E","E","E","E","E","E","E","E","E","E","E","E","E","E","E","E","E","E","E","E","E","E","E","E","E","E","E","E","E","E","E","E","E","E","E","E","E","E","E","E","E","E","E","E","E","E","E","E","E","E","E","E","E","E","E","E","E","E","E","E","E","E","E","E","E","E","E","E","E","E","E","E","E","E","E","E","E","E","E","E","E","E","E","E","E","E","E","E","E","E","E","E","E","E","E","E","E","E","E","E","E","E","E","E","E","E","E","E","E","E","E","E","E","E","E","E","E","E","E","E","E","E","E","E","E","E","E","E","E","E","E","E","E","E","E","E","E","E","E","E","E","E","E","E","E","E","E","E","E","E","E","E","E","E","E","E","E","E","E","E","E","E","E","E","E","E","E","E","E","E","E","E","E","E","E","E","E","E","E","E","E","E","E","E","E","E","E","E","E","E","E","E","E","E","E","E","E","E","E","E","E","E","E","E","E","E","E","E","E","E","E","E","E","E","E","E","E","E","E","E","E","E","E","E","E","E","E","E","E","E","E","E","E","E","E","E","E","E","E","E","E","E","E","E","E","E","E","E","E","E","E","E","E","E","E","E","E","E","E","E","E","E","E","E","E","E","E","E","E","E","E","E","E","E","E","E","E","E","E","E","E","E","E","E","E","E","E","E","E","E","E","E","E","E","E","E","E","E","E","E","E","E","E","E","E","E","E","E","E","E","E","E","E","E","E","E","E","E","E","E","E"],
  "atom_plddts": [90.45,90.52,88.19,47.04,42.54,42.95,38.71,36.25,42.44,41.77,42.14,41.82,44.35,43.83,41.95,40.2,40.4,38.01,36.9,36.1,36.23,35.2,34.68,34.91,35.99,37.01,39.13,46.49,42.37,41.25,47.22,46.3,45.37,42.51,48.6,47.36,45.61,43.67,44.7,41.21,37.38,35.92,34.56,33.3,32.16,34.49,38.19,48.59,44.36,43.74,49.16,49.31,49.66,48.18,51.24,49.99,48.86,47.17,49.17,47.2,44.58,44.19,43.27,42.11,40.83,42.12,45.04,79.55,74.17,70.74,80.07,81.8,84.14,83.86,83.65,83.38,83.96,84.37,85.08,85.13,85.18,85.71,86.05,85.63,85.84,86.14,86.07,86.05,86.24,84.28,82.75,82.52,84.7,84.56,85.75,85.34,84.98,84.71,85.49,85.93,86.6,86.68,86.39,86.7,86.95,86.7,86.94,87.08,86.84,86.53,86.81,84.34,82.85,82.48,84.52,84.11,85.21,84.77,84.45,84.1,84.94,85.33,86.07,86.14,85.93,86.26,86.54,86.25,86.52,86.62,86.37,86.03,86.36,84.69,82.92,81.85,84.47,83.82,84.63,84.62,84.18,83.61,84.39,84.59,85.79,85.74,85.34,85.56,86.04,85.7,85.86,86.06,85.8,85.43,86.04,78.75,77.5,77.29,76.34,72.6,76.1,74.45,75.96,74.7,71.47,68.63,72.17,68.88,66.5,64.55,63.68,61.42,59.25,61.87,65.51,71.85,65.26,64.52,71.38,71.32,74.61,75.88,76.64,76.02,76.48,76.15,76.92,76.15,74.55,74.47,75.02,73.64,72.8,73.36,75.11,78.66,73.82,70.81,79.43,80.59,82.47,82.01,81.86,81.79,82.72,83.07,83.78,83.91,83.98,84.52,84.92,84.47,84.81,84.97,84.87,84.72,84.93,82.52,80.06,79.48,83.48,83.84,84.84,84.24,83.9,83.77,84.7,85.19,85.74,85.78,85.38,85.81,86.01,85.65,86.0,86.16,86.04,85.78,85.99,83.86,82.75,82.57,84.05,83.89,84.64,83.92,83.66,83.35,84.32,84.76,85.43,85.52,85.23,85.62,85.84,85.5,85.86,85.87,85.59,85.15,85.52,84.49,83.2,82.25,84.02,83.34,84.0,83.83,83.5,82.8,83.59,83.79,85.04,84.99,84.73,84.96,85.43,85.03,85.19,85.31,85.03,84.54,85.28,78.55,77.98,77.64,75.81,72.11,75.28,73.03,74.58,73.35,69.96,66.79,70.38,66.95,64.87,62.75,61.83,59.9,57.63,60.17,63.6,72.61,66.7,65.95,72.21,72.11,75.28,76.4,77.31,76.54,77.18,76.68,77.32,76.19,73.77,73.57,73.97,72.42,71.37,72.01,74.12,78.08,73.11,70.21,78.85,80.06,81.91,81.55,81.5,81.36,82.23,82.65,83.28,83.43,83.59,84.18,84.59,84.14,84.51,84.65,84.54,84.33,84.56,82.34,80.22,79.86,83.19,83.65,84.65,84.02,83.81,83.57,84.39,84.91,85.53,85.59,85.33,85.72,85.96,85.64,85.93,86.11,85.96,85.65,85.9,84.09,82.56,82.37,84.46,84.56,85.54,85.07,84.94,84.51,85.32,85.81,86.45,86.56,86.25,86.6,86.85,86.55,86.81,86.93,86.7,86.42,86.73,84.18,82.15,80.89,84.14,84.07,84.94,84.94,84.7,84.11,84.82,85.2,86.17,86.15,85.58,85.88,86.33,85.9,86.02,86.26,86.07,85.85,86.43,76.78,76.37,76.26,74.33,70.92,74.22,71.86,73.73,72.5,68.59,66.09,69.38,65.93,63.67,61.51,60.2,58.43,56.3,59.04,62.71,72.72,67.78,67.07,71.89,71.51,74.03,74.68,76.4,75.45,75.47,74.93,75.81,74.26,71.34,70.84,70.71,69.14,67.85,69.06,71.58,80.94,77.04,75.45,81.29,81.9,84.02,83.86,83.84,83.37,83.93,84.27,85.12,85.22,85.15,85.54,85.91,85.53,85.69,85.87,85.74,85.57,85.92,83.85,81.89,81.69,84.46,84.62,85.79,85.5,85.32,84.95,85.63,86.07,86.69,86.76,86.51,86.86,87.1,86.82,87.04,87.2,87.02,86.83,87.05,84.53,82.76,82.56,84.96,84.9,85.93,85.6,85.45,85.09,85.85,86.31,86.88,87.0,86.67,87.02,87.28,86.99,87.18,87.34,87.14,86.91,87.19,84.1,82.45,81.79,83.88,83.49,84.48,84.46,84.06,83.7,84.39,84.57,85.54,85.61,85.17,85.41,85.84,85.39,85.46,85.71,85.44,85.17,85.83,73.69,69.94,69.17,72.32,71.61,73.71,73.12,74.68,73.47,71.81,70.92,72.61,70.23,67.07,66.2,66.13,64.03,62.47,63.73,66.99],
  "contact_probs": [[1.0,0.99,0.96,0.07,0.01,0.0,0.01,0.02,0.83,0.99,0.97,0.01,0.06,0.03,0.81,0.99,0.97,0.01,0.05,0.05,0.84,0.99,0.97,0.01,0.09,0.04,0.79,0.99,0.97,0.29],[0.99,1.0,0.99,0.07,0.07,0.04,0.05,0.84,0.99,0.98,0.71,0.0,0.03,0.85,1.0,0.98,0.71,0.0,0.03,0.81,1.0,0.98,0.66,0.0,0.05,0.83,1.0,0.98,0.68,0.01],[0.96,0.99,1.0,0.07,0.47,0.33,0.35,0.98,0.97,0.72,0.07,0.0,0.02,0.99,0.98,0.73,0.06,0.0,0.02,0.99,0.98,0.72,0.08,0.0,0.03,0.99,0.97,0.64,0.05,0.0],[0.07,0.07,0.07,1.0,0.11,0.07,0.07,0.07,0.09,0.11,0.13,0.05,0.08,0.1,0.13,0.15,0.17,0.1,0.17,0.16,0.16,0.13,0.13,0.06,0.12,0.1,0.09,0.08,0.08,0.08],[0.01,0.07,0.47,0.11,1.0,0.59,0.41,0.18,0.03,0.01,0.0,0.0,0.01,0.27,0.1,0.0,0.0,0.0,0.01,0.51,0.26,0.0,0.0,0.0,0.01,0.45,0.07,0.01,0.0,0.0],[0.0,0.04,0.33,0.07,0.59,1.0,0.42,0.46,0.13,0.0,0.0,0.0,0.01,0.39,0.12,0.0,0.0,0.0,0.01,0.3,0.04,0.0,0.0,0.0,0.02,0.23,0.05,0.0,0.0,0.0],[0.01,0.05,0.35,0.07,0.41,0.42,1.0,0.7,0.08,0.0,0.0,0.0,0.01,0.1,0.01,0.0,0.0,0.0,0.01,0.07,0.01,0.0,0.0,0.0,0.02,0.56,0.44,0.01,0.0,0.0],[0.02,0.84,0.98,0.07,0.18,0.46,0.7,1.0,1.0,0.02,0.0,0.0,0.01,0.28,0.01,0.01,0.0,0.0,0.0,0.01,0.01,0.0,0.0,0.0,0.0,0.27,0.96,0.81,0.0,0.0],[0.83,0.99,0.97,0.09,0.03,0.13,0.08,1.0,1.0,1.0,0.02,0.0,0.17,0.97,0.16,0.02,0.02,0.0,0.0,0.0,0.01,0.02,0.01,0.0,0.0,0.01,0.2,0.96,0.74,0.01],[0.99,0.98,0.72,0.11,0.01,0.0,0.0,0.02,1.0,1.0,1.0,0.03,0.5,0.85,0.98,0.26,0.02,0.0,0.0,0.0,0.01,0.02,0.01,0.0,0.01,0.01,0.02,0.28,0.94,0.25],[0.97,0.71,0.07,0.13,0.0,0.0,0.0,0.0,0.02,1.0,1.0,0.09,0.49,0.0,0.71,0.97,0.09,0.01,0.01,0.0,0.0,0.02,0.01,0.0,0.0,0.0,0.01,0.01,0.18,0.35],[0.01,0.0,0.0,0.05,0.0,0.0,0.0,0.0,0.0,0.03,0.09,1.0,0.27,0.01,0.01,0.01,0.0,0.0,0.0,0.0,0.0,0.0,0.0,0.0,0.0,0.0,0.0,0.0,0.01,0.03],[0.06,0.03,0.02,0.08,0.01,0.01,0.01,0.01,0.17,0.5,0.49,0.27,1.0,0.17,0.24,0.04,0.01,0.0,0.01,0.0,0.0,0.01,0.01,0.0,0.01,0.0,0.0,0.0,0.01,0.04],[0.03,0.85,0.99,0.1,0.27,0.39,0.1,0.28,0.97,0.85,0.0,0.01,0.17,1.0,1.0,0.01,0.0,0.0,0.01,0.27,0.0,0.02,0.01,0.0,0.01,0.01,0.0,0.0,0.0,0.0],[0.81,1.0,0.98,0.13,0.1,0.12,0.01,0.01,0.16,0.98,0.71,0.01,0.24,1.0,1.0,1.0,0.01,0.01,0.16,0.97,0.23,0.02,0.03,0.0,0.0,0.0,0.01,0.02,0.01,0.0],[0.99,0.98,0.73,0.15,0.0,0.0,0.0,0.01,0.02,0.26,0.97,0.01,0.04,0.01,1.0,1.0,1.0,0.03,0.53,0.86,0.97,0.26,0.02,0.0,0.0,0.0,0.01,0.02,0.03,0.0],[0.97,0.71,0.06,0.17,0.0,0.0,0.0,0.0,0.02,0.02,0.09,0.0,0.01,0.0,0.01,1.0,1.0,0.08,0.47,0.01,0.7,0.95,0.06,0.0,0.01,0.0,0.0,0.02,0.01,0.01],[0.01,0.0,0.0,0.1,0.0,0.0,0.0,0.0,0.0,0.0,0.01,0.0,0.0,0.0,0.01,0.03,0.08,1.0,0.25,0.01,0.01,0.01,0.0,0.0,0.0,0.0,0.0,0.0,0.0,0.01],[0.05,0.03,0.02,0.17,0.01,0.01,0.01,0.0,0.0,0.0,0.01,0.0,0.01,0.01,0.16,0.53,0.47,0.25,1.0,0.17,0.22,0.02,0.01,0.0,0.01,0.0,0.0,0.01,0.01,0.02],[0.05,0.81,0.99,0.16,0.51,0.3,0.07,0.01,0.0,0.0,0.0,0.0,0.0,0.27,0.97,0.86,0.01,0.01,0.17,1.0,1.0,0.01,0.0,0.0,0.01,0.2,0.01,0.02,0.01,0.0],[0.84,1.0,0.98,0.16,0.26,0.04,0.01,0.01,0.01,0.01,0.0,0.0,0.0,0.0,0.23,0.97,0.7,0.01,0.22,1.0,1.0,1.0,0.02,0.0,0.18,0.97,0.17,0.05,0.03,0.0],[0.99,0.98,0.72,0.13,0.0,0.0,0.0,0.0,0.02,0.02,0.02,0.0,0.01,0.02,0.02,0.26,0.95,0.01,0.02,0.01,1.0,1.0,1.0,0.03,0.56,0.85,0.98,0.24,0.02,0.01],[0.97,0.66,0.08,0.13,0.0,0.0,0.0,0.0,0.01,0.01,0.01,0.0,0.01,0.01,0.03,0.02,0.06,0.0,0.01,0.0,0.02,1.0,1.0,0.07,0.55,0.01,0.65,0.95,0.08,0.11],[0.01,0.0,0.0,0.06,0.0,0.0,0.0,0.0,0.0,0.0,0.0,0.0,0.0,0.0,0.0,0.0,0.0,0.0,0.0,0.0,0.0,0.03,0.07,1.0,0.21,0.01,0.01,0.01,0.0,0.01],[0.09,0.05,0.03,0.12,0.01,0.02,0.02,0.0,0.0,0.01,0.0,0.0,0.01,0.01,0.0,0.0,0.01,0.0,0.01,0.01,0.18,0.56,0.55,0.21,1.0,0.27,0.3,0.07,0.01,0.02],[0.04,0.83,0.99,0.1,0.45,0.23,0.56,0.27,0.01,0.01,0.0,0.0,0.0,0.01,0.0,0.0,0.0,0.0,0.0,0.2,0.97,0.85,0.01,0.01,0.27,1.0,1.0,0.02,0.0,0.0],[0.79,1.0,0.97,0.09,0.07,0.05,0.44,0.96,0.2,0.02,0.01,0.0,0.0,0.0,0.01,0.01,0.0,0.0,0.0,0.01,0.17,0.98,0.65,0.01,0.3,1.0,1.0,1.0,0.01,0.0],[0.99,0.98,0.64,0.08,0.01,0.0,0.01,0.81,0.96,0.28,0.01,0.0,0.0,0.0,0.02,0.02,0.02,0.0,0.01,0.02,0.05,0.24,0.95,0.01,0.07,0.02,1.0,1.0,1.0,0.27],[0.97,0.68,0.05,0.08,0.0,0.0,0.0,0.0,0.74,0.94,0.18,0.01,0.01,0.0,0.01,0.03,0.01,0.0,0.01,0.01,0.03,0.02,0.08,0.0,0.01,0.0,0.01,1.0,1.0,0.76],[0.29,0.01,0.0,0.08,0.0,0.0,0.0,0.0,0.01,0.25,0.35,0.03,0.04,0.0,0.0,0.0,0.01,0.01,0.02,0.0,0.0,0.01,0.11,0.01,0.02,0.0,0.0,0.27,0.76,1.0]],
  "pae": [[0.8,2.0,2.8,10.1,11.9,12.2,9.3,3.9,3.0,2.8,2.9,6.3,5.1,3.8,3.2,2.7,3.1,7.0,5.9,3.9,2.8,2.8,3.2,6.9,5.3,4.1,3.4,2.4,2.8,6.5],[2.2,0.8,1.8,8.2,10.3,10.8,7.9,2.6,1.9,2.0,2.5,5.4,4.5,2.6,2.1,2.0,2.7,5.9,4.7,2.6,1.9,1.9,2.8,5.5,4.4,2.6,1.9,1.8,2.4,6.2],[3.4,2.8,0.8,8.7,12.5,12.9,9.4,3.7,3.1,4.3,5.9,8.2,6.0,3.3,3.4,4.2,5.9,8.7,6.3,3.4,3.3,4.4,5.8,8.2,6.0,3.2,3.6,3.8,4.9,8.6],[14.8,11.5,10.7,0.9,19.8,21.1,18.2,13.9,14.5,14.6,15.8,23.8,17.9,14.3,13.5,13.9,15.6,23.5,17.4,13.6,13.5,14.0,15.2,23.4,16.1,13.8,13.8,14.5,15.7,19.0],[18.0,16.3,15.2,15.6,1.1,5.5,5.1,12.3,14.9,17.5,19.4,22.2,18.3,18.7,19.6,19.5,18.8,23.9,18.6,18.5,16.4,15.2,15.0,15.6,12.3,11.9,11.7,12.9,16.6,15.6],[17.3,15.4,15.3,16.8,3.7,1.2,5.4,11.1,14.8,17.6,19.5,22.3,18.1,17.7,19.4,19.3,18.7,24.4,18.4,18.1,16.2,15.1,15.2,17.1,13.1,12.2,11.4,12.7,16.9,15.2],[16.6,14.9,13.0,13.8,5.2,5.0,1.2,9.6,10.8,14.2,16.1,20.2,15.3,16.3,16.3,17.3,18.8,22.5,16.8,16.1,15.5,15.0,13.5,14.5,11.0,10.6,9.2,10.9,14.4,13.7],[2.7,2.3,2.0,8.8,8.5,7.4,4.7,0.8,1.0,1.4,2.0,4.7,3.3,1.4,1.6,1.9,2.4,5.7,3.6,1.7,1.6,1.8,2.0,4.4,3.3,1.3,1.2,1.2,1.6,4.6],[2.6,1.7,2.1,9.0,9.7,9.3,5.6,1.0,0.8,1.0,1.3,3.9,2.8,1.2,1.2,1.5,1.7,4.5,3.4,1.5,1.5,1.5,1.7,4.2,3.4,1.3,1.1,1.0,1.3,4.6],[2.3,2.0,2.3,9.2,10.4,9.9,6.7,1.3,0.9,0.8,1.1,3.6,2.4,1.3,1.3,1.3,1.5,4.5,3.4,1.6,1.6,1.6,1.6,4.4,3.5,1.7,1.5,1.1,1.2,4.8],[2.4,2.1,2.6,9.3,9.1,9.4,6.4,2.0,1.3,1.0,0.8,3.4,2.4,1.8,1.5,1.4,1.5,4.4,3.7,2.0,1.8,1.8,1.9,4.8,3.6,2.3,2.1,1.6,1.4,5.2],[8.6,9.2,8.7,14.4,16.4,15.6,14.1,9.8,6.0,4.8,5.3,1.4,5.4,7.4,7.7,9.1,10.6,12.9,10.3,10.4,11.5,12.1,11.3,14.4,10.5,11.3,10.5,8.8,8.0,9.7],[5.4,4.7,4.4,11.0,12.4,12.8,10.1,4.4,4.6,4.1,3.7,4.8,1.2,3.9,4.4,4.8,4.5,8.8,6.5,4.6,5.4,5.1,4.9,11.0,6.9,5.6,5.4,4.4,4.9,8.6],[2.6,2.0,2.1,9.1,10.2,10.8,7.1,1.4,1.2,1.3,1.6,3.8,2.2,0.8,1.0,1.4,1.7,4.4,3.4,1.4,1.5,1.8,2.3,4.6,3.2,1.7,1.7,1.6,1.7,4.4],[2.4,1.8,2.2,9.2,9.9,9.9,6.9,1.4,1.1,1.2,1.3,3.7,2.3,1.0,0.8,1.0,1.4,4.1,3.1,1.3,1.2,1.5,1.7,4.2,3.3,1.5,1.5,1.4,1.6,5.1],[2.1,1.7,2.4,9.3,9.7,9.6,6.9,1.7,1.4,1.2,1.3,4.0,2.8,1.3,1.0,0.8,1.0,3.9,2.7,1.3,1.2,1.2,1.5,4.1,3.3,1.6,1.5,1.5,1.5,4.9],[2.1,2.1,2.5,9.3,10.0,10.0,6.7,2.3,1.8,1.6,1.4,4.0,3.0,1.7,1.3,0.9,0.8,3.6,2.4,1.7,1.5,1.4,1.6,4.3,3.5,1.8,1.8,1.7,1.7,5.4],[8.4,8.9,8.1,13.6,15.3,15.8,13.5,10.2,9.3,9.1,9.2,12.4,9.7,8.2,6.0,4.5,5.8,1.4,4.7,7.8,8.2,8.8,10.7,13.4,10.2,9.7,9.5,10.2,10.3,10.9],[5.5,5.0,5.1,10.8,12.4,12.9,10.4,5.7,5.2,5.0,4.9,8.0,6.7,5.3,3.9,4.0,3.5,5.5,1.2,4.7,4.7,5.2,5.2,9.4,6.3,4.9,5.0,4.9,5.2,8.9],[2.7,2.0,2.2,9.2,10.7,10.7,7.4,1.8,1.7,1.8,1.8,4.5,3.1,1.4,1.2,1.3,1.6,4.2,2.3,0.8,0.9,1.3,1.8,4.2,3.2,1.3,1.5,1.7,2.0,5.2],[2.3,1.7,2.1,9.1,9.9,10.2,6.4,1.6,1.6,1.6,1.7,4.4,3.3,1.5,1.3,1.2,1.3,4.2,2.6,1.0,0.8,1.0,1.4,3.9,2.8,1.3,1.2,1.4,1.7,5.0],[2.1,1.7,2.3,9.1,9.7,9.8,6.2,1.6,1.5,1.6,1.7,4.3,3.3,1.7,1.5,1.2,1.2,4.3,3.1,1.3,1.0,0.8,1.1,3.7,2.7,1.2,1.2,1.2,1.5,4.5],[2.3,2.1,2.4,9.4,9.4,9.4,6.3,1.9,1.8,1.9,1.9,4.8,3.6,2.0,1.9,1.6,1.4,4.1,3.5,1.8,1.3,1.0,0.8,3.5,2.5,1.5,1.4,1.3,1.5,5.0],[8.0,7.8,7.0,12.8,11.5,11.9,9.5,8.8,9.9,10.9,10.9,15.1,10.6,9.8,9.9,9.0,8.9,12.3,10.0,7.6,5.9,4.6,5.8,1.4,4.8,7.1,7.7,7.8,9.0,10.0],[5.6,4.9,4.6,10.4,10.6,10.5,8.1,5.7,4.8,4.8,4.9,10.1,7.5,5.7,4.8,4.3,5.0,8.2,6.2,4.7,4.2,3.7,3.4,5.8,1.1,4.0,3.9,4.8,5.3,8.5],[2.5,2.0,1.9,8.7,9.6,9.7,6.4,1.3,1.4,1.7,2.0,4.9,3.2,1.6,1.6,1.6,1.7,4.7,3.2,1.3,1.1,1.2,1.6,3.8,2.3,0.8,0.9,1.2,1.7,4.6],[2.3,1.7,2.1,9.1,9.7,8.9,6.2,1.2,1.2,1.4,1.6,4.2,3.1,1.5,1.5,1.5,1.6,4.5,3.4,1.4,1.2,1.1,1.3,3.6,2.5,0.9,0.8,0.9,1.3,4.1],[2.2,1.7,2.2,9.3,9.7,8.8,6.3,1.3,1.1,1.2,1.5,4.0,3.1,1.5,1.5,1.5,1.5,4.6,3.7,1.5,1.3,1.1,1.2,3.8,2.9,1.1,0.9,0.8,1.0,4.0],[2.4,2.2,2.5,9.5,9.5,9.9,6.6,1.7,1.2,1.3,1.5,4.1,3.3,1.8,1.7,1.7,1.7,4.8,3.9,1.9,1.7,1.5,1.4,4.2,3.4,1.6,1.2,0.9,0.8,3.5],[9.5,10.2,10.1,12.7,12.1,12.2,11.3,9.0,6.4,7.7,8.2,10.7,10.5,8.7,8.8,9.8,10.0,13.8,11.4,10.3,8.3,9.0,9.1,12.4,10.7,8.4,7.3,6.2,6.7,1.5]],
  "token_chain_ids": ["A","B","C","D","E","E","E","E","E","E","E","E","E","E","E","E","E","E","E","E","E","E","E","E","E","E","E","E","E","E"],
  "token_res_ids": [1,1,1,1,1,2,3,4,5,6,7,8,9,10,11,12,13,14,15,16,17,18,19,20,21,22,23,24,25,26]
}