{
  "atom_chain_ids": ["A","B","C","D","E","E","E","E","E","E","E","E","E","E","E","E","E","E","E","E","E","E","E","E","E","E","E","E","E","E","E","E","E","E","E","E","E","E","E","E","E","E","E","E","E","E","E","E","E","E","E","E","E","E","E","E","E","E","E","E","E","E","E","E","E","E","E","E","E","E","E","E","E","E","E","E","E","E","E","E","E","E","E","E","E","E","E","E","E","E","E","E","E","E","E","E","E","E","E","E","E","E","E","E","E","E","E","E","E","E","E","E","E","E","E","E","E","E","E","E","E","E","E","E","E","E","E","E","E","E","E","E","E","E","E","E","E","E","E","E","E","E","E","E","E","E","E","E","E","E","E","E","E","E","E","E","E","E","E","E","E","E","E","E","E","E","E","E","E","E","E","E","E","E","E","E","E","E","E","E","E","E","E","E","E","E","E","E","E","E","E","E","E","E","E","E","E","E","E","E","E","E","E","E","E","E","E","E","E","E","E","E","E","E","E","E","E","E","E","E","E","E","E","E","E","E","E","E","E","E","E","E","E","E","E","E","E","E","E","E","E","E","E","E","E","E","E","E","E","E","E","E","E","E","E","E","E","E","E","E","E","E","E","E","E","E","E","E","E","E","E","E","E","E","E","E","E","E","E","E","E","E","E","E","E","E","E","E","E","E","E","E","E","E","E","E","E","E","E","E","E","E","E","E","E","E","E","E","E","E","E","E","E","E","E","E","E","E","E","E","E","E","E","E","E","E","E","E","E","E","E","E","E","E","E","E","E","E","E","E","E","E","E","E","E","E","E","E","E","E","E","E","E","E","E","E","E","E","E","E","E","E","E","E","E","E","E","E","E","E","E","E","E","E","E","E","E","E","E","E","E","E","E","E","E","E","E","E","E","E","E","E","E","E","E","E","E","E","E","E","E","E","E","E","E","E","E","E","E","E","E","E","E","E","E","E","E","E","E","E","E","E","E","E","E","E","E","E","E","E","E","E","E","E","E","E","E","E","E","E","E","E","E","E","E","E","E","E","E","E","E","E","E","E","E","E","E","E","E","E","E","E","E","E","E","E","E","E","E","E","E","E","E","E","E","E","E","E","E","E","E","E","E","E","E","E","E","E","E","E","E","E","E","E","E","E","E","E","E","E","E","E","E","E","E","E","E","E","E","E","E","E","E","E","E","E","E","E","E","E","E","E","E","E","E","E","E","E","E","E","E","E","E","E","E","E","E","E","E","E","E","E","E","E","E","E","E","E","E","E","E","E","E","E","E","E","E","E","E"],
  "atom_plddts": [92.01,92.82,90.94,51.25,47.19,49.74,45.24,42.97,48.11,48.02,48.61,46.95,50.77,50.4,47.5,45.6,45.69,41.58,40.44,39.11,37.97,35.6,34.85,36.06,38.12,39.2,43.37,55.96,50.52,49.52,56.97,55.72,56.3,53.82,58.37,57.47,54.95,52.65,54.44,50.73,46.27,44.45,42.95,41.23,39.52,42.54,46.83,56.65,51.67,50.89,57.06,56.34,56.72,55.17,58.8,57.89,55.58,53.57,55.49,52.54,48.85,47.48,46.24,44.69,42.97,45.44,49.15,80.8,75.48,71.77,81.07,82.6,84.66,84.4,84.04,83.79,84.43,84.9,85.69,85.73,86.17,86.81,87.09,86.75,87.19,87.31,87.09,87.13,87.15,85.65,83.96,83.5,86.03,85.9,87.02,86.78,86.45,86.15,86.88,87.38,88.05,88.09,87.84,88.26,88.42,88.21,88.56,88.63,88.36,88.18,88.28,86.19,84.66,84.06,86.27,85.92,86.91,86.62,86.33,85.92,86.72,87.19,87.94,87.94,87.66,88.11,88.25,87.97,88.38,88.4,88.13,87.89,88.06,86.37,84.69,83.58,86.02,85.45,86.11,86.19,85.68,85.12,85.89,86.25,87.41,87.37,87.05,87.41,87.75,87.46,87.84,87.89,87.53,87.32,87.68,81.27,80.09,79.72,78.67,75.13,78.63,77.39,78.49,77.12,74.38,71.5,75.07,72.23,70.01,68.28,67.95,65.67,63.76,65.68,68.87,73.6,67.09,66.28,73.15,73.25,76.7,78.05,78.66,77.91,78.5,78.29,79.03,78.24,76.53,76.55,77.1,75.65,75.0,75.32,77.2,80.87,75.93,72.73,81.64,82.85,84.62,84.23,83.87,83.75,84.67,85.17,85.92,85.94,86.24,86.89,87.08,86.74,87.3,87.32,87.18,87.1,87.04,84.81,82.73,81.88,85.38,85.56,86.54,86.17,85.85,85.54,86.43,87.05,87.73,87.74,87.44,88.0,88.09,87.82,88.35,88.32,88.09,87.9,87.92,85.87,84.54,84.04,85.96,85.91,86.74,86.24,86.04,85.59,86.51,87.07,87.78,87.83,87.45,87.99,88.08,87.76,88.26,88.22,87.91,87.63,87.78,86.29,84.78,83.73,85.72,85.2,85.91,85.87,85.51,84.8,85.55,85.84,87.09,87.02,86.76,87.14,87.46,87.05,87.39,87.44,87.11,86.83,87.34,81.34,80.51,80.08,78.56,75.29,78.45,76.98,78.12,76.72,74.11,71.29,74.71,72.05,70.05,68.33,68.12,66.09,64.17,65.83,68.75,75.81,69.84,68.59,75.12,75.12,78.94,80.3,80.71,79.85,80.6,80.3,80.93,80.12,78.33,78.46,79.06,77.6,77.06,77.03,78.94,80.78,76.19,73.18,81.43,82.67,84.31,83.96,83.65,83.47,84.36,84.93,85.62,85.67,85.97,86.65,86.84,86.5,87.1,87.1,86.92,86.76,86.74,84.35,82.41,81.67,84.92,85.32,86.23,85.68,85.45,85.1,85.97,86.63,87.34,87.35,87.12,87.66,87.73,87.42,87.89,87.97,87.76,87.52,87.6,85.7,84.34,83.92,85.79,85.63,86.51,86.13,85.97,85.48,86.3,86.81,87.55,87.59,87.34,87.8,87.94,87.63,88.04,88.07,87.77,87.52,87.73,86.28,84.41,83.09,85.89,85.51,86.28,86.3,86.03,85.38,86.06,86.41,87.53,87.43,87.05,87.44,87.75,87.34,87.63,87.76,87.47,87.35,87.76,80.73,79.8,79.45,78.07,75.11,78.42,76.91,78.5,76.92,73.6,71.34,74.48,71.61,69.28,67.41,66.82,64.66,62.73,64.76,68.09,76.86,71.82,70.97,75.97,76.28,79.37,80.44,81.32,80.3,80.69,80.39,81.03,79.99,77.76,77.59,77.86,76.37,75.65,76.14,78.25,82.03,77.8,75.8,82.25,82.93,85.03,84.89,84.82,84.31,84.86,85.22,86.19,86.24,86.41,86.91,87.2,86.84,87.17,87.25,87.05,86.93,87.15,85.24,83.31,82.89,85.62,85.62,86.75,86.51,86.36,85.93,86.55,87.02,87.76,87.82,87.73,88.16,88.36,88.14,88.47,88.52,88.26,88.13,88.22,85.51,83.84,83.47,85.77,85.53,86.47,86.13,85.94,85.54,86.36,86.89,87.54,87.66,87.52,87.98,88.21,87.98,88.36,88.35,88.04,87.84,87.98,85.12,83.3,82.47,84.93,84.55,85.4,85.43,85.01,84.61,85.29,85.57,86.58,86.62,86.37,86.7,87.07,86.68,86.92,87.07,86.74,86.58,87.05,75.46,71.73,70.89,73.94,73.27,75.47,74.77,76.39,74.99,73.36,72.57,74.29,71.81,68.52,67.8,67.8,65.67,64.3,65.21,68.56],
  "contact_probs": [[1.0,0.99,0.96,0.07,0.01,0.0,0.01,0.02,0.83,0.99,0.97,0.01,0.06,0.03,0.81,0.99,0.97,0.01,0.05,0.05,0.84,0.99,0.97,0.01,0.09,0.04,0.79,0.99,0.97,0.29],[0.99,1.0,0.99,0.07,0.07,0.04,0.05,0.84,0.99,0.98,0.71,0.0,0.03,0.85,1.0,0.98,0.71,0.0,0.03,0.81,1.0,0.98,0.66,0.0,0.05,0.83,1.0,0.98,0.68,0.01],[0.96,0.99,1.0,0.07,0.47,0.33,0.35,0.98,0.97,0.72,0.07,0.0,0.02,0.99,0.98,0.73,0.06,0.0,0.02,0.99,0.98,0.72,0.08,0.0,0.03,0.99,0.97,0.64,0.05,0.0],[0.07,0.07,0.07,1.0,0.11,0.07,0.07,0.07,0.09,0.11,0.13,0.05,0.08,0.1,0.13,0.15,0.17,0.1,0.17,0.16,0.16,0.13,0.13,0.06,0.12,0.1,0.09,0.08,0.08,0.08],[0.01,0.07,0.47,0.11,1.0,0.59,0.41,0.18,0.03,0.01,0.0,0.0,0.01,0.27,0.1,0.0,0.0,0.0,0.01,0.51,0.26,0.0,0.0,0.0,0.01,0.45,0.07,0.01,0.0,0.0],[0.0,0.04,0.33,0.07,0.59,1.0,0.42,0.46,0.13,0.0,0.0,0.0,0.01,0.39,0.12,0.0,0.0,0.0,0.01,0.3,0.04,0.0,0.0,0.0,0.02,0.23,0.05,0.0,0.0,0.0],[0.01,0.05,0.35,0.07,0.41,0.42,1.0,0.7,0.08,0.0,0.0,0.0,0.01,0.1,0.01,0.0,0.0,0.0,0.01,0.07,0.01,0.0,0.0,0.0,0.02,0.56,0.44,0.01,0.0,0.0],[0.02,0.84,0.98,0.07,0.18,0.46,0.7,1.0,1.0,0.02,0.0,0.0,0.01,0.28,0.01,0.01,0.0,0.0,0.0,0.01,0.01,0.0,0.0,0.0,0.0,0.27,0.96,0.81,0.0,0.0],[0.83,0.99,0.97,0.09,0.03,0.13,0.08,1.0,1.0,1.0,0.02,0.0,0.17,0.97,0.16,0.02,0.02,0.0,0.0,0.0,0.01,0.02,0.01,0.0,0.0,0.01,0.2,0.96,0.74,0.01],[0.99,0.98,0.72,0.11,0.01,0.0,0.0,0.02,1.0,1.0,1.0,0.03,0.5,0.85,0.98,0.26,0.02,0.0,0.0,0.0,0.01,0.02,0.01,0.0,0.01,0.01,0.02,0.28,0.94,0.25],[0.97,0.71,0.07,0.13,0.0,0.0,0.0,0.0,0.02,1.0,1.0,0.09,0.49,0.0,0.71,0.97,0.09,0.01,0.01,0.0,0.0,0.02,0.01,0.0,0.0,0.0,0.01,0.01,0.18,0.35],[0.01,0.0,0.0,0.05,0.0,0.0,0.0,0.0,0.0,0.03,0.09,1.0,0.27,0.01,0.01,0.01,0.0,0.0,0.0,0.0,0.0,0.0,0.0,0.0,0.0,0.0,0.0,0.0,0.01,0.03],[0.06,0.03,0.02,0.08,0.01,0.01,0.01,0.01,0.17,0.5,0.49,0.27,1.0,0.17,0.24,0.04,0.01,0.0,0.01,0.0,0.0,0.01,0.01,0.0,0.01,0.0,0.0,0.0,0.01,0.04],[0.03,0.85,0.99,0.1,0.27,0.39,0.1,0.28,0.97,0.85,0.0,0.01,0.17,1.0,1.0,0.01,0.0,0.0,0.01,0.27,0.0,0.02,0.01,0.0,0.01,0.01,0.0,0.0,0.0,0.0],[0.81,1.0,0.98,0.13,0.1,0.12,0.01,0.01,0.16,0.98,0.71,0.01,0.24,1.0,1.0,1.0,0.01,0.01,0.16,0.97,0.23,0.02,0.03,0.0,0.0,0.0,0.01,0.02,0.01,0.0],[0.99,0.98,0.73,0.15,0.0,0.0,0.0,0.01,0.02,0.26,0.97,0.01,0.04,0.01,1.0,1.0,1.0,0.03,0.53,0.86,0.97,0.26,0.02,0.0,0.0,0.0,0.01,0.02,0.03,0.0],[0.97,0.71,0.06,0.17,0.0,0.0,0.0,0.0,0.02,0.02,0.09,0.0,0.01,0.0,0.01,1.0,1.0,0.08,0.47,0.01,0.7,0.95,0.06,0.0,0.01,0.0,0.0,0.02,0.01,0.01],[0.01,0.0,0.0,0.1,0.0,0.0,0.0,0.0,0.0,0.0,0.01,0.0,0.0,0.0,0.01,0.03,0.08,1.0,0.25,0.01,0.01,0.01,0.0,0.0,0.0,0.0,0.0,0.0,0.0,0.01],[0.05,0.03,0.02,0.17,0.01,0.01,0.01,0.0,0.0,0.0,0.01,0.0,0.01,0.01,0.16,0.53,0.47,0.25,1.0,0.17,0.22,0.02,0.01,0.0,0.01,0.0,0.0,0.01,0.01,0.02],[0.05,0.81,0.99,0.16,0.51,0.3,0.07,0.01,0.0,0.0,0.0,0.0,0.0,0.27,0.97,0.86,0.01,0.01,0.17,1.0,1.0,0.01,0.0,0.0,0.01,0.2,0.01,0.02,0.01,0.0],[0.84,1.0,0.98,0.16,0.26,0.04,0.01,0.01,0.01,0.01,0.0,0.0,0.0,0.0,0.23,0.97,0.7,0.01,0.22,1.0,1.0,1.0,0.02,0.0,0.18,0.97,0.17,0.05,0.03,0.0],[0.99,0.98,0.72,0.13,0.0,0.0,0.0,0.0,0.02,0.02,0.02,0.0,0.01,0.02,0.02,0.26,0.95,0.01,0.02,0.01,1.0,1.0,1.0,0.03,0.56,0.85,0.98,0.24,0.02,0.01],[0.97,0.66,0.08,0.13,0.0,0.0,0.0,0.0,0.01,0.01,0.01,0.0,0.01,0.01,0.03,0.02,0.06,0.0,0.01,0.0,0.02,1.0,1.0,0.07,0.55,0.01,0.65,0.95,0.08,0.11],[0.01,0.0,0.0,0.06,0.0,0.0,0.0,0.0,0.0,0.0,0.0,0.0,0.0,0.0,0.0,0.0,0.0,0.0,0.0,0.0,0.0,0.03,0.07,1.0,0.21,0.01,0.01,0.01,0.0,0.01],[0.09,0.05,0.03,0.12,0.01,0.02,0.02,0.0,0.0,0.01,0.0,0.0,0.01,0.01,0.0,0.0,0.01,0.0,0.01,0.01,0.18,0.56,0.55,0.21,1.0,0.27,0.3,0.07,0.01,0.02],[0.04,0.83,0.99,0.1,0.45,0.23,0.56,0.27,0.01,0.01,0.0,0.0,0.0,0.01,0.0,0.0,0.0,0.0,0.0,0.2,0.97,0.85,0.01,0.01,0.27,1.0,1.0,0.02,0.0,0.0],[0.79,1.0,0.97,0.09,0.07,0.05,0.44,0.96,0.2,0.02,0.01,0.0,0.0,0.0,0.01,0.01,0.0,0.0,0.0,0.01,0.17,0.98,0.65,0.01,0.3,1.0,1.0,1.0,0.01,0.0],[0.99,0.98,0.64,0.08,0.01,0.0,0.01,0.81,0.96,0.28,0.01,0.0,0.0,0.0,0.02,0.02,0.02,0.0,0.01,0.02,0.05,0.24,0.95,0.01,0.07,0.02,1.0,1.0,1.0,0.27],[0.97,0.68,0.05,0.08,0.0,0.0,0.0,0.0,0.74,0.94,0.18,0.01,0.01,0.0,0.01,0.03,0.01,0.0,0.01,0.01,0.03,0.02,0.08,0.0,0.01,0.0,0.01,1.0,1.0,0.76],[0.29,0.01,0.0,0.08,0.0,0.0,0.0,0.0,0.01,0.25,0.35,0.03,0.04,0.0,0.0,0.0,0.01,0.01,0.02,0.0,0.0,0.01,0.11,0.01,0.02,0.0,0.0,0.27,0.76,1.0]],
  "pae": [[0.8,1.9,2.8,9.4,13.0,10.8,8.8,3.6,2.9,2.7,2.8,6.0,4.9,3.6,2.9,2.6,3.0,6.0,5.1,3.6,2.7,2.7,3.0,6.0,4.6,3.8,3.1,2.4,2.8,6.3],[2.1,0.8,1.8,7.6,11.5,9.5,7.5,2.4,1.8,1.9,2.3,5.0,4.0,2.4,1.9,1.8,2.4,5.1,4.1,2.3,1.8,1.8,2.5,4.8,4.0,2.3,1.8,1.7,2.3,5.6],[3.3,2.7,0.8,8.4,13.6,11.7,9.6,3.5,3.2,4.3,5.7,7.7,5.6,3.2,3.2,4.3,5.4,8.2,5.8,3.3,3.1,4.4,5.7,7.7,5.3,3.2,3.6,3.8,4.9,8.0],[13.7,11.8,10.2,0.9,25.2,23.7,22.0,14.2,14.4,14.7,15.9,23.5,17.9,14.2,13.4,13.7,15.1,23.4,16.9,13.3,12.9,13.7,15.6,23.8,16.2,14.3,13.5,14.6,16.2,18.9],[18.3,18.7,18.0,20.2,1.1,4.8,6.4,13.8,16.3,19.2,19.8,22.8,18.6,18.9,19.6,19.1,20.4,24.6,20.5,20.2,19.9,18.4,18.9,17.8,14.1,16.0,15.3,16.7,18.9,17.6],[17.5,16.8,15.6,18.6,4.0,1.2,4.8,10.6,12.6,17.3,19.1,20.3,17.9,19.3,20.2,19.2,19.8,23.4,19.1,20.0,18.3,15.8,15.6,15.9,13.3,13.5,11.1,12.9,15.3,15.5],[15.5,14.4,13.0,16.3,5.7,4.5,1.2,9.9,10.0,14.4,15.1,18.1,14.8,16.8,16.1,16.6,17.8,21.2,16.7,17.7,16.3,14.1,14.5,13.6,11.7,11.6,9.7,11.0,12.3,13.6],[2.6,2.2,2.0,8.3,9.1,6.1,3.7,0.8,0.9,1.3,1.8,4.2,2.9,1.3,1.5,1.7,2.2,4.8,3.1,1.6,1.5,1.6,1.8,4.0,2.9,1.3,1.1,1.2,1.5,4.4],[2.4,1.7,2.1,8.4,9.2,7.6,4.5,0.9,0.8,0.9,1.3,3.7,2.5,1.2,1.1,1.4,1.6,4.0,3.1,1.5,1.4,1.4,1.5,3.8,3.0,1.3,1.1,1.0,1.2,4.2],[2.3,2.0,2.4,8.8,10.4,8.4,5.8,1.2,0.9,0.8,1.0,3.4,2.3,1.3,1.3,1.2,1.4,3.9,3.0,1.5,1.5,1.5,1.5,4.0,2.9,1.6,1.4,1.1,1.1,4.0],[2.2,2.1,2.5,8.8,10.3,8.0,5.8,1.8,1.2,1.0,0.8,3.3,2.2,1.7,1.4,1.3,1.4,4.1,3.2,1.9,1.7,1.7,1.7,4.5,3.2,2.1,1.9,1.5,1.3,4.3],[7.8,8.6,7.9,12.7,16.6,13.6,12.8,8.8,5.2,4.8,5.2,1.4,5.0,7.2,7.4,8.3,9.7,11.3,9.5,9.4,10.1,10.8,9.8,13.5,9.5,10.5,9.9,8.6,7.8,8.2],[5.0,4.6,4.5,10.3,13.7,11.6,9.2,4.7,4.3,4.0,3.7,4.5,1.2,4.2,4.0,4.7,4.3,7.6,5.7,4.4,5.2,4.5,4.5,9.9,6.7,5.4,5.1,4.2,4.8,8.0],[2.5,2.1,2.1,8.4,11.6,8.8,6.7,1.3,1.1,1.2,1.5,3.6,2.1,0.8,1.0,1.3,1.7,3.8,3.0,1.4,1.5,1.7,2.1,4.3,2.8,1.6,1.5,1.5,1.6,4.2],[2.5,1.9,2.1,8.8,11.1,7.9,6.3,1.4,1.1,1.1,1.3,3.6,2.2,0.9,0.8,1.0,1.3,3.6,2.7,1.3,1.2,1.4,1.7,3.8,2.8,1.5,1.5,1.4,1.5,4.9],[2.1,1.9,2.4,8.6,10.1,8.2,6.1,1.7,1.4,1.2,1.2,3.7,2.8,1.2,1.0,0.8,1.0,3.4,2.4,1.3,1.2,1.2,1.5,4.0,3.0,1.6,1.5,1.4,1.5,4.5],[2.2,2.1,2.3,8.7,10.6,8.6,6.4,2.1,1.7,1.5,1.4,3.8,2.8,1.6,1.3,0.9,0.8,3.1,2.1,1.6,1.4,1.3,1.4,3.9,3.0,1.8,1.6,1.6,1.6,4.9],[7.1,7.6,6.9,11.8,16.0,14.1,12.9,9.0,8.3,7.8,7.1,10.7,8.5,7.1,5.4,3.9,5.0,1.4,4.5,6.6,7.4,7.1,8.9,11.2,9.2,9.1,8.6,8.9,8.5,9.8],[4.7,4.2,4.3,9.6,13.6,11.4,9.1,4.7,4.1,3.8,4.2,6.7,5.5,3.9,3.2,3.0,2.7,4.6,1.1,4.2,3.5,4.1,4.0,7.3,5.5,4.2,4.1,3.7,3.9,7.8],[2.5,2.1,2.3,8.4,11.0,9.3,7.0,1.7,1.6,1.6,1.7,4.2,2.8,1.3,1.2,1.2,1.5,3.5,2.0,0.8,1.0,1.3,1.7,4.1,2.9,1.3,1.4,1.6,1.9,4.8],[2.4,1.8,2.2,8.4,10.3,8.5,6.5,1.6,1.5,1.6,1.6,4.1,2.9,1.4,1.3,1.2,1.3,3.5,2.3,0.9,0.8,1.0,1.3,3.8,2.5,1.3,1.2,1.4,1.7,4.6],[2.1,1.8,2.4,8.6,10.0,8.2,6.0,1.6,1.5,1.6,1.6,4.1,3.1,1.6,1.4,1.2,1.2,3.7,2.6,1.3,0.9,0.8,1.0,3.4,2.4,1.2,1.2,1.1,1.4,4.5],[2.2,2.1,2.4,8.8,9.6,8.0,6.1,1.9,1.6,1.7,1.7,4.5,3.4,2.0,1.8,1.5,1.3,3.9,3.1,1.8,1.3,0.9,0.8,3.1,2.2,1.5,1.4,1.3,1.5,4.7],[7.7,7.6,7.2,12.1,13.9,11.9,9.8,8.5,9.2,10.1,9.7,12.9,10.1,9.1,9.8,9.0,7.8,11.4,8.7,7.3,5.4,4.4,5.0,1.5,4.4,6.3,7.2,7.3,8.3,9.4],[4.9,4.5,4.5,9.9,11.3,10.0,7.9,4.8,4.5,4.7,4.5,9.5,7.1,5.4,4.7,4.2,4.6,7.3,6.0,4.4,3.9,3.3,2.8,5.5,1.1,3.7,3.6,4.5,4.9,7.8],[2.5,2.0,2.0,8.2,9.5,8.2,5.7,1.3,1.4,1.7,2.1,4.5,3.0,1.6,1.6,1.6,1.7,4.1,3.0,1.3,1.2,1.2,1.5,3.6,2.0,0.8,0.9,1.2,1.6,4.4],[2.4,1.8,2.1,8.4,9.1,7.6,5.7,1.2,1.2,1.4,1.6,4.1,2.9,1.5,1.5,1.5,1.6,4.1,3.0,1.4,1.2,1.1,1.3,3.4,2.1,0.9,0.8,0.9,1.2,3.9],[2.3,1.8,2.3,8.7,9.5,7.6,5.9,1.3,1.1,1.2,1.4,3.9,3.0,1.4,1.4,1.4,1.4,4.0,3.2,1.5,1.2,1.1,1.2,3.5,2.6,1.1,0.9,0.8,0.9,3.8],[2.4,2.3,2.4,9.1,10.0,8.4,6.0,1.6,1.2,1.3,1.4,3.8,3.0,1.7,1.6,1.5,1.5,4.2,3.4,1.8,1.6,1.4,1.3,3.8,3.0,1.5,1.1,0.9,0.8,3.3],[9.5,10.7,10.5,12.3,14.2,12.5,10.7,8.8,6.8,7.6,8.4,11.7,11.1,9.4,8.3,9.3,10.3,14.0,12.5,10.0,8.3,8.6,8.7,11.7,10.5,8.0,7.0,5.8,6.2,1.4]],
  "token_chain_ids": ["A","B","C","D","E","E","E","E","E","E","E","E","E","E","E","E","E","E","E","E","E","E","E","E","E","E","E","E","E","E"],
  "token_res_ids": [1,1,1,1,1,2,3,4,5,6,7,8,9,10,11,12,13,14,15,16,17,18,19,20,21,22,23,24,25,26]
}