{
  "atom_chain_ids": ["A","B","C","D","E","E","E","E","E","E","E","E","E","E","E","E","E","E","E","E","E","E","E","E","E","E","E","E","E","E","E","E","E","E","E","E","E","E","E","E","E","E","E","E","E","E","E","E","E","E","E","E","E","E","E","E","E","E","E","E","E","E","E","E","E","E","E","E","E","E","E","E","E","E","E","E","E","E","E","E","E","E","E","E","E","E","E","E","E","E","E","E","E","E","E","E","E","E","E","E","E","E","E","E","E","E","E","E","E","E","E","E","E","E","E","E","E","E","E","E","E","E","E","E","E","E","E","E","E","E","E","E","E","E","E","E","E","E","E","E","E","E","E","E","E","E","E","E","E","E","E","E","E","E","E","E","E","E","E","E","E","E","E","E","E","E","E","E","E","E","E","E","E","E","E","E","E","E","E","E","E","E","E","E","E","E","E","E","E","E","E","E","E","E","E","E","E","E","E","E","E","E","E","E","E","E","E","E","E","E","E","E","E","E","E","E","E","E","E","E","E","E","E","E","E","E","E","E","E","E","E","E","E","E","E","E","E","E","E","E","E","E","E","E","E","E","E","E","E","E","E","E","E","E","E","E","E","E","E","E","E","E","E","E","E","E","E","E","E","E","E","E","E","E","E","E","E","E","E","E","E","E","E","E","E","E","E","E","E","E","E","E","E","E","E","E","E","E","E","E","E","E","E","E","E","E","E","E","E","E","E","E","E","E","E","E","E","E","E","E","E","E","E","E","E","E","E","E","E","E","E","E","E","E","E","E","E","E","E","E","E","E","E","E","E","E","E","E","E","E","E","E","E","E","E","E","E","E","E","E","E","E","E","E","E","E","E","E","E","E","E","E","E","E","E","E","E","E","E","E","E","E","E","E","E","E","E","E","E","E","E","E","E","E","E","E","E","E","E","E","E","E","E","E","E","E","E","E","E","E","E","E","E","E","E","E","E","E","E","E","E","E","E","E","E","E","E","E","E","E","E","E","E","E","E","E","E","E","E","E","E","E","E","E","E","E","E","E","E","E","E","E","E","E","E","E","E","E","E","E","E","E","E","E","E","E","E","E","E","E","E","E","E","E","E","E","E","E","E","E","E","E","E","E","E","E","E","E","E","E","E","E","E","E","E","E","E","E","E","E","E","E","E","E","E","E","E","E","E","E","E","E","E","E","E","E","E","E","E","E","E","E","E","E","E","E","E","E","E","E","E","E","E","E","E","E","E","E","E","E","E","E","E","E","E","E","E","E","E","E","E","E","E","E","E","E","E","E","E"],
  "atom_plddts": [92.75,93.61,91.7,37.67,64.2,66.41,60.71,59.18,64.12,68.32,71.43,72.99,74.14,73.59,74.52,73.3,74.4,73.2,73.35,74.37,73.79,71.84,70.54,71.94,72.98,73.07,75.85,71.15,66.46,65.23,70.03,68.64,71.02,69.92,71.75,70.86,69.18,66.72,70.14,67.85,64.29,62.89,62.94,61.12,59.08,60.98,64.22,75.25,69.35,67.83,74.82,75.28,77.98,78.68,80.16,79.03,78.74,77.68,79.38,78.11,74.93,74.41,75.09,73.56,72.36,73.08,75.73,84.28,80.0,76.41,84.59,85.91,87.86,87.68,87.5,87.18,87.43,87.9,88.68,88.49,88.38,88.84,88.84,88.32,88.53,88.96,88.93,88.92,89.13,88.75,87.8,87.42,88.65,88.46,89.49,89.31,89.21,88.86,89.19,89.51,90.35,90.3,89.9,90.19,90.26,90.02,90.27,90.41,90.19,89.94,90.18,88.27,86.86,86.42,88.14,87.99,89.07,88.95,88.89,88.47,88.82,89.09,89.9,89.87,89.48,89.78,89.9,89.61,89.83,89.97,89.81,89.62,89.89,87.32,85.57,84.67,86.96,86.71,87.47,87.64,87.28,86.7,87.21,87.37,88.55,88.48,88.01,88.31,88.61,88.25,88.48,88.63,88.37,88.25,88.68,81.9,80.55,79.97,79.39,75.94,79.37,77.96,79.29,77.86,74.75,71.73,75.4,72.1,69.61,67.6,66.99,64.42,62.21,64.59,68.26,75.9,69.68,68.52,75.23,75.47,78.61,79.62,80.41,79.39,79.63,78.92,80.09,78.7,76.34,76.03,76.29,74.62,73.68,74.42,76.86,83.79,79.95,77.2,84.05,85.16,86.99,86.79,86.56,86.23,86.78,87.13,87.97,87.92,87.86,88.31,88.45,88.08,88.36,88.55,88.46,88.38,88.53,86.8,84.83,84.29,87.21,87.31,88.47,88.41,88.29,87.93,88.47,88.88,89.57,89.61,89.24,89.64,89.78,89.56,89.84,89.9,89.73,89.67,89.73,86.82,85.16,84.71,87.0,87.1,88.15,87.93,87.92,87.47,88.01,88.43,89.13,89.18,88.73,89.15,89.29,88.99,89.26,89.35,89.16,89.03,89.21,86.85,85.03,84.16,86.57,86.48,87.24,87.32,87.12,86.48,86.93,87.16,88.29,88.19,87.66,87.98,88.23,87.75,87.91,88.16,87.99,87.84,88.36,81.18,80.43,79.81,78.38,75.0,78.15,76.28,77.58,76.14,72.89,69.35,73.18,69.68,67.57,65.38,64.69,62.39,59.96,62.39,65.9,74.52,68.97,68.22,73.9,73.93,76.9,77.9,79.02,78.02,78.56,78.0,78.85,77.44,74.67,74.43,74.52,72.81,71.8,72.5,75.03,82.96,78.8,75.8,83.14,84.62,86.55,86.45,86.27,85.85,86.37,86.81,87.64,87.61,87.69,88.22,88.36,88.0,88.37,88.49,88.36,88.27,88.39,86.14,84.17,83.59,86.52,86.88,88.09,87.89,87.87,87.44,87.93,88.42,89.14,89.16,88.86,89.29,89.39,89.12,89.4,89.52,89.37,89.27,89.37,86.36,84.64,84.24,86.55,86.61,87.62,87.39,87.4,86.93,87.53,88.01,88.7,88.75,88.39,88.82,88.97,88.66,88.96,89.05,88.82,88.75,88.9,86.48,84.26,82.99,86.24,86.15,87.11,87.26,87.12,86.46,86.94,87.25,88.3,88.19,87.63,88.01,88.26,87.77,87.94,88.2,88.04,88.03,88.45,80.89,79.73,79.38,78.45,75.68,78.74,76.83,78.65,77.08,73.55,71.3,74.31,70.9,68.16,66.02,65.01,62.71,60.6,63.07,67.0,77.62,72.34,71.12,76.58,76.99,79.93,80.74,81.93,80.67,80.85,80.36,81.32,80.02,77.56,77.38,77.49,75.73,74.92,75.4,77.97,83.93,80.27,78.41,84.29,85.29,87.03,86.94,86.91,86.48,86.96,87.41,88.21,88.19,88.06,88.55,88.67,88.26,88.52,88.7,88.59,88.59,88.73,86.43,84.45,83.92,86.87,87.02,88.11,87.94,87.9,87.51,88.01,88.53,89.21,89.23,88.88,89.31,89.42,89.14,89.43,89.54,89.34,89.31,89.38,87.2,85.36,84.93,87.37,87.41,88.46,88.31,88.32,87.92,88.42,88.84,89.47,89.51,89.1,89.5,89.63,89.31,89.54,89.67,89.48,89.42,89.6,86.12,83.92,83.02,85.88,85.94,87.1,87.19,86.98,86.54,86.94,87.16,88.12,88.06,87.47,87.82,88.05,87.52,87.65,87.95,87.77,87.71,88.26,79.29,77.05,76.11,77.04,75.57,77.61,76.65,77.9,76.46,74.6,73.36,75.58,73.27,70.35,69.44,69.56,67.51,66.19,67.03,70.07],
  "contact_probs": [[1.0,0.99,0.96,0.07,0.01,0.0,0.01,0.02,0.83,0.99,0.97,0.01,0.06,0.03,0.81,0.99,0.97,0.01,0.05,0.05,0.84,0.99,0.97,0.01,0.09,0.04,0.79,0.99,0.97,0.29],[0.99,1.0,0.99,0.07,0.07,0.04,0.05,0.84,0.99,0.98,0.71,0.0,0.03,0.85,1.0,0.98,0.71,0.0,0.03,0.81,1.0,0.98,0.66,0.0,0.05,0.83,1.0,0.98,0.68,0.01],[0.96,0.99,1.0,0.07,0.47,0.33,0.35,0.98,0.97,0.72,0.07,0.0,0.02,0.99,0.98,0.73,0.06,0.0,0.02,0.99,0.98,0.72,0.08,0.0,0.03,0.99,0.97,0.64,0.05,0.0],[0.07,0.07,0.07,1.0,0.11,0.07,0.07,0.07,0.09,0.11,0.13,0.05,0.08,0.1,0.13,0.15,0.17,0.1,0.17,0.16,0.16,0.13,0.13,0.06,0.12,0.1,0.09,0.08,0.08,0.08],[0.01,0.07,0.47,0.11,1.0,0.59,0.41,0.18,0.03,0.01,0.0,0.0,0.01,0.27,0.1,0.0,0.0,0.0,0.01,0.51,0.26,0.0,0.0,0.0,0.01,0.45,0.07,0.01,0.0,0.0],[0.0,0.04,0.33,0.07,0.59,1.0,0.42,0.46,0.13,0.0,0.0,0.0,0.01,0.39,0.12,0.0,0.0,0.0,0.01,0.3,0.04,0.0,0.0,0.0,0.02,0.23,0.05,0.0,0.0,0.0],[0.01,0.05,0.35,0.07,0.41,0.42,1.0,0.7,0.08,0.0,0.0,0.0,0.01,0.1,0.01,0.0,0.0,0.0,0.01,0.07,0.01,0.0,0.0,0.0,0.02,0.56,0.44,0.01,0.0,0.0],[0.02,0.84,0.98,0.07,0.18,0.46,0.7,1.0,1.0,0.02,0.0,0.0,0.01,0.28,0.01,0.01,0.0,0.0,0.0,0.01,0.01,0.0,0.0,0.0,0.0,0.27,0.96,0.81,0.0,0.0],[0.83,0.99,0.97,0.09,0.03,0.13,0.08,1.0,1.0,1.0,0.02,0.0,0.17,0.97,0.16,0.02,0.02,0.0,0.0,0.0,0.01,0.02,0.01,0.0,0.0,0.01,0.2,0.96,0.74,0.01],[0.99,0.98,0.72,0.11,0.01,0.0,0.0,0.02,1.0,1.0,1.0,0.03,0.5,0.85,0.98,0.26,0.02,0.0,0.0,0.0,0.01,0.02,0.01,0.0,0.01,0.01,0.02,0.28,0.94,0.25],[0.97,0.71,0.07,0.13,0.0,0.0,0.0,0.0,0.02,1.0,1.0,0.09,0.49,0.0,0.71,0.97,0.09,0.01,0.01,0.0,0.0,0.02,0.01,0.0,0.0,0.0,0.01,0.01,0.18,0.35],[0.01,0.0,0.0,0.05,0.0,0.0,0.0,0.0,0.0,0.03,0.09,1.0,0.27,0.01,0.01,0.01,0.0,0.0,0.0,0.0,0.0,0.0,0.0,0.0,0.0,0.0,0.0,0.0,0.01,0.03],[0.06,0.03,0.02,0.08,0.01,0.01,0.01,0.01,0.17,0.5,0.49,0.27,1.0,0.17,0.24,0.04,0.01,0.0,0.01,0.0,0.0,0.01,0.01,0.0,0.01,0.0,0.0,0.0,0.01,0.04],[0.03,0.85,0.99,0.1,0.27,0.39,0.1,0.28,0.97,0.85,0.0,0.01,0.17,1.0,1.0,0.01,0.0,0.0,0.01,0.27,0.0,0.02,0.01,0.0,0.01,0.01,0.0,0.0,0.0,0.0],[0.81,1.0,0.98,0.13,0.1,0.12,0.01,0.01,0.16,0.98,0.71,0.01,0.24,1.0,1.0,1.0,0.01,0.01,0.16,0.97,0.23,0.02,0.03,0.0,0.0,0.0,0.01,0.02,0.01,0.0],[0.99,0.98,0.73,0.15,0.0,0.0,0.0,0.01,0.02,0.26,0.97,0.01,0.04,0.01,1.0,1.0,1.0,0.03,0.53,0.86,0.97,0.26,0.02,0.0,0.0,0.0,0.01,0.02,0.03,0.0],[0.97,0.71,0.06,0.17,0.0,0.0,0.0,0.0,0.02,0.02,0.09,0.0,0.01,0.0,0.01,1.0,1.0,0.08,0.47,0.01,0.7,0.95,0.06,0.0,0.01,0.0,0.0,0.02,0.01,0.01],[0.01,0.0,0.0,0.1,0.0,0.0,0.0,0.0,0.0,0.0,0.01,0.0,0.0,0.0,0.01,0.03,0.08,1.0,0.25,0.01,0.01,0.01,0.0,0.0,0.0,0.0,0.0,0.0,0.0,0.01],[0.05,0.03,0.02,0.17,0.01,0.01,0.01,0.0,0.0,0.0,0.01,0.0,0.01,0.01,0.16,0.53,0.47,0.25,1.0,0.17,0.22,0.02,0.01,0.0,0.01,0.0,0.0,0.01,0.01,0.02],[0.05,0.81,0.99,0.16,0.51,0.3,0.07,0.01,0.0,0.0,0.0,0.0,0.0,0.27,0.97,0.86,0.01,0.01,0.17,1.0,1.0,0.01,0.0,0.0,0.01,0.2,0.01,0.02,0.01,0.0],[0.84,1.0,0.98,0.16,0.26,0.04,0.01,0.01,0.01,0.01,0.0,0.0,0.0,0.0,0.23,0.97,0.7,0.01,0.22,1.0,1.0,1.0,0.02,0.0,0.18,0.97,0.17,0.05,0.03,0.0],[0.99,0.98,0.72,0.13,0.0,0.0,0.0,0.0,0.02,0.02,0.02,0.0,0.01,0.02,0.02,0.26,0.95,0.01,0.02,0.01,1.0,1.0,1.0,0.03,0.56,0.85,0.98,0.24,0.02,0.01],[0.97,0.66,0.08,0.13,0.0,0.0,0.0,0.0,0.01,0.01,0.01,0.0,0.01,0.01,0.03,0.02,0.06,0.0,0.01,0.0,0.02,1.0,1.0,0.07,0.55,0.01,0.65,0.95,0.08,0.11],[0.01,0.0,0.0,0.06,0.0,0.0,0.0,0.0,0.0,0.0,0.0,0.0,0.0,0.0,0.0,0.0,0.0,0.0,0.0,0.0,0.0,0.03,0.07,1.0,0.21,0.01,0.01,0.01,0.0,0.01],[0.09,0.05,0.03,0.12,0.01,0.02,0.02,0.0,0.0,0.01,0.0,0.0,0.01,0.01,0.0,0.0,0.01,0.0,0.01,0.01,0.18,0.56,0.55,0.21,1.0,0.27,0.3,0.07,0.01,0.02],[0.04,0.83,0.99,0.1,0.45,0.23,0.56,0.27,0.01,0.01,0.0,0.0,0.0,0.01,0.0,0.0,0.0,0.0,0.0,0.2,0.97,0.85,0.01,0.01,0.27,1.0,1.0,0.02,0.0,0.0],[0.79,1.0,0.97,0.09,0.07,0.05,0.44,0.96,0.2,0.02,0.01,0.0,0.0,0.0,0.01,0.01,0.0,0.0,0.0,0.01,0.17,0.98,0.65,0.01,0.3,1.0,1.0,1.0,0.01,0.0],[0.99,0.98,0.64,0.08,0.01,0.0,0.01,0.81,0.96,0.28,0.01,0.0,0.0,0.0,0.02,0.02,0.02,0.0,0.01,0.02,0.05,0.24,0.95,0.01,0.07,0.02,1.0,1.0,1.0,0.27],[0.97,0.68,0.05,0.08,0.0,0.0,0.0,0.0,0.74,0.94,0.18,0.01,0.01,0.0,0.01,0.03,0.01,0.0,0.01,0.01,0.03,0.02,0.08,0.0,0.01,0.0,0.01,1.0,1.0,0.76],[0.29,0.01,0.0,0.08,0.0,0.0,0.0,0.0,0.01,0.25,0.35,0.03,0.04,0.0,0.0,0.0,0.01,0.01,0.02,0.0,0.0,0.01,0.11,0.01,0.02,0.0,0.0,0.27,0.76,1.0]],
  "pae": [[0.8,1.8,2.5,11.3,6.5,6.4,5.2,3.9,2.9,2.5,2.7,6.2,4.1,4.2,3.0,2.4,2.7,6.1,4.6,4.0,2.9,2.5,2.8,6.3,4.8,4.1,3.1,2.2,2.7,5.0],[1.7,0.8,1.5,10.2,4.7,5.2,3.6,2.2,1.6,1.8,2.4,5.1,3.5,2.4,1.7,1.8,2.5,5.1,3.8,2.4,1.8,1.8,2.4,5.1,4.0,2.4,1.7,1.5,2.3,4.4],[2.8,2.1,0.8,12.1,5.2,6.1,4.3,2.3,2.4,3.8,4.7,7.3,4.8,2.5,2.6,3.9,4.5,7.5,5.4,2.5,2.5,3.5,4.5,7.0,5.1,2.2,2.4,3.1,4.4,6.6],[18.2,18.3,18.4,0.9,17.9,18.8,21.2,18.5,14.9,14.3,14.3,16.4,13.2,14.6,13.6,15.6,17.6,24.2,18.2,17.7,18.7,20.3,21.4,25.5,21.2,21.6,19.6,18.9,18.1,17.9],[8.6,7.5,5.6,12.3,1.0,3.6,3.5,4.8,6.2,6.3,7.8,10.3,7.4,5.4,6.5,7.0,9.2,11.1,8.1,6.0,6.8,7.0,8.5,10.6,7.8,4.9,5.6,6.9,8.8,9.1],[8.6,7.4,6.0,13.2,2.3,1.3,3.7,4.2,6.3,6.4,8.2,10.1,8.3,4.9,6.7,7.1,8.6,12.0,8.4,6.3,6.7,7.0,8.1,10.8,8.2,5.1,5.5,6.3,7.8,8.8],[5.8,4.5,4.2,12.1,3.3,3.1,1.1,3.0,3.9,5.0,7.8,8.7,7.2,4.8,6.0,6.7,7.5,9.7,7.6,5.5,5.7,5.6,6.6,8.8,6.4,4.3,4.4,4.9,5.7,7.9],[2.4,1.8,1.6,9.6,3.0,2.9,1.7,0.8,1.0,1.3,1.7,3.9,2.7,1.3,1.5,1.7,2.2,4.6,3.1,1.6,1.6,1.7,1.8,4.2,3.0,1.3,1.2,1.3,1.6,3.7],[2.0,1.4,1.7,9.4,3.1,3.2,2.0,0.9,0.8,0.9,1.2,3.4,2.2,1.1,1.1,1.4,1.6,4.0,2.7,1.3,1.4,1.4,1.5,3.8,2.9,1.3,1.1,1.0,1.3,3.4],[1.9,1.5,1.9,9.2,3.4,3.6,2.4,1.2,0.9,0.8,1.0,3.2,2.1,1.2,1.2,1.2,1.4,3.8,2.7,1.5,1.5,1.5,1.6,4.0,3.0,1.6,1.4,1.1,1.2,3.3],[2.0,1.9,2.1,9.4,3.8,4.3,3.0,1.8,1.2,0.9,0.8,3.1,2.1,1.6,1.4,1.3,1.4,4.0,3.0,1.8,1.7,1.8,1.8,4.4,3.3,2.1,1.8,1.5,1.4,3.6],[6.6,6.4,6.7,9.8,9.1,8.5,8.3,6.7,4.6,4.0,4.2,1.3,4.8,5.4,6.2,7.0,8.1,10.4,9.4,7.8,8.4,9.0,9.3,12.6,8.9,9.4,8.6,7.4,6.6,6.4],[4.6,4.1,3.9,10.6,5.9,5.8,5.4,3.8,3.6,3.5,3.1,4.3,1.1,3.6,3.7,4.4,3.6,7.2,6.1,3.7,4.6,4.3,4.0,8.9,6.3,5.1,4.8,3.7,4.0,6.7],[2.2,1.8,1.6,9.4,3.3,3.6,2.5,1.3,1.1,1.2,1.5,3.5,1.9,0.8,0.9,1.3,1.6,3.7,2.8,1.3,1.4,1.6,2.0,4.1,2.9,1.6,1.5,1.5,1.6,3.5],[2.0,1.5,1.7,9.8,3.2,3.5,2.4,1.3,1.1,1.1,1.3,3.5,1.9,0.9,0.8,0.9,1.3,3.5,2.3,1.2,1.2,1.4,1.7,3.8,2.8,1.4,1.4,1.4,1.5,3.8],[1.7,1.5,2.0,9.7,3.3,3.7,2.7,1.6,1.4,1.2,1.2,3.7,2.2,1.2,0.9,0.8,1.0,3.1,2.2,1.3,1.2,1.2,1.5,3.9,3.0,1.6,1.5,1.5,1.5,3.7],[1.8,1.9,2.1,9.7,3.7,4.3,3.1,2.0,1.8,1.6,1.4,3.9,2.8,1.7,1.2,0.9,0.8,2.9,2.2,1.8,1.5,1.4,1.5,3.9,3.2,1.9,1.7,1.7,1.6,3.9],[6.7,6.7,7.0,13.1,9.2,9.4,8.9,8.6,8.3,7.4,6.6,10.8,8.8,7.1,4.9,3.9,4.6,1.3,4.6,6.7,6.3,6.6,8.2,10.0,8.8,8.8,8.6,9.5,9.4,9.5],[5.1,4.5,4.4,11.9,6.0,6.4,5.9,5.4,4.5,4.4,4.8,7.1,6.2,4.8,3.7,3.4,2.8,5.0,1.2,3.7,3.9,5.0,5.1,7.1,6.2,4.8,4.7,4.3,4.5,7.7],[2.3,1.8,1.7,9.8,3.2,3.7,2.5,1.6,1.5,1.6,1.7,4.0,2.6,1.3,1.1,1.2,1.5,3.4,2.1,0.8,0.9,1.3,1.7,4.0,2.8,1.2,1.4,1.6,2.0,3.8],[2.0,1.5,1.8,10.1,3.3,3.7,2.6,1.5,1.4,1.5,1.5,4.0,2.6,1.4,1.2,1.1,1.3,3.4,2.2,0.9,0.8,1.0,1.3,3.9,2.6,1.3,1.2,1.4,1.7,3.7],[1.7,1.5,2.0,10.1,3.5,3.9,2.6,1.5,1.5,1.5,1.6,4.0,2.7,1.6,1.5,1.1,1.2,3.6,2.6,1.3,1.0,0.8,1.0,3.5,2.4,1.3,1.2,1.2,1.5,3.6],[1.8,1.9,2.2,9.9,3.9,4.4,3.1,1.8,1.7,1.8,1.7,4.4,3.1,1.9,1.9,1.6,1.3,3.7,3.2,1.7,1.2,1.0,0.8,3.2,2.3,1.6,1.4,1.4,1.5,3.8],[6.9,6.6,6.3,15.3,9.0,9.2,8.4,8.3,9.1,9.7,10.0,11.8,9.6,9.3,8.6,7.7,7.0,10.4,7.8,7.3,5.0,4.2,4.7,1.4,4.6,5.7,6.5,7.0,8.6,8.8],[4.9,4.1,3.9,13.1,6.1,6.5,4.7,4.5,4.5,4.8,4.3,8.7,6.7,5.7,4.9,4.1,4.3,6.7,5.4,4.1,3.7,3.4,3.0,4.9,1.1,4.1,3.6,4.3,5.1,7.0],[2.2,1.7,1.6,10.0,3.2,3.6,2.4,1.3,1.4,1.7,2.0,4.4,2.7,1.5,1.6,1.7,1.8,4.0,3.0,1.3,1.2,1.3,1.6,3.8,2.1,0.8,1.0,1.2,1.7,3.7],[2.0,1.5,1.8,9.8,3.1,3.5,2.3,1.2,1.2,1.4,1.7,3.8,2.6,1.4,1.4,1.5,1.5,3.9,3.0,1.4,1.2,1.1,1.3,3.6,2.1,0.9,0.8,0.9,1.3,3.2],[1.8,1.5,1.9,9.6,3.4,3.8,2.5,1.3,1.2,1.2,1.4,3.8,2.7,1.5,1.5,1.5,1.5,4.0,3.0,1.5,1.4,1.1,1.2,3.7,2.7,1.2,0.9,0.8,1.0,2.9],[2.0,2.1,2.1,10.0,4.0,4.5,3.0,1.6,1.2,1.3,1.4,3.8,2.8,1.7,1.6,1.5,1.5,4.3,3.2,1.9,1.8,1.5,1.3,4.2,3.1,1.6,1.2,0.9,0.8,2.7],[7.3,7.8,8.7,12.9,9.4,9.5,8.7,7.8,5.1,6.2,6.9,9.2,8.3,8.1,6.7,7.5,7.8,12.4,9.8,8.7,7.1,7.3,7.5,11.3,9.6,8.0,6.9,5.2,5.5,1.4]],
  "token_chain_ids": ["A","B","C","D","E","E","E","E","E","E","E","E","E","E","E","E","E","E","E","E","E","E","E","E","E","E","E","E","E","E"],
  "token_res_ids": [1,1,1,1,1,2,3,4,5,6,7,8,9,10,11,12,13,14,15,16,17,18,19,20,21,22,23,24,25,26]
}