{
  "atom_chain_ids": ["A","A","A","A","A","A","A","A","A","A","A","A","A","A","A","A","A","A","A","A","A","A","A","A","A","A","A","A","A","A","A","A","A","A","A","A","A","A","A","A","A","A","A","A","A","A","A","A","A","A","A","A","A","A","A","A","A","A","A","A","A","A","A","A","A","A","A","A","A","A","A","A","A","A","A","A","A","A","A","A","A","A","A","A","A","A","A","A","A","A","A","A","A","A","A","A","A","A","A","A","A","A","A","A","A","A","A","A","A","A","A","A","A","A","A","A","A","A","A","A","A","A","A","A","A","A","A","A","A","A","A","A","A","A","A","A","A","A","A","A","A","A","A","A","A","A","A","A","A","A","A","A","A","A","A","A","A","A","A","A","A","A","A","A","A","A","A","A","A","A","A","A","A","A","A","A","A","A","A","A","A","A","A","A","A","A","A","A","A","A","A","A","A","A","A","A","A","A","A","A","A","A","A","A","A","A","A","A","A","A","A","A","A","A","A","A","A","A","A","A","A","A","A","A","A","A","A","A","A","A","A","A","A","A","A","A","A","A","A","A","A","A","A","A","A","A","A","A","A","A","A","A","A","A","A","A","A","A","A","A","A","A","A","A","A","A","A","A","A","A","A","A","A","A","A","A","A","A","A","A","A","A","A","A","A","A","A","A","A","A","A","A","A","A","A","A","A","A","A","A","A","A","A","A","A","A","A","A","A","A","A","A","A","A","A","A","A","A","A","A","A","A","A","A","A","A","A","A","A","A","A","A","A","A","A","A","A","A","A","A","A","A","A","A","A","A","A","A","A","A","A","A","A","A","A","A","A","A","A","A","A","A","A","A","A","A","A","A","A","A","A","A","A","A","A","A","A","A","A","A","A","A","A","A","A","A","A","A","A","A","A","A","A","A","A","A","A","A","A","A","A","A","A","A","A","A","A","A","A","A","A","A","A","A","A","A","A","A","A","A","A","A","A","A","A","A","A","A","A","A"],
  "atom_plddts": [71.93,73.39,67.15,67.89,72.97,77.55,80.43,81.42,82.16,81.13,81.8,81.66,82.4,82.39,81.52,82.51,82.59,81.64,81.48,81.83,82.09,82.56,83.5,81.06,77.11,76.87,81.76,82.68,84.79,84.92,85.43,84.69,85.32,85.95,86.33,86.62,85.76,86.48,86.64,85.88,86.01,86.1,86.01,86.38,86.85,81.51,78.9,78.63,81.54,82.04,83.49,83.41,83.83,82.91,83.62,83.95,84.5,84.76,84.0,84.67,84.9,84.15,84.32,84.3,84.17,84.47,85.03,79.03,76.57,76.96,78.49,77.16,78.71,78.95,79.69,78.18,78.45,77.98,79.59,79.18,78.63,79.47,79.77,78.58,78.75,78.46,78.38,78.49,79.76,72.56,69.01,69.25,73.24,71.29,73.35,73.49,73.97,72.47,71.37,71.19,72.06,69.75,67.82,66.94,66.72,65.3,64.08,65.79,75.25,69.2,69.11,76.02,77.96,80.92,81.78,82.35,81.41,82.06,82.47,82.91,82.94,81.54,82.37,82.63,81.54,81.46,81.79,82.07,82.38,83.38,80.24,76.82,76.98,80.88,81.53,83.74,83.9,84.29,83.49,84.31,84.96,85.54,85.87,85.08,85.77,85.99,85.39,85.52,85.6,85.5,85.79,86.2,78.54,75.49,75.47,78.82,79.27,81.05,81.01,81.55,80.48,81.55,82.09,82.51,82.9,82.15,83.01,83.29,82.61,82.75,82.65,82.57,82.93,83.46,75.93,73.6,73.8,75.34,73.82,75.19,75.66,76.09,74.57,74.97,74.73,76.24,75.98,75.54,76.33,76.66,75.51,75.39,75.23,75.31,75.0,76.58,74.07,70.87,71.5,75.01,73.52,75.46,75.37,75.85,74.34,73.47,73.03,73.96,71.82,69.68,68.77,68.82,67.35,66.06,67.59,74.25,67.8,67.96,75.14,77.51,80.42,81.4,81.79,80.8,81.4,81.71,82.3,82.36,81.0,81.84,82.12,81.11,81.0,81.36,81.63,81.87,82.85,80.39,76.97,77.37,81.15,81.66,83.82,83.93,84.39,83.49,84.28,84.89,85.47,85.79,84.89,85.56,85.77,85.18,85.31,85.38,85.26,85.48,85.95,80.8,77.8,77.99,80.88,81.45,83.24,83.02,83.6,82.58,83.39,83.84,84.47,84.86,84.13,84.83,85.05,84.39,84.59,84.53,84.37,84.61,85.12,78.47,75.79,75.87,78.24,78.1,79.49,80.02,80.64,79.35,79.87,79.73,80.84,81.03,80.18,80.9,81.32,80.61,80.71,80.54,80.41,80.61,81.53,73.15,70.29,70.53,73.82,71.8,73.88,73.88,74.07,72.94,71.32,71.42,72.15,70.16,68.35,67.49,67.45,66.05,64.55,66.26,75.34,69.04,68.9,75.99,77.4,80.09,81.18,81.8,80.7,81.4,81.68,82.19,82.27,81.3,82.25,82.44,81.38,81.39,81.59,81.73,82.15,82.96,80.75,77.17,77.05,81.31,81.97,83.96,84.14,84.56,83.8,84.61,85.26,85.73,86.11,85.56,86.32,86.56,86.06,86.33,86.31,86.03,86.3,86.59,82.21,79.46,79.43,82.32,82.75,84.49,84.43,84.95,83.95,84.82,85.35,86.05,86.38,85.76,86.45,86.65,86.1,86.33,86.3,86.06,86.32,86.71,80.22,77.58,77.38,79.78,79.31,80.53,80.68,81.32,79.99,80.61,80.6,81.72,81.84,81.11,81.78,82.1,81.37,81.46,81.49,81.33,81.28,82.26,73.46,71.11,71.44,73.03,71.92,72.72,72.33,73.12,71.84,69.55,71.01,71.34,70.2,69.36,69.24,69.47,68.57,68.11,68.03,69.94],
  "contact_probs": [[1.0,1.0,0.1,0.03,0.04,0.26,0.13,0.1,0.04,0.03,0.15,0.08,0.03,0.02,0.01,0.41,0.78,0.43,0.04,0.01],[1.0,1.0,1.0,0.17,0.09,0.73,0.31,0.13,0.04,0.01,0.03,0.05,0.04,0.02,0.01,0.12,0.39,0.77,0.36,0.02],[0.1,1.0,1.0,0.93,0.17,0.37,0.76,0.23,0.04,0.01,0.01,0.02,0.03,0.02,0.01,0.03,0.13,0.33,0.69,0.18],[0.03,0.17,0.93,1.0,0.17,0.08,0.47,0.45,0.06,0.01,0.01,0.01,0.01,0.03,0.01,0.02,0.04,0.12,0.27,0.25],[0.04,0.09,0.17,0.17,1.0,0.14,0.1,0.02,0.01,0.01,0.01,0.01,0.01,0.01,0.0,0.01,0.01,0.01,0.01,0.02],[0.26,0.73,0.37,0.08,0.14,1.0,0.99,0.08,0.03,0.03,0.34,0.05,0.03,0.02,0.01,0.02,0.01,0.01,0.0,0.0],[0.13,0.31,0.76,0.47,0.1,0.99,1.0,0.99,0.12,0.06,0.78,0.32,0.07,0.03,0.01,0.01,0.02,0.02,0.01,0.0],[0.1,0.13,0.23,0.45,0.02,0.08,0.99,1.0,0.88,0.13,0.6,0.81,0.34,0.09,0.0,0.01,0.02,0.05,0.05,0.03],[0.04,0.04,0.04,0.06,0.01,0.03,0.12,0.88,1.0,0.22,0.1,0.51,0.56,0.16,0.01,0.01,0.01,0.03,0.07,0.12],[0.03,0.01,0.01,0.01,0.01,0.03,0.06,0.13,0.22,1.0,0.11,0.09,0.02,0.01,0.01,0.01,0.01,0.01,0.01,0.03],[0.15,0.03,0.01,0.01,0.01,0.34,0.78,0.6,0.1,0.11,1.0,0.99,0.08,0.02,0.03,0.24,0.04,0.01,0.01,0.0],[0.08,0.05,0.02,0.01,0.01,0.05,0.32,0.81,0.51,0.09,0.99,1.0,1.0,0.13,0.07,0.79,0.25,0.12,0.03,0.01],[0.03,0.04,0.03,0.01,0.01,0.03,0.07,0.34,0.56,0.02,0.08,1.0,1.0,0.97,0.15,0.55,0.83,0.29,0.17,0.04],[0.02,0.02,0.02,0.03,0.01,0.02,0.03,0.09,0.16,0.01,0.02,0.13,0.97,1.0,0.15,0.07,0.59,0.7,0.31,0.26],[0.01,0.01,0.01,0.01,0.0,0.01,0.01,0.0,0.01,0.01,0.03,0.07,0.15,0.15,1.0,0.13,0.09,0.01,0.01,0.01],[0.41,0.12,0.03,0.02,0.01,0.02,0.01,0.01,0.01,0.01,0.24,0.79,0.55,0.07,0.13,1.0,0.99,0.04,0.0,0.0],[0.78,0.39,0.13,0.04,0.01,0.01,0.02,0.02,0.01,0.01,0.04,0.25,0.83,0.59,0.09,0.99,1.0,1.0,0.08,0.02],[0.43,0.77,0.33,0.12,0.01,0.01,0.02,0.05,0.03,0.01,0.01,0.12,0.29,0.7,0.01,0.04,1.0,1.0,0.99,0.37],[0.04,0.36,0.69,0.27,0.01,0.0,0.01,0.05,0.07,0.01,0.01,0.03,0.17,0.31,0.01,0.0,0.08,0.99,1.0,0.87],[0.01,0.02,0.18,0.25,0.02,0.0,0.0,0.03,0.12,0.03,0.0,0.01,0.04,0.26,0.01,0.0,0.02,0.37,0.87,1.0]],
  "pae": [[0.9,1.7,3.1,4.4,5.7,4.2,4.0,5.2,5.9,6.9,4.2,4.1,4.1,5.5,7.2,4.0,3.1,3.4,4.8,5.9],[1.4,0.8,1.6,2.6,5.0,3.1,2.6,3.4,4.2,6.2,3.4,3.3,3.2,3.8,6.4,3.2,2.6,2.8,3.3,4.9],[2.1,1.4,0.9,1.9,4.7,3.3,3.1,3.1,4.0,6.4,3.5,3.4,3.3,3.7,6.7,3.4,2.9,2.9,2.9,5.2],[3.7,2.8,1.8,1.0,5.5,4.4,3.9,4.1,5.2,8.3,5.2,5.4,4.7,5.5,8.5,5.4,4.7,3.8,3.8,5.8],[8.5,6.0,5.1,6.4,1.8,6.0,5.6,7.6,8.6,11.1,10.2,10.1,9.6,9.6,14.1,10.7,8.5,8.7,9.0,10.9],[3.9,2.6,3.0,4.1,3.9,0.9,1.7,2.7,3.9,5.7,3.5,3.6,4.0,4.7,7.8,4.5,3.7,3.9,4.6,6.2],[3.3,2.6,2.8,3.9,4.2,1.7,0.8,1.5,2.5,4.6,3.1,2.9,3.2,3.6,6.4,3.8,3.0,3.1,3.6,5.3],[4.0,3.2,3.0,4.3,5.5,2.5,1.4,0.9,1.9,5.0,3.5,3.1,3.1,3.7,6.9,4.1,3.5,3.7,4.2,5.6],[5.7,4.9,4.2,4.8,6.2,4.2,2.8,1.6,1.0,5.2,4.2,3.5,3.5,4.3,7.6,5.5,4.6,4.7,5.1,6.1],[9.4,8.6,9.6,9.6,11.4,8.8,6.1,4.9,6.3,1.6,5.4,5.2,6.9,8.3,10.4,8.8,9.1,9.0,9.5,10.0],[4.2,3.9,4.1,5.1,6.5,3.4,2.7,2.9,3.5,3.7,0.9,1.6,2.3,3.5,6.0,3.6,3.5,4.4,5.6,6.7],[3.3,2.8,3.5,4.0,5.6,2.9,2.5,2.6,3.1,3.8,1.6,0.8,1.3,2.2,5.2,2.9,2.4,2.9,3.6,5.5],[3.4,2.8,3.5,4.0,6.0,3.4,2.8,2.6,3.1,4.6,2.2,1.4,0.8,1.6,5.1,2.7,2.2,2.4,3.1,5.0],[4.3,3.6,4.1,5.1,7.5,4.9,4.4,3.7,4.0,5.6,3.3,2.4,1.5,0.9,5.0,3.1,2.7,3.0,4.0,5.0],[10.0,9.8,11.2,11.2,13.9,11.2,10.4,9.6,10.0,12.1,9.5,6.9,5.8,6.9,1.8,6.0,6.0,8.0,9.7,10.0],[3.2,3.1,4.3,5.2,7.4,4.1,3.9,4.3,4.6,6.3,3.9,2.6,2.5,2.9,4.0,0.9,1.3,2.3,3.6,5.2],[2.9,2.4,2.8,3.7,6.2,3.2,2.9,2.8,3.4,5.7,3.1,2.5,2.1,2.5,4.1,1.3,0.8,1.2,2.1,4.4],[3.1,2.6,2.8,3.7,6.1,3.3,2.9,3.0,3.4,5.7,3.2,2.7,2.2,2.4,4.9,1.8,1.2,0.8,1.6,4.0],[3.5,2.9,3.4,4.2,7.3,4.2,3.6,3.7,4.1,7.4,4.2,4.0,2.6,2.5,5.8,2.9,1.9,1.4,0.9,3.0],[8.6,6.2,6.7,6.9,11.6,10.2,7.0,7.0,7.1,12.8,9.5,7.9,6.4,5.9,10.8,7.8,5.8,4.4,3.8,1.9]],
  "token_chain_ids": ["A","A","A","A","A","A","A","A","A","A","A","A","A","A","A","A","A","A","A","A"],
  "token_res_ids": [1,2,3,4,5,6,7,8,9,10,11,12,13,14,15,16,17,18,19,20]
}