{
  "atom_chain_ids": ["A","A","A","A","A","A","A","A","A","A","A","A","A","A","A","A","A","A","A","A","A","A","A","A","A","A","A","A","A","A","A","A","A","A","A","A","A","A","A","A","A","A","A","A","A","A","A","A","A","A","A","A","A","A","A","A","A","A","A","A","A","A","A","A","A","A","A","A","A","A","A","A","A","A","A","A","A","A","A","A","A","A","A","A","A","A","A","A","A","A","A","A","A","A","A","A","A","A","A","A","A","A","A","A","A","A","A","A","A","A","A","A","A","A","A","A","A","A","A","A","A","A","A","A","A","A","A","A","A","A","A","A","A","A","A","A","A","A","A","A","A","A","A","A","A","A","A","A","A","A","A","A","A","A","A","A","A","A","A","A","A","A","A","A","A","A","A","A","A","A","A","A","A","A","A","A","A","A","A","A","A","A","A","A","A","A","A","A","A","A","A","A","A","A","A","A","A","A","A","A","A","A","A","A","A","A","A","A","A","A","A","A","A","A","A","A","A","A","A","A","A","A","A","A","A","A","A","A","A","A","A","A","A","A","A","A","A","A","A","A","A","A","A","A","A","A","A","A","A","A","A","A","A","A","A","A","A","A","A","A","A","A","A","A","A","A","A","A","A","A","A","A","A","A","A","A","A","A","A","A","A","A","A","A","A","A","A","A","A","A","A","A","A","A","A","A","A","A","A","A","A","A","A","A","A","A","A","A","A","A","A","A","A","A","A","A","A","A","A","A","A","A","A","A","A","A","A","A","A","A","A","A","A","A","A","A","A","A","A","A","A","A","A","A","A","A","A","A","A","A","A","A","A","A","A","A","A","A","A","A","A","A","A","A","A","A","A","A","A","A","A","A","A","A","A","A","A","A","A","A","A","A","A","A","A","A","A","A","A","A","A","A","A","A","A","A","A","A","A","A","A","A","A","A","A","A","A","A","A","A","A","A","A","A","A","A","A","A","A","A","A","A","A","A","A","A","A","A","A","A"],
  "atom_plddts": [72.23,73.42,67.34,68.11,72.87,77.31,79.87,80.81,81.44,80.4,81.12,80.95,81.7,81.75,81.04,81.99,82.11,81.22,81.06,81.41,81.6,81.92,82.9,79.7,76.05,75.81,80.49,81.55,83.37,83.51,83.92,83.21,84.0,84.61,84.9,85.27,84.4,85.18,85.36,84.61,84.76,84.83,84.71,85.06,85.54,81.46,79.05,78.71,81.27,81.61,83.11,83.04,83.44,82.39,83.12,83.47,84.18,84.47,83.77,84.5,84.77,83.99,84.18,84.09,83.87,84.18,84.8,77.87,75.25,75.73,77.48,75.93,77.53,77.96,78.73,77.33,77.61,77.27,78.7,78.28,77.86,78.8,79.09,77.91,78.07,77.79,77.73,77.95,79.1,71.62,67.73,68.29,72.62,71.16,73.52,73.97,74.66,73.26,72.27,72.53,72.9,70.68,68.7,68.09,67.72,66.39,65.37,66.94,75.1,69.67,69.76,75.64,77.2,79.69,80.51,81.04,80.12,80.7,81.17,81.55,81.58,80.13,80.85,81.13,80.08,79.88,80.29,80.56,80.62,81.81,78.42,75.16,75.19,79.11,79.83,81.82,81.99,82.3,81.56,82.45,83.18,83.57,83.98,83.18,83.97,84.21,83.61,83.75,83.78,83.65,83.94,84.39,78.05,75.33,75.3,78.21,78.56,80.21,80.15,80.6,79.5,80.57,81.09,81.58,82.0,81.27,82.11,82.42,81.73,81.84,81.71,81.6,81.85,82.5,74.05,71.65,71.87,73.59,72.02,73.3,73.88,74.23,72.78,73.18,73.1,74.36,74.04,73.8,74.6,74.88,73.81,73.61,73.5,73.64,73.22,74.78,66.11,62.53,63.74,67.91,67.32,69.11,69.52,70.68,69.14,68.12,68.21,67.99,65.49,63.0,62.27,61.74,60.56,59.2,61.0,71.19,64.72,65.21,72.31,74.65,77.1,78.48,78.79,77.86,78.67,79.28,79.51,79.68,78.49,79.37,79.68,78.71,78.47,78.94,79.24,79.44,80.4,78.14,74.87,75.22,79.05,79.64,81.65,81.83,82.15,81.32,82.25,82.91,83.3,83.71,82.68,83.42,83.68,83.09,83.18,83.21,83.09,83.36,83.88,77.92,75.0,75.1,78.26,78.86,80.31,80.3,80.64,79.7,80.72,81.27,81.64,82.17,81.5,82.33,82.62,81.98,82.17,82.03,81.84,82.11,82.6,77.46,74.84,74.83,77.22,76.9,78.04,78.72,79.18,77.87,78.49,78.4,79.48,79.76,79.09,79.84,80.37,79.69,79.77,79.51,79.33,79.5,80.41,68.59,65.28,65.83,69.89,68.17,69.88,70.25,70.74,69.72,67.91,68.27,68.3,65.99,63.94,62.98,62.67,61.54,59.9,61.88,73.76,67.63,67.71,74.62,76.08,78.49,79.83,80.39,79.4,80.21,80.74,80.78,80.86,79.98,80.94,81.08,80.03,80.01,80.3,80.47,80.87,81.62,79.19,75.84,75.61,79.84,80.62,82.16,82.4,82.64,82.02,82.99,83.7,83.89,84.36,83.78,84.58,84.84,84.36,84.65,84.61,84.29,84.52,84.82,79.64,76.87,76.64,80.02,80.66,81.92,82.05,82.43,81.57,82.7,83.3,83.56,84.0,83.31,84.11,84.32,83.77,84.04,83.98,83.7,83.99,84.36,79.32,76.88,76.71,78.93,78.53,79.46,79.7,80.17,78.85,79.61,79.64,80.59,80.75,80.11,80.74,81.08,80.41,80.49,80.49,80.31,80.17,81.14,73.09,71.05,71.34,72.51,71.3,71.92,71.81,72.37,71.2,69.28,70.74,70.96,70.08,69.5,69.45,69.7,68.89,68.52,68.35,70.05],
  "contact_probs": [[1.0,1.0,0.1,0.03,0.04,0.26,0.13,0.1,0.04,0.03,0.15,0.08,0.03,0.02,0.01,0.41,0.78,0.43,0.04,0.01],[1.0,1.0,1.0,0.17,0.09,0.73,0.31,0.13,0.04,0.01,0.03,0.05,0.04,0.02,0.01,0.12,0.39,0.77,0.36,0.02],[0.1,1.0,1.0,0.93,0.17,0.37,0.76,0.23,0.04,0.01,0.01,0.02,0.03,0.02,0.01,0.03,0.13,0.33,0.69,0.18],[0.03,0.17,0.93,1.0,0.17,0.08,0.47,0.45,0.06,0.01,0.01,0.01,0.01,0.03,0.01,0.02,0.04,0.12,0.27,0.25],[0.04,0.09,0.17,0.17,1.0,0.14,0.1,0.02,0.01,0.01,0.01,0.01,0.01,0.01,0.0,0.01,0.01,0.01,0.01,0.02],[0.26,0.73,0.37,0.08,0.14,1.0,0.99,0.08,0.03,0.03,0.34,0.05,0.03,0.02,0.01,0.02,0.01,0.01,0.0,0.0],[0.13,0.31,0.76,0.47,0.1,0.99,1.0,0.99,0.12,0.06,0.78,0.32,0.07,0.03,0.01,0.01,0.02,0.02,0.01,0.0],[0.1,0.13,0.23,0.45,0.02,0.08,0.99,1.0,0.88,0.13,0.6,0.81,0.34,0.09,0.0,0.01,0.02,0.05,0.05,0.03],[0.04,0.04,0.04,0.06,0.01,0.03,0.12,0.88,1.0,0.22,0.1,0.51,0.56,0.16,0.01,0.01,0.01,0.03,0.07,0.12],[0.03,0.01,0.01,0.01,0.01,0.03,0.06,0.13,0.22,1.0,0.11,0.09,0.02,0.01,0.01,0.01,0.01,0.01,0.01,0.03],[0.15,0.03,0.01,0.01,0.01,0.34,0.78,0.6,0.1,0.11,1.0,0.99,0.08,0.02,0.03,0.24,0.04,0.01,0.01,0.0],[0.08,0.05,0.02,0.01,0.01,0.05,0.32,0.81,0.51,0.09,0.99,1.0,1.0,0.13,0.07,0.79,0.25,0.12,0.03,0.01],[0.03,0.04,0.03,0.01,0.01,0.03,0.07,0.34,0.56,0.02,0.08,1.0,1.0,0.97,0.15,0.55,0.83,0.29,0.17,0.04],[0.02,0.02,0.02,0.03,0.01,0.02,0.03,0.09,0.16,0.01,0.02,0.13,0.97,1.0,0.15,0.07,0.59,0.7,0.31,0.26],[0.01,0.01,0.01,0.01,0.0,0.01,0.01,0.0,0.01,0.01,0.03,0.07,0.15,0.15,1.0,0.13,0.09,0.01,0.01,0.01],[0.41,0.12,0.03,0.02,0.01,0.02,0.01,0.01,0.01,0.01,0.24,0.79,0.55,0.07,0.13,1.0,0.99,0.04,0.0,0.0],[0.78,0.39,0.13,0.04,0.01,0.01,0.02,0.02,0.01,0.01,0.04,0.25,0.83,0.59,0.09,0.99,1.0,1.0,0.08,0.02],[0.43,0.77,0.33,0.12,0.01,0.01,0.02,0.05,0.03,0.01,0.01,0.12,0.29,0.7,0.01,0.04,1.0,1.0,0.99,0.37],[0.04,0.36,0.69,0.27,0.01,0.0,0.01,0.05,0.07,0.01,0.01,0.03,0.17,0.31,0.01,0.0,0.08,0.99,1.0,0.87],[0.01,0.02,0.18,0.25,0.02,0.0,0.0,0.03,0.12,0.03,0.0,0.01,0.04,0.26,0.01,0.0,0.02,0.37,0.87,1.0]],
  "pae": [[0.9,1.7,3.5,4.8,6.8,4.0,4.6,5.7,6.7,10.4,4.7,4.5,4.5,5.9,7.7,4.3,3.3,3.8,5.3,7.3],[1.5,0.8,1.6,2.9,5.5,3.0,3.1,4.1,5.3,9.2,4.2,3.5,4.0,4.7,7.3,4.0,3.2,3.6,4.1,6.3],[2.4,1.6,0.9,2.3,4.2,3.3,3.7,4.1,5.6,9.5,4.3,4.1,4.2,5.0,7.7,4.1,3.8,3.7,3.8,6.6],[3.8,3.5,1.7,0.9,3.9,4.1,4.0,5.2,6.4,13.3,6.2,5.8,5.4,6.5,10.0,6.4,5.9,4.6,4.7,7.7],[7.5,5.6,4.2,3.3,1.4,6.1,6.0,7.7,8.4,11.9,8.7,9.1,8.2,10.7,14.4,10.6,8.1,8.1,9.5,9.9],[3.9,3.1,3.5,4.2,4.6,0.9,1.7,3.3,4.3,8.6,4.4,4.2,4.9,6.0,8.2,4.9,4.4,4.5,5.6,7.3],[4.1,3.1,3.2,4.4,5.4,2.0,0.8,1.8,2.7,7.1,4.3,3.7,3.8,4.8,7.7,4.3,3.7,3.9,4.6,6.8],[5.3,4.4,3.7,5.1,7.4,3.2,1.7,0.9,2.2,7.1,4.7,4.4,4.0,4.8,8.7,5.0,4.3,5.0,5.4,7.1],[6.8,5.9,5.3,5.7,8.5,5.5,3.8,1.7,1.0,6.4,5.1,4.3,4.9,5.8,10.1,6.7,6.4,5.9,7.3,8.1],[11.3,9.9,9.9,10.5,12.0,9.2,7.7,5.3,4.7,1.5,7.1,5.8,7.4,8.7,12.1,10.2,10.0,9.8,11.9,12.5],[4.8,4.6,5.5,5.9,9.0,4.4,3.8,3.9,3.9,4.8,0.9,1.9,3.0,4.6,8.0,4.5,4.3,5.3,6.8,8.3],[4.0,3.9,4.6,5.1,7.8,3.6,3.3,3.3,4.0,5.8,2.1,0.8,1.5,2.6,6.4,3.6,3.0,3.8,5.0,7.0],[4.2,3.8,4.6,5.1,8.8,3.9,3.5,3.7,4.7,7.4,2.8,1.5,0.9,1.6,6.6,3.4,2.9,2.9,4.0,6.7],[4.8,4.3,4.7,5.9,9.9,5.2,4.6,4.3,4.9,8.2,3.9,2.4,1.6,0.9,6.9,3.6,3.4,2.9,4.2,6.2],[10.1,12.2,12.6,13.8,14.6,12.4,12.3,11.3,11.5,13.8,11.4,7.8,7.9,9.2,1.9,7.0,6.8,9.2,12.3,12.1],[3.5,3.5,5.1,6.3,9.0,5.0,4.2,4.6,4.9,8.8,4.5,3.3,3.3,3.3,4.6,0.9,1.4,2.5,4.2,6.1],[3.3,2.8,3.7,4.7,8.4,3.7,3.1,3.6,4.2,7.8,4.4,3.0,2.4,2.8,5.2,1.6,0.8,1.4,2.3,5.1],[3.5,3.1,3.4,4.6,7.8,4.0,3.4,4.1,4.7,9.3,4.3,3.2,2.7,2.7,5.7,2.1,1.4,0.8,1.7,5.1],[4.0,3.2,4.0,5.3,8.5,5.0,4.1,4.5,5.3,9.9,5.2,4.4,3.2,3.1,7.3,3.6,2.1,1.4,0.9,3.4],[8.3,6.6,7.4,7.4,11.0,10.1,7.1,7.1,8.3,13.4,10.3,8.2,6.4,5.8,13.0,8.8,6.5,4.6,4.4,1.9]],
  "token_chain_ids": ["A","A","A","A","A","A","A","A","A","A","A","A","A","A","A","A","A","A","A","A"],
  "token_res_ids": [1,2,3,4,5,6,7,8,9,10,11,12,13,14,15,16,17,18,19,20]
}