{
  "atom_chain_ids": ["A","A","A","A","A","A","A","A","A","A","A","A","A","A","A","A","A","A","A","A","A","A","A","A","A","A","A","A","A","A","A","A","A","A","A","A","A","A","A","A","A","A","A","A","A","A","A","A","A","A","A","A","A","A","A","A","A","A","A","A","A","A","A","A","A","A","A","A","A","A","A","A","A","A","A","A","A","A","A","A","A","A","A","A","A","A","A","A","A","A","A","A","A","A","A","A","A","A","A","A","A","A","A","A","A","A","A","A","A","A","A","A","A","A","A","A","A","A","A","A","A","A","A","A","A","A","A","A","A","A","A","A","A","A","A","A","A","A","A","A","A","A","A","A","A","A","A","A","A","A","A","A","A","A","A","A","A","A","A","A","A","A","A","A","A","A","A","A","A","A","A","A","A","A","A","A","A","A","A","A","A","A","A","A","A","A","A","A","A","A","A","A","A","A","A","A","A","A","A","A","A","A","A","A","A","A","A","A","A","A","A","A","A","A","A","A","A","A","A","A","A","A","A","A","A","A","A","A","A","A","A","A","A","A","A","A","A","A","A","A","A","A","A","A","A","A","A","A","A","A","A","A","A","A","A","A","A","A","A","A","A","A","A","A","A","A","A","A","A","A","A","A","A","A","A","A","A","A","A","A","A","A","A","A","A","A","A","A","A","A","A","A","A","A","A","A","A","A","A","A","A","A","A","A","A","A","A","A","A","A","A","A","A","A","A","A","A","A","A","A","A","A","A","A","A","A","A","A","A","A","A","A","A","A","A","A","A","A","A","A","A","A","A","A","A","A","A","A","A","A","A","A","A","A","A","A","A","A","A","A","A","A","A","A","A","A","A","A","A","A","A","A","A","A","A","A","A","A","A","A","A","A","A","A","A","A","A","A","A","A","A","A","A","A","A","A","A","A","A","A","A","A","A","A","A","A","A","A","A","A","A","A","A","A","A","A","A","A","A","A","A","A","A","A","A","A","A","A","A","A"],
  "atom_plddts": [70.07,70.76,64.58,65.38,70.09,74.12,76.16,77.46,77.98,76.96,77.87,77.75,78.2,78.39,77.93,78.87,79.15,78.36,78.0,78.35,78.49,78.85,79.95,75.4,71.67,71.58,76.64,77.87,79.44,79.94,80.11,79.5,80.56,81.22,81.06,81.57,80.6,81.43,81.75,81.08,81.12,81.16,81.09,81.52,82.0,77.67,75.21,74.83,77.64,77.8,79.13,79.32,79.55,78.46,79.3,79.53,80.11,80.51,79.94,80.67,81.09,80.35,80.41,80.27,80.08,80.29,81.11,73.45,70.6,71.11,73.18,71.33,72.84,73.23,74.17,72.72,72.88,72.62,73.87,73.31,73.28,74.26,74.51,73.41,73.37,73.08,73.19,73.08,74.43,66.38,62.83,63.45,67.39,65.83,67.43,68.12,68.74,67.53,65.99,66.31,66.54,64.15,62.43,61.7,61.15,60.21,58.91,60.63,71.6,65.74,65.78,72.35,73.84,76.17,77.62,78.13,77.19,77.77,78.27,78.51,78.54,76.95,77.67,78.06,76.97,76.5,76.96,77.39,77.45,78.89,75.88,72.75,72.66,76.55,77.26,79.3,79.66,79.95,79.28,80.16,80.97,81.08,81.56,80.58,81.43,81.75,81.15,81.17,81.17,81.07,81.42,81.99,74.68,72.34,72.22,74.78,74.87,76.44,76.78,77.0,75.92,76.98,77.52,77.72,78.15,77.46,78.34,78.73,78.06,78.04,77.81,77.74,77.94,78.8,69.44,67.58,67.75,68.73,66.81,67.62,68.21,68.38,67.12,67.08,66.96,68.09,67.55,67.81,68.48,68.67,67.74,67.21,67.16,67.53,66.59,68.46,59.63,55.8,56.82,61.36,61.4,63.0,63.68,65.31,63.81,62.6,62.88,62.06,59.56,56.94,56.21,55.46,54.61,53.15,55.15,68.54,62.53,63.02,69.67,71.46,73.32,75.19,75.41,74.67,75.31,76.08,76.04,76.2,74.77,75.57,75.89,74.89,74.34,74.92,75.43,75.45,76.68,75.13,71.98,72.18,76.09,76.61,78.69,79.17,79.38,78.58,79.49,80.22,80.26,80.72,79.53,80.34,80.67,80.1,80.08,80.05,79.96,80.24,80.9,76.66,74.2,74.19,76.71,76.82,78.47,78.58,78.86,77.95,78.62,79.13,79.51,79.98,79.23,79.98,80.32,79.66,79.68,79.56,79.42,79.53,80.32,73.79,70.97,70.97,73.65,73.36,74.74,75.45,76.13,74.77,75.17,75.1,75.97,76.09,75.38,76.12,76.67,75.93,75.8,75.54,75.53,75.49,76.83,67.32,64.52,64.99,68.57,66.61,67.92,68.2,69.01,68.07,65.74,65.97,66.08,63.63,61.23,60.16,59.89,58.97,57.2,59.09,70.47,64.45,64.63,71.55,72.71,74.89,76.67,77.26,76.27,77.11,77.7,77.62,77.76,76.77,77.7,77.91,76.86,76.54,76.92,77.23,77.61,78.57,76.15,72.82,72.65,77.13,78.16,79.5,79.95,80.06,79.5,80.63,81.43,81.2,81.77,81.04,81.9,82.2,81.75,81.96,81.92,81.68,81.99,82.31,78.05,75.31,75.07,78.53,79.2,80.41,80.64,80.96,80.2,81.3,81.9,81.95,82.43,81.61,82.4,82.63,82.09,82.29,82.25,82.05,82.33,82.76,75.92,73.58,73.31,75.47,74.89,75.6,76.11,76.39,75.09,75.95,75.81,76.61,76.88,76.45,77.0,77.49,76.9,76.77,76.73,76.62,76.35,77.43,70.3,68.02,68.56,69.93,69.02,69.51,69.74,70.14,69.21,67.33,68.84,68.89,68.12,67.79,67.71,67.93,67.18,66.64,66.67,68.25],
  "contact_probs": [[1.0,1.0,0.1,0.03,0.04,0.26,0.13,0.1,0.04,0.03,0.15,0.08,0.03,0.02,0.01,0.41,0.78,0.43,0.04,0.01],[1.0,1.0,1.0,0.17,0.09,0.73,0.31,0.13,0.04,0.01,0.03,0.05,0.04,0.02,0.01,0.12,0.39,0.77,0.36,0.02],[0.1,1.0,1.0,0.93,0.17,0.37,0.76,0.23,0.04,0.01,0.01,0.02,0.03,0.02,0.01,0.03,0.13,0.33,0.69,0.18],[0.03,0.17,0.93,1.0,0.17,0.08,0.47,0.45,0.06,0.01,0.01,0.01,0.01,0.03,0.01,0.02,0.04,0.12,0.27,0.25],[0.04,0.09,0.17,0.17,1.0,0.14,0.1,0.02,0.01,0.01,0.01,0.01,0.01,0.01,0.0,0.01,0.01,0.01,0.01,0.02],[0.26,0.73,0.37,0.08,0.14,1.0,0.99,0.08,0.03,0.03,0.34,0.05,0.03,0.02,0.01,0.02,0.01,0.01,0.0,0.0],[0.13,0.31,0.76,0.47,0.1,0.99,1.0,0.99,0.12,0.06,0.78,0.32,0.07,0.03,0.01,0.01,0.02,0.02,0.01,0.0],[0.1,0.13,0.23,0.45,0.02,0.08,0.99,1.0,0.88,0.13,0.6,0.81,0.34,0.09,0.0,0.01,0.02,0.05,0.05,0.03],[0.04,0.04,0.04,0.06,0.01,0.03,0.12,0.88,1.0,0.22,0.1,0.51,0.56,0.16,0.01,0.01,0.01,0.03,0.07,0.12],[0.03,0.01,0.01,0.01,0.01,0.03,0.06,0.13,0.22,1.0,0.11,0.09,0.02,0.01,0.01,0.01,0.01,0.01,0.01,0.03],[0.15,0.03,0.01,0.01,0.01,0.34,0.78,0.6,0.1,0.11,1.0,0.99,0.08,0.02,0.03,0.24,0.04,0.01,0.01,0.0],[0.08,0.05,0.02,0.01,0.01,0.05,0.32,0.81,0.51,0.09,0.99,1.0,1.0,0.13,0.07,0.79,0.25,0.12,0.03,0.01],[0.03,0.04,0.03,0.01,0.01,0.03,0.07,0.34,0.56,0.02,0.08,1.0,1.0,0.97,0.15,0.55,0.83,0.29,0.17,0.04],[0.02,0.02,0.02,0.03,0.01,0.02,0.03,0.09,0.16,0.01,0.02,0.13,0.97,1.0,0.15,0.07,0.59,0.7,0.31,0.26],[0.01,0.01,0.01,0.01,0.0,0.01,0.01,0.0,0.01,0.01,0.03,0.07,0.15,0.15,1.0,0.13,0.09,0.01,0.01,0.01],[0.41,0.12,0.03,0.02,0.01,0.02,0.01,0.01,0.01,0.01,0.24,0.79,0.55,0.07,0.13,1.0,0.99,0.04,0.0,0.0],[0.78,0.39,0.13,0.04,0.01,0.01,0.02,0.02,0.01,0.01,0.04,0.25,0.83,0.59,0.09,0.99,1.0,1.0,0.08,0.02],[0.43,0.77,0.33,0.12,0.01,0.01,0.02,0.05,0.03,0.01,0.01,0.12,0.29,0.7,0.01,0.04,1.0,1.0,0.99,0.37],[0.04,0.36,0.69,0.27,0.01,0.0,0.01,0.05,0.07,0.01,0.01,0.03,0.17,0.31,0.01,0.0,0.08,0.99,1.0,0.87],[0.01,0.02,0.18,0.25,0.02,0.0,0.0,0.03,0.12,0.03,0.0,0.01,0.04,0.26,0.01,0.0,0.02,0.37,0.87,1.0]],
  "pae": [[0.9,2.2,4.4,6.0,9.0,5.0,5.7,7.3,7.9,12.8,5.1,5.3,5.6,6.4,11.7,4.8,3.7,4.4,6.2,9.1],[1.8,0.9,2.1,3.7,7.1,4.6,4.2,5.5,6.7,12.0,4.7,4.4,4.9,5.8,10.5,4.9,4.0,4.6,4.8,8.2],[3.1,2.3,0.9,2.6,6.4,4.9,5.1,5.1,7.5,12.5,5.4,5.1,5.6,6.4,12.0,5.3,4.4,4.8,4.8,9.2],[5.1,5.4,2.6,1.0,5.1,6.1,5.6,6.7,8.5,15.6,8.4,7.7,7.1,9.2,14.2,8.8,7.2,7.0,5.8,10.5],[11.5,8.2,6.4,4.8,1.6,9.9,7.7,10.2,10.9,15.3,11.6,12.4,12.0,14.6,18.0,13.4,11.0,11.6,12.9,13.6],[5.0,4.8,4.2,5.0,5.7,1.0,2.0,4.2,5.6,11.4,5.2,5.0,6.4,8.3,11.7,6.6,5.7,6.1,6.8,9.1],[5.3,4.7,4.2,5.4,7.4,2.9,0.8,2.4,3.5,9.0,4.2,4.3,5.2,6.9,11.0,5.3,4.6,5.2,6.4,8.2],[7.0,6.2,4.9,6.4,9.7,4.4,2.5,0.9,2.9,8.8,4.7,6.0,5.8,7.4,11.6,6.2,5.8,7.1,7.5,9.4],[10.1,8.5,7.3,8.1,11.5,8.6,5.1,2.4,1.0,6.5,5.5,6.1,7.4,9.4,12.4,9.9,8.9,9.5,9.0,9.8],[13.8,13.9,13.1,12.6,15.3,12.9,9.2,8.2,6.0,1.4,9.2,9.1,10.4,11.4,11.7,12.5,13.1,12.9,13.6,14.0],[5.7,5.3,6.0,6.8,11.2,5.0,4.5,4.8,4.5,5.5,1.0,2.1,3.9,6.0,10.3,5.4,5.6,7.0,8.3,10.2],[5.0,4.8,5.5,6.0,10.1,4.7,4.1,4.3,4.9,7.4,2.6,0.9,1.9,3.4,7.9,4.9,4.1,5.1,6.6,9.1],[5.5,4.6,5.7,7.1,11.3,5.3,4.7,5.0,6.1,9.5,3.4,2.0,0.9,2.1,7.6,5.5,4.7,4.3,5.7,9.4],[7.8,6.4,7.0,9.1,13.0,7.8,6.5,6.2,6.3,9.9,4.8,3.6,2.5,1.0,6.7,4.9,6.0,4.7,6.2,9.7],[10.8,12.4,14.3,14.6,17.8,13.2,11.4,11.9,11.3,16.4,11.9,8.1,6.1,6.2,1.8,8.3,6.9,8.5,11.3,13.2],[4.5,4.3,6.0,7.5,11.4,6.1,5.2,5.6,6.0,12.3,4.9,4.6,4.6,4.2,5.5,0.9,1.9,3.3,4.9,7.7],[3.8,3.2,4.4,5.6,10.4,4.9,4.0,4.8,5.3,10.5,4.5,3.7,3.8,4.3,8.3,2.3,0.8,1.7,3.0,6.5],[4.1,3.7,4.0,6.2,10.1,5.0,4.5,5.2,6.0,11.6,4.8,4.3,3.7,4.3,9.7,2.7,1.6,0.8,2.2,7.3],[5.3,4.5,5.2,7.2,10.5,7.0,5.6,5.8,6.8,12.8,6.7,6.6,5.1,4.7,10.0,4.9,3.1,1.8,0.9,4.1],[9.0,8.3,9.2,10.6,14.0,12.2,8.7,9.0,9.7,15.2,11.7,9.2,8.0,9.0,14.6,10.5,7.4,6.6,5.8,2.1]],
  "token_chain_ids": ["A","A","A","A","A","A","A","A","A","A","A","A","A","A","A","A","A","A","A","A"],
  "token_res_ids": [1,2,3,4,5,6,7,8,9,10,11,12,13,14,15,16,17,18,19,20]
}