{
  "atom_chain_ids": ["A","A","A","A","A","A","A","A","A","A","A","A","A","A","A","A","A","A","A","A","A","A","A","A","A","A","A","A","A","A","A","A","A","A","A","A","A","A","A","A","A","A","A","A","A","A","A","A","A","A","A","A","A","A","A","A","A","A","A","A","A","A","A","A","A","A","A","A","A","A","A","A","A","A","A","A","A","A","A","A","A","A","A","A","A","A","A","A","A","A","A","A","A","A","A","A","A","A","A","A","A","A","A","A","A","A","A","A","A","A","A","A","A","A","A","A","A","A","A","A","A","A","A","A","A","A","A","A","A","A","A","A","A","A","A","A","A","A","A","A","A","A","A","A","A","A","A","A","A","A","A","A","A","A","A","A","A","A","A","A","A","A","A","A","A","A","A","A","A","A","A","A","A","A","A","A","A","A","A","A","A","A","A","A","A","A","A","A","A","A","A","A","A","A","A","A","A","A","A","A","A","A","A","A","A","A","A","A","A","A","A","A","A","A","A","A","A","A","A","A","A","A","A","A","A","A","A","A","A","A","A","A","A","A","A","A","A","A","A","A","A","A","A","A","A","A","A","A","A","A","A","A","A","A","A","A","A","A","A","A","A","A","A","A","A","A","A","A","A","A","A","A","A","A","A","A","A","A","A","A","A","A","A","A","A","A","A","A","A","A","A","A","A","A","A","A","A","A","A","A","A","A","A","A","A","A","A","A","A","A","A","A","A","A","A","A","A","A","A","A","A","A","A","A","A","A","A","A","A","A","A","A","A","A","A","A","A","A","A","A","A","A","A","A","A","A","A","A","A","A","A","A","A","A","A","A","A","A","A","A","A","A","A","A","A","A","A","A","A","A","A","A","A","A","A","A","A","A","A","A","A","A","A","A","A","A","A","A","A","A","A","A","A","A","A","A","A","A","A","A","A","A","A","A","A","A","A","A","A","A","A","A","A","A","A","A","A","A","A","A","A","A","A","A","A","A","A","A","A","A"],
  "atom_plddts": [73.54,75.08,69.1,69.83,74.67,79.23,82.09,82.86,83.53,82.6,83.21,83.13,83.94,83.94,83.12,84.04,84.08,83.16,83.08,83.46,83.69,84.06,84.89,82.31,78.54,78.27,82.99,84.04,86.0,86.08,86.52,85.88,86.53,87.19,87.55,87.82,86.99,87.68,87.79,87.05,87.2,87.32,87.25,87.61,87.99,82.32,79.62,79.41,82.53,83.27,84.67,84.6,84.99,84.17,84.93,85.4,85.85,86.11,85.31,86.0,86.17,85.43,85.65,85.64,85.5,85.88,86.3,79.79,77.07,77.54,79.45,78.34,79.98,80.39,81.05,79.65,80.05,79.76,81.15,80.81,80.23,81.14,81.39,80.22,80.48,80.21,80.08,80.43,81.45,73.16,69.41,69.8,73.99,72.37,74.7,74.78,75.64,74.13,73.04,73.16,73.68,71.28,69.07,68.39,67.96,66.57,65.6,67.23,76.24,70.48,70.51,76.95,78.98,81.86,82.52,83.09,82.2,82.8,83.34,83.77,83.76,82.32,83.12,83.3,82.21,82.16,82.53,82.79,83.01,84.05,80.47,77.07,77.17,81.24,82.13,84.24,84.38,84.73,83.95,84.76,85.51,86.02,86.33,85.57,86.3,86.46,85.84,86.0,86.1,86.03,86.32,86.68,80.35,77.43,77.48,80.59,81.09,82.83,82.66,83.19,82.15,83.1,83.73,84.22,84.55,83.79,84.61,84.83,84.15,84.34,84.26,84.15,84.49,84.96,77.86,75.57,75.81,77.25,75.86,77.36,77.68,78.25,76.67,77.16,77.14,78.54,78.24,77.64,78.56,78.78,77.57,77.64,77.44,77.41,77.21,78.68,77.03,74.5,74.93,77.42,75.94,77.97,77.86,78.17,76.68,76.13,75.68,76.75,75.1,73.28,72.53,72.76,71.32,70.35,71.44,75.56,69.25,69.29,76.42,78.99,81.8,82.58,82.89,82.03,82.64,83.03,83.54,83.61,82.39,83.19,83.43,82.49,82.45,82.81,83.01,83.28,84.08,81.27,77.89,78.23,82.09,82.68,84.65,84.72,85.12,84.37,85.16,85.79,86.31,86.61,85.71,86.35,86.53,85.95,86.08,86.2,86.11,86.35,86.72,81.22,78.35,78.49,81.28,81.88,83.53,83.29,83.83,82.89,83.69,84.26,84.77,85.15,84.46,85.22,85.39,84.73,84.98,84.92,84.74,84.98,85.43,79.73,77.14,77.17,79.45,79.31,80.61,81.11,81.69,80.45,80.97,80.9,82.04,82.22,81.37,82.11,82.52,81.79,81.96,81.77,81.58,81.79,82.66,72.54,69.93,70.07,73.11,71.01,73.11,72.93,73.09,71.87,70.02,69.99,70.7,68.39,66.45,65.37,65.11,63.6,61.95,64.03,74.02,67.24,67.12,75.04,76.63,79.54,80.94,81.62,80.61,81.48,82.0,82.23,82.29,81.39,82.48,82.59,81.46,81.54,81.74,81.89,82.48,83.17,81.44,77.93,77.68,82.04,82.88,84.86,85.07,85.45,84.76,85.57,86.31,86.71,87.05,86.46,87.23,87.42,86.87,87.15,87.18,86.94,87.22,87.49,83.1,80.31,80.19,83.23,83.71,85.42,85.37,85.86,84.97,85.79,86.36,86.98,87.27,86.66,87.32,87.5,86.94,87.18,87.18,86.94,87.23,87.57,81.72,79.03,78.81,81.28,80.98,82.19,82.38,82.98,81.72,82.33,82.47,83.51,83.57,82.86,83.56,83.79,83.03,83.23,83.28,83.08,83.08,83.95,75.49,73.0,73.36,75.06,73.83,74.76,74.23,75.34,73.84,71.84,73.44,73.82,72.74,71.62,71.71,71.98,71.1,70.9,70.45,72.36],
  "contact_probs": [[1.0,1.0,0.1,0.03,0.04,0.26,0.13,0.1,0.04,0.03,0.15,0.08,0.03,0.02,0.01,0.41,0.78,0.43,0.04,0.01],[1.0,1.0,1.0,0.17,0.09,0.73,0.31,0.13,0.04,0.01,0.03,0.05,0.04,0.02,0.01,0.12,0.39,0.77,0.36,0.02],[0.1,1.0,1.0,0.93,0.17,0.37,0.76,0.23,0.04,0.01,0.01,0.02,0.03,0.02,0.01,0.03,0.13,0.33,0.69,0.18],[0.03,0.17,0.93,1.0,0.17,0.08,0.47,0.45,0.06,0.01,0.01,0.01,0.01,0.03,0.01,0.02,0.04,0.12,0.27,0.25],[0.04,0.09,0.17,0.17,1.0,0.14,0.1,0.02,0.01,0.01,0.01,0.01,0.01,0.01,0.0,0.01,0.01,0.01,0.01,0.02],[0.26,0.73,0.37,0.08,0.14,1.0,0.99,0.08,0.03,0.03,0.34,0.05,0.03,0.02,0.01,0.02,0.01,0.01,0.0,0.0],[0.13,0.31,0.76,0.47,0.1,0.99,1.0,0.99,0.12,0.06,0.78,0.32,0.07,0.03,0.01,0.01,0.02,0.02,0.01,0.0],[0.1,0.13,0.23,0.45,0.02,0.08,0.99,1.0,0.88,0.13,0.6,0.81,0.34,0.09,0.0,0.01,0.02,0.05,0.05,0.03],[0.04,0.04,0.04,0.06,0.01,0.03,0.12,0.88,1.0,0.22,0.1,0.51,0.56,0.16,0.01,0.01,0.01,0.03,0.07,0.12],[0.03,0.01,0.01,0.01,0.01,0.03,0.06,0.13,0.22,1.0,0.11,0.09,0.02,0.01,0.01,0.01,0.01,0.01,0.01,0.03],[0.15,0.03,0.01,0.01,0.01,0.34,0.78,0.6,0.1,0.11,1.0,0.99,0.08,0.02,0.03,0.24,0.04,0.01,0.01,0.0],[0.08,0.05,0.02,0.01,0.01,0.05,0.32,0.81,0.51,0.09,0.99,1.0,1.0,0.13,0.07,0.79,0.25,0.12,0.03,0.01],[0.03,0.04,0.03,0.01,0.01,0.03,0.07,0.34,0.56,0.02,0.08,1.0,1.0,0.97,0.15,0.55,0.83,0.29,0.17,0.04],[0.02,0.02,0.02,0.03,0.01,0.02,0.03,0.09,0.16,0.01,0.02,0.13,0.97,1.0,0.15,0.07,0.59,0.7,0.31,0.26],[0.01,0.01,0.01,0.01,0.0,0.01,0.01,0.0,0.01,0.01,0.03,0.07,0.15,0.15,1.0,0.13,0.09,0.01,0.01,0.01],[0.41,0.12,0.03,0.02,0.01,0.02,0.01,0.01,0.01,0.01,0.24,0.79,0.55,0.07,0.13,1.0,0.99,0.04,0.0,0.0],[0.78,0.39,0.13,0.04,0.01,0.01,0.02,0.02,0.01,0.01,0.04,0.25,0.83,0.59,0.09,0.99,1.0,1.0,0.08,0.02],[0.43,0.77,0.33,0.12,0.01,0.01,0.02,0.05,0.03,0.01,0.01,0.12,0.29,0.7,0.01,0.04,1.0,1.0,0.99,0.37],[0.04,0.36,0.69,0.27,0.01,0.0,0.01,0.05,0.07,0.01,0.01,0.03,0.17,0.31,0.01,0.0,0.08,0.99,1.0,0.87],[0.01,0.02,0.18,0.25,0.02,0.0,0.0,0.03,0.12,0.03,0.0,0.01,0.04,0.26,0.01,0.0,0.02,0.37,0.87,1.0]],
  "pae": [[0.9,1.6,3.1,4.8,6.1,3.8,4.4,5.4,6.0,7.1,4.2,4.0,4.1,5.3,8.0,3.8,3.2,3.5,5.1,6.4],[1.4,0.8,1.6,2.9,4.8,3.2,3.2,3.8,4.6,6.2,3.6,3.5,3.4,4.1,7.7,3.3,2.9,3.1,3.6,5.3],[2.2,1.4,0.9,2.1,4.1,3.1,3.7,3.4,4.2,6.8,3.6,3.4,3.5,3.9,8.2,3.5,3.0,3.0,2.8,5.0],[3.8,3.2,1.8,1.0,3.4,3.9,3.7,4.7,6.1,8.8,5.6,5.3,5.2,6.1,10.2,5.6,5.2,4.3,4.4,6.6],[7.8,5.8,4.8,3.9,1.5,5.9,5.1,7.0,7.3,9.9,8.9,8.8,8.0,9.1,14.2,10.0,7.6,7.9,8.4,9.3],[3.9,3.1,3.0,3.8,3.6,0.9,1.8,2.9,3.9,6.3,3.8,3.6,4.3,5.2,8.9,4.5,4.1,4.3,5.0,6.3],[3.9,3.1,3.1,4.1,4.3,1.9,0.8,1.6,2.4,4.9,3.4,3.0,3.5,4.1,8.0,3.7,3.3,3.6,4.1,5.6],[4.6,3.5,3.3,4.6,5.6,2.6,1.5,0.9,1.8,4.6,3.3,3.4,3.3,3.9,8.3,4.1,3.8,4.4,4.2,5.6],[5.6,4.9,4.2,4.6,6.2,4.1,2.8,1.6,1.0,4.6,3.4,3.3,3.6,4.3,8.5,5.1,4.7,4.7,4.9,5.8],[9.5,8.6,8.6,8.5,9.8,8.5,5.9,4.4,5.6,1.6,5.4,4.9,6.1,8.0,11.6,9.2,8.7,9.5,9.0,9.3],[4.6,4.0,4.4,5.2,6.8,3.5,2.8,3.0,3.2,4.0,0.9,1.5,2.4,3.8,7.5,3.9,3.6,4.5,5.2,6.6],[3.6,3.2,3.7,4.4,6.3,3.3,2.8,2.8,3.3,3.9,1.7,0.8,1.4,2.4,6.6,3.3,2.7,3.4,3.9,5.8],[3.9,3.2,3.8,4.3,6.7,3.2,3.1,2.9,3.2,4.9,2.3,1.5,0.9,1.8,6.5,3.0,2.4,2.7,3.3,5.5],[4.7,4.3,4.5,5.6,8.1,5.7,4.7,3.9,4.1,6.0,3.5,2.3,1.6,0.9,5.8,3.3,2.8,3.3,4.4,5.1],[10.8,11.6,12.5,13.2,15.4,12.5,13.0,11.6,11.2,14.1,11.2,8.2,7.5,8.3,1.8,7.0,7.0,9.4,12.1,11.1],[3.1,3.4,4.7,5.4,7.5,4.9,4.4,4.8,4.7,6.7,4.7,2.9,2.6,3.1,4.5,0.9,1.5,2.5,3.7,5.6],[3.1,2.6,3.2,4.0,6.5,3.2,3.1,3.1,3.4,5.9,3.3,2.7,2.3,2.6,5.1,1.4,0.8,1.2,2.1,4.7],[3.3,2.9,3.2,4.4,6.8,3.4,3.2,3.3,3.5,6.3,3.5,2.8,2.4,2.3,6.1,1.8,1.2,0.8,1.6,4.0],[3.8,3.3,3.8,4.6,6.9,4.5,4.0,3.9,4.2,7.7,4.5,3.8,3.0,2.6,7.3,2.9,1.9,1.4,0.9,2.7],[7.9,6.0,6.2,6.2,10.6,9.2,6.1,6.1,6.5,11.0,8.6,6.8,5.9,4.8,11.7,7.1,5.0,3.9,2.9,1.8]],
  "token_chain_ids": ["A","A","A","A","A","A","A","A","A","A","A","A","A","A","A","A","A","A","A","A"],
  "token_res_ids": [1,2,3,4,5,6,7,8,9,10,11,12,13,14,15,16,17,18,19,20]
}