{
  "atom_chain_ids": ["A","A","A","A","A","A","A","A","A","A","A","A","A","A","A","A","A","A","A","A","A","A","A","A","A","A","A","A","A","A","A","A","A","A","A","A","A","A","A","A","A","A","A","A","A","A","A","A","A","A","A","A","A","A","A","A","A","A","A","A","A","A","A","A","A","A","A","A","A","A","A","A","A","A","A","A","A","A","A","A","A","A","A","A","A","A","A","A","A","A","A","A","A","A","A","A","A","A","A","A","A","A","A","A","A","A","A","A","A","A","A","A","A","A","A","A","A","A","A","A","A","A","A","A","A","A","A","A","A","A","A","A","A","A","A","A","A","A","A","A","A","A","A","A","A","A","A","A","A","A","A","A","A","A","A","A","A","A","A","A","A","A","A","A","A","A","A","A","A","A","A","A","A","A","A","A","A","A","A","A","A","A","A","A","A","A","A","A","A","A","A","A","A","A","A","A","A","A","A","A","A","A","A","A","A","A","A","A","A","A","A","A","A","A","A","A","A","A","A","A","A","A","A","A","A","A","A","A","A","A","A","A","A","A","A","A","A","A","A","A","A","A","A","A","A","A","A","A","A","A","A","A","A","A","A","A","A","A","A","A","A","A","A","A","A","A","A","A","A","A","A","A","A","A","A","A","A","A","A","A","A","A","A","A","A","A","A","A","A","A","A","A","A","A","A","A","A","A","A","A","A","A","A","A","A","A","A","A","A","A","A","A","A","A","A","A","A","A","A","A","A","A","A","A","A","A","A","A","A","A","A","A","A","A","A","A","A","A","A","A","A","A","A","A","A","A","A","A","A","A","A","A","A","A","A","A","A","A","A","A","A","A","A","A","A","A","A","A","A","A","A","A","A","A","A","A","A","A","A","A","A","A","A","A","A","A","A","A","A","A","A","A","A","A","A","A","A","A","A","A","A","A","A","A","A","A","A","A","A","A","A","A","A","A","A","A","A","A","A","A","A","A","A","A","A","A","A","A","A","A","A","A","A","A","A","A","A","A","A","A","A","A","A","A","A","A","A","A","A","A","A","A","A","A","A","A","A","A","A","A","A","A","A","A","A","A","A","A"],
  "atom_plddts": [64.27,64.51,59.37,60.44,64.3,68.11,70.1,71.39,71.38,70.2,71.53,71.3,71.82,72.16,71.66,72.2,72.82,72.62,71.62,71.76,71.92,72.15,73.59,69.39,66.55,66.71,69.83,70.72,72.42,73.09,72.83,71.75,73.06,72.91,73.37,73.88,73.1,73.49,74.31,74.12,73.61,73.47,73.53,73.4,74.41,69.74,67.92,67.56,68.88,68.07,69.06,69.93,69.69,68.44,69.05,67.5,69.11,69.28,68.91,68.9,70.03,69.85,68.87,68.62,68.71,67.7,69.47,55.86,53.62,53.25,55.96,55.23,55.15,53.37,54.74,54.04,52.62,50.66,51.77,49.52,46.75,45.5,44.64,43.78,42.1,44.19,46.71,53.29,48.05,47.52,54.24,54.37,55.72,55.95,57.56,56.88,56.12,54.61,56.24,54.93,51.69,50.77,50.57,49.6,47.73,49.49,51.74,59.18,54.5,53.72,58.62,58.9,60.24,60.21,61.17,59.95,60.34,56.77,59.21,57.73,54.87,54.26,54.37,52.47,50.34,51.45,53.18,53.3,64.67,60.14,60.35,65.08,66.07,67.7,69.55,69.33,68.15,69.41,69.01,69.66,70.16,69.52,69.85,71.1,70.95,69.97,69.78,69.85,69.62,71.13,68.28,65.92,65.93,68.32,69.04,70.09,71.21,70.57,69.49,70.59,70.39,70.92,71.49,70.98,71.29,72.27,72.21,71.61,71.29,71.3,70.99,72.0,69.15,66.9,66.61,68.63,68.26,69.31,70.3,70.13,68.74,69.75,68.35,69.66,69.89,69.5,69.59,70.68,70.48,69.5,69.38,69.49,68.66,70.38,62.22,59.25,58.75,62.11,60.87,61.16,60.12,60.89,60.31,58.68,56.59,58.37,56.43,54.6,53.3,52.92,52.06,49.88,51.99,54.48,57.18,52.15,51.93,58.04,58.47,59.52,59.62,60.97,60.13,59.01,57.22,58.81,57.39,54.87,53.88,53.79,52.78,50.66,52.49,54.9,61.76,57.8,56.67,60.5,61.77,62.73,63.19,63.7,62.29,63.26,59.47,61.54,60.31,58.16,57.58,58.03,56.43,54.03,55.1,56.71,56.88,68.08,65.28,65.32,67.82,68.17,69.38,70.7,70.1,68.66,70.01,69.11,70.4,70.88,70.37,70.45,71.68,71.63,70.78,70.62,70.69,70.13,71.5,69.26,66.83,66.73,69.3,70.54,71.93,72.67,72.2,71.1,72.44,72.28,72.77,73.3,72.79,73.14,74.01,73.96,73.5,73.28,73.26,73.08,74.05,69.61,67.73,67.03,68.59,67.93,68.9,69.88,69.32,67.99,68.6,66.89,68.8,68.98,68.76,68.69,70.02,69.94,68.98,68.66,68.65,67.57,69.43,49.52,46.48,45.47,49.32,50.43,50.46,49.35,51.06,49.81,49.54,47.67,48.61,46.84,43.91,43.19,42.26,41.4,39.95,41.81,44.51,45.62,41.63,40.2,45.76,46.84,47.41,46.27,49.55,48.59,48.23,46.01,46.78,44.69,40.75,39.54,38.58,37.42,36.01,38.21,40.92,58.89,54.39,53.43,58.13,58.33,59.23,59.38,60.32,59.28,59.45,55.56,57.97,56.21,53.32,52.6,52.65,50.69,48.45,49.74,51.52,51.63,67.37,64.02,63.94,67.13,67.53,69.02,70.55,69.91,68.71,70.03,68.95,70.09,70.57,70.47,70.63,71.76,71.63,70.73,70.62,70.61,69.98,71.51,69.43,66.89,66.81,69.71,70.71,72.04,72.88,72.36,71.35,72.66,72.44,73.02,73.64,73.05,73.42,74.24,74.18,73.65,73.54,73.52,73.34,74.26,69.86,68.05,67.14,69.03,68.91,69.75,70.78,70.45,69.16,69.96,68.39,69.88,70.08,69.59,69.55,70.57,70.33,69.26,69.36,69.5,68.64,70.42,60.58,56.37,56.18,60.66,61.22,62.19,61.73,62.67,62.11,60.12,58.49,59.69,57.76,55.48,54.22,54.05,52.97,50.94,52.82,55.41],
  "contact_probs": [[1.0,1.0,0.33,0.02,0.02,0.03,0.12,0.35,0.53,0.23,0.33,0.6,0.41,0.61,0.28,0.03,0.01,0.02,0.04,0.05,0.05,0.04],[1.0,1.0,0.99,0.23,0.13,0.14,0.36,0.49,0.37,0.05,0.05,0.16,0.13,0.23,0.5,0.08,0.06,0.06,0.05,0.03,0.03,0.01],[0.33,0.99,1.0,0.7,0.5,0.53,0.6,0.46,0.06,0.01,0.01,0.01,0.03,0.13,0.23,0.18,0.18,0.15,0.07,0.03,0.02,0.01],[0.02,0.23,0.7,1.0,0.59,0.34,0.15,0.02,0.01,0.0,0.0,0.0,0.0,0.02,0.19,0.22,0.22,0.19,0.04,0.01,0.0,0.01],[0.02,0.13,0.5,0.59,1.0,0.75,0.3,0.05,0.01,0.0,0.0,0.0,0.0,0.02,0.15,0.19,0.33,0.42,0.15,0.02,0.01,0.01],[0.03,0.14,0.53,0.34,0.75,1.0,0.85,0.15,0.02,0.0,0.0,0.01,0.01,0.04,0.17,0.19,0.4,0.61,0.43,0.12,0.01,0.01],[0.12,0.36,0.6,0.15,0.3,0.85,1.0,0.99,0.32,0.01,0.01,0.02,0.03,0.06,0.09,0.05,0.11,0.3,0.33,0.58,0.2,0.02],[0.35,0.49,0.46,0.02,0.05,0.15,0.99,1.0,0.99,0.34,0.14,0.21,0.07,0.03,0.04,0.01,0.01,0.04,0.11,0.3,0.55,0.13],[0.53,0.37,0.06,0.01,0.01,0.02,0.32,0.99,1.0,0.85,0.57,0.63,0.12,0.05,0.02,0.0,0.0,0.01,0.03,0.18,0.24,0.28],[0.23,0.05,0.01,0.0,0.0,0.0,0.01,0.34,0.85,1.0,0.72,0.47,0.11,0.01,0.0,0.0,0.0,0.0,0.01,0.03,0.24,0.31],[0.33,0.05,0.01,0.0,0.0,0.0,0.01,0.14,0.57,0.72,1.0,0.85,0.24,0.02,0.01,0.0,0.0,0.0,0.01,0.06,0.35,0.39],[0.6,0.16,0.01,0.0,0.0,0.01,0.02,0.21,0.63,0.47,0.85,1.0,0.89,0.2,0.01,0.01,0.0,0.01,0.03,0.23,0.53,0.4],[0.41,0.13,0.03,0.0,0.0,0.01,0.03,0.07,0.12,0.11,0.24,0.89,1.0,0.99,0.14,0.02,0.02,0.02,0.41,0.59,0.43,0.13],[0.61,0.23,0.13,0.02,0.02,0.04,0.06,0.03,0.05,0.01,0.02,0.2,0.99,1.0,0.99,0.19,0.18,0.22,0.71,0.35,0.1,0.01],[0.28,0.5,0.23,0.19,0.15,0.17,0.09,0.04,0.02,0.0,0.01,0.01,0.14,0.99,1.0,0.65,0.56,0.59,0.53,0.13,0.04,0.01],[0.03,0.08,0.18,0.22,0.19,0.19,0.05,0.01,0.0,0.0,0.0,0.01,0.02,0.19,0.65,1.0,0.54,0.34,0.15,0.02,0.01,0.01],[0.01,0.06,0.18,0.22,0.33,0.4,0.11,0.01,0.0,0.0,0.0,0.0,0.02,0.18,0.56,0.54,1.0,0.75,0.31,0.04,0.01,0.0],[0.02,0.06,0.15,0.19,0.42,0.61,0.3,0.04,0.01,0.0,0.0,0.01,0.02,0.22,0.59,0.34,0.75,1.0,0.86,0.14,0.01,0.0],[0.04,0.05,0.07,0.04,0.15,0.43,0.33,0.11,0.03,0.01,0.01,0.03,0.41,0.71,0.53,0.15,0.31,0.86,1.0,0.99,0.19,0.01],[0.05,0.03,0.03,0.01,0.02,0.12,0.58,0.3,0.18,0.03,0.06,0.23,0.59,0.35,0.13,0.02,0.04,0.14,0.99,1.0,0.99,0.28],[0.05,0.03,0.02,0.0,0.01,0.01,0.2,0.55,0.24,0.24,0.35,0.53,0.43,0.1,0.04,0.01,0.01,0.01,0.19,0.99,1.0,0.89],[0.04,0.01,0.01,0.01,0.01,0.01,0.02,0.13,0.28,0.31,0.39,0.4,0.13,0.01,0.01,0.01,0.0,0.0,0.01,0.28,0.89,1.0]],
  "pae": [[1.0,2.3,3.8,8.5,7.3,6.8,5.8,5.3,4.7,6.9,7.2,6.3,4.9,5.1,5.2,10.2,11.8,7.0,5.5,5.6,5.7,7.9],[1.8,0.9,2.3,7.3,6.1,5.7,4.8,4.0,4.1,6.7,6.8,6.0,4.3,3.9,4.6,9.0,10.0,5.8,4.4,4.7,5.1,6.9],[3.8,2.2,0.9,6.1,6.0,7.0,4.6,4.7,5.0,7.7,7.6,7.1,5.6,4.9,5.0,9.6,10.6,6.9,5.0,5.6,6.2,7.9],[11.0,11.6,9.8,1.5,9.5,11.9,10.9,10.9,11.2,13.2,14.4,13.4,15.8,14.4,13.7,16.0,17.3,13.6,14.1,14.0,14.9,16.0],[9.1,9.1,7.7,6.9,1.4,6.3,6.3,8.3,9.5,11.5,11.9,11.0,10.5,9.8,8.2,12.0,12.9,7.6,8.8,9.5,9.9,12.3],[8.6,6.9,5.6,6.7,5.2,1.2,4.3,5.9,7.7,10.3,11.4,9.3,8.4,7.9,7.1,10.8,11.7,7.3,6.1,7.2,8.7,10.1],[5.4,5.1,5.1,7.6,5.1,3.5,0.9,2.6,4.5,6.6,7.4,6.6,5.7,5.3,5.1,9.1,10.1,6.4,4.9,4.8,5.1,7.4],[4.7,4.5,4.6,7.7,5.7,4.1,2.2,0.9,2.4,5.6,6.4,6.0,5.1,4.5,4.9,9.4,10.5,6.0,4.3,4.5,4.0,7.1],[4.5,4.7,5.3,8.6,7.1,5.5,4.1,2.6,0.9,5.5,5.0,5.8,5.4,5.2,6.1,10.1,10.9,6.7,5.2,4.9,4.7,6.5],[8.6,9.4,10.5,12.5,12.0,11.8,8.7,8.0,7.0,1.5,7.9,7.2,9.5,10.1,11.3,14.0,15.0,12.5,11.4,10.8,10.1,10.4],[9.5,10.6,11.7,12.6,12.4,11.9,10.3,9.1,7.3,6.8,1.3,4.9,6.3,8.7,10.8,13.5,14.7,12.7,11.0,10.2,7.9,6.5],[7.9,10.0,11.9,13.3,13.4,12.4,10.8,8.8,6.9,7.3,5.0,1.2,4.5,6.1,10.6,13.4,15.0,12.1,10.7,9.9,7.7,6.9],[4.9,5.3,6.0,9.3,7.9,6.8,6.5,5.9,5.7,7.2,5.4,4.2,1.0,2.3,4.9,8.9,10.7,7.4,6.2,5.8,5.5,6.9],[4.4,4.2,4.8,8.7,6.8,5.7,5.0,5.0,5.3,7.2,6.6,4.5,2.5,0.9,2.5,8.5,9.4,5.6,5.1,4.9,5.3,7.2],[5.0,4.6,4.8,9.6,7.3,6.1,5.3,5.8,6.2,8.2,8.1,6.0,4.4,2.5,0.9,8.6,9.5,5.6,5.1,5.3,6.9,8.3],[15.6,14.0,14.8,16.7,14.7,14.4,15.2,15.0,16.8,17.6,18.7,15.5,15.0,14.8,12.7,1.6,11.2,11.2,13.9,13.9,16.1,18.2],[18.0,17.1,15.5,18.1,14.5,12.5,15.2,17.6,18.5,18.6,19.3,18.7,17.9,14.9,13.1,10.9,1.5,11.6,11.6,13.5,17.0,19.2],[9.2,7.8,7.8,12.3,9.4,8.6,7.8,9.1,11.4,12.1,13.5,11.5,9.0,7.4,6.6,9.0,7.9,1.2,6.0,6.2,9.6,11.5],[6.2,6.0,6.0,9.5,7.4,6.1,5.6,5.9,6.6,8.4,7.8,7.3,6.4,6.7,5.6,8.6,8.7,4.1,1.0,2.3,4.8,7.5],[4.9,4.7,5.0,8.7,6.9,5.6,4.2,4.1,4.5,7.1,6.4,5.7,4.8,4.6,4.8,9.3,10.1,4.3,2.4,0.9,2.1,5.4],[5.5,5.5,6.0,9.3,7.9,6.4,4.5,4.5,4.9,7.2,6.7,5.9,4.9,5.4,6.2,10.6,11.2,6.0,4.1,2.3,0.9,5.0],[9.3,9.6,10.8,12.9,11.8,11.6,8.8,7.5,7.1,9.1,5.5,6.0,7.7,8.8,10.4,13.8,15.4,12.3,9.4,7.6,6.9,1.4]],
  "token_chain_ids": ["A","A","A","A","A","A","A","A","A","A","A","A","A","A","A","A","A","A","A","A","A","A"],
  "token_res_ids": [1,2,3,4,5,6,7,8,9,10,11,12,13,14,15,16,17,18,19,20,21,22]
}