{
  "atom_chain_ids": ["A","A","A","A","A","A","A","A","A","A","A","A","A","A","A","A","A","A","A","A","A","A","A","A","A","A","A","A","A","A","A","A","A","A","A","A","A","A","A","A","A","A","A","A","A","A","A","A","A","A","A","A","A","A","A","A","A","A","A","A","A","A","A","A","A","A","A","A","A","A","A","A","A","A","A","A","A","A","A","A","A","A","A","A","A","A","A","A","A","A","A","A","A","A","A","A","A","A","A","A","A","A","A","A","A","A","A","A","A","A","A","A","A","A","A","A","A","A","A","A","A","A","A","A","A","A","A","A","A","A","A","A","A","A","A","A","A","A","A","A","A","A","A","A","A","A","A","A","A","A","A","A","A","A","A","A","A","A","A","A","A","A","A","A","A","A","A","A","A","A","A","A","A","A","A","A","A","A","A","A","A","A","A","A","A","A","A","A","A","A","A","A","A","A","A","A","A","A","A","A","A","A","A","A","A","A","A","A","A","A","A","A","A","A","A","A","A","A","A","A","A","A","A","A","A","A","A","A","A","A","A","A","A","A","A","A","A","A","A","A","A","A","A","A","A","A","A","A","A","A","A","A","A","A","A","A","A","A","A","A","A","A","A","A","A","A","A","A","A","A","A","A","A","A","A","A","A","A","A","A","A","A","A","A","A","A","A","A","A","A","A","A","A","A","A","A","A","A","A","A","A","A","A","A","A","A","A","A","A","A","A","A","A","A","A","A","A","A","A","A","A","A","A","A","A","A","A","A","A","A","A","A","A","A","A","A","A","A","A","A","A","A","A","A","A","A","A","A","A","A","A","A","A","A","A","A","A","A","A","A","A","A","A","A","A","A","A","A","A","A","A","A","A","A","A","A","A","A","A","A","A","A","A","A","A","A","A","A","A","A","A","A","A","A","A","A","A","A","A","A","A","A","A","A","A","A","A","A","A","A","A","A","A","A","A","A","A","A","A","A","A","A","A","A","A","A","A","A","A","A","A","A","A","A","A","A","A","A","A","A","A","A","A","A","A","A","A","A","A","A","A","A","A","A","A","A","A","A","A","A","A","A","A","A","A","A","A","A"],
  "atom_plddts": [65.51,65.39,60.42,61.38,65.18,69.01,70.75,71.92,71.87,70.68,72.15,72.01,72.47,72.86,72.48,73.03,73.6,73.44,72.56,72.73,72.86,73.08,74.31,70.49,67.67,68.0,70.9,71.77,73.49,73.89,73.67,72.55,73.92,73.82,74.39,74.91,74.29,74.64,75.39,75.23,74.82,74.74,74.76,74.61,75.48,71.2,69.23,68.81,70.38,69.59,70.81,71.64,71.4,70.23,70.95,69.55,71.17,71.4,70.93,70.95,72.05,71.85,70.96,70.78,70.85,69.96,71.65,63.17,60.43,60.32,63.32,61.49,62.25,61.25,61.68,61.22,59.27,57.37,59.37,57.41,55.11,53.78,53.6,52.75,50.8,52.68,54.9,55.43,50.11,49.78,56.39,56.41,57.94,58.28,59.54,58.88,57.99,56.44,58.18,56.85,53.67,52.64,52.61,51.61,49.63,51.43,53.65,59.45,55.0,54.21,58.81,59.01,60.39,60.24,61.12,59.89,60.15,56.53,58.96,57.44,54.66,53.99,54.05,52.1,49.97,51.14,52.91,52.91,64.1,59.68,59.9,64.53,65.68,67.11,69.04,68.71,67.57,68.8,68.42,68.94,69.47,68.89,69.22,70.43,70.29,69.3,69.13,69.24,69.01,70.45,67.26,65.11,65.13,67.24,67.95,68.82,70.15,69.37,68.28,69.39,69.09,69.58,70.15,69.74,70.03,71.0,70.99,70.36,70.01,70.05,69.71,70.68,68.94,66.85,66.59,68.32,68.06,68.91,69.94,69.51,68.17,69.26,67.79,69.15,69.44,69.25,69.27,70.34,70.19,69.25,69.11,69.23,68.44,69.95,61.42,58.39,58.08,61.41,60.16,60.54,59.47,60.29,59.7,57.96,55.88,57.56,55.48,53.6,52.31,51.88,50.87,48.78,50.86,53.4,54.97,49.75,49.71,56.21,56.79,57.74,57.72,59.75,58.86,57.8,56.35,57.79,56.42,53.81,53.04,52.83,51.93,49.89,51.57,54.1,62.5,57.85,56.62,61.31,62.37,63.48,64.23,64.48,63.15,64.24,60.47,62.5,61.51,59.53,58.95,59.72,58.29,55.82,56.83,58.21,58.28,67.95,65.05,65.02,67.64,68.06,69.33,70.7,70.15,68.75,70.05,69.11,70.3,70.76,70.24,70.28,71.54,71.53,70.63,70.47,70.55,69.98,71.38,70.31,68.03,67.9,70.13,71.16,72.55,73.05,72.59,71.46,72.66,72.27,73.02,73.5,73.18,73.4,74.27,74.26,73.79,73.61,73.58,73.26,74.26,70.98,69.0,68.21,70.04,69.64,70.85,71.52,71.1,69.79,70.42,68.67,70.58,70.72,70.34,70.17,71.49,71.41,70.42,70.22,70.22,69.13,71.1,46.53,43.16,41.8,46.44,47.65,48.09,47.23,49.06,47.66,47.81,46.17,47.18,45.93,43.23,42.93,42.29,41.58,40.26,41.6,44.05,45.07,40.84,39.57,45.67,46.4,47.35,46.63,49.18,48.2,48.1,46.23,47.41,46.04,42.97,42.41,41.84,40.85,39.44,40.9,43.21,57.2,52.04,51.28,56.46,56.86,57.98,58.33,59.26,58.3,58.49,55.22,57.56,56.28,53.78,53.38,53.44,51.76,49.63,50.78,52.42,52.69,66.64,63.51,63.29,66.19,66.45,67.63,69.39,68.65,67.49,68.78,67.56,68.65,69.16,69.24,69.34,70.43,70.33,69.37,69.32,69.35,68.69,70.13,69.38,66.89,66.74,69.46,70.29,71.56,72.49,71.9,70.9,72.16,71.74,72.42,73.03,72.59,72.88,73.72,73.69,73.11,73.03,73.01,72.74,73.69,69.96,68.33,67.16,68.9,68.42,69.25,70.26,69.98,68.7,69.29,67.22,69.0,69.08,68.62,68.42,69.55,69.3,68.03,68.16,68.34,67.24,69.36,59.99,55.16,54.93,60.24,60.9,61.88,61.48,62.74,62.3,60.44,58.61,59.69,57.59,54.99,53.61,53.39,52.3,50.15,52.21,54.96],
  "contact_probs": [[1.0,1.0,0.33,0.02,0.02,0.03,0.12,0.35,0.53,0.23,0.33,0.6,0.41,0.61,0.28,0.03,0.01,0.02,0.04,0.05,0.05,0.04],[1.0,1.0,0.99,0.23,0.13,0.14,0.36,0.49,0.37,0.05,0.05,0.16,0.13,0.23,0.5,0.08,0.06,0.06,0.05,0.03,0.03,0.01],[0.33,0.99,1.0,0.7,0.5,0.53,0.6,0.46,0.06,0.01,0.01,0.01,0.03,0.13,0.23,0.18,0.18,0.15,0.07,0.03,0.02,0.01],[0.02,0.23,0.7,1.0,0.59,0.34,0.15,0.02,0.01,0.0,0.0,0.0,0.0,0.02,0.19,0.22,0.22,0.19,0.04,0.01,0.0,0.01],[0.02,0.13,0.5,0.59,1.0,0.75,0.3,0.05,0.01,0.0,0.0,0.0,0.0,0.02,0.15,0.19,0.33,0.42,0.15,0.02,0.01,0.01],[0.03,0.14,0.53,0.34,0.75,1.0,0.85,0.15,0.02,0.0,0.0,0.01,0.01,0.04,0.17,0.19,0.4,0.61,0.43,0.12,0.01,0.01],[0.12,0.36,0.6,0.15,0.3,0.85,1.0,0.99,0.32,0.01,0.01,0.02,0.03,0.06,0.09,0.05,0.11,0.3,0.33,0.58,0.2,0.02],[0.35,0.49,0.46,0.02,0.05,0.15,0.99,1.0,0.99,0.34,0.14,0.21,0.07,0.03,0.04,0.01,0.01,0.04,0.11,0.3,0.55,0.13],[0.53,0.37,0.06,0.01,0.01,0.02,0.32,0.99,1.0,0.85,0.57,0.63,0.12,0.05,0.02,0.0,0.0,0.01,0.03,0.18,0.24,0.28],[0.23,0.05,0.01,0.0,0.0,0.0,0.01,0.34,0.85,1.0,0.72,0.47,0.11,0.01,0.0,0.0,0.0,0.0,0.01,0.03,0.24,0.31],[0.33,0.05,0.01,0.0,0.0,0.0,0.01,0.14,0.57,0.72,1.0,0.85,0.24,0.02,0.01,0.0,0.0,0.0,0.01,0.06,0.35,0.39],[0.6,0.16,0.01,0.0,0.0,0.01,0.02,0.21,0.63,0.47,0.85,1.0,0.89,0.2,0.01,0.01,0.0,0.01,0.03,0.23,0.53,0.4],[0.41,0.13,0.03,0.0,0.0,0.01,0.03,0.07,0.12,0.11,0.24,0.89,1.0,0.99,0.14,0.02,0.02,0.02,0.41,0.59,0.43,0.13],[0.61,0.23,0.13,0.02,0.02,0.04,0.06,0.03,0.05,0.01,0.02,0.2,0.99,1.0,0.99,0.19,0.18,0.22,0.71,0.35,0.1,0.01],[0.28,0.5,0.23,0.19,0.15,0.17,0.09,0.04,0.02,0.0,0.01,0.01,0.14,0.99,1.0,0.65,0.56,0.59,0.53,0.13,0.04,0.01],[0.03,0.08,0.18,0.22,0.19,0.19,0.05,0.01,0.0,0.0,0.0,0.01,0.02,0.19,0.65,1.0,0.54,0.34,0.15,0.02,0.01,0.01],[0.01,0.06,0.18,0.22,0.33,0.4,0.11,0.01,0.0,0.0,0.0,0.0,0.02,0.18,0.56,0.54,1.0,0.75,0.31,0.04,0.01,0.0],[0.02,0.06,0.15,0.19,0.42,0.61,0.3,0.04,0.01,0.0,0.0,0.01,0.02,0.22,0.59,0.34,0.75,1.0,0.86,0.14,0.01,0.0],[0.04,0.05,0.07,0.04,0.15,0.43,0.33,0.11,0.03,0.01,0.01,0.03,0.41,0.71,0.53,0.15,0.31,0.86,1.0,0.99,0.19,0.01],[0.05,0.03,0.03,0.01,0.02,0.12,0.58,0.3,0.18,0.03,0.06,0.23,0.59,0.35,0.13,0.02,0.04,0.14,0.99,1.0,0.99,0.28],[0.05,0.03,0.02,0.0,0.01,0.01,0.2,0.55,0.24,0.24,0.35,0.53,0.43,0.1,0.04,0.01,0.01,0.01,0.19,0.99,1.0,0.89],[0.04,0.01,0.01,0.01,0.01,0.01,0.02,0.13,0.28,0.31,0.39,0.4,0.13,0.01,0.01,0.01,0.0,0.0,0.01,0.28,0.89,1.0]],
  "pae": [[0.9,1.9,3.3,6.8,6.8,6.8,5.9,5.1,4.7,7.2,7.7,5.7,4.4,4.5,4.5,10.2,9.4,6.8,5.4,5.2,5.4,8.6],[2.0,0.9,1.9,5.9,5.7,5.9,4.8,4.1,4.4,6.9,7.8,5.5,4.2,3.9,4.0,9.2,8.3,6.1,4.5,4.4,4.9,7.2],[3.0,1.9,0.9,4.8,5.2,5.7,4.3,4.6,4.8,7.3,8.2,5.9,4.9,4.1,4.1,9.1,8.7,6.1,4.8,4.9,5.5,7.7],[7.9,6.9,7.0,1.3,5.7,5.3,7.2,8.0,9.0,11.3,11.0,11.1,10.1,8.7,7.9,12.7,12.1,8.7,9.1,9.2,10.3,12.4],[8.3,7.1,6.4,4.7,1.2,4.4,4.3,7.4,8.8,11.0,11.0,10.5,9.2,8.0,7.6,11.6,10.4,7.0,7.6,7.9,8.3,11.5],[8.9,7.1,5.7,5.9,3.5,1.2,4.4,6.6,9.0,10.7,11.1,9.5,8.4,7.7,7.7,10.3,9.6,7.0,6.6,7.1,8.1,10.6],[5.8,5.2,5.1,7.0,4.8,3.7,0.9,2.5,4.8,7.4,7.6,6.4,5.8,5.5,5.3,9.6,9.1,6.7,5.2,4.9,5.1,7.8],[4.8,4.5,4.5,7.0,6.3,4.5,2.4,0.9,2.5,6.3,7.1,5.6,5.2,4.9,5.1,10.3,9.3,6.5,4.9,4.4,3.8,7.2],[4.1,4.3,4.4,7.2,6.5,5.3,3.6,2.1,0.9,6.1,6.4,5.1,4.9,5.2,5.8,10.4,9.6,6.7,5.4,4.2,4.4,7.0],[8.4,9.9,11.0,12.4,11.8,12.5,8.7,8.8,8.4,1.4,5.9,7.1,9.3,9.7,10.6,14.7,15.0,13.6,12.2,11.5,10.8,10.8],[8.2,10.3,11.5,13.3,13.1,14.0,11.1,9.6,8.6,6.2,1.4,8.6,8.7,10.9,12.8,15.0,15.7,14.3,14.0,12.3,10.9,11.0],[7.7,9.3,9.8,11.3,11.6,11.5,10.1,8.2,7.6,7.0,6.1,1.2,4.2,6.5,9.6,13.5,13.7,11.0,10.8,9.6,8.2,8.5],[5.1,5.7,6.4,9.0,8.1,7.5,7.5,6.6,6.3,7.8,5.7,4.7,1.0,2.8,5.1,9.8,9.7,7.6,7.0,7.0,6.1,7.6],[4.0,3.9,4.5,7.1,6.4,5.7,5.2,5.2,5.2,7.2,7.0,4.6,2.5,0.9,2.3,8.9,8.1,5.8,5.1,4.8,5.2,7.3],[4.2,4.1,4.2,8.4,7.1,6.2,5.6,5.8,6.1,8.3,8.0,5.4,4.1,2.3,0.9,8.5,8.7,6.6,5.4,5.5,7.0,8.8],[14.5,12.7,13.9,13.8,15.8,13.5,15.2,16.2,16.7,18.4,17.5,16.1,15.6,14.9,13.5,1.5,9.3,9.3,13.0,14.5,17.3,18.1],[14.8,13.7,13.2,12.7,12.6,9.8,12.6,14.6,16.1,17.1,17.1,16.9,15.5,13.0,11.2,8.4,1.4,7.7,9.7,13.3,15.2,16.8],[9.5,8.3,8.3,10.6,9.6,7.4,8.2,9.7,11.1,12.8,12.8,12.3,10.9,8.5,7.2,9.8,6.6,1.1,5.4,6.7,10.4,12.2],[6.9,6.3,6.1,8.8,8.0,6.8,6.1,6.3,7.1,8.9,9.2,7.9,8.2,7.4,6.2,9.7,7.9,4.0,1.0,2.6,5.5,8.1],[5.0,4.9,5.2,7.9,7.2,6.2,4.4,4.2,4.6,7.5,7.4,5.7,5.3,5.0,5.4,10.2,9.1,4.9,2.6,0.9,2.2,5.7],[5.5,5.6,6.1,8.4,7.6,6.9,4.8,4.3,4.7,7.5,7.9,5.4,5.3,5.5,6.4,11.3,9.9,6.3,4.1,2.4,0.9,4.4],[9.1,8.4,9.1,11.3,10.4,10.7,7.4,7.3,7.1,10.0,9.1,6.8,8.6,9.0,9.2,14.4,13.6,11.4,8.9,8.5,7.5,1.4]],
  "token_chain_ids": ["A","A","A","A","A","A","A","A","A","A","A","A","A","A","A","A","A","A","A","A","A","A"],
  "token_res_ids": [1,2,3,4,5,6,7,8,9,10,11,12,13,14,15,16,17,18,19,20,21,22]
}