{
  "atom_chain_ids": ["A","A","A","A","A","A","A","A","A","A","A","A","A","A","A","A","A","A","A","A","A","A","A","A","A","A","A","A","A","A","A","A","A","A","A","A","A","A","A","A","A","A","A","A","A","A","A","A","A","A","A","A","A","A","A","A","A","A","A","A","A","A","A","A","A","A","A","A","A","A","A","A","A","A","A","A","A","A","A","A","A","A","A","A","A","A","A","A","A","A","A","A","A","A","A","A","A","A","A","A","A","A","A","A","A","A","A","A","A","A","A","A","A","A","A","A","A","A","A","A","A","A","A","A","A","A","A","A","A","A","A","A","A","A","A","A","A","A","A","A","A","A","A","A","A","A","A","A","A","A","A","A","A","A","A","A","A","A","A","A","A","A","A","A","A","A","A","A","A","A","A","A","A","A","A","A","A","A","A","A","A","A","A","A","A","A","A","A","A","A","A","A","A","A","A","A","A","A","A","A","A","A","A","A","A","A","A","A","A","A","A","A","A","A","A","A","A","A","A","A","A","A","A","A","A","A","A","A","A","A","A","A","A","A","A","A","A","A","A","A","A","A","A","A","A","A","A","A","A","A","A","A","A","A","A","A","A","A","A","A","A","A","A","A","A","A","A","A","A","A","A","A","A","A","A","A","A","A","A","A","A","A","A","A","A","A","A","A","A","A","A","A","A","A","A","A","A","A","A","A","A","A","A","A","A","A","A","A","A","A","A","A","A","A","A","A","A","A","A","A","A","A","A","A","A","A","A","A","A","A","A","A","A","A","A","A","A","A","A","A","A","A","A","A","A","A","A","A","A","A","A","A","A","A","A","A","A","A","A","A","A","A","A","A","A","A","A","A","A","A","A","A","A","A","A","A","A","A","A","A","A","A","A","A","A","A","A","A","A","A","A","A","A","A","A","A","A","A","A","A","A","A","A","A","A","A","A","A","A","A","A","A","A","A","A","A","A","A","A","A","A","A","A","A","A","A","A","A","A","A","A","A","A","A","A","A","A","A","A","A","A","A","A","A","A","A","A","A","A","A","A","A","A","A","A","A","A","A","A","A","A","A","A","A","A","A","A","A"],
  "atom_plddts": [64.4,64.37,59.38,60.44,64.13,67.74,69.51,70.79,70.66,69.49,70.84,70.58,71.11,71.49,71.05,71.5,72.17,72.05,71.0,71.14,71.29,71.48,72.88,69.04,66.27,66.46,69.33,70.18,71.78,72.5,72.14,71.06,72.34,72.11,72.65,73.19,72.53,72.83,73.7,73.58,73.0,72.87,72.94,72.73,73.75,69.72,67.81,67.41,68.92,68.19,69.19,70.08,69.81,68.58,69.26,67.67,69.29,69.48,69.02,68.93,70.1,69.93,68.87,68.68,68.8,67.79,69.62,57.29,55.54,55.17,57.25,56.14,55.98,54.06,55.34,54.75,53.23,51.28,52.63,50.44,48.02,46.88,46.15,45.44,43.68,45.58,48.03,54.73,49.49,49.04,55.67,55.55,56.72,56.81,58.07,57.48,56.68,54.87,56.7,55.32,52.21,51.18,51.06,50.09,48.07,49.9,52.12,57.7,53.11,52.49,57.16,57.53,58.84,58.61,59.73,58.53,58.82,55.2,57.62,56.11,53.21,52.56,52.52,50.67,48.56,49.7,51.51,51.51,63.84,59.49,59.74,64.18,65.14,66.55,68.56,68.23,67.09,68.3,67.85,68.42,68.96,68.37,68.66,69.92,69.81,68.76,68.58,68.68,68.38,69.87,67.46,65.19,65.17,67.37,68.15,69.19,70.42,69.76,68.68,69.7,69.26,69.86,70.42,69.91,70.1,71.14,71.13,70.4,70.1,70.16,69.75,70.86,68.01,65.81,65.55,67.45,67.18,68.02,69.11,68.79,67.41,68.43,66.81,68.13,68.36,68.11,68.07,69.21,69.07,67.98,67.85,67.99,67.07,68.82,59.85,57.18,56.59,59.77,58.65,58.5,57.1,58.25,57.68,56.09,53.87,55.61,53.46,51.45,50.14,49.49,48.57,46.4,48.61,51.29,55.67,50.75,50.41,56.65,57.1,57.72,57.48,59.38,58.62,57.49,55.48,56.93,55.21,52.31,51.14,50.79,49.69,47.5,49.63,52.28,58.41,54.64,53.71,57.38,58.91,59.76,59.29,60.72,59.16,59.98,55.76,57.63,55.83,53.09,52.15,52.14,50.27,47.92,49.16,51.1,51.31,66.35,63.44,63.47,65.98,66.21,67.25,68.85,68.24,66.79,67.94,66.83,68.06,68.52,68.1,68.08,69.43,69.45,68.43,68.21,68.33,67.64,69.14,68.92,66.62,66.43,68.72,69.79,71.05,71.83,71.29,70.15,71.33,70.91,71.53,72.04,71.71,71.92,72.85,72.86,72.29,72.06,72.07,71.75,72.82,68.57,66.66,65.89,67.49,66.83,67.53,68.59,68.04,66.77,67.22,65.27,67.11,67.23,67.13,66.93,68.3,68.25,67.11,66.85,66.87,65.63,67.65,50.68,47.91,47.11,50.65,51.31,51.25,50.12,51.53,50.42,49.98,47.96,49.13,47.36,44.62,43.89,43.02,42.16,40.62,42.45,45.08,46.1,41.94,40.79,46.8,47.52,48.31,47.48,50.21,49.28,48.92,46.8,47.95,46.27,42.75,41.87,41.19,40.09,38.56,40.39,42.86,58.17,53.35,52.58,57.47,57.88,58.96,59.49,60.21,59.21,59.51,55.96,58.36,57.07,54.34,53.72,53.93,52.18,49.92,51.16,52.77,52.87,67.25,64.07,64.02,67.11,67.78,69.06,70.5,69.73,68.54,70.01,69.1,70.12,70.64,70.56,70.69,71.72,71.62,70.78,70.72,70.77,70.28,71.55,69.11,66.68,66.55,69.19,70.12,71.24,72.17,71.49,70.47,71.76,71.38,72.02,72.63,72.3,72.55,73.39,73.38,72.79,72.7,72.68,72.41,73.33,68.66,66.93,65.98,67.79,67.88,68.36,69.68,69.14,67.88,68.77,67.13,68.51,68.76,68.45,68.34,69.36,69.2,68.07,68.18,68.36,67.57,69.21,56.99,52.95,52.65,57.22,57.91,58.43,57.85,59.45,58.91,57.15,55.3,56.27,54.35,51.91,50.75,50.38,49.45,47.46,49.33,51.97],
  "contact_probs": [[1.0,1.0,0.33,0.02,0.02,0.03,0.12,0.35,0.53,0.23,0.33,0.6,0.41,0.61,0.28,0.03,0.01,0.02,0.04,0.05,0.05,0.04],[1.0,1.0,0.99,0.23,0.13,0.14,0.36,0.49,0.37,0.05,0.05,0.16,0.13,0.23,0.5,0.08,0.06,0.06,0.05,0.03,0.03,0.01],[0.33,0.99,1.0,0.7,0.5,0.53,0.6,0.46,0.06,0.01,0.01,0.01,0.03,0.13,0.23,0.18,0.18,0.15,0.07,0.03,0.02,0.01],[0.02,0.23,0.7,1.0,0.59,0.34,0.15,0.02,0.01,0.0,0.0,0.0,0.0,0.02,0.19,0.22,0.22,0.19,0.04,0.01,0.0,0.01],[0.02,0.13,0.5,0.59,1.0,0.75,0.3,0.05,0.01,0.0,0.0,0.0,0.0,0.02,0.15,0.19,0.33,0.42,0.15,0.02,0.01,0.01],[0.03,0.14,0.53,0.34,0.75,1.0,0.85,0.15,0.02,0.0,0.0,0.01,0.01,0.04,0.17,0.19,0.4,0.61,0.43,0.12,0.01,0.01],[0.12,0.36,0.6,0.15,0.3,0.85,1.0,0.99,0.32,0.01,0.01,0.02,0.03,0.06,0.09,0.05,0.11,0.3,0.33,0.58,0.2,0.02],[0.35,0.49,0.46,0.02,0.05,0.15,0.99,1.0,0.99,0.34,0.14,0.21,0.07,0.03,0.04,0.01,0.01,0.04,0.11,0.3,0.55,0.13],[0.53,0.37,0.06,0.01,0.01,0.02,0.32,0.99,1.0,0.85,0.57,0.63,0.12,0.05,0.02,0.0,0.0,0.01,0.03,0.18,0.24,0.28],[0.23,0.05,0.01,0.0,0.0,0.0,0.01,0.34,0.85,1.0,0.72,0.47,0.11,0.01,0.0,0.0,0.0,0.0,0.01,0.03,0.24,0.31],[0.33,0.05,0.01,0.0,0.0,0.0,0.01,0.14,0.57,0.72,1.0,0.85,0.24,0.02,0.01,0.0,0.0,0.0,0.01,0.06,0.35,0.39],[0.6,0.16,0.01,0.0,0.0,0.01,0.02,0.21,0.63,0.47,0.85,1.0,0.89,0.2,0.01,0.01,0.0,0.01,0.03,0.23,0.53,0.4],[0.41,0.13,0.03,0.0,0.0,0.01,0.03,0.07,0.12,0.11,0.24,0.89,1.0,0.99,0.14,0.02,0.02,0.02,0.41,0.59,0.43,0.13],[0.61,0.23,0.13,0.02,0.02,0.04,0.06,0.03,0.05,0.01,0.02,0.2,0.99,1.0,0.99,0.19,0.18,0.22,0.71,0.35,0.1,0.01],[0.28,0.5,0.23,0.19,0.15,0.17,0.09,0.04,0.02,0.0,0.01,0.01,0.14,0.99,1.0,0.65,0.56,0.59,0.53,0.13,0.04,0.01],[0.03,0.08,0.18,0.22,0.19,0.19,0.05,0.01,0.0,0.0,0.0,0.01,0.02,0.19,0.65,1.0,0.54,0.34,0.15,0.02,0.01,0.01],[0.01,0.06,0.18,0.22,0.33,0.4,0.11,0.01,0.0,0.0,0.0,0.0,0.02,0.18,0.56,0.54,1.0,0.75,0.31,0.04,0.01,0.0],[0.02,0.06,0.15,0.19,0.42,0.61,0.3,0.04,0.01,0.0,0.0,0.01,0.02,0.22,0.59,0.34,0.75,1.0,0.86,0.14,0.01,0.0],[0.04,0.05,0.07,0.04,0.15,0.43,0.33,0.11,0.03,0.01,0.01,0.03,0.41,0.71,0.53,0.15,0.31,0.86,1.0,0.99,0.19,0.01],[0.05,0.03,0.03,0.01,0.02,0.12,0.58,0.3,0.18,0.03,0.06,0.23,0.59,0.35,0.13,0.02,0.04,0.14,0.99,1.0,0.99,0.28],[0.05,0.03,0.02,0.0,0.01,0.01,0.2,0.55,0.24,0.24,0.35,0.53,0.43,0.1,0.04,0.01,0.01,0.01,0.19,0.99,1.0,0.89],[0.04,0.01,0.01,0.01,0.01,0.01,0.02,0.13,0.28,0.31,0.39,0.4,0.13,0.01,0.01,0.01,0.0,0.0,0.01,0.28,0.89,1.0]],
  "pae": [[1.0,2.2,3.7,8.3,7.1,7.0,6.0,5.1,4.6,7.4,7.5,7.0,4.7,4.7,4.6,9.7,9.7,6.7,5.5,5.3,5.5,9.2],[1.9,0.9,2.1,7.1,6.0,5.7,4.6,4.0,4.1,7.4,6.9,6.8,4.1,3.8,3.8,8.6,8.1,5.6,4.5,4.6,5.0,7.9],[3.4,2.0,0.9,6.5,5.7,6.5,4.7,4.7,4.9,7.8,7.7,7.8,5.2,4.3,4.4,9.5,8.8,5.9,5.0,5.3,5.9,8.7],[9.9,8.9,8.5,1.5,9.6,11.2,10.3,10.6,11.5,14.1,14.0,13.4,13.9,12.5,12.2,15.0,15.5,13.4,12.8,13.7,13.9,16.3],[8.7,7.9,6.6,8.6,1.3,6.3,5.7,7.6,9.3,11.6,12.3,11.5,9.6,8.8,6.7,11.3,9.2,7.0,8.0,9.0,9.7,12.9],[8.8,7.1,5.4,6.9,5.5,1.2,4.0,5.6,8.4,10.9,11.6,9.9,7.8,6.9,6.7,10.5,9.7,6.6,5.7,6.8,8.0,11.1],[6.0,5.3,5.2,8.2,5.3,3.6,1.0,2.7,4.9,7.4,7.8,7.1,5.8,5.7,5.0,9.1,8.8,5.8,4.9,5.3,5.3,8.6],[4.8,4.6,4.5,8.1,5.9,4.3,2.6,0.9,2.5,6.3,6.6,6.2,5.2,4.8,4.9,9.1,8.6,5.4,4.5,4.7,4.4,7.3],[4.8,4.9,5.1,9.4,7.2,5.7,4.6,2.8,0.9,5.8,5.2,5.6,5.8,5.7,6.2,10.4,9.8,6.7,5.8,5.4,5.0,6.6],[8.8,10.4,12.3,14.5,13.4,13.7,10.2,9.1,8.7,1.5,8.5,7.6,10.3,11.5,12.3,15.8,15.5,14.6,12.9,12.3,11.4,11.7],[9.7,11.6,12.7,13.6,13.3,12.5,11.5,10.4,8.5,7.1,1.3,6.2,7.1,10.0,11.5,14.7,14.5,13.8,11.2,10.7,8.4,7.0],[10.0,11.9,15.0,15.2,15.9,14.6,13.2,11.2,8.0,9.3,5.8,1.2,6.4,8.8,13.9,16.4,16.0,15.7,12.9,11.7,8.5,7.4],[5.1,5.8,6.5,10.0,8.1,7.4,7.9,6.6,6.3,8.3,5.8,4.9,1.0,2.5,5.4,9.2,10.0,7.6,6.8,6.7,5.8,7.6],[4.2,4.1,4.5,8.7,6.6,5.9,5.4,5.2,5.7,7.6,6.7,5.0,2.5,0.9,2.6,8.1,8.2,5.5,5.2,5.1,5.4,7.8],[4.8,4.6,4.6,9.2,7.1,5.9,5.7,6.0,6.3,8.4,8.1,6.7,4.6,2.6,0.9,7.7,7.9,5.2,5.2,6.1,6.7,9.6],[14.7,12.4,12.8,16.8,12.7,12.9,15.2,15.5,17.2,18.3,18.1,16.3,15.8,13.9,11.8,1.5,10.2,9.5,13.7,13.8,16.6,18.4],[14.9,13.3,12.4,16.8,11.6,11.1,12.4,14.3,16.8,17.4,17.4,17.1,14.7,13.0,10.4,10.0,1.3,7.4,9.3,13.2,15.2,16.9],[9.3,8.0,7.2,11.4,8.6,7.6,7.2,8.7,10.6,12.8,13.0,12.0,10.9,8.0,6.6,9.2,7.0,1.2,5.2,6.7,9.9,11.4],[6.1,5.6,5.4,9.5,7.2,6.2,5.6,5.5,6.1,8.5,7.9,7.1,6.5,6.3,5.3,8.6,7.4,3.6,1.0,2.3,4.7,8.0],[4.9,4.5,4.7,8.7,6.8,5.8,4.5,4.3,4.5,7.3,6.7,5.6,4.7,4.6,4.9,9.6,8.9,4.2,2.4,0.9,2.1,5.8],[5.2,5.6,6.2,9.6,7.9,6.4,4.8,4.6,4.8,7.2,6.4,5.1,5.0,5.4,6.3,11.0,9.8,5.8,4.0,2.4,0.9,4.7],[9.4,10.7,11.8,13.0,12.2,11.7,9.8,9.2,8.0,9.0,6.0,6.0,8.3,9.9,11.1,14.5,15.1,12.6,10.5,10.4,8.6,1.3]],
  "token_chain_ids": ["A","A","A","A","A","A","A","A","A","A","A","A","A","A","A","A","A","A","A","A","A","A"],
  "token_res_ids": [1,2,3,4,5,6,7,8,9,10,11,12,13,14,15,16,17,18,19,20,21,22]
}