{
  "atom_chain_ids": ["A","A","A","A","A","A","A","A","A","A","A","A","A","A","A","A","A","A","A","A","A","A","A","A","A","A","A","A","A","A","A","A","A","A","A","A","A","A","A","A","A","A","A","A","A","A","A","A","A","A","A","A","A","A","A","A","A","A","A","A","A","A","A","A","A","A","A","A","A","A","A","A","A","A","A","A","A","A","A","A","A","A","A","A","A","A","A","A","A","A","A","A","A","A","A","A","A","A","A","A","A","A","A","A","A","A","A","A","A","A","A","A","A","A","A","A","A","A","A","A","A","A","A","A","A","A","A","A","A","A","A","A","A","A","A","A","A","A","A","A","A","A","A","A","A","A","A","A","A","A","A","A","A","A","A","A","A","A","A","A","A","A","A","A","A","A","A","A","A","A","A","A","A","A","A","A","A","A","A","A","A","A","A","A","A","A","A","A","A","A","A","A","A","A","A","A","A","A","A","A","A","A","A","A","A","A","A","A","A","A","A","A","A","A","A","A","A","A","A","A","A","A","A","A","A","A","A","A","A","A","A","A","A","A","A","A","A","A","A","A","A","A","A","A","A","A","A","A","A","A","A","A","A","A","A","A","A","A","A","A","A","A","A","A","A","A","A","A","A","A","A","A","A","A","A","A","A","A","A","A","A","A","A","A","A","A","A","A","A","A","A","A","A","A","A","A","A","A","A","A","A","A","A","A","A","A","A","A","A","A","A","A","A","A","A","A","A","A","A","A","A","A","A","A","A","A","A","A","A","A","A","A","A","A","A","A","A","A","A","A","A","A","A","A","A","A","A","A","A","A","A","A","A","A","A","A","A","A","A","A","A","A","A","A","A","A","A","A","A","A","A","A","A","A","A","A","A","A","A","A","A","A","A","A","A","A","A","A","A","A","A","A","A","A","A","A","A","A","A","A","A","A","A","A","A","A","A","A","A","A","A","A","A","A","A","A","A","A","A","A","A","A","A","A","A","A","A","A","A","A","A","A","A","A","A","A","A","A","A","A","A","A","A","A","A","A","A","A","A","A","A","A","A","A","A","A","A","A","A","A","A","A","A","A","A","A","A","A"],
  "atom_plddts": [64.69,64.37,59.14,60.18,64.14,67.87,69.64,70.99,70.85,69.72,71.15,70.99,71.42,71.83,71.48,72.01,72.64,72.51,71.53,71.7,71.83,72.08,73.36,69.14,66.42,66.61,69.53,70.41,71.86,72.58,72.14,71.04,72.45,72.29,72.75,73.28,72.69,73.03,73.84,73.7,73.2,73.06,73.13,73.0,73.91,69.41,67.49,67.08,68.65,68.19,69.06,70.06,69.69,68.46,69.24,67.73,69.17,69.36,68.99,68.93,70.05,69.89,68.91,68.69,68.82,67.92,69.59,58.32,56.54,56.22,58.26,57.04,57.0,54.99,56.31,55.64,53.95,52.04,53.41,51.18,48.79,47.65,46.91,46.18,44.44,46.33,48.8,55.16,49.99,49.51,56.03,55.95,57.19,57.25,58.47,57.95,57.1,55.23,56.98,55.51,52.34,51.18,51.0,49.96,47.91,49.91,52.2,60.25,55.43,54.66,59.59,59.85,61.5,61.75,62.27,61.0,61.36,58.06,60.56,59.46,57.05,56.57,56.94,55.15,53.03,54.08,55.65,55.71,65.32,61.03,61.23,65.75,66.83,68.42,70.14,69.86,68.71,69.96,69.55,70.25,70.76,70.07,70.35,71.55,71.39,70.45,70.31,70.42,70.19,71.59,68.77,66.47,66.39,68.76,69.55,70.62,71.68,71.12,70.06,71.23,70.98,71.49,72.02,71.44,71.72,72.64,72.58,71.99,71.75,71.79,71.51,72.49,69.33,67.21,66.87,68.73,68.45,69.48,70.44,70.18,68.87,69.85,68.36,69.68,69.92,69.55,69.56,70.62,70.46,69.46,69.38,69.52,68.68,70.31,58.79,56.22,55.58,58.92,58.12,58.0,55.85,58.02,57.23,55.5,53.25,54.59,52.11,49.53,48.21,47.45,46.59,44.52,46.72,49.62,57.34,52.21,51.91,58.23,58.5,59.29,59.35,61.08,60.33,59.21,57.29,58.94,57.28,54.45,53.29,53.09,52.03,49.78,51.86,54.44,61.43,57.61,56.45,60.24,61.34,62.35,62.39,63.08,61.63,62.52,58.28,60.32,58.76,56.3,55.42,55.78,53.97,51.5,52.7,54.4,54.43,68.18,65.42,65.27,67.79,68.1,69.24,70.57,70.01,68.58,69.84,68.8,70.03,70.45,69.94,69.94,71.2,71.18,70.26,70.11,70.22,69.62,71.03,70.04,67.82,67.59,69.82,70.8,72.07,72.63,72.13,71.01,72.18,71.69,72.42,72.88,72.56,72.74,73.64,73.65,73.13,72.93,72.92,72.58,73.61,68.94,67.34,66.57,67.73,67.04,67.72,68.76,68.09,66.77,67.28,65.29,67.17,67.29,67.33,67.11,68.43,68.37,67.29,67.03,67.07,65.82,67.73,47.62,44.63,43.61,47.52,48.7,48.76,47.43,49.59,48.25,48.0,45.86,46.54,44.59,41.23,40.32,39.39,38.42,37.01,38.99,41.8,47.81,43.22,42.14,48.48,49.32,50.25,49.87,52.04,51.22,50.96,48.95,50.26,48.81,45.4,44.55,43.89,42.77,41.15,43.06,45.52,59.76,55.22,54.37,59.01,59.44,60.71,61.3,61.64,60.59,60.95,57.51,59.95,58.87,56.37,55.83,56.23,54.5,52.27,53.43,54.93,54.99,68.09,64.56,64.48,67.97,68.66,70.12,71.42,70.76,69.57,71.02,70.05,71.15,71.65,71.6,71.71,72.73,72.62,71.83,71.82,71.85,71.4,72.64,70.69,68.35,68.24,70.75,71.41,72.57,73.27,72.73,71.74,73.0,72.62,73.38,73.96,73.61,73.86,74.66,74.6,74.12,74.06,74.01,73.72,74.6,70.21,68.69,67.55,69.13,68.73,69.34,70.37,69.92,68.65,69.3,67.36,69.05,69.17,68.9,68.69,69.8,69.58,68.39,68.5,68.66,67.66,69.57,57.26,52.49,52.18,57.56,58.53,59.33,58.85,60.61,60.12,58.37,56.54,57.21,55.05,52.22,50.81,50.34,49.21,47.18,49.39,52.28],
  "contact_probs": [[1.0,1.0,0.33,0.02,0.02,0.03,0.12,0.35,0.53,0.23,0.33,0.6,0.41,0.61,0.28,0.03,0.01,0.02,0.04,0.05,0.05,0.04],[1.0,1.0,0.99,0.23,0.13,0.14,0.36,0.49,0.37,0.05,0.05,0.16,0.13,0.23,0.5,0.08,0.06,0.06,0.05,0.03,0.03,0.01],[0.33,0.99,1.0,0.7,0.5,0.53,0.6,0.46,0.06,0.01,0.01,0.01,0.03,0.13,0.23,0.18,0.18,0.15,0.07,0.03,0.02,0.01],[0.02,0.23,0.7,1.0,0.59,0.34,0.15,0.02,0.01,0.0,0.0,0.0,0.0,0.02,0.19,0.22,0.22,0.19,0.04,0.01,0.0,0.01],[0.02,0.13,0.5,0.59,1.0,0.75,0.3,0.05,0.01,0.0,0.0,0.0,0.0,0.02,0.15,0.19,0.33,0.42,0.15,0.02,0.01,0.01],[0.03,0.14,0.53,0.34,0.75,1.0,0.85,0.15,0.02,0.0,0.0,0.01,0.01,0.04,0.17,0.19,0.4,0.61,0.43,0.12,0.01,0.01],[0.12,0.36,0.6,0.15,0.3,0.85,1.0,0.99,0.32,0.01,0.01,0.02,0.03,0.06,0.09,0.05,0.11,0.3,0.33,0.58,0.2,0.02],[0.35,0.49,0.46,0.02,0.05,0.15,0.99,1.0,0.99,0.34,0.14,0.21,0.07,0.03,0.04,0.01,0.01,0.04,0.11,0.3,0.55,0.13],[0.53,0.37,0.06,0.01,0.01,0.02,0.32,0.99,1.0,0.85,0.57,0.63,0.12,0.05,0.02,0.0,0.0,0.01,0.03,0.18,0.24,0.28],[0.23,0.05,0.01,0.0,0.0,0.0,0.01,0.34,0.85,1.0,0.72,0.47,0.11,0.01,0.0,0.0,0.0,0.0,0.01,0.03,0.24,0.31],[0.33,0.05,0.01,0.0,0.0,0.0,0.01,0.14,0.57,0.72,1.0,0.85,0.24,0.02,0.01,0.0,0.0,0.0,0.01,0.06,0.35,0.39],[0.6,0.16,0.01,0.0,0.0,0.01,0.02,0.21,0.63,0.47,0.85,1.0,0.89,0.2,0.01,0.01,0.0,0.01,0.03,0.23,0.53,0.4],[0.41,0.13,0.03,0.0,0.0,0.01,0.03,0.07,0.12,0.11,0.24,0.89,1.0,0.99,0.14,0.02,0.02,0.02,0.41,0.59,0.43,0.13],[0.61,0.23,0.13,0.02,0.02,0.04,0.06,0.03,0.05,0.01,0.02,0.2,0.99,1.0,0.99,0.19,0.18,0.22,0.71,0.35,0.1,0.01],[0.28,0.5,0.23,0.19,0.15,0.17,0.09,0.04,0.02,0.0,0.01,0.01,0.14,0.99,1.0,0.65,0.56,0.59,0.53,0.13,0.04,0.01],[0.03,0.08,0.18,0.22,0.19,0.19,0.05,0.01,0.0,0.0,0.0,0.01,0.02,0.19,0.65,1.0,0.54,0.34,0.15,0.02,0.01,0.01],[0.01,0.06,0.18,0.22,0.33,0.4,0.11,0.01,0.0,0.0,0.0,0.0,0.02,0.18,0.56,0.54,1.0,0.75,0.31,0.04,0.01,0.0],[0.02,0.06,0.15,0.19,0.42,0.61,0.3,0.04,0.01,0.0,0.0,0.01,0.02,0.22,0.59,0.34,0.75,1.0,0.86,0.14,0.01,0.0],[0.04,0.05,0.07,0.04,0.15,0.43,0.33,0.11,0.03,0.01,0.01,0.03,0.41,0.71,0.53,0.15,0.31,0.86,1.0,0.99,0.19,0.01],[0.05,0.03,0.03,0.01,0.02,0.12,0.58,0.3,0.18,0.03,0.06,0.23,0.59,0.35,0.13,0.02,0.04,0.14,0.99,1.0,0.99,0.28],[0.05,0.03,0.02,0.0,0.01,0.01,0.2,0.55,0.24,0.24,0.35,0.53,0.43,0.1,0.04,0.01,0.01,0.01,0.19,0.99,1.0,0.89],[0.04,0.01,0.01,0.01,0.01,0.01,0.02,0.13,0.28,0.31,0.39,0.4,0.13,0.01,0.01,0.01,0.0,0.0,0.01,0.28,0.89,1.0]],
  "pae": [[1.0,2.3,3.9,8.3,8.1,7.2,6.2,5.6,4.8,7.5,8.5,7.1,5.2,5.1,5.5,11.6,9.5,7.4,5.9,5.9,6.2,10.0],[1.9,0.9,2.5,7.6,6.6,5.8,5.0,4.3,4.6,8.2,7.3,7.2,4.6,4.2,5.0,10.1,8.3,6.1,4.9,4.9,5.7,8.8],[3.9,2.2,0.9,6.3,5.9,5.9,4.9,4.9,5.5,9.0,8.0,7.8,5.7,5.1,5.1,10.1,8.7,6.2,5.5,5.5,6.7,9.4],[10.1,8.8,7.4,1.5,8.5,10.2,9.9,9.9,10.4,13.3,13.8,13.1,13.7,12.2,12.9,16.3,13.9,12.0,12.6,12.7,13.9,16.1],[8.6,7.4,5.5,7.7,1.2,5.9,5.3,7.0,9.0,11.9,12.0,11.8,10.1,9.2,8.1,12.6,7.9,6.3,8.1,9.3,10.4,12.7],[7.7,6.6,5.1,7.0,4.3,1.1,4.3,5.6,7.2,11.2,10.9,9.5,7.5,6.7,6.8,10.8,7.2,6.1,6.3,7.0,8.2,10.7],[5.6,5.4,4.8,7.9,4.7,3.6,0.9,2.4,4.2,7.5,7.8,7.1,5.6,5.2,5.0,9.3,7.5,5.7,4.8,5.1,5.4,8.3],[4.5,4.4,4.4,8.0,6.1,4.0,2.2,0.9,2.2,5.8,6.7,6.1,4.9,4.6,4.8,9.8,7.9,5.3,4.2,4.3,4.8,8.0],[4.7,4.8,5.0,8.7,7.2,5.0,3.8,2.3,0.9,5.9,5.3,5.8,5.1,5.5,6.2,10.5,8.9,6.2,5.3,4.7,4.8,7.5],[8.1,9.0,10.9,14.1,13.4,12.9,10.5,10.0,8.3,1.3,8.7,7.5,11.3,12.4,13.2,16.3,15.2,12.9,12.7,12.4,11.5,12.2],[10.1,11.6,12.6,13.2,13.3,12.8,11.2,10.2,8.4,7.9,1.3,5.0,7.4,10.1,11.6,15.3,14.3,12.8,12.1,11.1,7.8,7.6],[10.0,11.0,14.2,14.0,14.2,13.7,12.2,11.0,8.3,9.9,6.0,1.2,6.0,8.4,12.9,14.9,14.3,12.8,11.7,9.9,7.7,7.2],[5.1,6.1,6.5,9.8,8.4,7.1,7.5,6.5,6.1,8.1,5.7,4.7,0.9,2.5,5.5,9.9,9.1,7.1,6.1,6.5,6.0,8.0],[4.6,4.3,4.9,8.9,7.1,6.0,5.4,5.1,5.5,8.0,6.7,4.9,2.5,0.9,2.6,9.2,7.8,5.6,5.2,5.0,5.8,8.7],[5.5,5.3,5.2,10.0,8.1,6.3,5.7,6.2,6.6,9.7,9.0,7.1,5.1,2.6,0.9,8.2,7.9,5.4,5.4,6.0,7.3,9.9],[15.6,14.7,14.2,17.8,12.6,13.8,16.0,17.0,17.0,18.3,19.0,18.1,16.2,15.2,13.5,1.5,6.7,9.2,13.9,14.9,17.6,19.6],[13.4,13.0,11.6,15.0,8.7,10.4,12.2,14.0,14.2,15.0,16.3,15.2,14.6,11.8,9.2,8.4,1.3,7.4,10.1,12.2,14.4,15.6],[8.9,8.0,7.6,11.9,8.1,7.0,7.8,8.4,9.5,12.1,12.8,11.2,10.7,6.7,6.7,9.5,6.2,1.2,5.6,6.5,10.2,11.4],[6.3,5.6,5.5,9.2,7.5,6.2,5.2,5.4,6.2,8.8,7.6,7.0,6.4,6.0,5.7,9.1,6.5,4.3,1.0,2.2,4.9,7.8],[5.0,4.5,4.9,8.8,7.3,5.5,4.5,4.1,4.4,7.8,6.6,6.0,4.6,4.6,5.2,10.2,8.4,4.5,2.5,0.9,2.1,5.8],[5.8,5.7,6.5,9.5,8.5,6.5,4.7,4.8,4.9,8.5,7.0,6.0,4.9,5.3,6.8,11.7,9.6,6.1,4.2,2.3,0.9,5.8],[10.4,10.4,11.5,12.9,12.5,12.2,9.1,8.4,8.2,9.2,5.7,5.7,9.0,9.7,11.4,16.2,14.5,12.4,10.6,9.5,9.0,1.4]],
  "token_chain_ids": ["A","A","A","A","A","A","A","A","A","A","A","A","A","A","A","A","A","A","A","A","A","A"],
  "token_res_ids": [1,2,3,4,5,6,7,8,9,10,11,12,13,14,15,16,17,18,19,20,21,22]
}