{
  "atom_chain_ids": ["A","A","A","A","A","A","A","A","A","A","A","A","A","A","A","A","A","A","A","A","A","A","A","A","A","A","A","A","A","A","A","A","A","A","A","A","A","A","A","A","A","A","A","A","A","A","A","A","A","A","A","A","A","A","A","A","A","A","A","A","A","A","A","A","A","A","A","A","A","A","A","A","A","A","A","A","A","A","A","A","A","A","A","A","A","A","A","A","A","A","A","A","A","A","A","A","A","A","A","A","A","A","A","A","A","A","A","A","A","A","A","A","A","A","A","A","A","A","A","A","A","A","A","A","A","A","A","A","A","A","A","A","A","A","A","A","A","A","A","A","A","A","A","A","A","A","A","A","A","A","A","A","A","A","A","A","A","A","A","A","A","A","A","A","A","A","A","A","A","A","A","A","A","A","A","A","A","A","A","A","A","A","A","A","A","A","A","A","A","A","A","A","A","A","A","A","A","A","A","A","A","A","A","A","A","A","A","A","A","A","A","A","A","A","A","A","A","A","A","A","A","A","A","A","A","A","A","A","A","A","A","A","A","A","A","A","A","A","A","A","A","A","A","A","A","A","A","A","A","A","A","A","A","A","A","A","A","A","A","A","A","A","A","A","A","A","A","A","A","A","A","A","A","A","A","A","A","A","A","A","A","A","A","A","A","A","A","A","A","A","A","A","A","A","A","A","A","A","A","A","A","A","A","A","A","A","A","A","A","A","A","A","A","A","A","A","A","A","A","A","A","A","A","A","A","A","A","A","A","A","A","A","A","A","A","A","A","A","A","A","A","A","A","A","A","A","A","A","A","A","A","A","A","A","A","A","A","A","A","A","A","A","A","A","A","A","A","A","A","A","A","A","A","A","A","A","A","A","A","A","A","A","A","A","A","A","A","A","A","A","A","A","A","A","A","A","A","A","A","A","A","A","A","A","A","A","A","A","A","A","A","A","A","A","A","A","A","A","A","A","A","A","A","A","A","A","A","A","A","A","A","A","A","A","A","A","A","A","A","A","A","A","A","A","A","A","A","A","A","A","A","A","A","A","A","A","A","A","A","A","A","A","A","A","A","A","A","A"],
  "atom_plddts": [65.0,65.14,60.01,61.1,64.93,68.79,70.76,71.95,72.0,70.79,72.17,72.01,72.55,72.93,72.4,72.95,73.58,73.4,72.44,72.61,72.76,72.98,74.33,70.54,67.82,67.96,70.84,71.57,73.37,73.75,73.6,72.46,73.67,73.42,74.06,74.52,73.78,74.09,74.91,74.75,74.22,74.13,74.18,73.96,75.02,71.88,70.01,69.43,70.94,69.9,71.15,71.65,71.56,70.29,70.83,69.11,70.92,70.98,70.45,70.33,71.55,71.36,70.31,70.14,70.21,69.08,71.08,61.97,59.8,59.4,61.96,60.19,60.47,58.3,59.45,58.95,56.74,54.85,56.43,53.97,51.64,50.42,49.78,49.01,47.14,49.07,51.63,56.25,50.73,50.38,57.28,57.1,58.63,58.55,60.02,59.31,58.26,56.62,58.37,56.73,53.64,52.58,52.51,51.47,49.49,51.31,53.61,60.7,55.83,55.09,60.1,60.37,62.04,62.38,62.74,61.48,61.83,58.6,61.07,60.08,57.7,57.22,57.73,55.99,53.87,54.86,56.35,56.34,65.43,61.46,61.68,65.79,66.63,68.12,69.79,69.5,68.34,69.48,69.05,69.75,70.23,69.6,69.93,71.16,71.02,70.08,69.87,69.95,69.63,71.08,68.75,66.5,66.39,68.63,69.26,70.38,71.36,70.78,69.7,70.72,70.26,70.93,71.42,70.91,71.13,72.15,72.14,71.47,71.18,71.23,70.84,71.93,69.88,67.98,67.65,69.06,68.39,69.37,70.19,69.95,68.59,69.44,67.71,69.28,69.48,69.27,69.22,70.35,70.18,69.15,69.04,69.14,68.1,69.88,63.67,60.6,60.15,63.57,61.88,62.26,61.1,61.72,61.12,59.08,56.92,58.91,56.75,55.0,53.59,53.29,52.23,50.0,52.15,54.7,57.53,52.23,52.07,58.62,59.14,60.34,60.39,62.43,61.47,60.35,58.63,60.15,58.46,55.36,54.24,54.19,53.2,50.99,52.93,55.56,64.59,60.28,59.06,63.45,64.47,65.72,66.78,66.86,65.56,66.7,63.08,65.06,64.25,62.07,61.37,62.42,61.04,58.52,59.53,60.79,60.77,68.22,65.36,65.34,67.89,68.25,69.55,70.82,70.29,68.85,70.1,69.07,70.37,70.81,70.27,70.27,71.58,71.56,70.63,70.47,70.55,69.92,71.42,69.56,67.19,67.02,69.41,70.49,71.84,72.47,71.96,70.82,72.05,71.68,72.33,72.84,72.49,72.75,73.68,73.7,73.19,72.95,72.92,72.64,73.66,69.0,67.28,66.45,67.79,66.98,67.71,68.72,68.09,66.79,67.23,65.25,67.18,67.27,67.29,67.14,68.51,68.43,67.35,67.05,67.05,65.78,67.79,54.58,52.05,51.7,54.68,54.62,54.51,53.35,54.24,53.36,52.34,50.58,52.17,50.36,48.16,47.51,46.61,45.71,44.11,45.94,48.51,49.38,44.89,44.08,50.22,50.82,51.72,51.1,53.25,52.4,51.78,49.85,51.27,49.62,46.32,45.46,44.76,43.61,41.95,43.88,46.38,58.09,52.93,52.15,57.56,58.18,59.38,59.76,60.84,59.72,60.07,56.54,58.79,57.19,54.1,53.48,53.6,51.65,49.41,50.67,52.46,52.88,67.38,63.36,63.35,67.36,68.22,69.85,71.33,70.72,69.54,71.0,70.15,71.15,71.68,71.52,71.72,72.8,72.69,71.86,71.82,71.84,71.45,72.76,70.15,67.63,67.48,70.19,70.99,72.29,73.07,72.55,71.55,72.82,72.47,73.15,73.76,73.32,73.61,74.45,74.4,73.87,73.81,73.76,73.5,74.43,70.25,68.45,67.33,69.21,68.83,69.75,70.72,70.4,69.12,69.7,67.65,69.47,69.56,69.11,68.86,70.06,69.83,68.55,68.67,68.82,67.74,69.88,60.27,55.65,55.29,60.57,61.14,62.1,61.34,62.86,62.41,60.34,58.53,59.55,57.24,54.36,52.91,52.6,51.46,49.31,51.47,54.37],
  "contact_probs": [[1.0,1.0,0.33,0.02,0.02,0.03,0.12,0.35,0.53,0.23,0.33,0.6,0.41,0.61,0.28,0.03,0.01,0.02,0.04,0.05,0.05,0.04],[1.0,1.0,0.99,0.23,0.13,0.14,0.36,0.49,0.37,0.05,0.05,0.16,0.13,0.23,0.5,0.08,0.06,0.06,0.05,0.03,0.03,0.01],[0.33,0.99,1.0,0.7,0.5,0.53,0.6,0.46,0.06,0.01,0.01,0.01,0.03,0.13,0.23,0.18,0.18,0.15,0.07,0.03,0.02,0.01],[0.02,0.23,0.7,1.0,0.59,0.34,0.15,0.02,0.01,0.0,0.0,0.0,0.0,0.02,0.19,0.22,0.22,0.19,0.04,0.01,0.0,0.01],[0.02,0.13,0.5,0.59,1.0,0.75,0.3,0.05,0.01,0.0,0.0,0.0,0.0,0.02,0.15,0.19,0.33,0.42,0.15,0.02,0.01,0.01],[0.03,0.14,0.53,0.34,0.75,1.0,0.85,0.15,0.02,0.0,0.0,0.01,0.01,0.04,0.17,0.19,0.4,0.61,0.43,0.12,0.01,0.01],[0.12,0.36,0.6,0.15,0.3,0.85,1.0,0.99,0.32,0.01,0.01,0.02,0.03,0.06,0.09,0.05,0.11,0.3,0.33,0.58,0.2,0.02],[0.35,0.49,0.46,0.02,0.05,0.15,0.99,1.0,0.99,0.34,0.14,0.21,0.07,0.03,0.04,0.01,0.01,0.04,0.11,0.3,0.55,0.13],[0.53,0.37,0.06,0.01,0.01,0.02,0.32,0.99,1.0,0.85,0.57,0.63,0.12,0.05,0.02,0.0,0.0,0.01,0.03,0.18,0.24,0.28],[0.23,0.05,0.01,0.0,0.0,0.0,0.01,0.34,0.85,1.0,0.72,0.47,0.11,0.01,0.0,0.0,0.0,0.0,0.01,0.03,0.24,0.31],[0.33,0.05,0.01,0.0,0.0,0.0,0.01,0.14,0.57,0.72,1.0,0.85,0.24,0.02,0.01,0.0,0.0,0.0,0.01,0.06,0.35,0.39],[0.6,0.16,0.01,0.0,0.0,0.01,0.02,0.21,0.63,0.47,0.85,1.0,0.89,0.2,0.01,0.01,0.0,0.01,0.03,0.23,0.53,0.4],[0.41,0.13,0.03,0.0,0.0,0.01,0.03,0.07,0.12,0.11,0.24,0.89,1.0,0.99,0.14,0.02,0.02,0.02,0.41,0.59,0.43,0.13],[0.61,0.23,0.13,0.02,0.02,0.04,0.06,0.03,0.05,0.01,0.02,0.2,0.99,1.0,0.99,0.19,0.18,0.22,0.71,0.35,0.1,0.01],[0.28,0.5,0.23,0.19,0.15,0.17,0.09,0.04,0.02,0.0,0.01,0.01,0.14,0.99,1.0,0.65,0.56,0.59,0.53,0.13,0.04,0.01],[0.03,0.08,0.18,0.22,0.19,0.19,0.05,0.01,0.0,0.0,0.0,0.01,0.02,0.19,0.65,1.0,0.54,0.34,0.15,0.02,0.01,0.01],[0.01,0.06,0.18,0.22,0.33,0.4,0.11,0.01,0.0,0.0,0.0,0.0,0.02,0.18,0.56,0.54,1.0,0.75,0.31,0.04,0.01,0.0],[0.02,0.06,0.15,0.19,0.42,0.61,0.3,0.04,0.01,0.0,0.0,0.01,0.02,0.22,0.59,0.34,0.75,1.0,0.86,0.14,0.01,0.0],[0.04,0.05,0.07,0.04,0.15,0.43,0.33,0.11,0.03,0.01,0.01,0.03,0.41,0.71,0.53,0.15,0.31,0.86,1.0,0.99,0.19,0.01],[0.05,0.03,0.03,0.01,0.02,0.12,0.58,0.3,0.18,0.03,0.06,0.23,0.59,0.35,0.13,0.02,0.04,0.14,0.99,1.0,0.99,0.28],[0.05,0.03,0.02,0.0,0.01,0.01,0.2,0.55,0.24,0.24,0.35,0.53,0.43,0.1,0.04,0.01,0.01,0.01,0.19,0.99,1.0,0.89],[0.04,0.01,0.01,0.01,0.01,0.01,0.02,0.13,0.28,0.31,0.39,0.4,0.13,0.01,0.01,0.01,0.0,0.0,0.01,0.28,0.89,1.0]],
  "pae": [[1.0,2.1,3.6,7.1,7.5,6.4,5.9,5.0,4.5,7.8,7.2,5.5,4.7,4.7,4.9,9.6,9.3,6.7,5.5,5.1,5.3,9.5],[1.8,0.9,2.1,6.2,5.6,5.2,4.7,4.1,4.1,7.3,7.0,5.1,4.3,3.9,4.4,8.4,7.8,5.5,4.4,4.5,4.9,7.7],[3.3,1.9,0.9,5.7,5.1,5.3,4.6,4.7,4.9,8.3,8.1,5.6,5.2,4.4,4.4,8.5,8.2,5.3,4.9,5.0,5.8,8.3],[8.7,7.8,7.0,1.5,8.7,8.8,8.9,9.7,9.7,13.4,12.1,12.5,11.6,10.9,11.1,14.3,13.6,11.0,10.7,11.4,12.3,15.2],[8.3,6.9,5.7,7.2,1.3,5.8,5.6,7.0,8.4,11.8,11.2,11.0,9.6,8.4,6.8,11.0,7.9,6.3,7.4,8.4,9.0,13.1],[6.9,6.2,5.3,6.4,5.0,1.2,3.5,5.4,7.0,9.8,9.8,8.1,7.2,6.3,5.7,9.6,8.3,5.5,5.1,6.3,7.5,10.1],[5.5,5.5,4.9,7.1,5.4,3.3,0.9,2.3,4.4,7.5,7.3,6.2,6.1,5.7,5.2,8.9,7.8,5.6,5.0,5.2,5.3,8.3],[4.5,4.2,4.3,7.1,6.0,3.9,2.1,0.9,2.3,6.1,6.4,5.2,5.2,4.8,4.9,8.7,7.9,5.4,4.1,4.4,4.3,7.5],[4.1,4.5,4.7,8.0,7.3,5.2,3.8,2.1,0.9,5.8,5.6,5.1,5.4,5.8,6.3,10.5,9.5,6.6,5.5,4.5,4.7,8.1],[9.7,10.9,11.8,13.1,13.4,12.5,9.1,8.1,6.9,1.4,7.9,6.8,10.0,10.8,12.8,14.8,14.9,14.3,12.1,11.7,9.5,11.1],[7.0,10.7,10.8,12.5,12.6,12.3,10.7,9.5,6.4,6.8,1.4,6.8,8.1,10.7,13.1,14.3,14.7,13.4,12.9,10.9,9.3,12.5],[7.0,8.2,8.2,10.4,10.5,8.9,7.8,7.2,6.2,6.4,5.4,1.1,3.8,5.9,8.2,11.4,11.2,8.8,8.2,7.5,6.3,8.3],[5.3,5.7,6.1,9.2,8.2,6.7,7.0,6.5,5.7,7.5,5.3,3.9,1.0,2.6,5.2,8.6,8.8,7.0,6.0,6.3,5.7,8.4],[4.4,4.2,4.5,7.8,6.8,5.3,5.2,5.2,5.4,7.3,6.2,4.1,2.4,0.9,2.5,8.0,7.9,5.0,5.0,5.0,5.4,8.0],[5.7,5.7,5.2,8.6,7.2,5.7,5.8,6.3,7.2,9.1,7.9,5.8,4.6,2.7,0.9,7.4,7.6,5.0,4.9,5.9,6.9,10.0],[12.8,11.8,12.2,14.9,11.5,11.5,14.5,14.0,14.7,16.6,16.0,14.8,13.9,12.4,9.8,1.6,9.8,7.9,12.5,13.4,15.6,17.6],[13.7,12.7,12.0,13.9,9.5,9.2,11.7,13.0,14.1,16.1,15.9,15.8,13.7,12.3,8.0,9.8,1.4,6.9,8.1,12.0,14.6,16.1],[8.9,8.2,7.5,10.6,7.6,6.7,7.8,8.7,10.3,12.7,12.4,12.1,9.4,6.4,6.1,9.4,6.6,1.1,5.8,7.4,10.5,12.5],[5.9,5.6,5.3,8.6,7.1,5.3,5.4,5.5,5.6,8.3,7.8,6.6,6.7,6.6,5.5,8.8,7.2,3.9,0.9,2.0,4.8,7.6],[4.8,4.7,4.8,7.9,6.9,5.4,4.4,4.2,4.2,7.1,6.9,5.2,5.0,5.1,5.3,9.2,8.0,4.4,2.2,0.9,2.1,6.2],[5.5,5.7,6.5,8.9,8.2,6.1,4.8,4.8,5.0,7.0,7.5,5.1,5.3,5.9,6.8,10.4,9.3,6.2,4.0,2.4,0.9,5.7],[8.9,9.1,10.4,11.4,11.9,10.3,8.3,7.8,7.5,8.9,8.9,6.9,7.6,8.9,10.2,14.4,14.1,11.8,8.7,8.3,8.9,1.5]],
  "token_chain_ids": ["A","A","A","A","A","A","A","A","A","A","A","A","A","A","A","A","A","A","A","A","A","A"],
  "token_res_ids": [1,2,3,4,5,6,7,8,9,10,11,12,13,14,15,16,17,18,19,20,21,22]
}