{
  "atom_chain_ids": ["A","A","A","A","A","A","A","A","A","A","A","A","A","A","A","A","A","A","A","A","A","A","A","A","A","A","A","A","A","A","A","A","A","A","A","A","A","A","A","A","A","A","A","A","A","A","A","A","A","A","A","A","A","A","A","A","A","A","A","A","A","A","A","A","A","A","A","A","A","A","A","A","A","A","A","A","A","A","A","A","A","A","A","A","A","A","A","A","A","A","A","A","A","A","A","A","A","A","A","A","A","A","A","A","A","A","A","A","A","A","A","A","A","A","A","A","A","A","A","A","A","A","A","A","A","A","A","A","A","A","A","A","A","A","A","A","A","A","A","A","A","A","A","A","A","A","A","A","A","A","A","A","A","A","A","A","A","A","A","A","A","A","A","A","A","A","A","A","A","A","A","A","A","A","A","A","A","A","A","A","A","A","A","A","A","A","A","A","A","A","A","A","A","A","A","A","A","A","A","A","A","A","A","A","A","A","A","A","A","A","A","A","A","A","A","A","A","A","A","A","A","A","A","A","A","A","A","A","A","A","A","A","A","A","A","A","A","A","A","A","A","A","A","A","A","A","A","A","A","A","A","A","A","A","A","A","A","A","A","A","A","A","A","A","A","A","A","A","A","A","A","A","A","A","A","A","A","A","A","A","A","A","A","A","A","A","A","A","A","A","A","A","A","A","A","A","A","A","A","A","A","A","A","A","A","A","A","A","A","A","A","A","A","A","A","A","A","A","A","A","A","A","A","A","A","A","A","A","A","A","A","A","A","A","A","A","A","A","A","A","A","A","A","A","A","A","A","A","A","A","A","A","A","A","A","A","A","A","A","A","A","A","A","A","A","A","A","A","A","A","A","A","A","A","A","A","A","A","A","A","A","A","A","A","A","A","A","A","A","A","A","A","A","A","A","A","A","A","A","A","A","A","A","A","A","A","A","A","A","A","A","A","A","A","A","A","A","A","A","A","A","A","A","A","A","A","A","A","A","A","A","A","A","A","A","A","A","A","A","A","A","A","A","A","A","A","A","A","A","A","A","A","A","A","A","A","A","A","A","A","A","A","A","A","A","A","A","A","A","A","A","A","A","A","A","A","A","A","A","A","A","A","A","A","A","A","A","A","A","A","A","A","A","A","A","A","A","A","A","A","A","A","A","A","A","A","A","A","A","A","A","A","A","A","A","A","A","A","A","A","A","A","A","A","A","A","A","A","A","A","A","A","A","A","A","A","A","A","A","A","A","A","A","A","A","A","A","A","A","A","A","A","A","A","A","A","A","A","A","A","A","A","A","A","A","A","A","A","A","A","A","A","A","A","A","A","A","A","A","A","A","A","A","A","A","A","A","A","A","A","A","A","A"],
  "atom_plddts": [73.81,73.16,66.62,65.39,72.8,77.09,79.75,79.83,80.32,79.42,79.98,80.27,81.32,81.58,81.54,82.22,82.64,82.16,82.07,82.44,82.54,82.34,82.92,78.97,76.03,76.31,79.33,79.7,81.04,80.71,80.83,80.19,81.19,81.62,82.28,82.74,82.6,83.07,83.49,83.22,83.37,83.45,83.2,82.99,83.36,79.29,77.24,77.69,78.93,78.48,79.93,79.39,79.41,78.53,79.47,79.62,80.69,81.14,81.46,81.83,82.36,82.15,82.3,82.2,81.82,81.43,81.93,77.73,75.66,75.24,76.71,75.53,77.24,77.31,76.97,75.98,76.74,76.21,77.71,78.07,78.47,78.56,79.38,79.15,78.9,78.9,78.61,77.88,78.96,55.26,54.35,53.39,54.49,53.0,52.35,50.41,52.0,51.03,49.72,47.81,49.01,47.25,46.34,45.46,44.77,43.82,42.27,43.7,45.72,40.62,38.69,38.21,40.48,40.79,40.19,38.22,42.83,41.11,40.97,38.57,39.5,37.45,34.31,32.98,32.35,31.3,30.33,31.97,34.28,41.44,38.28,37.81,41.69,42.33,42.1,40.11,44.86,42.92,42.56,40.98,42.1,40.52,38.07,37.16,36.71,35.63,34.45,35.78,37.98,51.81,47.91,47.28,51.75,51.75,53.04,52.55,53.67,52.75,52.11,51.0,53.24,52.54,51.18,51.31,50.49,49.68,48.36,49.35,51.65,70.31,62.89,61.34,70.57,72.93,75.46,76.0,76.09,75.31,76.2,76.35,77.26,77.76,77.8,78.46,79.51,79.22,78.95,79.09,79.01,79.17,79.79,77.83,75.32,75.41,77.65,77.41,78.68,78.37,78.42,77.68,78.63,78.87,79.8,80.27,80.5,80.87,81.44,81.26,81.33,81.33,81.02,80.66,81.16,78.25,76.23,76.42,78.31,78.06,79.38,79.2,79.25,78.45,79.59,79.87,80.5,80.9,80.76,81.12,81.63,81.38,81.49,81.48,81.19,80.87,81.33,77.41,75.54,75.09,77.04,76.27,77.63,77.93,77.92,76.8,78.02,78.05,78.75,79.1,79.06,79.5,80.05,79.62,79.66,79.66,79.37,78.94,79.63,75.08,71.99,70.87,73.69,70.9,72.18,71.38,71.86,70.93,69.16,67.75,70.25,68.61,67.16,66.29,66.84,66.07,64.21,65.18,67.23,75.41,71.74,69.81,73.69,72.0,73.53,72.33,72.94,71.52,69.71,67.41,70.59,68.91,66.96,65.69,66.66,65.65,63.51,64.64,66.81,76.47,71.01,68.95,75.82,75.76,77.49,78.63,79.72,78.36,78.49,76.81,78.88,77.77,74.17,73.06,74.61,73.78,71.91,72.61,74.67,73.93,69.76,68.01,73.0,72.24,74.63,74.66,75.53,74.3,72.98,70.43,73.24,71.78,68.94,67.56,68.94,67.5,65.12,66.3,68.67,75.46,70.68,68.54,75.6,76.36,78.07,78.12,78.19,77.46,78.33,78.58,79.52,79.87,79.7,80.18,81.1,80.85,80.76,80.96,80.79,80.52,81.19,79.18,76.93,76.89,78.92,78.82,80.24,79.75,79.81,79.11,79.96,80.23,81.24,81.6,81.6,81.94,82.45,82.25,82.31,82.43,82.17,81.74,82.28,80.24,78.2,78.44,79.91,79.46,81.09,80.42,80.53,79.76,80.6,80.84,81.92,82.28,82.35,82.65,83.16,82.95,83.04,83.08,82.79,82.37,82.89,78.8,76.35,75.51,77.95,76.7,78.4,78.29,77.87,77.11,77.77,77.37,78.93,79.26,79.73,79.85,80.74,80.6,80.51,80.45,80.08,79.4,80.36,54.04,52.98,51.79,53.15,51.46,50.45,48.63,50.65,49.67,48.87,46.75,48.44,46.72,45.81,45.3,44.48,43.7,42.16,43.49,45.61,44.1,41.48,40.91,43.81,44.27,44.23,42.91,46.01,44.4,44.29,42.47,43.88,42.5,39.9,39.36,38.82,37.91,36.88,37.99,40.24,42.43,38.99,38.12,42.24,43.21,42.58,40.46,45.5,43.88,42.93,41.11,42.16,40.07,37.19,36.12,35.46,34.33,32.93,34.55,37.17,43.84,40.55,39.75,43.75,44.39,45.03,42.98,47.37,45.63,45.17,43.38,44.92,43.23,40.21,39.63,39.1,38.12,36.86,38.14,40.85,73.59,67.95,66.26,73.36,74.45,76.63,76.92,76.79,76.16,76.92,76.84,77.88,78.31,78.43,78.9,79.87,79.62,79.41,79.47,79.33,79.17,79.94,78.43,76.1,76.13,78.12,78.02,79.46,79.05,79.03,78.32,79.25,79.48,80.44,80.92,81.12,81.43,82.03,81.87,81.92,81.91,81.58,81.21,81.73,78.25,76.16,76.2,78.14,77.68,78.78,78.51,78.5,77.68,78.92,79.36,80.0,80.54,80.75,81.14,81.72,81.46,81.58,81.6,81.26,80.92,81.31,77.65,75.65,73.87,76.68,76.46,77.04,77.17,77.0,75.87,77.07,77.07,78.13,78.51,78.76,79.05,79.9,79.57,79.45,79.55,79.22,78.75,79.63],
  "contact_probs": [[1.0,1.0,0.13,0.0,0.0,0.0,0.0,0.0,0.0,0.01,0.09,0.29,0.47,0.26,0.84,0.06,0.23,0.91,0.55,0.01,0.0,0.0,0.0,0.0,0.0,0.0,0.01,0.01],[1.0,1.0,1.0,0.25,0.0,0.0,0.0,0.0,0.01,0.08,0.32,0.68,0.1,0.02,0.53,0.0,0.03,0.22,0.9,0.45,0.01,0.0,0.0,0.0,0.0,0.01,0.01,0.01],[0.13,1.0,1.0,1.0,0.31,0.04,0.08,0.01,0.04,0.31,0.68,0.11,0.0,0.0,0.0,0.0,0.0,0.03,0.18,0.84,0.13,0.03,0.11,0.01,0.01,0.01,0.01,0.0],[0.0,0.25,1.0,1.0,0.84,0.34,0.49,0.08,0.29,0.76,0.18,0.01,0.0,0.0,0.0,0.0,0.0,0.01,0.03,0.24,0.23,0.1,0.31,0.03,0.02,0.01,0.0,0.0],[0.0,0.0,0.31,0.84,1.0,0.63,0.52,0.16,0.32,0.17,0.01,0.0,0.0,0.0,0.0,0.0,0.0,0.0,0.01,0.14,0.25,0.2,0.34,0.09,0.03,0.01,0.0,0.0],[0.0,0.0,0.04,0.34,0.63,1.0,0.59,0.29,0.22,0.06,0.01,0.0,0.0,0.0,0.0,0.0,0.0,0.0,0.01,0.08,0.17,0.21,0.32,0.13,0.07,0.01,0.0,0.0],[0.0,0.0,0.08,0.49,0.52,0.59,1.0,0.55,0.66,0.27,0.01,0.0,0.0,0.0,0.0,0.0,0.0,0.0,0.02,0.14,0.16,0.18,0.47,0.24,0.39,0.16,0.01,0.0],[0.0,0.0,0.01,0.08,0.16,0.29,0.55,1.0,0.53,0.08,0.01,0.0,0.0,0.0,0.0,0.0,0.0,0.0,0.01,0.03,0.06,0.09,0.28,0.25,0.29,0.14,0.02,0.0],[0.0,0.01,0.04,0.29,0.32,0.22,0.66,0.53,1.0,1.0,0.12,0.0,0.0,0.0,0.0,0.0,0.0,0.01,0.02,0.02,0.02,0.02,0.17,0.1,0.24,0.89,0.65,0.01],[0.01,0.08,0.31,0.76,0.17,0.06,0.27,0.08,1.0,1.0,1.0,0.2,0.0,0.0,0.0,0.0,0.0,0.02,0.02,0.02,0.0,0.0,0.01,0.01,0.04,0.27,0.9,0.51],[0.09,0.32,0.68,0.18,0.01,0.01,0.01,0.01,0.12,1.0,1.0,1.0,0.59,0.03,0.07,0.01,0.01,0.01,0.02,0.01,0.0,0.0,0.0,0.0,0.01,0.03,0.22,0.86],[0.29,0.68,0.11,0.01,0.0,0.0,0.0,0.0,0.0,0.2,1.0,1.0,0.96,0.56,0.67,0.02,0.01,0.01,0.01,0.0,0.0,0.0,0.0,0.0,0.0,0.01,0.03,0.27],[0.47,0.1,0.0,0.0,0.0,0.0,0.0,0.0,0.0,0.0,0.59,0.96,1.0,0.89,0.77,0.19,0.02,0.0,0.0,0.0,0.0,0.0,0.0,0.0,0.0,0.0,0.01,0.38],[0.26,0.02,0.0,0.0,0.0,0.0,0.0,0.0,0.0,0.0,0.03,0.56,0.89,1.0,0.86,0.74,0.14,0.01,0.0,0.0,0.0,0.0,0.0,0.0,0.0,0.0,0.02,0.47],[0.84,0.53,0.0,0.0,0.0,0.0,0.0,0.0,0.0,0.0,0.07,0.67,0.77,0.86,1.0,0.68,0.64,0.3,0.0,0.0,0.0,0.0,0.0,0.0,0.0,0.0,0.07,0.23],[0.06,0.0,0.0,0.0,0.0,0.0,0.0,0.0,0.0,0.0,0.01,0.02,0.19,0.74,0.68,1.0,0.9,0.05,0.0,0.0,0.0,0.0,0.0,0.0,0.0,0.01,0.25,0.54],[0.23,0.03,0.0,0.0,0.0,0.0,0.0,0.0,0.0,0.0,0.01,0.01,0.02,0.14,0.64,0.9,1.0,1.0,0.04,0.0,0.0,0.0,0.0,0.0,0.04,0.83,0.91,0.26],[0.91,0.22,0.03,0.01,0.0,0.0,0.0,0.0,0.01,0.02,0.01,0.01,0.0,0.01,0.3,0.05,1.0,1.0,1.0,0.07,0.0,0.01,0.02,0.02,0.83,0.95,0.25,0.04],[0.55,0.9,0.18,0.03,0.01,0.01,0.02,0.01,0.02,0.02,0.02,0.01,0.0,0.0,0.0,0.0,0.04,1.0,1.0,1.0,0.15,0.1,0.46,0.1,0.89,0.23,0.06,0.01],[0.01,0.45,0.84,0.24,0.14,0.08,0.14,0.03,0.02,0.02,0.01,0.0,0.0,0.0,0.0,0.0,0.0,0.07,1.0,1.0,0.66,0.35,0.74,0.17,0.26,0.04,0.01,0.0],[0.0,0.01,0.13,0.23,0.25,0.17,0.16,0.06,0.02,0.0,0.0,0.0,0.0,0.0,0.0,0.0,0.0,0.0,0.15,0.66,1.0,0.52,0.42,0.14,0.08,0.01,0.0,0.0],[0.0,0.0,0.03,0.1,0.2,0.21,0.18,0.09,0.02,0.0,0.0,0.0,0.0,0.0,0.0,0.0,0.0,0.01,0.1,0.35,0.52,1.0,0.47,0.31,0.11,0.01,0.0,0.0],[0.0,0.0,0.11,0.31,0.34,0.32,0.47,0.28,0.17,0.01,0.0,0.0,0.0,0.0,0.0,0.0,0.0,0.02,0.46,0.74,0.42,0.47,1.0,0.43,0.65,0.11,0.0,0.0],[0.0,0.0,0.01,0.03,0.09,0.13,0.24,0.25,0.1,0.01,0.0,0.0,0.0,0.0,0.0,0.0,0.0,0.02,0.1,0.17,0.14,0.31,0.43,1.0,0.52,0.08,0.0,0.0],[0.0,0.0,0.01,0.02,0.03,0.07,0.39,0.29,0.24,0.04,0.01,0.0,0.0,0.0,0.0,0.0,0.04,0.83,0.89,0.26,0.08,0.11,0.65,0.52,1.0,1.0,0.04,0.0],[0.0,0.01,0.01,0.01,0.01,0.01,0.16,0.14,0.89,0.27,0.03,0.01,0.0,0.0,0.0,0.01,0.83,0.95,0.23,0.04,0.01,0.01,0.11,0.08,1.0,1.0,1.0,0.03],[0.01,0.01,0.01,0.0,0.0,0.0,0.01,0.02,0.65,0.9,0.22,0.03,0.01,0.02,0.07,0.25,0.91,0.25,0.06,0.01,0.0,0.0,0.0,0.0,0.04,1.0,1.0,1.0],[0.01,0.01,0.0,0.0,0.0,0.0,0.0,0.0,0.01,0.51,0.86,0.27,0.38,0.47,0.23,0.54,0.26,0.04,0.01,0.0,0.0,0.0,0.0,0.0,0.0,0.03,1.0,1.0]],
  "pae": [[0.9,1.8,2.7,4.3,8.9,11.3,10.6,8.8,5.0,4.2,4.0,3.3,4.3,4.2,3.7,3.8,3.0,3.2,3.6,4.7,8.8,10.3,9.9,10.9,4.5,4.1,3.8,3.8],[1.5,0.8,1.4,2.2,7.5,9.6,9.2,7.5,3.2,2.5,2.3,2.3,4.2,4.3,4.2,3.9,2.7,2.4,2.2,2.7,7.3,8.8,8.6,9.2,3.0,3.0,3.0,2.9],[2.0,1.3,0.8,1.6,7.4,8.4,8.6,7.4,2.6,2.3,2.2,2.6,4.3,4.5,4.7,4.3,3.1,2.6,2.1,2.4,7.2,8.1,8.5,9.1,2.8,2.7,3.0,3.2],[3.4,2.4,1.7,0.9,5.8,8.3,8.4,8.0,2.9,2.7,3.1,3.9,5.4,5.7,5.8,5.5,4.5,3.9,3.0,2.9,7.9,8.6,9.1,9.3,3.4,3.6,4.0,4.4],[15.1,14.2,12.1,11.9,1.3,9.0,8.3,10.0,13.9,14.4,16.2,19.0,18.7,19.3,18.1,19.8,17.9,16.3,14.9,14.2,9.9,14.6,9.7,11.3,15.6,16.5,17.7,19.6],[21.2,18.4,16.1,14.2,10.0,1.6,7.7,11.5,13.8,15.8,18.4,20.0,22.0,22.9,21.6,23.1,21.4,20.2,18.9,16.5,12.5,14.5,10.6,13.0,17.0,18.6,19.5,20.6],[20.7,17.6,16.3,15.3,8.6,7.5,1.4,9.6,11.2,14.1,16.6,20.9,21.8,22.2,20.2,22.1,20.5,17.7,17.4,16.1,11.0,14.0,9.9,12.9,15.8,16.9,17.4,20.0],[17.3,14.1,13.5,13.1,9.4,9.9,8.3,1.5,8.3,8.7,10.8,15.4,16.9,17.2,17.0,17.4,16.7,16.2,14.7,13.9,11.5,14.4,11.4,10.8,12.3,12.1,12.7,14.4],[4.8,3.9,3.8,3.6,8.6,9.3,8.2,5.6,0.9,2.1,3.6,4.5,6.0,6.3,6.3,6.1,5.0,4.2,3.9,4.3,8.9,9.6,9.1,9.9,3.8,3.2,3.8,4.4],[3.4,2.8,2.4,2.5,7.6,9.0,8.6,6.2,1.6,0.8,1.8,2.6,4.4,5.0,5.2,4.6,3.5,3.2,2.9,3.2,7.8,8.9,8.8,9.0,2.9,2.6,2.5,3.1],[2.8,2.5,2.4,2.9,7.7,9.8,9.0,7.0,2.4,1.6,0.8,1.6,3.7,4.5,4.8,4.3,3.3,3.4,3.3,3.5,8.1,9.1,9.2,9.4,3.4,2.9,2.7,2.6],[3.1,3.2,3.5,4.0,8.3,10.6,9.8,7.3,3.4,2.6,1.8,0.8,2.6,3.7,4.1,4.6,3.8,4.2,4.3,4.8,8.8,9.8,10.2,10.3,4.6,4.3,3.4,3.2],[5.8,6.7,7.8,9.4,12.2,14.6,14.0,13.1,8.0,5.8,4.1,4.5,1.1,4.1,4.7,5.7,7.1,9.0,8.6,11.4,12.9,14.6,14.3,14.3,10.6,8.7,7.2,7.1],[6.0,7.0,8.3,10.0,11.9,15.3,14.5,12.1,9.0,7.7,6.2,4.6,3.4,1.1,5.1,4.9,6.7,8.1,8.9,10.6,11.7,14.5,14.3,13.6,10.1,8.3,8.1,8.1],[4.7,7.2,9.0,10.3,12.2,15.0,14.4,13.1,9.2,7.8,6.8,5.4,3.6,3.0,1.1,3.5,3.8,6.4,9.5,11.1,12.7,14.3,13.9,14.0,10.2,8.3,7.1,6.1],[6.3,7.4,8.8,9.7,11.8,15.5,14.2,12.6,10.1,8.2,7.6,7.3,5.1,4.3,4.4,1.2,4.3,5.8,8.7,10.2,11.8,13.8,13.7,13.3,10.2,8.6,7.0,6.6],[3.3,4.0,4.4,5.3,9.0,11.6,11.1,8.8,5.0,4.1,4.1,4.5,4.7,4.4,3.6,2.8,0.9,2.0,3.5,5.0,8.8,10.1,10.5,10.2,4.6,4.0,3.7,3.5],[2.8,3.0,3.0,3.8,8.1,10.3,9.4,7.5,3.8,3.2,3.4,3.8,4.8,4.7,4.5,3.2,1.8,0.8,1.7,3.1,7.5,8.8,9.1,9.3,3.2,2.8,2.9,3.2],[3.0,2.6,2.5,2.9,7.4,9.1,8.5,7.5,3.1,2.9,3.3,3.6,5.1,5.1,5.0,4.1,2.6,1.7,0.8,1.6,7.0,7.6,8.6,8.7,2.6,2.6,3.2,3.9],[3.5,3.0,2.6,3.0,7.6,9.0,8.7,7.7,3.2,3.2,3.6,4.3,5.5,5.9,5.6,5.1,3.5,2.6,1.6,0.9,6.2,7.5,8.3,8.7,2.6,3.1,4.1,4.6],[15.9,15.2,13.6,14.7,11.8,13.7,13.4,12.0,15.0,15.6,16.7,18.5,17.6,19.0,17.2,18.9,16.5,13.4,11.2,11.1,1.4,10.0,9.0,9.3,12.9,14.1,16.2,18.8],[18.9,17.6,16.4,16.4,12.8,14.2,13.9,14.0,17.0,17.9,18.8,19.6,20.1,21.4,20.1,21.4,18.7,17.4,14.5,11.4,7.3,1.6,9.5,9.9,15.3,16.6,18.2,20.6],[19.3,16.2,15.6,15.1,9.4,11.1,10.8,11.0,14.3,16.4,18.3,21.5,20.9,22.0,19.4,21.8,18.6,16.1,14.2,13.0,8.1,10.3,1.4,7.9,12.0,13.5,16.0,20.8],[17.8,17.2,15.1,16.0,10.0,12.6,10.5,8.7,13.7,15.0,18.0,20.7,19.5,20.1,17.7,19.1,16.6,15.7,14.6,12.1,8.3,12.2,7.3,1.3,9.2,10.4,15.8,18.1],[4.7,4.1,3.7,3.9,8.7,10.0,9.4,7.9,3.5,3.8,4.7,5.4,6.7,6.8,6.7,5.9,5.0,4.0,3.5,3.7,8.2,9.4,8.6,6.5,0.9,1.8,3.6,4.7],[3.5,3.4,3.0,3.3,7.9,9.6,9.3,7.1,2.6,2.8,3.1,3.9,5.1,5.1,5.3,4.5,3.3,2.8,2.9,3.3,7.6,8.4,9.0,8.0,1.8,0.8,1.8,2.8],[3.5,3.3,3.3,3.7,8.3,10.5,9.8,7.5,3.2,2.7,3.0,3.1,4.9,4.9,5.1,4.2,2.7,2.8,3.4,4.2,8.0,9.1,9.1,9.1,2.8,1.7,0.8,1.6],[4.0,4.0,4.3,4.8,8.9,11.6,10.7,8.2,4.3,3.5,3.4,3.4,4.9,5.0,5.4,4.4,3.2,4.2,4.9,5.2,8.6,9.9,10.3,10.0,3.8,2.9,1.7,0.9]],
  "token_chain_ids": ["A","A","A","A","A","A","A","A","A","A","A","A","A","A","A","A","A","A","A","A","A","A","A","A","A","A","A","A"],
  "token_res_ids": [1,2,3,4,5,6,7,8,9,10,11,12,13,14,15,16,17,18,19,20,21,22,23,24,25,26,27,28]
}