{
  "atom_chain_ids": ["A","A","A","A","A","A","A","A","A","A","A","A","A","A","A","A","A","A","A","A","A","A","A","A","A","A","A","A","A","A","A","A","A","A","A","A","A","A","A","A","A","A","A","A","A","A","A","A","A","A","A","A","A","A","A","A","A","A","A","A","A","A","A","A","A","A","A","A","A","A","A","A","A","A","A","A","A","A","A","A","A","A","A","A","A","A","A","A","A","A","A","A","A","A","A","A","A","A","A","A","A","A","A","A","A","A","A","A","A","A","A","A","A","A","A","A","A","A","A","A","A","A","A","A","A","A","A","A","A","A","A","A","A","A","A","A","A","A","A","A","A","A","A","A","A","A","A","A","A","A","A","A","A","A","A","A","A","A","A","A","A","A","A","A","A","A","A","A","A","A","A","A","A","A","A","A","A","A","A","A","A","A","A","A","A","A","A","A","A","A","A","A","A","A","A","A","A","A","A","A","A","A","A","A","A","A","A","A","A","A","A","A","A","A","A","A","A","A","A","A","A","A","A","A","A","A","A","A","A","A","A","A","A","A","A","A","A","A","A","A","A","A","A","A","A","A","A","A","A","A","A","A","A","A","A","A","A","A","A","A","A","A","A","A","A","A","A","A","A","A","A","A","A","A","A","A","A","A","A","A","A","A","A","A","A","A","A","A","A","A","A","A","A","A","A","A","A","A","A","A","A","A","A","A","A","A","A","A","A","A","A","A","A","A","A","A","A","A","A","A","A","A","A","A","A","A","A","A","A","A","A","A","A","A","A","A","A","A","A","A","A","A","A","A","A","A","A","A","A","A","A","A","A","A","A","A","A","A","A","A","A","A","A","A","A","A","A","A","A","A","A","A","A","A","A","A","A","A","A","A","A","A","A","A","A","A","A","A","A","A","A","A","A","A","A","A","A","A","A","A","A","A","A","A","A","A","A","A","A","A","A","A","A","A","A","A","A","A","A","A","A","A","A","A","A","A","A","A","A","A"],
  "atom_plddts": [72.41,73.97,67.97,68.64,73.41,77.73,80.57,81.53,82.32,81.3,81.98,81.93,82.68,82.65,81.81,82.83,82.85,81.85,81.76,82.14,82.4,82.82,83.75,81.3,77.64,77.33,81.89,82.64,84.71,84.97,85.47,84.82,85.42,86.15,86.36,86.65,85.72,86.52,86.65,85.84,85.97,86.04,85.94,86.38,86.85,81.59,78.87,78.62,81.55,81.9,83.41,83.36,83.82,82.93,83.58,83.98,84.46,84.71,83.94,84.69,84.88,84.07,84.29,84.19,84.04,84.42,84.98,79.44,76.76,77.19,79.02,77.66,79.27,79.65,80.44,79.03,79.45,79.25,80.62,80.36,79.75,80.68,80.96,79.8,80.07,79.79,79.64,79.98,80.95,73.59,70.04,70.16,74.22,72.34,74.53,74.61,75.29,73.74,72.64,72.37,73.26,70.92,68.65,67.74,67.63,66.2,65.03,66.62,75.59,69.67,69.47,76.26,77.83,80.82,81.79,82.39,81.46,82.01,82.51,82.9,82.81,81.33,82.22,82.4,81.19,81.08,81.49,81.81,82.03,83.2,80.27,76.92,76.85,80.79,81.37,83.57,83.81,84.13,83.4,84.17,84.83,85.32,85.66,84.88,85.63,85.8,85.16,85.32,85.42,85.31,85.58,86.01,79.06,76.05,75.88,79.13,79.49,81.34,81.31,81.93,80.83,81.77,82.36,82.79,83.14,82.45,83.39,83.63,82.86,83.07,82.92,82.76,83.14,83.73,76.56,74.16,74.34,75.86,74.13,75.58,75.78,76.57,74.93,75.19,75.13,76.52,76.03,75.65,76.62,76.75,75.53,75.53,75.42,75.48,75.1,76.73,71.36,67.98,68.76,72.61,71.66,73.59,73.89,74.54,73.0,72.28,72.05,72.54,70.49,68.24,67.54,67.45,66.02,64.78,66.28,73.67,67.51,67.8,74.42,76.06,78.77,80.0,80.47,79.46,80.05,80.45,80.93,80.95,79.55,80.47,80.71,79.62,79.47,79.88,80.17,80.33,81.42,79.28,75.8,76.06,80.06,80.51,82.69,83.0,83.44,82.62,83.45,84.11,84.54,84.91,83.97,84.75,84.97,84.33,84.46,84.49,84.36,84.63,85.14,79.93,76.79,76.65,79.94,80.48,82.42,82.38,82.94,81.96,82.69,83.29,83.74,84.15,83.46,84.35,84.57,83.84,84.09,83.94,83.73,84.1,84.63,78.79,76.04,75.92,78.41,78.1,79.43,79.92,80.6,79.21,79.67,79.53,80.71,80.83,80.08,80.93,81.33,80.53,80.69,80.45,80.27,80.47,81.46,73.05,69.71,69.93,73.98,71.93,73.88,74.08,74.42,73.34,71.66,71.88,72.24,70.04,68.13,67.3,67.17,65.82,64.36,66.12,74.52,68.06,67.93,75.06,75.96,78.64,80.0,80.73,79.63,80.17,80.56,80.88,80.85,79.99,81.09,81.17,79.97,79.91,80.16,80.35,80.69,81.72,80.42,77.16,76.66,80.6,81.16,83.05,83.3,83.73,82.89,83.74,84.42,84.89,85.35,84.86,85.68,85.94,85.41,85.65,85.65,85.32,85.53,85.93,80.84,78.09,77.86,80.83,81.25,82.9,82.96,83.52,82.46,83.46,84.02,84.6,85.01,84.38,85.21,85.42,84.8,85.06,84.99,84.72,85.04,85.45,79.4,76.63,76.33,78.91,78.26,79.41,79.74,80.41,79.05,79.7,79.73,80.76,80.88,80.33,81.14,81.46,80.69,80.81,80.77,80.58,80.59,81.54,73.66,71.32,71.75,73.28,72.12,72.78,72.69,73.52,72.3,70.46,72.13,72.17,71.32,70.61,70.81,71.04,70.23,70.01,69.66,71.36],
  "contact_probs": [[1.0,1.0,0.1,0.03,0.04,0.26,0.12,0.09,0.04,0.02,0.16,0.08,0.03,0.02,0.01,0.41,0.78,0.44,0.04,0.01],[1.0,1.0,1.0,0.17,0.09,0.73,0.31,0.14,0.04,0.01,0.03,0.05,0.04,0.02,0.01,0.13,0.39,0.77,0.35,0.02],[0.1,1.0,1.0,0.94,0.16,0.37,0.76,0.23,0.04,0.01,0.01,0.02,0.03,0.02,0.01,0.03,0.12,0.33,0.69,0.18],[0.03,0.17,0.94,1.0,0.17,0.08,0.49,0.46,0.06,0.01,0.01,0.01,0.02,0.03,0.01,0.02,0.04,0.12,0.27,0.24],[0.04,0.09,0.16,0.17,1.0,0.15,0.1,0.02,0.01,0.01,0.01,0.01,0.01,0.01,0.01,0.01,0.01,0.01,0.01,0.02],[0.26,0.73,0.37,0.08,0.15,1.0,0.99,0.08,0.03,0.04,0.34,0.05,0.02,0.02,0.01,0.02,0.01,0.01,0.0,0.0],[0.12,0.31,0.76,0.49,0.1,0.99,1.0,0.99,0.11,0.06,0.79,0.32,0.07,0.03,0.01,0.01,0.02,0.02,0.01,0.0],[0.09,0.14,0.23,0.46,0.02,0.08,0.99,1.0,0.89,0.14,0.61,0.8,0.33,0.09,0.0,0.01,0.02,0.05,0.05,0.03],[0.04,0.04,0.04,0.06,0.01,0.03,0.11,0.89,1.0,0.23,0.1,0.51,0.55,0.16,0.01,0.01,0.01,0.03,0.08,0.12],[0.02,0.01,0.01,0.01,0.01,0.04,0.06,0.14,0.23,1.0,0.11,0.09,0.02,0.01,0.01,0.01,0.01,0.01,0.01,0.03],[0.16,0.03,0.01,0.01,0.01,0.34,0.79,0.61,0.1,0.11,1.0,0.99,0.08,0.02,0.03,0.23,0.05,0.01,0.01,0.01],[0.08,0.05,0.02,0.01,0.01,0.05,0.32,0.8,0.51,0.09,0.99,1.0,1.0,0.13,0.07,0.79,0.24,0.13,0.04,0.01],[0.03,0.04,0.03,0.02,0.01,0.02,0.07,0.33,0.55,0.02,0.08,1.0,1.0,0.97,0.14,0.56,0.83,0.28,0.18,0.04],[0.02,0.02,0.02,0.03,0.01,0.02,0.03,0.09,0.16,0.01,0.02,0.13,0.97,1.0,0.14,0.07,0.6,0.71,0.3,0.26],[0.01,0.01,0.01,0.01,0.01,0.01,0.01,0.0,0.01,0.01,0.03,0.07,0.14,0.14,1.0,0.13,0.09,0.02,0.0,0.01],[0.41,0.13,0.03,0.02,0.01,0.02,0.01,0.01,0.01,0.01,0.23,0.79,0.56,0.07,0.13,1.0,0.99,0.03,0.0,0.0],[0.78,0.39,0.12,0.04,0.01,0.01,0.02,0.02,0.01,0.01,0.05,0.24,0.83,0.6,0.09,0.99,1.0,1.0,0.08,0.01],[0.44,0.77,0.33,0.12,0.01,0.01,0.02,0.05,0.03,0.01,0.01,0.13,0.28,0.71,0.02,0.03,1.0,1.0,0.99,0.37],[0.04,0.35,0.69,0.27,0.01,0.0,0.01,0.05,0.08,0.01,0.01,0.04,0.18,0.3,0.0,0.0,0.08,0.99,1.0,0.86],[0.01,0.02,0.18,0.24,0.02,0.0,0.0,0.03,0.12,0.03,0.01,0.01,0.04,0.26,0.01,0.0,0.01,0.37,0.86,1.0]],
  "pae": [[0.9,1.8,3.5,4.9,6.5,4.9,4.8,5.9,6.5,8.7,4.6,4.4,4.7,5.6,7.7,4.2,3.7,3.8,5.4,6.6],[1.6,0.8,1.7,2.8,5.3,3.5,3.1,3.4,4.5,7.7,3.7,3.5,3.6,4.5,6.9,3.5,3.2,3.3,3.9,5.3],[2.4,1.5,0.9,2.2,4.9,3.6,3.1,3.2,4.0,7.4,3.7,3.4,3.5,4.1,6.9,3.4,3.3,3.3,3.4,5.2],[4.1,3.4,2.2,1.0,5.8,4.4,3.7,4.0,5.0,9.0,5.8,5.3,5.0,5.5,9.1,5.7,4.9,4.2,4.3,6.3],[8.8,6.1,4.6,5.0,1.7,6.0,5.6,6.4,7.2,10.8,9.4,9.6,8.4,10.1,14.1,10.7,8.7,8.7,9.2,10.2],[4.6,3.0,3.3,3.8,4.2,0.9,1.6,2.7,4.0,6.5,4.0,3.8,4.6,5.3,8.3,4.8,4.2,4.3,4.9,6.4],[3.7,3.0,3.1,3.8,4.6,1.8,0.8,1.5,2.4,5.3,3.3,3.1,3.4,3.9,7.0,3.8,3.2,3.3,4.0,5.3],[4.4,3.5,3.4,3.9,5.7,2.4,1.5,0.9,2.0,5.2,3.3,3.5,3.2,3.6,7.3,3.9,3.6,4.1,4.4,5.4],[6.2,5.2,4.8,4.6,6.6,4.2,3.0,1.7,1.0,5.9,4.3,3.3,3.8,4.2,8.3,5.5,4.8,5.2,5.6,6.4],[10.5,9.8,9.1,8.8,11.1,8.7,6.2,5.0,5.2,1.7,5.6,5.1,6.6,7.5,11.5,10.0,9.9,10.4,10.2,11.2],[4.8,4.7,4.9,5.4,7.3,4.2,3.1,3.3,3.4,4.5,0.9,1.8,2.6,4.2,7.1,4.1,3.9,5.1,6.0,7.0],[3.6,3.5,4.0,4.6,6.6,3.5,3.0,3.1,3.4,4.5,1.9,0.8,1.5,2.3,5.3,3.1,2.8,3.5,4.0,5.6],[3.8,3.4,4.0,4.5,7.0,3.8,3.2,3.0,3.3,5.6,2.6,1.6,0.9,1.7,5.4,3.1,2.7,2.8,3.4,5.2],[4.8,4.4,4.5,5.5,8.6,5.4,4.4,3.8,4.1,6.7,3.6,2.4,1.5,0.9,5.3,3.2,2.9,3.1,3.9,4.9],[10.1,10.5,11.5,10.8,14.3,11.3,10.7,9.9,9.5,13.3,10.4,6.9,6.8,7.3,1.7,6.4,6.6,8.5,10.4,10.9],[3.7,3.7,5.0,5.8,8.0,5.1,4.1,4.3,4.9,7.9,4.3,3.1,2.9,3.2,4.2,0.9,1.4,2.3,3.9,5.7],[3.3,2.9,3.3,4.2,7.5,3.6,3.0,2.9,3.4,6.7,3.5,2.7,2.3,2.6,4.4,1.5,0.8,1.3,2.2,4.6],[3.5,3.1,3.3,4.6,7.1,3.7,3.4,3.3,3.6,7.3,3.8,3.3,2.6,2.5,5.2,2.0,1.3,0.8,1.6,4.1],[4.0,3.6,4.2,4.9,8.2,4.9,4.2,3.9,4.4,8.6,5.1,4.7,3.4,2.9,6.8,3.3,2.1,1.4,0.9,2.7],[7.6,6.6,6.1,6.4,11.3,8.7,6.0,6.1,7.1,11.8,8.4,7.0,5.9,5.3,10.8,7.4,5.6,3.7,3.4,1.8]],
  "token_chain_ids": ["A","A","A","A","A","A","A","A","A","A","A","A","A","A","A","A","A","A","A","A"],
  "token_res_ids": [1,2,3,4,5,6,7,8,9,10,11,12,13,14,15,16,17,18,19,20]
}