{
  "atom_chain_ids": ["A","A","A","A","A","A","A","A","A","A","A","A","A","A","A","A","A","A","A","A","A","A","A","A","A","A","A","A","A","A","A","A","A","A","A","A","A","A","A","A","A","A","A","A","A","A","A","A","A","A","A","A","A","A","A","A","A","A","A","A","A","A","A","A","A","A","A","A","A","A","A","A","A","A","A","A","A","A","A","A","A","A","A","A","A","A","A","A","A","A","A","A","A","A","A","A","A","A","A","A","A","A","A","A","A","A","A","A","A","A","A","A","A","A","A","A","A","A","A","A","A","A","A","A","A","A","A","A","A","A","A","A","A","A","A","A","A","A","A","A","A","A","A","A","A","A","A","A","A","A","A","A","A","A","A","A","A","A","A","A","A","A","A","A","A","A","A","A","A","A","A","A","A","A","A","A","A","A","A","A","A","A","A","A","A","A","A","A","A","A","A","A","A","A","A","A","A","A","A","A","A","A","A","A","A","A","A","A","A","A","A","A","A","A","A","A","A","A","A","A","A","A","A","A","A","A","A","A","A","A","A","A","A","A","A","A","A","A","A","A","A","A","A","A","A","A","A","A","A","A","A","A","A","A","A","A","A","A","A","A","A","A","A","A","A","A","A","A","A","A","A","A","A","A","A","A","A","A","A","A","A","A","A","A","A","A","A","A","A","A","A","A","A","A","A","A","A","A","A","A","A","A","A","A","A","A","A","A","A","A","A","A","A","A","A","A","A","A","A","A","A","A","A","A","A","A","A","A","A","A","A","A","A","A","A","A","A","A","A","A","A","A","A","A","A","A","A","A","A","A","A","A","A","A","A","A","A","A","A","A","A","A","A","A","A","A","A","A","A","A","A","A","A","A","A","A","A","A","A","A","A","A","A","A","A","A","A","A","A","A","A","A","A","A","A","A","A","A","A","A","A","A","A","A","A","A","A","A","A","A","A","A","A","A","A","A","A","A","A","A","A","A","A","A","A","A","A","A","A","A"],
  "atom_plddts": [71.38,72.54,66.22,67.0,72.21,76.78,79.44,80.53,81.23,80.22,81.09,81.12,81.66,81.73,80.9,81.89,81.97,81.02,80.88,81.27,81.53,81.97,82.85,78.59,74.55,74.46,79.79,80.98,82.84,83.12,83.52,83.02,83.81,84.44,84.46,84.83,83.79,84.58,84.78,84.02,84.13,84.21,84.16,84.64,85.06,80.21,77.72,77.47,80.13,80.43,81.84,81.86,82.25,81.22,82.0,82.39,82.91,83.22,82.46,83.27,83.49,82.65,82.86,82.69,82.53,82.85,83.51,76.23,73.49,73.95,75.86,73.99,75.53,75.72,76.64,75.09,75.25,75.01,76.42,75.88,75.72,76.7,76.98,75.82,75.94,75.59,75.54,75.55,76.86,69.97,66.54,66.89,70.84,69.32,71.27,71.72,72.37,70.94,69.65,69.89,70.17,67.83,65.73,64.95,64.64,63.55,62.36,63.92,72.84,66.97,66.87,73.62,75.24,77.63,78.99,79.45,78.58,79.26,79.76,79.97,80.03,78.58,79.4,79.72,78.6,78.3,78.71,79.05,79.24,80.45,76.98,73.61,73.67,77.87,78.75,80.88,81.2,81.47,80.8,81.73,82.49,82.71,83.14,82.14,82.98,83.24,82.61,82.7,82.74,82.66,83.04,83.5,76.82,74.24,74.15,77.0,77.24,78.88,78.95,79.33,78.36,79.29,79.86,80.18,80.57,79.8,80.64,80.98,80.25,80.3,80.16,80.08,80.34,81.07,72.39,70.58,70.7,71.56,69.53,70.21,71.04,71.07,69.79,70.17,70.03,71.23,71.05,71.22,71.92,72.25,71.35,71.01,70.94,71.07,70.44,71.86,63.27,60.07,61.16,64.92,64.48,66.21,66.64,68.06,66.45,65.44,65.63,65.03,62.4,59.6,58.8,58.09,57.05,55.66,57.67,71.46,65.64,66.23,72.5,74.27,76.45,77.85,78.15,77.3,78.09,78.72,78.88,79.09,77.76,78.55,78.88,77.92,77.61,78.12,78.43,78.56,79.54,77.4,74.02,74.48,78.59,79.34,81.26,81.51,81.79,81.09,82.06,82.76,83.0,83.43,82.29,83.04,83.29,82.69,82.76,82.82,82.76,83.07,83.53,77.89,74.92,74.93,78.29,78.96,80.56,80.55,80.87,80.04,80.92,81.51,81.77,82.25,81.52,82.32,82.62,81.98,82.15,82.02,81.85,82.19,82.67,77.68,75.04,75.0,77.5,77.27,78.47,79.11,79.53,78.29,78.87,78.77,79.82,80.07,79.3,80.0,80.54,79.85,79.87,79.67,79.51,79.68,80.63,70.93,68.26,68.48,71.81,69.61,71.25,71.48,71.71,70.7,68.73,68.96,69.1,66.67,64.7,63.58,63.3,62.18,60.5,62.51,73.06,66.78,66.78,74.0,75.3,77.86,79.41,79.94,79.06,79.81,80.34,80.33,80.42,79.46,80.46,80.6,79.48,79.38,79.69,79.91,80.35,81.18,78.19,74.63,74.31,79.09,80.08,81.8,82.09,82.36,81.82,82.76,83.58,83.58,84.05,83.32,84.14,84.39,83.9,84.13,84.16,83.91,84.21,84.51,78.38,75.61,75.4,78.88,79.65,80.9,81.13,81.45,80.68,81.8,82.5,82.58,83.03,82.16,82.99,83.19,82.62,82.85,82.8,82.6,82.91,83.31,77.01,74.79,74.62,76.46,75.82,76.53,76.88,77.32,75.96,76.67,76.61,77.48,77.63,77.2,77.83,78.2,77.53,77.46,77.43,77.31,77.01,78.12,71.61,69.46,69.85,71.23,70.16,70.75,70.59,71.22,70.09,67.92,69.62,69.57,68.57,68.09,68.07,68.22,67.45,66.96,66.88,68.63],
  "contact_probs": [[1.0,1.0,0.1,0.03,0.04,0.26,0.12,0.09,0.04,0.02,0.16,0.08,0.03,0.02,0.01,0.41,0.78,0.44,0.04,0.01],[1.0,1.0,1.0,0.17,0.09,0.73,0.31,0.14,0.04,0.01,0.03,0.05,0.04,0.02,0.01,0.13,0.39,0.77,0.35,0.02],[0.1,1.0,1.0,0.94,0.16,0.37,0.76,0.23,0.04,0.01,0.01,0.02,0.03,0.02,0.01,0.03,0.12,0.33,0.69,0.18],[0.03,0.17,0.94,1.0,0.17,0.08,0.49,0.46,0.06,0.01,0.01,0.01,0.02,0.03,0.01,0.02,0.04,0.12,0.27,0.24],[0.04,0.09,0.16,0.17,1.0,0.15,0.1,0.02,0.01,0.01,0.01,0.01,0.01,0.01,0.01,0.01,0.01,0.01,0.01,0.02],[0.26,0.73,0.37,0.08,0.15,1.0,0.99,0.08,0.03,0.04,0.34,0.05,0.02,0.02,0.01,0.02,0.01,0.01,0.0,0.0],[0.12,0.31,0.76,0.49,0.1,0.99,1.0,0.99,0.11,0.06,0.79,0.32,0.07,0.03,0.01,0.01,0.02,0.02,0.01,0.0],[0.09,0.14,0.23,0.46,0.02,0.08,0.99,1.0,0.89,0.14,0.61,0.8,0.33,0.09,0.0,0.01,0.02,0.05,0.05,0.03],[0.04,0.04,0.04,0.06,0.01,0.03,0.11,0.89,1.0,0.23,0.1,0.51,0.55,0.16,0.01,0.01,0.01,0.03,0.08,0.12],[0.02,0.01,0.01,0.01,0.01,0.04,0.06,0.14,0.23,1.0,0.11,0.09,0.02,0.01,0.01,0.01,0.01,0.01,0.01,0.03],[0.16,0.03,0.01,0.01,0.01,0.34,0.79,0.61,0.1,0.11,1.0,0.99,0.08,0.02,0.03,0.23,0.05,0.01,0.01,0.01],[0.08,0.05,0.02,0.01,0.01,0.05,0.32,0.8,0.51,0.09,0.99,1.0,1.0,0.13,0.07,0.79,0.24,0.13,0.04,0.01],[0.03,0.04,0.03,0.02,0.01,0.02,0.07,0.33,0.55,0.02,0.08,1.0,1.0,0.97,0.14,0.56,0.83,0.28,0.18,0.04],[0.02,0.02,0.02,0.03,0.01,0.02,0.03,0.09,0.16,0.01,0.02,0.13,0.97,1.0,0.14,0.07,0.6,0.71,0.3,0.26],[0.01,0.01,0.01,0.01,0.01,0.01,0.01,0.0,0.01,0.01,0.03,0.07,0.14,0.14,1.0,0.13,0.09,0.02,0.0,0.01],[0.41,0.13,0.03,0.02,0.01,0.02,0.01,0.01,0.01,0.01,0.23,0.79,0.56,0.07,0.13,1.0,0.99,0.03,0.0,0.0],[0.78,0.39,0.12,0.04,0.01,0.01,0.02,0.02,0.01,0.01,0.05,0.24,0.83,0.6,0.09,0.99,1.0,1.0,0.08,0.01],[0.44,0.77,0.33,0.12,0.01,0.01,0.02,0.05,0.03,0.01,0.01,0.13,0.28,0.71,0.02,0.03,1.0,1.0,0.99,0.37],[0.04,0.35,0.69,0.27,0.01,0.0,0.01,0.05,0.08,0.01,0.01,0.04,0.18,0.3,0.0,0.0,0.08,0.99,1.0,0.86],[0.01,0.02,0.18,0.24,0.02,0.0,0.0,0.03,0.12,0.03,0.01,0.01,0.04,0.26,0.01,0.0,0.01,0.37,0.86,1.0]],
  "pae": [[0.9,1.9,3.7,4.8,7.0,4.3,4.6,5.8,7.3,11.2,4.4,4.7,4.9,6.2,8.9,4.5,3.7,4.2,5.7,8.5],[1.6,0.8,1.7,3.1,5.8,3.5,3.3,4.3,6.0,10.5,3.9,4.0,4.2,5.3,8.4,4.2,4.0,4.1,4.7,7.6],[2.6,1.6,0.9,2.2,5.2,4.1,4.1,4.5,6.3,10.5,4.5,4.6,4.7,5.6,9.4,4.5,4.2,4.0,4.6,8.1],[4.3,4.1,1.8,0.9,4.0,4.9,4.6,5.5,8.1,13.6,6.6,7.0,6.7,8.0,12.2,7.4,6.4,5.3,5.6,9.5],[8.8,6.5,4.5,3.6,1.4,7.3,6.7,8.0,9.0,13.1,10.0,10.8,9.9,12.2,15.4,12.0,10.0,9.6,11.1,11.6],[4.5,3.6,3.8,4.8,4.6,0.9,1.8,3.5,5.4,9.7,4.7,4.7,5.5,6.8,10.3,5.5,4.9,5.0,7.0,8.4],[4.7,3.8,3.5,4.8,5.9,2.4,0.8,2.0,3.9,7.9,4.5,4.4,4.4,5.3,8.9,4.7,4.1,4.3,5.8,7.5],[6.2,5.1,4.5,5.2,7.5,3.8,1.9,0.9,2.9,8.3,4.7,4.9,4.6,5.6,9.8,5.4,5.3,5.7,6.9,8.3],[8.6,7.8,6.6,6.7,9.7,7.6,4.4,2.5,1.0,6.2,7.0,5.5,6.0,7.0,11.2,8.3,8.1,8.2,8.5,8.4],[13.3,12.7,12.3,10.9,12.7,11.8,9.8,5.7,5.8,1.6,9.8,8.1,9.7,9.8,13.9,12.7,13.1,11.9,13.5,12.4],[5.3,4.9,5.6,6.2,9.0,4.7,3.9,4.3,4.8,5.6,0.9,1.9,3.4,4.7,8.4,4.6,4.7,5.8,7.9,9.1],[4.5,4.3,4.9,5.4,8.1,4.2,3.5,3.5,4.5,6.6,2.1,0.8,1.5,2.7,6.6,4.0,3.3,4.2,5.6,7.3],[4.5,4.1,4.9,5.3,8.9,4.5,3.7,3.7,5.5,8.4,2.8,1.6,0.9,1.7,6.7,3.9,3.4,3.2,4.7,7.6],[5.3,5.1,5.1,6.6,10.6,5.8,4.6,4.4,4.9,9.3,3.7,2.5,1.8,0.9,6.8,3.6,3.7,3.5,4.9,6.8],[11.6,12.3,12.5,14.7,15.7,13.7,12.9,12.2,12.6,14.7,11.6,8.3,7.3,8.4,1.8,7.8,7.7,10.6,13.7,12.5],[4.3,4.3,6.1,7.0,9.8,5.9,5.0,5.0,5.4,10.1,5.3,3.5,3.6,3.4,4.9,0.9,1.4,3.1,4.7,6.8],[3.8,3.4,4.2,5.2,9.2,4.5,3.6,3.9,4.9,9.4,4.1,3.3,2.7,3.0,5.2,1.6,0.8,1.5,2.7,5.9],[4.2,3.7,3.9,5.7,9.0,4.6,3.7,4.2,5.2,10.5,4.5,3.5,2.9,3.0,6.4,2.2,1.4,0.8,1.9,5.6],[5.0,4.0,5.3,6.5,10.1,6.6,5.0,5.0,6.1,11.7,6.3,5.6,4.3,4.0,8.4,4.1,2.6,1.5,0.9,3.6],[9.7,8.2,8.1,8.8,12.8,11.4,7.8,7.9,8.5,14.1,10.9,8.9,6.7,6.6,13.1,9.1,7.0,5.3,4.5,1.8]],
  "token_chain_ids": ["A","A","A","A","A","A","A","A","A","A","A","A","A","A","A","A","A","A","A","A"],
  "token_res_ids": [1,2,3,4,5,6,7,8,9,10,11,12,13,14,15,16,17,18,19,20]
}