{
  "atom_chain_ids": ["A","A","A","A","A","A","A","A","A","A","A","A","A","A","A","A","A","A","A","A","A","A","A","A","A","A","A","A","A","A","A","A","A","A","A","A","A","A","A","A","A","A","A","A","A","A","A","A","A","A","A","A","A","A","A","A","A","A","A","A","A","A","A","A","A","A","A","A","A","A","A","A","A","A","A","A","A","A","A","A","A","A","A","A","A","A","A","A","A","A","A","A","A","A","A","A","A","A","A","A","A","A","A","A","A","A","A","A","A","A","A","A","A","A","A","A","A","A","A","A","A","A","A","A","A","A","A","A","A","A","A","A","A","A","A","A","A","A","A","A","A","A","A","A","A","A","A","A","A","A","A","A","A","A","A","A","A","A","A","A","A","A","A","A","A","A","A","A","A","A","A","A","A","A","A","A","A","A","A","A","A","A","A","A","A","A","A","A","A","A","A","A","A","A","A","A","A","A","A","A","A","A","A","A","A","A","A","A","A","A","A","A","A","A","A","A","A","A","A","A","A","A","A","A","A","A","A","A","A","A","A","A","A","A","A","A","A","A","A","A","A","A","A","A","A","A","A","A","A","A","A","A","A","A","A","A","A","A","A","A","A","A","A","A","A","A","A","A","A","A","A","A","A","A","A","A","A","A","A","A","A","A","A","A","A","A","A","A","A","A","A","A","A","A","A","A","A","A","A","A","A","A","A","A","A","A","A","A","A","A","A","A","A","A","A","A","A","A","A","A","A","A","A","A","A","A","A","A","A","A","A","A","A","A","A","A","A","A","A","A","A","A","A","A","A","A","A","A","A","A","A","A","A","A","A","A","A","A","A","A","A","A","A","A","A","A","A","A","A","A","A","A","A","A","A","A","A","A","A","A","A","A","A","A","A","A","A","A","A","A","A","A","A","A","A","A","A","A","A","A","A","A","A","A","A","A","A","A","A","A","A","A","A","A","A","A","A","A","A","A","A","A","A","A","A","A","A","A","A","A"],
  "atom_plddts": [72.84,74.48,68.31,68.78,74.02,78.36,81.44,82.38,83.17,82.17,82.79,82.68,83.5,83.42,82.52,83.52,83.52,82.48,82.41,82.8,83.11,83.54,84.44,83.08,79.33,78.96,83.54,84.27,86.39,86.59,87.08,86.38,86.89,87.51,87.94,88.16,87.27,87.96,88.07,87.29,87.43,87.53,87.43,87.81,88.25,83.13,80.43,80.22,82.99,83.39,84.99,84.9,85.35,84.41,85.1,85.48,86.1,86.33,85.62,86.33,86.5,85.72,85.97,85.88,85.72,86.1,86.58,80.38,77.8,78.16,79.9,78.65,80.21,80.48,81.19,79.68,80.06,79.79,81.25,80.91,80.37,81.28,81.51,80.34,80.65,80.36,80.21,80.52,81.54,75.08,71.44,71.41,75.57,73.69,75.94,75.96,76.49,74.94,74.12,73.83,74.74,72.56,70.41,69.54,69.48,67.98,66.93,68.52,76.5,70.38,70.11,77.23,79.2,82.28,83.14,83.66,82.85,83.45,83.88,84.29,84.27,82.91,83.78,83.92,82.79,82.79,83.15,83.43,83.76,84.68,81.98,78.66,78.68,82.41,82.95,85.15,85.3,85.65,84.83,85.54,86.14,86.83,87.11,86.4,87.07,87.23,86.62,86.79,86.89,86.8,87.04,87.42,81.48,78.49,78.45,81.55,82.05,83.88,83.68,84.26,83.22,84.11,84.62,85.21,85.5,84.8,85.56,85.77,85.08,85.28,85.23,85.11,85.44,85.91,78.81,76.33,76.58,78.23,77.05,78.61,78.8,79.43,77.8,78.31,78.21,79.63,79.37,78.74,79.62,79.84,78.7,78.8,78.69,78.67,78.55,79.92,76.24,73.09,73.51,76.94,75.45,77.52,77.45,77.97,76.45,75.87,75.45,76.49,74.7,72.55,71.79,71.99,70.4,69.37,70.63,75.26,68.83,68.99,76.08,78.33,81.28,82.23,82.61,81.66,82.28,82.61,83.19,83.25,82.02,82.87,83.1,82.11,82.09,82.45,82.66,82.93,83.78,81.94,78.58,78.85,82.62,83.21,85.31,85.47,85.87,85.06,85.78,86.38,86.98,87.25,86.41,87.04,87.19,86.58,86.71,86.84,86.77,86.94,87.37,82.68,79.71,79.69,82.56,83.13,85.02,84.81,85.36,84.37,85.08,85.58,86.21,86.51,85.84,86.54,86.7,85.99,86.24,86.2,86.02,86.29,86.76,80.64,77.95,77.86,80.26,80.11,81.53,82.0,82.59,81.32,81.82,81.72,82.91,83.01,82.17,82.96,83.29,82.49,82.72,82.54,82.34,82.6,83.45,74.46,71.51,71.69,75.09,73.09,75.34,75.44,75.58,74.43,73.0,73.19,73.78,71.87,70.14,69.41,69.35,67.87,66.58,68.2,76.51,70.32,70.19,77.06,78.6,81.36,82.4,82.94,81.96,82.62,82.95,83.43,83.5,82.61,83.59,83.69,82.59,82.7,82.87,82.98,83.41,84.16,81.86,78.33,78.0,82.3,83.02,85.08,85.26,85.69,84.89,85.7,86.36,86.93,87.27,86.78,87.5,87.72,87.21,87.48,87.52,87.25,87.51,87.75,83.35,80.64,80.52,83.33,83.81,85.63,85.61,86.1,85.07,85.92,86.47,87.24,87.52,86.94,87.63,87.79,87.21,87.47,87.45,87.21,87.49,87.84,81.17,78.5,78.35,80.81,80.44,81.7,81.89,82.51,81.19,81.8,81.9,82.96,83.03,82.31,83.06,83.27,82.48,82.68,82.71,82.54,82.57,83.43,74.06,71.78,72.1,73.6,72.42,73.27,72.8,73.74,72.38,70.27,71.82,71.98,70.8,69.95,69.94,70.07,69.14,68.83,68.68,70.61],
  "contact_probs": [[1.0,1.0,0.1,0.03,0.04,0.26,0.12,0.09,0.04,0.02,0.16,0.08,0.03,0.02,0.01,0.41,0.78,0.44,0.04,0.01],[1.0,1.0,1.0,0.17,0.09,0.73,0.31,0.14,0.04,0.01,0.03,0.05,0.04,0.02,0.01,0.13,0.39,0.77,0.35,0.02],[0.1,1.0,1.0,0.94,0.16,0.37,0.76,0.23,0.04,0.01,0.01,0.02,0.03,0.02,0.01,0.03,0.12,0.33,0.69,0.18],[0.03,0.17,0.94,1.0,0.17,0.08,0.49,0.46,0.06,0.01,0.01,0.01,0.02,0.03,0.01,0.02,0.04,0.12,0.27,0.24],[0.04,0.09,0.16,0.17,1.0,0.15,0.1,0.02,0.01,0.01,0.01,0.01,0.01,0.01,0.01,0.01,0.01,0.01,0.01,0.02],[0.26,0.73,0.37,0.08,0.15,1.0,0.99,0.08,0.03,0.04,0.34,0.05,0.02,0.02,0.01,0.02,0.01,0.01,0.0,0.0],[0.12,0.31,0.76,0.49,0.1,0.99,1.0,0.99,0.11,0.06,0.79,0.32,0.07,0.03,0.01,0.01,0.02,0.02,0.01,0.0],[0.09,0.14,0.23,0.46,0.02,0.08,0.99,1.0,0.89,0.14,0.61,0.8,0.33,0.09,0.0,0.01,0.02,0.05,0.05,0.03],[0.04,0.04,0.04,0.06,0.01,0.03,0.11,0.89,1.0,0.23,0.1,0.51,0.55,0.16,0.01,0.01,0.01,0.03,0.08,0.12],[0.02,0.01,0.01,0.01,0.01,0.04,0.06,0.14,0.23,1.0,0.11,0.09,0.02,0.01,0.01,0.01,0.01,0.01,0.01,0.03],[0.16,0.03,0.01,0.01,0.01,0.34,0.79,0.61,0.1,0.11,1.0,0.99,0.08,0.02,0.03,0.23,0.05,0.01,0.01,0.01],[0.08,0.05,0.02,0.01,0.01,0.05,0.32,0.8,0.51,0.09,0.99,1.0,1.0,0.13,0.07,0.79,0.24,0.13,0.04,0.01],[0.03,0.04,0.03,0.02,0.01,0.02,0.07,0.33,0.55,0.02,0.08,1.0,1.0,0.97,0.14,0.56,0.83,0.28,0.18,0.04],[0.02,0.02,0.02,0.03,0.01,0.02,0.03,0.09,0.16,0.01,0.02,0.13,0.97,1.0,0.14,0.07,0.6,0.71,0.3,0.26],[0.01,0.01,0.01,0.01,0.01,0.01,0.01,0.0,0.01,0.01,0.03,0.07,0.14,0.14,1.0,0.13,0.09,0.02,0.0,0.01],[0.41,0.13,0.03,0.02,0.01,0.02,0.01,0.01,0.01,0.01,0.23,0.79,0.56,0.07,0.13,1.0,0.99,0.03,0.0,0.0],[0.78,0.39,0.12,0.04,0.01,0.01,0.02,0.02,0.01,0.01,0.05,0.24,0.83,0.6,0.09,0.99,1.0,1.0,0.08,0.01],[0.44,0.77,0.33,0.12,0.01,0.01,0.02,0.05,0.03,0.01,0.01,0.13,0.28,0.71,0.02,0.03,1.0,1.0,0.99,0.37],[0.04,0.35,0.69,0.27,0.01,0.0,0.01,0.05,0.08,0.01,0.01,0.04,0.18,0.3,0.0,0.0,0.08,0.99,1.0,0.86],[0.01,0.02,0.18,0.24,0.02,0.0,0.0,0.03,0.12,0.03,0.01,0.01,0.04,0.26,0.01,0.0,0.01,0.37,0.86,1.0]],
  "pae": [[0.9,1.8,3.2,4.4,5.1,4.0,4.2,5.2,5.5,6.9,4.1,3.9,4.2,5.4,7.0,4.0,3.2,3.5,4.9,6.2],[1.4,0.8,1.5,2.3,4.5,2.9,2.4,3.0,3.7,5.7,3.1,3.0,3.0,3.7,6.1,3.1,2.6,2.7,3.3,5.1],[2.1,1.3,0.9,1.8,4.2,2.8,2.5,2.7,3.4,5.8,3.2,2.9,3.0,3.4,6.2,3.1,2.8,2.7,2.8,5.2],[3.4,2.6,1.7,1.0,4.4,3.8,3.0,3.5,4.4,7.6,4.6,4.6,4.3,5.0,7.9,4.9,4.5,3.8,4.1,5.8],[8.4,5.5,4.6,5.3,1.6,5.6,5.5,6.9,7.8,9.8,9.2,8.8,8.7,9.4,12.9,10.2,8.5,8.4,8.6,10.1],[4.0,2.4,2.7,3.7,3.5,0.9,1.6,2.5,3.5,5.4,3.3,3.2,3.7,4.3,7.3,4.1,3.6,3.5,4.4,6.3],[3.0,2.3,2.3,3.2,3.6,1.6,0.8,1.4,2.1,4.3,2.9,2.5,2.8,3.2,5.9,3.3,2.8,2.8,3.3,5.2],[3.3,2.7,2.7,3.5,4.8,2.2,1.3,0.8,1.7,4.6,2.8,2.6,2.6,3.1,6.3,3.4,2.9,3.3,3.9,5.3],[5.1,4.0,3.6,4.1,5.7,3.6,2.4,1.5,0.9,4.6,3.2,2.7,2.9,3.7,7.1,4.6,4.3,4.2,5.2,6.0],[8.6,7.9,8.4,8.3,10.7,7.9,5.6,4.3,5.1,1.6,4.9,4.8,6.2,7.3,9.4,8.0,8.2,8.5,8.8,9.8],[4.1,3.5,3.6,4.6,6.0,3.2,2.5,2.5,2.9,3.7,0.9,1.4,2.0,3.1,5.7,3.4,3.3,4.0,5.1,6.7],[3.2,2.6,3.2,3.8,5.5,2.7,2.3,2.5,2.8,3.8,1.4,0.8,1.3,2.1,5.0,2.7,2.3,2.8,3.4,5.7],[3.1,2.6,3.1,3.5,5.4,3.0,2.5,2.2,2.5,4.2,2.0,1.3,0.8,1.5,4.7,2.5,2.1,2.3,2.8,5.1],[3.8,3.2,3.5,4.2,6.8,4.2,3.5,3.1,3.3,5.1,2.8,1.9,1.3,0.9,4.5,2.9,2.5,2.6,3.5,5.1],[9.5,9.4,10.4,10.0,13.6,10.9,9.8,9.5,8.4,12.1,9.1,6.0,5.6,6.5,1.7,5.5,5.9,7.7,9.6,9.5],[3.2,3.1,4.1,4.7,7.1,4.1,3.7,4.0,4.2,6.4,4.0,2.6,2.5,2.8,3.9,0.9,1.3,2.2,3.5,5.6],[2.9,2.3,2.7,3.5,5.9,3.1,2.7,2.7,3.0,5.5,2.8,2.3,2.1,2.3,3.9,1.3,0.8,1.3,2.1,4.7],[3.2,2.5,2.8,3.8,6.0,3.2,2.8,2.8,3.1,5.7,3.1,2.6,2.1,2.2,4.8,1.7,1.2,0.8,1.5,4.4],[3.6,2.9,3.2,3.9,7.2,4.2,3.5,3.6,3.7,7.0,4.0,3.7,2.7,2.3,5.8,2.9,1.9,1.3,0.9,3.5],[10.2,6.5,7.0,6.5,11.9,10.7,7.1,7.1,7.6,13.4,10.4,7.9,6.7,6.2,11.7,9.3,6.1,4.8,4.6,1.9]],
  "token_chain_ids": ["A","A","A","A","A","A","A","A","A","A","A","A","A","A","A","A","A","A","A","A"],
  "token_res_ids": [1,2,3,4,5,6,7,8,9,10,11,12,13,14,15,16,17,18,19,20]
}