{
  "atom_chain_ids": ["A","A","A","A","A","A","A","A","A","A","A","A","A","A","A","A","A","A","A","A","A","A","A","A","A","A","A","A","A","A","A","A","A","A","A","A","A","A","A","A","A","A","A","A","A","A","A","A","A","A","A","A","A","A","A","A","A","A","A","A","A","A","A","A","A","A","A","A","A","A","A","A","A","A","A","A","A","A","A","A","A","A","A","A","A","A","A","A","A","A","A","A","A","A","A","A","A","A","A","A","A","A","A","A","A","A","A","A","A","A","A","A","A","A","A","A","A","A","A","A","A","A","A","A","A","A","A","A","A","A","A","A","A","A","A","A","A","A","A","A","A","A","A","A","A","A","A","A","A","A","A","A","A","A","A","A","A","A","A","A","A","A","A","A","A","A","A","A","A","A","A","A","A","A","A","A","A","A","A","A","A","A","A","A","A","A","A","A","A","A","A","A","A","A","A","A","A","A","A","A","A","A","A","A","A","A","A","A","A","A","A","A","A","A","A","A","A","A","A","A","A","A","A","A","A","A","A","A","A","A","A","A","A","A","A","A","A","A","A","A","A","A","A","A","A","A","A","A","A","A","A","A","A","A","A","A","A","A","A","A","A","A","A","A","A","A","A","A","A","A","A","A","A","A","A","A","A","A","A","A","A","A","A","A","A","A","A","A","A","A","A","A","A","A","A","A","A","A","A","A","A","A","A","A","A","A","A","A","A","A","A","A","A","A","A","A","A","A","A","A","A","A","A","A","A","A","A","A","A","A","A","A","A","A","A","A","A","A","A","A","A","A","A","A","A","A","A","A","A","A","A","A","A","A","A","A","A","A","A","A","A","A","A","A","A","A","A","A","A","A","A","A","A","A","A","A","A","A","A","A","A","A","A","A","A","A","A","A","A","A","A","A","A","A","A","A","A","A","A","A","A","A","A","A","A","A","A","A","A","A","A","A","A","A","A","A","A","A","A","A","A","A","A","A","A","A","A","A","A","A"],
  "atom_plddts": [71.37,72.59,66.23,67.03,72.15,76.68,79.36,80.48,81.24,80.25,81.1,81.14,81.7,81.75,81.02,82.07,82.14,81.19,81.07,81.43,81.66,82.13,83.01,80.38,76.52,76.13,81.04,81.95,84.02,84.36,84.82,84.1,84.83,85.53,85.78,86.13,85.22,86.05,86.23,85.4,85.52,85.58,85.44,85.89,86.41,80.53,77.66,77.35,80.52,80.87,82.54,82.57,83.08,82.03,82.81,83.24,83.79,84.09,83.28,84.13,84.36,83.47,83.68,83.54,83.39,83.84,84.48,78.09,75.54,75.94,77.47,75.69,77.15,77.17,78.13,76.39,76.51,76.15,77.93,77.37,77.13,78.19,78.46,77.23,77.47,77.04,76.92,76.98,78.31,69.78,66.14,66.51,70.86,69.24,71.17,71.48,72.27,70.69,69.38,69.47,69.96,67.51,65.28,64.4,64.08,62.92,61.7,63.4,75.61,69.76,69.73,76.27,78.04,80.9,81.84,82.42,81.52,82.06,82.54,82.95,82.89,81.37,82.2,82.39,81.22,81.09,81.52,81.84,82.0,83.18,80.08,76.83,76.82,80.62,81.29,83.55,83.71,84.06,83.25,84.07,84.74,85.29,85.64,84.82,85.56,85.75,85.13,85.28,85.35,85.24,85.49,85.94,79.33,76.22,76.28,79.72,80.4,82.19,82.11,82.61,81.61,82.64,83.2,83.64,84.0,83.21,84.01,84.26,83.55,83.7,83.65,83.56,83.92,84.44,77.33,74.98,75.28,76.83,75.44,76.88,77.23,77.71,76.24,76.74,76.63,77.95,77.77,77.2,77.93,78.24,77.2,77.13,77.08,77.09,76.79,78.21,72.45,69.2,69.74,73.46,72.04,73.83,74.0,74.32,72.84,72.05,71.53,72.34,70.21,68.18,67.2,67.32,65.93,64.48,66.06,74.18,67.93,68.25,75.13,77.3,80.09,81.16,81.55,80.57,81.26,81.72,82.13,82.17,80.89,81.75,81.97,80.96,80.88,81.29,81.53,81.74,82.66,80.37,76.99,77.26,81.19,81.77,83.88,84.11,84.49,83.67,84.51,85.19,85.7,86.03,85.07,85.79,85.98,85.34,85.47,85.54,85.42,85.64,86.13,79.92,76.81,76.79,80.16,80.87,82.66,82.58,83.04,82.15,82.97,83.58,83.97,84.38,83.64,84.44,84.66,83.97,84.2,84.11,83.92,84.27,84.74,78.6,75.83,75.88,78.42,78.39,79.67,80.24,80.85,79.52,80.19,80.25,81.2,81.4,80.58,81.42,81.8,81.05,81.24,81.04,80.86,81.09,81.95,73.48,70.75,70.88,74.14,72.2,74.2,74.57,74.62,73.52,72.18,72.2,72.81,71.04,69.23,68.42,68.66,67.43,65.97,67.31,73.84,67.47,67.59,74.73,76.02,78.75,80.15,80.7,79.79,80.53,80.98,81.2,81.34,80.59,81.64,81.82,80.72,80.75,80.96,81.09,81.61,82.29,80.14,76.73,76.43,80.83,81.63,83.42,83.6,83.96,83.33,84.26,85.0,85.27,85.7,85.09,85.86,86.1,85.61,85.87,85.91,85.62,85.89,86.14,82.2,79.37,79.18,82.41,83.07,84.7,84.72,85.16,84.24,85.15,85.78,86.29,86.6,85.89,86.62,86.76,86.14,86.38,86.41,86.22,86.49,86.87,81.03,78.55,78.37,80.45,79.98,81.09,81.25,81.84,80.47,81.01,81.02,82.12,82.14,81.47,82.13,82.36,81.57,81.7,81.76,81.58,81.44,82.45,71.95,70.4,70.47,71.08,69.51,70.08,68.92,70.06,68.74,65.73,67.08,67.22,65.38,64.55,64.18,64.0,63.0,62.17,62.51,64.85],
  "contact_probs": [[1.0,1.0,0.1,0.03,0.04,0.26,0.12,0.09,0.04,0.02,0.16,0.08,0.03,0.02,0.01,0.41,0.78,0.44,0.04,0.01],[1.0,1.0,1.0,0.17,0.09,0.73,0.31,0.14,0.04,0.01,0.03,0.05,0.04,0.02,0.01,0.13,0.39,0.77,0.35,0.02],[0.1,1.0,1.0,0.94,0.16,0.37,0.76,0.23,0.04,0.01,0.01,0.02,0.03,0.02,0.01,0.03,0.12,0.33,0.69,0.18],[0.03,0.17,0.94,1.0,0.17,0.08,0.49,0.46,0.06,0.01,0.01,0.01,0.02,0.03,0.01,0.02,0.04,0.12,0.27,0.24],[0.04,0.09,0.16,0.17,1.0,0.15,0.1,0.02,0.01,0.01,0.01,0.01,0.01,0.01,0.01,0.01,0.01,0.01,0.01,0.02],[0.26,0.73,0.37,0.08,0.15,1.0,0.99,0.08,0.03,0.04,0.34,0.05,0.02,0.02,0.01,0.02,0.01,0.01,0.0,0.0],[0.12,0.31,0.76,0.49,0.1,0.99,1.0,0.99,0.11,0.06,0.79,0.32,0.07,0.03,0.01,0.01,0.02,0.02,0.01,0.0],[0.09,0.14,0.23,0.46,0.02,0.08,0.99,1.0,0.89,0.14,0.61,0.8,0.33,0.09,0.0,0.01,0.02,0.05,0.05,0.03],[0.04,0.04,0.04,0.06,0.01,0.03,0.11,0.89,1.0,0.23,0.1,0.51,0.55,0.16,0.01,0.01,0.01,0.03,0.08,0.12],[0.02,0.01,0.01,0.01,0.01,0.04,0.06,0.14,0.23,1.0,0.11,0.09,0.02,0.01,0.01,0.01,0.01,0.01,0.01,0.03],[0.16,0.03,0.01,0.01,0.01,0.34,0.79,0.61,0.1,0.11,1.0,0.99,0.08,0.02,0.03,0.23,0.05,0.01,0.01,0.01],[0.08,0.05,0.02,0.01,0.01,0.05,0.32,0.8,0.51,0.09,0.99,1.0,1.0,0.13,0.07,0.79,0.24,0.13,0.04,0.01],[0.03,0.04,0.03,0.02,0.01,0.02,0.07,0.33,0.55,0.02,0.08,1.0,1.0,0.97,0.14,0.56,0.83,0.28,0.18,0.04],[0.02,0.02,0.02,0.03,0.01,0.02,0.03,0.09,0.16,0.01,0.02,0.13,0.97,1.0,0.14,0.07,0.6,0.71,0.3,0.26],[0.01,0.01,0.01,0.01,0.01,0.01,0.01,0.0,0.01,0.01,0.03,0.07,0.14,0.14,1.0,0.13,0.09,0.02,0.0,0.01],[0.41,0.13,0.03,0.02,0.01,0.02,0.01,0.01,0.01,0.01,0.23,0.79,0.56,0.07,0.13,1.0,0.99,0.03,0.0,0.0],[0.78,0.39,0.12,0.04,0.01,0.01,0.02,0.02,0.01,0.01,0.05,0.24,0.83,0.6,0.09,0.99,1.0,1.0,0.08,0.01],[0.44,0.77,0.33,0.12,0.01,0.01,0.02,0.05,0.03,0.01,0.01,0.13,0.28,0.71,0.02,0.03,1.0,1.0,0.99,0.37],[0.04,0.35,0.69,0.27,0.01,0.0,0.01,0.05,0.08,0.01,0.01,0.04,0.18,0.3,0.0,0.0,0.08,0.99,1.0,0.86],[0.01,0.02,0.18,0.24,0.02,0.0,0.0,0.03,0.12,0.03,0.01,0.01,0.04,0.26,0.01,0.0,0.01,0.37,0.86,1.0]],
  "pae": [[0.9,1.8,3.6,5.0,6.9,4.6,5.2,5.9,6.4,8.0,4.6,4.6,4.9,5.7,7.5,4.2,3.6,3.9,5.8,7.8],[1.5,0.8,1.7,3.0,5.6,3.7,3.5,3.8,4.7,7.1,3.9,3.6,3.9,4.4,6.7,4.0,3.3,3.5,3.8,6.8],[2.5,1.6,0.9,2.1,5.3,3.9,4.0,3.5,4.6,7.7,4.4,4.0,4.3,4.6,7.4,4.5,3.5,3.3,3.4,6.6],[4.2,3.5,1.8,1.0,6.0,4.7,4.3,4.3,5.8,10.4,6.2,5.8,5.4,6.1,9.7,6.6,5.5,4.5,4.4,7.5],[8.9,7.0,5.5,5.7,1.7,6.6,5.9,7.4,8.7,11.3,9.1,9.2,9.4,11.4,14.2,10.4,8.7,8.1,9.3,10.3],[4.0,3.1,3.2,4.5,3.9,0.9,1.7,3.2,4.0,6.7,4.1,4.1,4.9,5.7,7.8,4.9,4.2,4.3,5.1,7.7],[3.9,3.1,3.1,4.3,4.8,1.9,0.8,1.7,2.4,5.2,3.2,3.2,3.7,4.1,6.7,3.8,3.3,3.4,4.1,7.0],[4.3,3.7,3.1,4.4,5.8,2.7,1.6,0.9,1.9,5.2,3.3,3.6,3.2,3.8,6.5,3.9,3.5,4.1,4.3,6.9],[5.7,4.8,4.3,5.3,7.0,3.9,2.6,1.5,1.0,5.7,3.9,3.5,3.8,4.1,6.7,5.0,4.4,4.6,5.3,7.3],[10.5,9.9,9.9,9.8,10.3,9.1,6.6,5.1,6.1,1.7,5.2,5.5,7.2,8.5,10.5,10.3,9.7,9.8,9.6,11.0],[4.8,4.2,4.2,5.0,7.2,3.9,3.1,3.3,3.5,4.0,0.9,1.8,2.6,3.9,6.2,4.1,3.7,4.6,5.7,8.4],[3.8,3.3,3.8,4.4,6.4,3.4,2.9,3.0,3.1,4.4,1.7,0.8,1.5,2.5,4.9,3.4,2.8,3.4,4.0,7.4],[3.8,3.2,3.8,5.1,7.2,3.7,3.1,2.9,3.1,5.1,2.4,1.5,0.9,1.8,4.3,3.3,2.6,2.7,3.6,7.5],[4.8,4.1,4.2,5.3,8.2,5.1,4.4,3.9,3.8,5.6,3.2,2.5,1.6,0.9,3.9,3.3,3.0,2.9,4.2,6.3],[7.6,8.1,8.7,9.9,11.8,8.8,7.1,6.2,5.9,9.9,7.3,5.5,4.3,3.7,1.6,5.2,4.3,5.8,6.5,8.9],[3.5,3.4,5.0,5.9,8.2,5.2,3.9,4.4,4.8,7.2,3.8,3.4,3.4,3.4,3.7,0.9,1.6,2.6,3.7,6.5],[3.2,2.6,3.4,4.5,7.2,3.5,2.8,3.1,3.4,6.1,3.1,2.8,2.6,2.8,4.2,1.6,0.8,1.3,2.3,5.5],[3.5,3.0,3.0,4.6,7.2,3.5,2.9,3.3,3.4,6.6,3.8,3.4,2.8,2.6,5.5,2.1,1.4,0.8,1.7,5.6],[4.7,3.8,3.7,5.1,7.6,4.9,3.8,4.2,4.3,8.3,4.9,4.7,3.7,3.2,6.1,3.6,2.3,1.5,0.9,4.7],[11.8,7.8,7.0,8.4,14.0,13.3,9.7,9.4,8.7,14.9,11.8,11.5,8.0,6.4,12.3,12.4,8.5,6.5,6.4,2.1]],
  "token_chain_ids": ["A","A","A","A","A","A","A","A","A","A","A","A","A","A","A","A","A","A","A","A"],
  "token_res_ids": [1,2,3,4,5,6,7,8,9,10,11,12,13,14,15,16,17,18,19,20]
}