{
  "atom_chain_ids": ["A","A","A","A","A","A","A","A","A","A","A","A","A","A","A","A","A","A","A","A","A","A","A","A","A","A","A","A","A","A","A","A","A","A","A","A","A","A","A","A","A","A","A","A","A","A","A","A","A","A","A","A","A","A","A","A","A","A","A","A","A","A","A","A","A","A","A","A","A","A","A","A","A","A","A","A","A","A","A","A","A","A","A","A","A","A","A","A","A","A","A","A","A","A","A","A","A","A","A","A","A","A","A","A","A","A","A","A","A","A","A","A","A","A","A","A","A","A","A","A","A","A","A","A","A","A","A","A","A","A","A","A","A","A","A","A","A","A","A","A","A","A","A","A","A","A","A","A","A","A","A","A","A","A","A","A","A","A","A","A","A","A","A","A","A","A","A","A","A","A","A","A","A","A","A","A","A","A","A","A","A","A","A","A","A","A","A","A","A","A","A","A","A","A","A","A","A","A","A","A","A","A","A","A","A","A","A","A","A","A","A","A","A","A","A","A","A","A","A","A","A","A","A","A","A","A","A","A","A","A","A","A","A","A","A","A","A","A","A","A","A","A","A","A","A","A","A","A","A","A","A","A","A","A","A","A","A","A","A","A","A","A","A","A","A","A","A","A","A","A","A","A","A","A","A","A","A","A","A","A","A","A","A","A","A","A","A","A","A","A","A","A","A","A","A","A","A","A","A","A","A","A","A","A","A","A","A","A","A","A","A","A","A","A","A","A","A","A","A","A","A","A","A","A","A","A","A","A","A","A","A","A","A","A","A","A","A","A","A","A","A","A","A","A","A","A","A","A","A","A","A","A","A","A","A","A","A","A","A","A","A","A","A","A","A","A","A","A","A","A","A","A","A","A","A","A","A","A","A","A","A","A","A","A","A","A","A","A","A","A","A","A","A","A","A","A","A","A","A","A","A","A","A","A","A","A","A","A","A","A","A","A","A","A","A","A","A","A","A","A","A","A","A","A","A","A","A","A","A","A","A","A","A","A","A","A","A","A","A","A","A","A","A","A","A","A","A","A","A","A","A","A","A","A","A","A","A","A","A","A","A","A","A","A","A","A","A","A","A"],
  "atom_plddts": [61.5,63.85,57.68,57.18,62.57,65.66,67.57,68.93,69.64,68.38,69.45,66.58,67.53,66.13,64.37,63.76,64.08,62.08,59.35,60.71,62.33,64.56,72.3,68.52,68.15,72.59,73.4,75.69,76.2,76.5,75.36,76.24,76.11,77.13,77.5,76.25,76.52,77.37,76.92,76.27,76.62,76.78,76.61,77.83,74.49,72.22,72.25,74.52,74.81,76.33,76.11,76.2,75.14,76.24,76.24,76.86,77.31,76.78,77.02,77.68,77.4,77.07,77.16,77.09,76.83,77.74,74.66,72.38,71.86,74.18,73.74,75.55,75.95,75.87,74.75,75.54,74.94,76.19,76.52,75.7,75.78,76.65,76.3,75.66,75.78,75.77,75.23,76.67,64.67,62.19,61.15,64.18,61.82,61.93,60.38,61.09,60.49,58.3,56.12,58.27,55.88,53.95,52.23,51.67,50.68,48.4,50.83,53.54,59.9,54.49,53.44,60.64,60.28,61.17,61.24,62.97,62.21,60.45,58.68,60.37,58.21,54.4,52.48,52.35,50.96,48.51,51.17,53.99,62.14,57.57,56.31,61.75,61.38,62.76,63.48,64.21,63.07,63.0,59.59,61.81,60.38,57.43,56.57,56.94,54.83,52.24,53.84,55.77,55.55,69.71,65.52,64.95,70.04,71.31,73.04,74.1,73.96,72.94,74.22,74.08,74.56,75.09,74.16,74.51,75.47,75.19,74.51,74.66,74.76,74.77,75.86,73.94,71.25,71.36,73.97,73.99,75.78,75.76,75.8,74.76,75.54,75.11,76.22,76.61,76.13,76.33,77.09,76.84,76.47,76.45,76.39,76.08,77.1,73.5,71.56,70.96,72.67,71.8,72.94,73.31,73.07,71.89,72.57,71.13,73.02,73.27,73.04,73.02,74.18,73.93,73.25,73.06,73.03,72.28,73.85,59.55,57.11,56.54,59.79,57.45,57.18,54.96,56.93,56.4,53.86,52.01,53.25,50.07,47.54,46.11,44.78,43.54,41.59,44.16,47.37,56.02,50.93,50.86,57.5,57.0,58.05,57.56,59.77,58.73,57.24,55.75,57.44,55.49,52.19,51.1,50.73,49.45,47.44,49.45,52.14,63.29,59.33,57.39,61.93,62.67,63.45,63.44,64.15,62.91,63.32,59.51,61.76,60.21,57.44,56.83,57.3,55.2,52.79,53.74,55.27,56.17,72.19,69.71,69.08,71.97,72.21,73.66,73.99,73.96,72.86,73.67,72.95,74.08,74.43,73.63,73.67,74.73,74.51,73.78,73.82,73.87,73.28,74.73,74.7,72.61,72.55,74.72,74.99,76.34,76.15,76.13,75.13,76.27,76.1,76.81,77.25,76.83,77.04,77.78,77.61,77.29,77.34,77.22,76.92,77.79,75.01,72.83,72.25,74.33,73.75,75.22,75.56,75.38,74.13,74.98,73.99,75.62,75.91,75.42,75.27,76.33,76.11,75.45,75.54,75.46,74.73,76.29,51.04,48.09,46.85,50.53,50.93,50.87,49.43,51.43,50.07,49.23,47.74,48.39,46.26,43.44,42.3,41.37,40.38,38.84,40.84,43.63,45.78,41.97,40.34,45.33,46.46,46.77,45.3,48.75,47.75,47.18,45.19,45.77,43.42,40.0,38.62,37.79,36.6,35.12,37.2,40.0,63.24,58.66,57.25,62.64,63.36,64.62,65.53,66.04,64.84,65.12,62.01,63.94,62.67,59.51,58.65,59.31,57.27,54.8,56.13,57.84,58.16,72.55,69.52,69.03,72.54,73.05,74.91,75.35,75.21,74.23,75.28,74.85,75.78,76.23,75.56,75.77,76.64,76.32,75.74,75.84,75.86,75.57,76.81,75.37,73.14,72.81,75.3,75.27,76.65,76.5,76.45,75.62,76.47,76.25,77.17,77.67,77.34,77.52,78.3,78.08,77.79,77.78,77.59,77.3,78.2,74.35,72.2,70.56,73.35,73.64,74.35,74.85,74.52,73.61,74.25,73.1,74.68,75.05,74.7,74.67,75.9,75.73,75.06,74.98,74.85,74.29,75.83],
  "contact_probs": [[1.0,0.92,0.26,0.01,0.01,0.01,0.01,0.01,0.11,0.35,0.34,0.39,0.56,0.49,0.29,0.06,0.02,0.02,0.01,0.01,0.03,0.08],[0.92,1.0,1.0,0.35,0.01,0.01,0.01,0.04,0.18,0.46,0.18,0.18,0.28,0.24,0.78,0.5,0.03,0.02,0.01,0.02,0.02,0.02],[0.26,1.0,1.0,1.0,0.19,0.17,0.08,0.17,0.38,0.52,0.03,0.02,0.04,0.08,0.23,0.75,0.11,0.07,0.04,0.03,0.03,0.02],[0.01,0.35,1.0,1.0,0.69,0.64,0.37,0.54,0.66,0.16,0.01,0.0,0.01,0.02,0.08,0.23,0.21,0.19,0.13,0.05,0.03,0.02],[0.01,0.01,0.19,0.69,1.0,0.63,0.31,0.14,0.04,0.01,0.0,0.0,0.0,0.0,0.01,0.19,0.26,0.24,0.21,0.04,0.01,0.0],[0.01,0.01,0.17,0.64,0.63,1.0,0.77,0.49,0.11,0.01,0.0,0.0,0.0,0.0,0.02,0.21,0.25,0.38,0.54,0.21,0.03,0.01],[0.01,0.01,0.08,0.37,0.31,0.77,1.0,0.84,0.13,0.02,0.0,0.0,0.0,0.01,0.03,0.11,0.15,0.33,0.63,0.54,0.19,0.02],[0.01,0.04,0.17,0.54,0.14,0.49,0.84,1.0,0.99,0.27,0.01,0.01,0.02,0.02,0.03,0.05,0.03,0.09,0.19,0.24,0.78,0.46],[0.11,0.18,0.38,0.66,0.04,0.11,0.13,0.99,1.0,0.99,0.31,0.13,0.15,0.05,0.03,0.03,0.0,0.01,0.02,0.07,0.3,0.76],[0.35,0.46,0.52,0.16,0.01,0.01,0.02,0.27,0.99,1.0,0.82,0.48,0.44,0.07,0.04,0.02,0.0,0.0,0.01,0.02,0.09,0.32],[0.34,0.18,0.03,0.01,0.0,0.0,0.0,0.01,0.31,0.82,1.0,0.73,0.53,0.12,0.01,0.0,0.0,0.0,0.0,0.0,0.03,0.35],[0.39,0.18,0.02,0.0,0.0,0.0,0.0,0.01,0.13,0.48,0.73,1.0,0.85,0.24,0.02,0.0,0.0,0.0,0.0,0.01,0.06,0.48],[0.56,0.28,0.04,0.01,0.0,0.0,0.0,0.02,0.15,0.44,0.53,0.85,1.0,0.92,0.16,0.01,0.0,0.0,0.0,0.02,0.47,0.78],[0.49,0.24,0.08,0.02,0.0,0.0,0.01,0.02,0.05,0.07,0.12,0.24,0.92,1.0,1.0,0.13,0.01,0.01,0.02,0.64,0.79,0.37],[0.29,0.78,0.23,0.08,0.01,0.02,0.03,0.03,0.03,0.04,0.01,0.02,0.16,1.0,1.0,1.0,0.17,0.19,0.44,0.83,0.28,0.06],[0.06,0.5,0.75,0.23,0.19,0.21,0.11,0.05,0.03,0.02,0.0,0.0,0.01,0.13,1.0,1.0,0.66,0.53,0.75,0.44,0.06,0.03],[0.02,0.03,0.11,0.21,0.26,0.25,0.15,0.03,0.0,0.0,0.0,0.0,0.0,0.01,0.17,0.66,1.0,0.53,0.37,0.13,0.01,0.0],[0.02,0.02,0.07,0.19,0.24,0.38,0.33,0.09,0.01,0.0,0.0,0.0,0.0,0.01,0.19,0.53,0.53,1.0,0.76,0.35,0.02,0.0],[0.01,0.01,0.04,0.13,0.21,0.54,0.63,0.19,0.02,0.01,0.0,0.0,0.0,0.02,0.44,0.75,0.37,0.76,1.0,0.94,0.14,0.01],[0.01,0.02,0.03,0.05,0.04,0.21,0.54,0.24,0.07,0.02,0.0,0.01,0.02,0.64,0.83,0.44,0.13,0.35,0.94,1.0,1.0,0.1],[0.03,0.02,0.03,0.03,0.01,0.03,0.19,0.78,0.3,0.09,0.03,0.06,0.47,0.79,0.28,0.06,0.01,0.02,0.14,1.0,1.0,1.0],[0.08,0.02,0.02,0.02,0.0,0.01,0.02,0.46,0.76,0.32,0.35,0.48,0.78,0.37,0.06,0.03,0.0,0.0,0.01,0.1,1.0,1.0]],
  "pae": [[1.3,3.8,5.6,8.1,10.4,10.4,11.6,9.7,8.5,7.4,9.2,8.7,6.9,5.9,6.0,6.5,12.4,13.9,10.4,8.5,8.2,7.9],[2.9,0.9,2.3,4.0,6.7,6.4,6.6,5.0,4.7,4.2,7.6,7.9,6.0,4.1,4.0,4.4,9.1,10.0,6.4,5.3,5.0,5.1],[3.4,1.5,0.9,1.7,5.8,5.3,5.2,3.7,3.4,3.5,7.5,7.4,5.5,3.5,3.0,3.2,8.0,8.4,4.6,3.6,3.7,4.2],[4.5,2.7,1.6,0.9,4.8,5.0,5.2,3.6,3.7,4.0,7.8,7.8,6.0,4.2,3.6,3.3,8.1,8.2,4.5,3.8,4.0,4.8],[11.1,9.6,8.1,6.9,1.4,6.2,6.0,7.6,9.4,11.1,12.7,13.4,11.5,11.7,10.9,8.8,10.2,13.1,8.8,10.0,11.3,12.9],[11.0,8.7,7.9,5.6,3.9,1.2,4.8,4.5,6.8,8.6,11.7,12.0,10.8,9.7,8.4,6.9,10.9,11.7,6.6,6.6,8.3,10.7],[10.0,9.0,7.7,6.2,5.2,3.7,1.2,4.1,5.2,7.7,10.0,11.0,9.4,9.0,7.9,7.0,9.4,9.8,6.6,5.6,7.1,8.4],[7.1,5.4,5.2,4.5,6.0,4.6,3.2,0.9,2.2,4.1,7.2,7.6,6.0,5.0,5.0,4.8,8.3,8.5,5.4,4.1,4.4,4.9],[5.4,3.8,3.6,3.6,6.0,5.2,3.7,2.0,0.9,1.9,6.2,6.5,5.0,4.1,4.3,4.2,8.4,8.6,4.7,3.9,3.7,3.7],[6.2,3.8,4.4,4.9,7.3,6.1,5.0,4.4,2.2,0.9,6.0,6.1,5.7,4.5,5.1,5.4,9.5,9.9,5.9,5.0,4.3,4.3],[12.2,13.0,13.8,15.0,16.0,15.9,15.4,11.9,9.3,10.1,1.6,8.9,7.6,11.5,13.7,14.4,16.6,17.9,15.9,14.9,13.8,11.6],[10.2,11.3,13.4,14.4,15.7,14.0,12.6,11.3,11.7,9.4,6.0,1.3,5.8,8.3,10.0,12.4,15.1,15.3,13.8,12.5,11.6,9.2],[8.7,10.5,12.2,13.0,12.9,13.1,12.4,11.2,10.4,9.1,6.9,5.4,1.3,5.6,6.7,11.3,13.8,14.2,12.3,10.9,9.6,8.1],[6.5,5.8,6.4,7.0,8.0,7.7,7.4,7.0,7.1,6.1,7.4,5.9,3.7,1.0,2.9,5.5,9.4,9.8,7.1,5.7,6.4,5.8],[5.2,3.7,3.8,4.1,6.3,5.8,5.0,4.5,4.6,4.7,7.6,6.6,4.4,2.0,0.9,2.2,7.5,8.1,5.0,4.1,3.8,4.3],[5.6,3.8,3.9,4.0,6.9,5.7,5.2,4.4,4.7,4.9,8.1,7.6,5.3,3.7,2.0,0.9,7.5,8.4,4.4,3.7,4.3,5.4],[17.7,16.1,15.3,15.1,12.7,14.0,14.1,16.2,17.0,17.1,18.5,18.2,16.1,15.4,13.7,12.9,1.7,8.1,10.6,13.6,15.4,17.1],[18.7,17.4,15.7,14.4,12.0,12.3,11.8,14.3,15.9,17.8,19.1,18.5,17.6,16.3,14.5,12.7,8.3,1.5,8.8,8.6,13.2,16.9],[10.0,8.8,7.8,6.9,8.6,7.5,7.3,6.9,8.0,8.5,11.4,11.7,9.6,8.7,7.3,6.3,7.9,7.2,1.2,4.7,6.3,7.8],[6.9,5.6,5.0,5.1,7.1,6.4,5.4,4.9,5.0,5.4,8.7,7.8,6.3,5.7,4.9,4.5,7.9,7.2,3.3,0.9,2.2,4.0],[5.8,4.3,4.1,4.2,6.9,5.9,4.8,3.7,3.7,4.0,7.2,6.8,5.0,3.8,3.7,4.1,8.2,8.0,3.6,1.9,0.9,1.9],[6.1,4.4,4.6,5.0,7.3,6.6,5.5,4.2,4.0,4.0,7.0,7.0,4.7,4.0,4.4,5.2,8.8,9.0,5.0,3.1,2.0,1.0]],
  "token_chain_ids": ["A","A","A","A","A","A","A","A","A","A","A","A","A","A","A","A","A","A","A","A","A","A"],
  "token_res_ids": [1,2,3,4,5,6,7,8,9,10,11,12,13,14,15,16,17,18,19,20,21,22]
}