{
  "atom_chain_ids": ["A","A","A","A","A","A","A","A","A","A","A","A","A","A","A","A","A","A","A","A","A","A","A","A","A","A","A","A","A","A","A","A","A","A","A","A","A","A","A","A","A","A","A","A","A","A","A","A","A","A","A","A","A","A","A","A","A","A","A","A","A","A","A","A","A","A","A","A","A","A","A","A","A","A","A","A","A","A","A","A","A","A","A","A","A","A","A","A","A","A","A","A","A","A","A","A","A","A","A","A","A","A","A","A","A","A","A","A","A","A","A","A","A","A","A","A","A","A","A","A","A","A","A","A","A","A","A","A","A","A","A","A","A","A","A","A","A","A","A","A","A","A","A","A","A","A","A","A","A","A","A","A","A","A","A","A","A","A","A","A","A","A","A","A","A","A","A","A","A","A","A","A","A","A","A","A","A","A","A","A","A","A","A","A","A","A","A","A","A","A","A","A","A","A","A","A","A","A","A","A","A","A","A","A","A","A","A","A","A","A","A","A","A","A","A","A","A","A","A","A","A","A","A","A","A","A","A","A","A","A","A","A","A","A","A","A","A","A","A","A","A","A","A","A","A","A","A","A","A","A","A","A","A","A","A","A","A","A","A","A","A","A","A","A","A","A","A","A","A","A","A","A","A","A","A","A","A","A","A","A","A","A","A","A","A","A","A","A","A","A","A","A","A","A","A","A","A","A","A","A","A","A","A","A","A","A","A","A","A","A","A","A","A","A","A","A","A","A","A","A","A","A","A","A","A","A","A","A","A","A","A","A","A","A","A","A","A","A","A","A","A","A","A","A","A","A","A","A","A","A","A","A","A","A","A","A","A","A","A","A","A","A","A","A","A","A","A","A","A","A","A","A","A","A","A","A","A","A","A","A","A","A","A","A","A","A","A","A","A","A","A","A","A","A","A","A","A","A","A","A","A","A","A","A","A","A","A","A","A","A","A","A","A","A","A","A","A","A","A","A","A","A","A","A","A","A","A","A","A","A","A","A","A","A","A","A","A","A","A","A","A","A","A","A","A","A","A","A","A","A","A","A","A","A","A","A","A","A","A","A","A","A","A","A","A","A","A","A","A"],
  "atom_plddts": [59.86,62.21,55.86,55.42,61.05,64.22,66.21,67.43,68.26,67.1,68.12,65.11,65.97,64.41,62.57,61.86,62.03,59.99,57.25,58.7,60.44,62.81,71.68,67.64,67.28,72.17,73.41,75.47,76.04,76.29,75.14,76.22,76.21,77.04,77.45,76.24,76.59,77.4,76.98,76.38,76.72,76.88,76.8,77.88,74.94,72.76,72.79,74.97,75.25,76.67,76.45,76.58,75.53,76.66,76.68,77.24,77.67,77.09,77.37,77.97,77.65,77.35,77.46,77.41,77.15,78.06,74.86,72.57,72.03,74.35,73.96,75.57,75.96,75.82,74.7,75.54,74.99,76.13,76.45,75.74,75.86,76.68,76.35,75.78,75.87,75.85,75.34,76.67,58.87,56.04,55.06,59.01,57.82,57.54,55.67,57.56,56.94,55.01,53.08,54.4,51.8,49.1,47.69,46.8,45.9,43.92,46.18,49.14,59.49,54.39,53.52,60.24,59.93,60.93,61.12,62.61,61.9,60.23,58.56,60.25,58.37,54.85,53.13,53.12,51.9,49.52,51.89,54.5,61.43,57.03,55.84,61.0,60.73,62.0,62.24,63.08,61.9,61.69,58.26,60.44,58.84,55.98,55.07,55.22,53.04,50.55,52.19,54.19,53.93,68.58,63.82,63.28,69.04,70.5,72.15,73.36,73.16,72.15,73.64,73.7,73.99,74.63,73.91,74.39,75.36,75.09,74.49,74.61,74.68,74.87,75.74,72.8,70.2,70.35,72.86,72.9,74.51,74.76,74.67,73.61,74.64,74.37,75.26,75.75,75.26,75.57,76.35,76.09,75.76,75.66,75.59,75.38,76.25,72.98,70.63,70.03,72.46,71.95,73.29,73.77,73.68,72.45,73.28,72.16,73.78,74.05,73.5,73.65,74.73,74.38,73.76,73.61,73.61,73.1,74.6,67.23,64.21,63.81,67.18,64.17,64.84,63.62,64.28,63.88,61.09,58.9,61.29,58.62,56.62,54.94,54.47,53.23,50.88,53.39,56.14,61.27,56.21,56.22,62.58,61.7,63.35,62.8,64.39,63.37,61.32,59.64,61.77,59.7,56.21,54.81,54.84,53.36,51.14,53.26,56.0,62.81,59.2,57.27,61.39,62.22,63.03,62.55,63.46,62.09,62.38,58.46,60.66,58.85,56.02,55.4,55.65,53.49,51.2,52.12,53.73,54.61,73.32,71.05,70.47,73.08,73.08,74.43,74.65,74.64,73.56,74.44,73.84,74.97,75.34,74.64,74.74,75.71,75.46,74.86,74.91,74.91,74.36,75.65,74.29,72.01,71.9,74.52,75.01,76.38,76.26,76.24,75.22,76.46,76.37,76.96,77.41,76.86,77.16,77.88,77.67,77.37,77.41,77.33,77.12,77.97,74.15,72.35,71.63,73.2,72.34,73.49,73.99,73.64,72.32,73.17,71.96,73.65,73.96,73.65,73.46,74.62,74.41,73.66,73.65,73.53,72.63,74.33,47.57,44.58,43.13,46.82,47.73,47.66,45.89,49.03,47.57,46.9,44.99,44.86,42.28,38.56,37.06,36.01,35.0,33.66,35.9,38.88,48.13,43.86,42.57,48.23,49.24,49.72,48.81,51.5,50.55,49.85,48.08,49.07,47.21,44.0,42.84,42.15,40.97,39.3,41.3,44.03,61.83,57.44,56.21,61.23,62.31,63.56,64.42,64.92,63.74,64.07,60.96,62.72,61.5,58.43,57.55,58.1,56.11,53.73,55.04,56.75,57.01,71.93,68.79,68.4,72.09,72.77,74.43,75.01,74.78,73.83,75.15,74.94,75.68,76.25,75.66,75.98,76.82,76.53,76.07,76.11,76.08,75.95,76.91,74.55,72.47,72.22,74.71,74.65,75.6,75.75,75.51,74.72,76.14,76.25,76.72,77.39,77.12,77.47,78.2,77.96,77.8,77.76,77.55,77.43,78.03,73.64,71.46,69.89,72.89,73.34,73.68,74.33,73.94,73.08,74.05,73.29,74.44,74.91,74.6,74.76,75.85,75.65,75.13,75.07,74.94,74.58,75.78],
  "contact_probs": [[1.0,0.92,0.26,0.01,0.01,0.01,0.01,0.01,0.11,0.35,0.34,0.39,0.56,0.49,0.29,0.06,0.02,0.02,0.01,0.01,0.03,0.08],[0.92,1.0,1.0,0.35,0.01,0.01,0.01,0.04,0.18,0.46,0.18,0.18,0.28,0.24,0.78,0.5,0.03,0.02,0.01,0.02,0.02,0.02],[0.26,1.0,1.0,1.0,0.19,0.17,0.08,0.17,0.38,0.52,0.03,0.02,0.04,0.08,0.23,0.75,0.11,0.07,0.04,0.03,0.03,0.02],[0.01,0.35,1.0,1.0,0.69,0.64,0.37,0.54,0.66,0.16,0.01,0.0,0.01,0.02,0.08,0.23,0.21,0.19,0.13,0.05,0.03,0.02],[0.01,0.01,0.19,0.69,1.0,0.63,0.31,0.14,0.04,0.01,0.0,0.0,0.0,0.0,0.01,0.19,0.26,0.24,0.21,0.04,0.01,0.0],[0.01,0.01,0.17,0.64,0.63,1.0,0.77,0.49,0.11,0.01,0.0,0.0,0.0,0.0,0.02,0.21,0.25,0.38,0.54,0.21,0.03,0.01],[0.01,0.01,0.08,0.37,0.31,0.77,1.0,0.84,0.13,0.02,0.0,0.0,0.0,0.01,0.03,0.11,0.15,0.33,0.63,0.54,0.19,0.02],[0.01,0.04,0.17,0.54,0.14,0.49,0.84,1.0,0.99,0.27,0.01,0.01,0.02,0.02,0.03,0.05,0.03,0.09,0.19,0.24,0.78,0.46],[0.11,0.18,0.38,0.66,0.04,0.11,0.13,0.99,1.0,0.99,0.31,0.13,0.15,0.05,0.03,0.03,0.0,0.01,0.02,0.07,0.3,0.76],[0.35,0.46,0.52,0.16,0.01,0.01,0.02,0.27,0.99,1.0,0.82,0.48,0.44,0.07,0.04,0.02,0.0,0.0,0.01,0.02,0.09,0.32],[0.34,0.18,0.03,0.01,0.0,0.0,0.0,0.01,0.31,0.82,1.0,0.73,0.53,0.12,0.01,0.0,0.0,0.0,0.0,0.0,0.03,0.35],[0.39,0.18,0.02,0.0,0.0,0.0,0.0,0.01,0.13,0.48,0.73,1.0,0.85,0.24,0.02,0.0,0.0,0.0,0.0,0.01,0.06,0.48],[0.56,0.28,0.04,0.01,0.0,0.0,0.0,0.02,0.15,0.44,0.53,0.85,1.0,0.92,0.16,0.01,0.0,0.0,0.0,0.02,0.47,0.78],[0.49,0.24,0.08,0.02,0.0,0.0,0.01,0.02,0.05,0.07,0.12,0.24,0.92,1.0,1.0,0.13,0.01,0.01,0.02,0.64,0.79,0.37],[0.29,0.78,0.23,0.08,0.01,0.02,0.03,0.03,0.03,0.04,0.01,0.02,0.16,1.0,1.0,1.0,0.17,0.19,0.44,0.83,0.28,0.06],[0.06,0.5,0.75,0.23,0.19,0.21,0.11,0.05,0.03,0.02,0.0,0.0,0.01,0.13,1.0,1.0,0.66,0.53,0.75,0.44,0.06,0.03],[0.02,0.03,0.11,0.21,0.26,0.25,0.15,0.03,0.0,0.0,0.0,0.0,0.0,0.01,0.17,0.66,1.0,0.53,0.37,0.13,0.01,0.0],[0.02,0.02,0.07,0.19,0.24,0.38,0.33,0.09,0.01,0.0,0.0,0.0,0.0,0.01,0.19,0.53,0.53,1.0,0.76,0.35,0.02,0.0],[0.01,0.01,0.04,0.13,0.21,0.54,0.63,0.19,0.02,0.01,0.0,0.0,0.0,0.02,0.44,0.75,0.37,0.76,1.0,0.94,0.14,0.01],[0.01,0.02,0.03,0.05,0.04,0.21,0.54,0.24,0.07,0.02,0.0,0.01,0.02,0.64,0.83,0.44,0.13,0.35,0.94,1.0,1.0,0.1],[0.03,0.02,0.03,0.03,0.01,0.03,0.19,0.78,0.3,0.09,0.03,0.06,0.47,0.79,0.28,0.06,0.01,0.02,0.14,1.0,1.0,1.0],[0.08,0.02,0.02,0.02,0.0,0.01,0.02,0.46,0.76,0.32,0.35,0.48,0.78,0.37,0.06,0.03,0.0,0.0,0.01,0.1,1.0,1.0]],
  "pae": [[1.4,4.7,5.7,8.3,10.8,10.9,11.9,10.6,8.9,7.9,8.5,8.9,8.0,6.3,6.3,7.1,13.5,12.5,11.3,9.0,8.7,8.4],[3.2,0.9,2.1,3.6,6.4,5.9,6.7,4.7,4.1,3.9,6.9,7.1,6.3,3.9,3.8,4.2,9.8,8.5,6.1,5.2,4.6,4.7],[3.6,1.5,0.9,1.6,5.7,4.8,5.1,3.4,3.1,3.3,6.3,6.6,5.9,3.4,2.9,3.1,8.4,7.3,4.5,3.6,3.6,4.0],[4.7,2.5,1.6,0.9,5.1,4.6,5.2,3.4,3.4,3.8,6.5,7.0,6.0,4.1,3.4,3.3,8.6,7.5,4.5,3.8,4.0,4.4],[11.3,10.5,8.4,8.2,1.5,8.4,9.2,8.7,10.1,10.1,12.4,12.9,11.6,11.8,11.1,10.8,15.1,13.6,10.3,11.3,11.6,12.3],[10.8,9.2,8.3,6.0,6.7,1.3,5.7,5.3,7.3,9.4,10.5,11.4,11.2,10.1,8.3,7.6,11.8,9.5,6.2,6.9,8.8,10.5],[10.9,9.5,8.1,6.5,6.0,4.7,1.2,4.5,5.3,8.2,9.4,10.5,9.6,8.0,8.0,7.4,11.3,9.0,7.0,5.8,6.7,8.0],[7.0,5.0,4.8,4.0,6.6,4.3,3.2,0.9,2.1,3.8,6.3,6.9,6.0,4.7,4.8,4.5,9.3,8.2,5.1,4.1,4.1,4.4],[5.5,3.6,3.4,3.4,6.7,4.7,3.8,1.7,0.9,1.7,5.4,6.5,5.3,4.0,4.2,4.3,9.9,8.5,4.9,3.9,3.7,3.8],[6.3,3.8,4.1,4.3,7.4,5.7,5.0,3.7,2.3,0.9,4.7,5.7,5.8,4.3,4.8,5.4,11.1,9.4,5.7,4.7,4.0,4.3],[9.5,8.7,9.9,11.0,11.9,11.4,11.0,8.5,6.8,7.0,1.3,6.1,5.7,9.1,10.1,11.2,14.8,14.1,12.2,10.6,9.9,6.9],[8.4,9.8,10.8,11.9,11.8,12.0,10.7,9.2,9.6,7.7,4.4,1.3,5.2,7.1,8.4,11.7,14.6,13.6,12.3,10.6,9.9,6.8],[8.9,9.8,11.9,12.4,12.5,11.8,11.7,9.6,10.8,8.3,5.6,4.5,1.3,6.2,7.3,11.2,14.8,14.2,11.5,10.9,8.9,6.9],[6.5,5.2,5.6,6.1,8.1,6.9,6.8,6.4,6.4,5.8,6.7,5.2,4.4,1.0,2.4,4.9,9.5,8.7,6.5,5.6,5.9,5.2],[5.3,3.5,3.7,4.2,7.1,5.8,5.3,4.4,4.4,4.7,6.7,6.1,4.6,1.9,0.9,2.4,7.6,7.3,5.0,4.1,4.0,4.3],[5.9,3.7,3.9,3.8,7.7,5.6,5.5,4.4,4.6,5.1,7.4,7.5,6.2,3.6,2.0,0.9,7.2,7.5,4.6,3.6,4.5,5.4],[19.6,17.3,16.5,16.0,17.6,15.1,15.6,18.2,18.0,18.5,19.5,19.9,18.7,17.3,14.7,14.0,1.4,5.9,11.1,14.3,17.4,18.5],[16.8,16.1,14.9,14.4,14.8,11.7,12.0,13.9,15.0,16.3,16.7,17.5,16.9,14.6,13.7,10.9,6.6,1.3,8.3,9.3,12.5,16.2],[10.2,8.7,8.0,6.9,10.2,7.5,7.6,7.0,8.3,9.5,10.2,11.5,9.8,8.6,6.4,6.1,9.0,6.7,1.2,5.1,6.5,8.4],[6.7,4.8,4.6,4.4,7.5,5.6,5.0,4.4,4.7,5.5,7.1,6.9,6.2,4.8,4.2,4.1,8.1,6.3,3.3,0.9,2.1,4.1],[5.6,3.8,3.8,3.9,7.1,5.3,4.6,3.3,3.3,3.9,6.1,6.1,4.9,3.4,3.3,4.0,9.0,7.9,3.5,1.8,0.9,1.9],[6.5,4.4,4.8,5.0,8.3,6.6,5.8,4.2,4.1,4.2,6.2,6.3,5.1,4.2,4.7,5.6,10.5,9.6,5.6,3.5,2.2,1.0]],
  "token_chain_ids": ["A","A","A","A","A","A","A","A","A","A","A","A","A","A","A","A","A","A","A","A","A","A"],
  "token_res_ids": [1,2,3,4,5,6,7,8,9,10,11,12,13,14,15,16,17,18,19,20,21,22]
}