{
  "atom_chain_ids": ["A","A","A","A","A","A","A","A","A","A","A","A","A","A","A","A","A","A","A","A","A","A","A","A","A","A","A","A","A","A","A","A","A","A","A","A","A","A","A","A","A","A","A","A","A","A","A","A","A","A","A","A","A","A","A","A","A","A","A","A","A","A","A","A","A","A","A","A","A","A","A","A","A","A","A","A","A","A","A","A","A","A","A","A","A","A","A","A","A","A","A","A","A","A","A","A","A","A","A","A","A","A","A","A","A","A","A","A","A","A","A","A","A","A","A","A","A","A","A","A","A","A","A","A","A","A","A","A","A","A","A","A","A","A","A","A","A","A","A","A","A","A","A","A","A","A","A","A","A","A","A","A","A","A","A","A","A","A","A","A","A","A","A","A","A","A","A","A","A","A","A","A","A","A","A","A","A","A","A","A","A","A","A","A","A","A","A","A","A","A","A","A","A","A","A","A","A","A","A","A","A","A","A","A","A","A","A","A","A","A","A","A","A","A","A","A","A","A","A","A","A","A","A","A","A","A","A","A","A","A","A","A","A","A","A","A","A","A","A","A","A","A","A","A","A","A","A","A","A","A","A","A","A","A","A","A","A","A","A","A","A","A","A","A","A","A","A","A","A","A","A","A","A","A","A","A","A","A","A","A","A","A","A","A","A","A","A","A","A","A","A","A","A","A","A","A","A","A","A","A","A","A","A","A","A","A","A","A","A","A","A","A","A","A","A","A","A","A","A","A","A","A","A","A","A","A","A","A","A","A","A","A","A","A","A","A","A","A","A","A","A","A","A","A","A","A","A","A","A","A","A","A","A","A","A","A","A","A","A","A","A","A","A","A","A","A","A","A","A","A","A","A","A","A","A","A","A","A","A","A","A","A","A","A","A","A","A","A","A","A","A","A","A","A","A","A","A","A","A","A","A","A","A","A","A","A","A","A","A","A","A","A","A","A","A","A","A","A","A","A","A","A","A","A","A","A","A","A","A","A","A","A","A","A","A","A","A","A","A","A","A","A","A","A","A","A","A","A","A","A","A","A","A","A","A","A","A","A","A","A","A","A","A","A","A","A","A","A","A"],
  "atom_plddts": [60.67,63.2,56.49,56.05,62.07,65.63,67.86,69.35,70.33,69.03,70.26,67.49,68.17,66.43,64.37,63.75,63.89,61.64,58.94,60.4,62.17,65.1,72.58,68.56,68.38,73.07,74.21,76.45,76.9,77.21,76.08,77.08,77.11,78.08,78.48,77.25,77.61,78.41,77.97,77.43,77.78,77.91,77.83,78.88,74.83,72.49,72.46,74.85,75.14,76.62,76.44,76.55,75.5,76.71,76.78,77.36,77.86,77.35,77.7,78.35,78.03,77.78,77.82,77.72,77.54,78.38,74.37,72.08,71.53,73.86,73.4,75.11,75.59,75.49,74.32,75.18,74.67,75.84,76.19,75.4,75.58,76.46,76.09,75.5,75.54,75.51,75.02,76.41,59.7,57.16,56.12,59.64,58.19,57.69,55.47,57.54,56.93,54.81,52.91,54.19,51.24,48.45,46.92,45.83,44.94,43.02,45.41,48.51,59.31,54.21,53.29,59.98,59.63,60.55,60.61,62.02,61.35,59.61,57.96,59.55,57.68,54.41,52.72,52.7,51.5,49.16,51.51,54.07,61.33,56.61,55.35,60.99,60.7,61.93,62.09,63.23,62.05,61.83,58.33,60.36,58.48,55.32,54.33,54.36,52.01,49.49,51.22,53.34,53.28,70.12,65.2,64.58,70.7,72.33,74.5,75.51,75.54,74.54,75.87,75.91,76.39,76.93,75.94,76.48,77.39,77.02,76.49,76.67,76.75,76.99,77.91,74.63,71.94,72.06,74.63,74.65,76.52,76.45,76.6,75.58,76.34,76.03,77.08,77.47,76.87,77.17,77.88,77.55,77.25,77.23,77.14,76.9,77.89,74.56,72.07,71.47,73.9,73.26,74.82,75.08,75.06,73.8,74.5,73.32,75.16,75.35,74.88,75.05,76.12,75.76,75.21,75.07,75.0,74.43,76.01,67.38,63.96,63.67,67.51,64.59,65.41,64.19,65.21,64.77,61.83,59.97,62.22,59.55,57.51,56.06,55.66,54.4,52.15,54.41,57.26,62.37,56.7,56.65,63.71,62.82,64.59,64.43,66.08,65.14,63.37,61.88,63.99,61.9,58.54,57.29,57.42,55.99,53.79,55.79,58.51,67.22,62.98,60.55,65.72,66.34,67.26,67.64,67.87,66.6,67.04,63.26,65.58,64.13,61.37,60.76,61.74,59.51,57.06,57.89,59.27,60.17,74.92,72.12,71.61,74.91,75.02,76.71,76.81,76.97,76.02,76.92,76.55,77.66,78.01,77.21,77.43,78.29,77.98,77.55,77.7,77.66,77.34,78.41,76.21,73.95,73.94,76.29,76.61,78.09,77.73,77.88,76.92,77.97,77.88,78.64,79.04,78.52,78.79,79.46,79.2,78.99,79.06,78.93,78.68,79.52,76.11,74.14,73.63,75.3,74.56,75.99,76.22,76.06,74.83,75.63,74.67,76.34,76.61,76.18,76.07,77.08,76.85,76.28,76.36,76.22,75.46,76.99,51.46,48.75,47.55,50.94,51.01,50.83,48.75,51.48,50.12,48.92,47.5,47.94,45.31,42.29,41.04,39.96,38.93,37.46,39.59,42.62,47.65,43.32,41.93,47.66,48.76,49.25,48.07,51.02,50.04,49.23,47.46,48.2,46.11,42.83,41.57,40.81,39.6,37.98,40.07,42.85,61.8,56.84,55.66,61.31,62.53,63.94,64.87,65.75,64.51,64.98,62.2,63.77,62.48,59.17,58.51,58.97,56.89,54.58,55.9,57.71,58.38,73.05,69.62,69.14,73.21,73.87,75.68,76.08,75.96,75.03,76.25,76.04,76.87,77.4,76.88,77.23,78.03,77.74,77.38,77.42,77.35,77.24,78.14,76.3,73.94,73.76,76.48,76.48,77.86,77.68,77.76,76.99,78.14,78.17,78.86,79.42,79.02,79.35,80.03,79.75,79.63,79.65,79.43,79.33,79.96,75.45,73.28,71.74,74.65,75.1,75.84,76.26,75.98,75.04,75.77,74.88,76.39,76.78,76.4,76.49,77.58,77.36,76.87,76.85,76.66,76.17,77.56],
  "contact_probs": [[1.0,0.92,0.26,0.01,0.01,0.01,0.01,0.01,0.11,0.35,0.34,0.39,0.56,0.49,0.29,0.06,0.02,0.02,0.01,0.01,0.03,0.08],[0.92,1.0,1.0,0.35,0.01,0.01,0.01,0.04,0.18,0.46,0.18,0.18,0.28,0.24,0.78,0.5,0.03,0.02,0.01,0.02,0.02,0.02],[0.26,1.0,1.0,1.0,0.19,0.17,0.08,0.17,0.38,0.52,0.03,0.02,0.04,0.08,0.23,0.75,0.11,0.07,0.04,0.03,0.03,0.02],[0.01,0.35,1.0,1.0,0.69,0.64,0.37,0.54,0.66,0.16,0.01,0.0,0.01,0.02,0.08,0.23,0.21,0.19,0.13,0.05,0.03,0.02],[0.01,0.01,0.19,0.69,1.0,0.63,0.31,0.14,0.04,0.01,0.0,0.0,0.0,0.0,0.01,0.19,0.26,0.24,0.21,0.04,0.01,0.0],[0.01,0.01,0.17,0.64,0.63,1.0,0.77,0.49,0.11,0.01,0.0,0.0,0.0,0.0,0.02,0.21,0.25,0.38,0.54,0.21,0.03,0.01],[0.01,0.01,0.08,0.37,0.31,0.77,1.0,0.84,0.13,0.02,0.0,0.0,0.0,0.01,0.03,0.11,0.15,0.33,0.63,0.54,0.19,0.02],[0.01,0.04,0.17,0.54,0.14,0.49,0.84,1.0,0.99,0.27,0.01,0.01,0.02,0.02,0.03,0.05,0.03,0.09,0.19,0.24,0.78,0.46],[0.11,0.18,0.38,0.66,0.04,0.11,0.13,0.99,1.0,0.99,0.31,0.13,0.15,0.05,0.03,0.03,0.0,0.01,0.02,0.07,0.3,0.76],[0.35,0.46,0.52,0.16,0.01,0.01,0.02,0.27,0.99,1.0,0.82,0.48,0.44,0.07,0.04,0.02,0.0,0.0,0.01,0.02,0.09,0.32],[0.34,0.18,0.03,0.01,0.0,0.0,0.0,0.01,0.31,0.82,1.0,0.73,0.53,0.12,0.01,0.0,0.0,0.0,0.0,0.0,0.03,0.35],[0.39,0.18,0.02,0.0,0.0,0.0,0.0,0.01,0.13,0.48,0.73,1.0,0.85,0.24,0.02,0.0,0.0,0.0,0.0,0.01,0.06,0.48],[0.56,0.28,0.04,0.01,0.0,0.0,0.0,0.02,0.15,0.44,0.53,0.85,1.0,0.92,0.16,0.01,0.0,0.0,0.0,0.02,0.47,0.78],[0.49,0.24,0.08,0.02,0.0,0.0,0.01,0.02,0.05,0.07,0.12,0.24,0.92,1.0,1.0,0.13,0.01,0.01,0.02,0.64,0.79,0.37],[0.29,0.78,0.23,0.08,0.01,0.02,0.03,0.03,0.03,0.04,0.01,0.02,0.16,1.0,1.0,1.0,0.17,0.19,0.44,0.83,0.28,0.06],[0.06,0.5,0.75,0.23,0.19,0.21,0.11,0.05,0.03,0.02,0.0,0.0,0.01,0.13,1.0,1.0,0.66,0.53,0.75,0.44,0.06,0.03],[0.02,0.03,0.11,0.21,0.26,0.25,0.15,0.03,0.0,0.0,0.0,0.0,0.0,0.01,0.17,0.66,1.0,0.53,0.37,0.13,0.01,0.0],[0.02,0.02,0.07,0.19,0.24,0.38,0.33,0.09,0.01,0.0,0.0,0.0,0.0,0.01,0.19,0.53,0.53,1.0,0.76,0.35,0.02,0.0],[0.01,0.01,0.04,0.13,0.21,0.54,0.63,0.19,0.02,0.01,0.0,0.0,0.0,0.02,0.44,0.75,0.37,0.76,1.0,0.94,0.14,0.01],[0.01,0.02,0.03,0.05,0.04,0.21,0.54,0.24,0.07,0.02,0.0,0.01,0.02,0.64,0.83,0.44,0.13,0.35,0.94,1.0,1.0,0.1],[0.03,0.02,0.03,0.03,0.01,0.03,0.19,0.78,0.3,0.09,0.03,0.06,0.47,0.79,0.28,0.06,0.01,0.02,0.14,1.0,1.0,1.0],[0.08,0.02,0.02,0.02,0.0,0.01,0.02,0.46,0.76,0.32,0.35,0.48,0.78,0.37,0.06,0.03,0.0,0.0,0.01,0.1,1.0,1.0]],
  "pae": [[1.3,4.0,5.3,6.8,10.6,9.8,10.5,8.3,8.1,7.0,7.9,8.2,6.9,5.6,5.8,6.1,12.0,11.6,9.0,7.3,7.1,7.8],[2.8,0.9,2.4,3.5,7.2,6.3,6.3,4.8,4.2,4.0,6.6,6.6,5.6,3.8,3.8,4.3,9.1,8.8,5.7,5.0,4.6,4.8],[3.2,1.4,0.9,1.5,6.0,5.1,4.9,3.5,3.2,3.3,6.3,6.1,5.1,3.2,2.6,3.1,7.7,7.5,4.3,3.5,3.4,3.9],[4.4,2.7,1.9,0.9,5.6,5.1,6.0,3.9,3.9,4.1,7.0,7.0,5.9,4.5,3.8,3.4,8.6,8.3,5.2,4.1,4.0,4.8],[12.2,11.3,9.2,8.1,1.6,8.8,10.0,9.4,11.1,9.9,12.5,13.8,12.8,13.4,12.7,12.5,15.7,15.1,12.8,12.5,12.9,13.8],[11.2,9.7,8.5,6.5,7.3,1.3,6.1,5.4,7.9,8.8,10.7,11.7,11.1,10.1,9.0,7.8,11.7,9.8,6.7,7.8,9.3,10.6],[10.5,9.7,8.1,7.0,6.8,5.3,1.2,4.3,5.3,7.6,9.6,10.5,9.4,8.5,7.8,7.6,10.9,8.8,7.4,6.0,7.3,8.2],[6.7,5.3,4.7,4.1,7.1,4.3,3.2,0.9,1.9,3.5,5.7,6.3,5.4,4.5,4.9,4.3,8.5,8.0,4.9,4.1,3.9,4.0],[5.3,3.7,3.3,3.2,6.9,4.9,3.6,1.7,0.9,1.8,4.5,5.4,4.7,3.8,4.0,3.9,8.7,8.1,4.3,3.5,3.3,3.4],[6.0,3.7,4.0,4.0,8.0,5.7,4.6,3.0,1.9,0.9,4.0,4.4,4.9,3.9,4.4,4.8,9.6,9.2,5.2,4.2,3.6,3.8],[9.8,8.0,8.4,9.4,11.1,10.8,10.1,7.9,6.7,5.4,1.3,5.6,5.8,7.6,8.2,9.9,13.4,12.9,10.7,10.1,8.9,7.0],[8.2,8.8,9.2,10.2,11.4,11.3,10.8,8.5,8.5,6.7,5.3,1.2,4.0,6.1,7.5,9.4,13.0,13.0,11.1,10.0,8.4,6.3],[7.8,8.8,9.4,9.4,11.0,10.3,10.0,7.6,7.8,5.9,5.3,4.2,1.2,4.3,5.0,9.3,11.9,12.1,9.6,9.1,7.8,6.3],[5.8,4.5,5.0,5.3,8.6,6.7,6.0,5.6,5.4,4.8,5.9,4.3,3.6,0.9,2.1,4.5,8.5,8.6,5.8,5.0,4.9,4.5],[4.9,3.2,3.4,3.8,7.6,5.8,5.0,4.0,4.1,4.1,6.0,5.2,4.0,1.7,0.9,2.0,7.3,7.6,4.3,3.5,3.5,3.8],[5.4,3.5,3.4,3.6,8.1,5.5,5.0,3.9,4.2,4.4,6.1,6.4,5.0,3.3,1.7,0.9,6.9,7.7,3.8,3.1,3.8,4.8],[17.3,15.0,14.4,15.3,17.6,14.4,14.5,16.4,16.6,16.8,17.7,18.5,17.3,15.3,12.9,13.1,1.5,6.8,9.7,13.6,15.4,16.7],[15.9,14.9,13.7,14.3,15.7,12.3,12.3,13.7,14.7,14.9,16.2,17.5,16.2,14.0,12.8,9.6,8.2,1.4,7.8,9.0,12.8,15.4],[9.7,7.8,7.4,6.8,11.0,7.9,7.1,6.9,7.8,8.4,10.5,11.1,9.3,9.0,6.8,5.7,7.9,6.4,1.2,4.8,7.0,8.6],[6.2,4.2,4.1,4.0,7.8,5.6,4.9,3.9,4.1,4.4,6.2,6.6,5.4,4.2,3.7,3.7,7.7,6.8,3.1,0.9,1.9,3.7],[5.3,3.4,3.4,3.6,7.3,5.4,4.4,3.1,2.8,3.2,5.4,5.4,4.4,2.9,2.9,3.4,8.1,7.6,3.2,1.5,0.9,1.6],[6.2,4.1,4.4,4.4,8.0,6.1,5.2,3.7,3.5,3.6,6.1,5.5,4.5,3.6,4.0,4.8,9.1,8.4,4.5,2.9,1.9,1.0]],
  "token_chain_ids": ["A","A","A","A","A","A","A","A","A","A","A","A","A","A","A","A","A","A","A","A","A","A"],
  "token_res_ids": [1,2,3,4,5,6,7,8,9,10,11,12,13,14,15,16,17,18,19,20,21,22]
}