{
  "atom_chain_ids": ["A","A","A","A","A","A","A","A","A","A","A","A","A","A","A","A","A","A","A","A","A","A","A","A","A","A","A","A","A","A","A","A","A","A","A","A","A","A","A","A","A","A","A","A","A","A","A","A","A","A","A","A","A","A","A","A","A","A","A","A","A","A","A","A","A","A","A","A","A","A","A","A","A","A","A","A","A","A","A","A","A","A","A","A","A","A","A","A","A","A","A","A","A","A","A","A","A","A","A","A","A","A","A","A","A","A","A","A","A","A","A","A","A","A","A","A","A","A","A","A","A","A","A","A","A","A","A","A","A","A","A","A","A","A","A","A","A","A","A","A","A","A","A","A","A","A","A","A","A","A","A","A","A","A","A","A","A","A","A","A","A","A","A","A","A","A","A","A","A","A","A","A","A","A","A","A","A","A","A","A","A","A","A","A","A","A","A","A","A","A","A","A","A","A","A","A","A","A","A","A","A","A","A","A","A","A","A","A","A","A","A","A","A","A","A","A","A","A","A","A","A","A","A","A","A","A","A","A","A","A","A","A","A","A","A","A","A","A","A","A","A","A","A","A","A","A","A","A","A","A","A","A","A","A","A","A","A","A","A","A","A","A","A","A","A","A","A","A","A","A","A","A","A","A","A","A","A","A","A","A","A","A","A","A","A","A","A","A","A","A","A","A","A","A","A","A","A","A","A","A","A","A","A","A","A","A","A","A","A","A","A","A","A","A","A","A","A","A","A","A","A","A","A","A","A","A","A","A","A","A","A","A","A","A","A","A","A","A","A","A","A","A","A","A","A","A","A","A","A","A","A","A","A","A","A","A","A","A","A","A","A","A","A","A","A","A","A","A","A","A","A","A","A","A","A","A","A","A","A","A","A","A","A","A","A","A","A","A","A","A","A","A","A","A","A","A","A","A","A","A","A","A","A","A","A","A","A","A","A","A","A","A","A","A","A","A","A","A","A","A","A","A","A","A","A","A","A","A","A","A","A","A","A","A","A","A","A","A","A","A","A","A","A","A","A","A","A","A","A","A","A","A","A","A","A","A","A","A","A","A","A","A","A","A","A","A","A","A","A"],
  "atom_plddts": [58.79,61.39,54.72,54.41,60.43,63.71,65.83,67.12,68.24,67.1,68.23,65.13,65.78,63.86,61.52,60.52,60.56,58.38,55.53,57.16,59.12,61.96,71.0,67.13,66.81,71.36,72.65,74.74,75.34,75.57,74.39,75.4,75.3,76.18,76.57,75.3,75.58,76.45,76.07,75.37,75.69,75.88,75.76,76.95,74.04,71.82,71.8,73.89,74.06,75.5,75.37,75.31,74.21,75.27,75.09,75.83,76.28,75.92,76.09,76.83,76.61,76.23,76.28,76.19,75.84,76.81,73.27,71.31,70.74,72.56,71.85,73.22,73.85,73.49,72.3,73.12,72.21,73.59,73.96,73.46,73.42,74.42,74.2,73.46,73.44,73.42,72.73,74.16,55.49,53.0,51.88,55.37,54.48,53.63,51.66,53.72,53.16,51.74,49.36,50.48,47.55,44.51,42.77,41.55,40.46,38.53,41.13,44.27,58.05,53.02,52.2,58.75,58.48,59.13,59.51,60.67,60.12,58.66,56.83,58.6,56.93,53.75,52.08,52.02,50.77,48.34,50.76,53.25,61.97,57.71,56.46,61.41,61.12,62.4,62.97,63.46,62.32,62.26,59.06,61.25,60.05,57.53,56.77,57.2,55.28,52.79,54.27,56.03,55.71,69.73,65.45,64.93,70.04,71.3,73.04,74.01,73.85,72.84,74.09,73.91,74.49,75.06,74.25,74.57,75.54,75.29,74.63,74.79,74.87,74.86,75.88,72.98,70.32,70.39,72.99,73.12,74.88,74.97,74.96,73.89,74.71,74.26,75.3,75.73,75.2,75.42,76.22,75.99,75.57,75.52,75.47,75.16,76.21,72.43,70.33,69.76,71.69,71.08,72.21,72.6,72.37,71.14,71.77,70.25,72.08,72.27,71.96,71.92,73.12,72.89,72.12,71.91,71.92,71.16,72.83,61.89,59.21,58.6,62.07,59.32,59.16,57.07,58.73,58.34,55.65,53.63,55.21,52.05,49.69,48.21,47.03,45.82,43.69,46.28,49.46,59.19,54.2,54.21,60.6,59.58,60.75,60.35,61.91,61.04,59.11,57.49,59.57,57.66,54.6,53.41,53.26,51.92,49.75,51.78,54.37,66.85,61.98,59.7,65.61,66.47,67.51,68.83,68.85,67.88,68.72,65.55,67.47,66.78,64.37,63.8,65.12,63.44,60.92,61.84,62.97,63.75,72.73,69.7,68.95,72.76,73.43,75.16,75.42,75.52,74.51,75.36,74.85,75.75,76.05,75.07,75.19,76.18,75.96,75.31,75.43,75.48,75.12,76.41,74.67,72.78,72.72,74.53,74.81,76.0,75.77,75.67,74.64,75.65,75.33,76.11,76.5,76.13,76.25,76.99,76.84,76.47,76.52,76.42,75.96,76.98,74.14,72.38,71.77,73.25,72.62,73.72,74.05,73.7,72.39,73.21,71.94,73.63,73.87,73.53,73.26,74.36,74.23,73.45,73.49,73.43,72.53,74.15,53.62,51.37,50.07,52.94,52.62,51.82,49.54,51.98,50.82,49.52,47.53,47.98,45.12,41.86,40.21,39.0,37.96,36.29,38.75,41.86,53.48,48.89,47.77,53.7,54.06,54.2,53.79,55.6,54.95,53.82,52.02,53.47,51.58,48.6,47.16,46.58,45.36,43.25,45.57,48.4,62.66,58.18,56.94,62.15,63.17,64.57,65.62,66.06,64.87,65.26,62.33,64.1,63.07,59.94,59.2,59.93,58.03,55.64,56.86,58.5,58.77,71.56,67.85,67.31,71.77,72.67,74.53,75.08,74.89,73.9,75.21,74.96,75.73,76.29,75.7,76.04,76.91,76.65,76.18,76.21,76.18,76.12,77.06,74.54,72.14,71.89,74.66,74.82,76.26,76.19,76.15,75.32,76.37,76.3,77.02,77.58,77.15,77.42,78.19,77.98,77.72,77.71,77.54,77.39,78.15,73.32,70.94,69.38,72.43,73.19,73.93,74.41,74.07,73.1,73.69,72.49,74.07,74.39,73.93,73.87,75.13,74.99,74.25,74.14,74.06,73.53,75.14],
  "contact_probs": [[1.0,0.92,0.26,0.01,0.01,0.01,0.01,0.01,0.11,0.35,0.34,0.39,0.56,0.49,0.29,0.06,0.02,0.02,0.01,0.01,0.03,0.08],[0.92,1.0,1.0,0.35,0.01,0.01,0.01,0.04,0.18,0.46,0.18,0.18,0.28,0.24,0.78,0.5,0.03,0.02,0.01,0.02,0.02,0.02],[0.26,1.0,1.0,1.0,0.19,0.17,0.08,0.17,0.38,0.52,0.03,0.02,0.04,0.08,0.23,0.75,0.11,0.07,0.04,0.03,0.03,0.02],[0.01,0.35,1.0,1.0,0.69,0.64,0.37,0.54,0.66,0.16,0.01,0.0,0.01,0.02,0.08,0.23,0.21,0.19,0.13,0.05,0.03,0.02],[0.01,0.01,0.19,0.69,1.0,0.63,0.31,0.14,0.04,0.01,0.0,0.0,0.0,0.0,0.01,0.19,0.26,0.24,0.21,0.04,0.01,0.0],[0.01,0.01,0.17,0.64,0.63,1.0,0.77,0.49,0.11,0.01,0.0,0.0,0.0,0.0,0.02,0.21,0.25,0.38,0.54,0.21,0.03,0.01],[0.01,0.01,0.08,0.37,0.31,0.77,1.0,0.84,0.13,0.02,0.0,0.0,0.0,0.01,0.03,0.11,0.15,0.33,0.63,0.54,0.19,0.02],[0.01,0.04,0.17,0.54,0.14,0.49,0.84,1.0,0.99,0.27,0.01,0.01,0.02,0.02,0.03,0.05,0.03,0.09,0.19,0.24,0.78,0.46],[0.11,0.18,0.38,0.66,0.04,0.11,0.13,0.99,1.0,0.99,0.31,0.13,0.15,0.05,0.03,0.03,0.0,0.01,0.02,0.07,0.3,0.76],[0.35,0.46,0.52,0.16,0.01,0.01,0.02,0.27,0.99,1.0,0.82,0.48,0.44,0.07,0.04,0.02,0.0,0.0,0.01,0.02,0.09,0.32],[0.34,0.18,0.03,0.01,0.0,0.0,0.0,0.01,0.31,0.82,1.0,0.73,0.53,0.12,0.01,0.0,0.0,0.0,0.0,0.0,0.03,0.35],[0.39,0.18,0.02,0.0,0.0,0.0,0.0,0.01,0.13,0.48,0.73,1.0,0.85,0.24,0.02,0.0,0.0,0.0,0.0,0.01,0.06,0.48],[0.56,0.28,0.04,0.01,0.0,0.0,0.0,0.02,0.15,0.44,0.53,0.85,1.0,0.92,0.16,0.01,0.0,0.0,0.0,0.02,0.47,0.78],[0.49,0.24,0.08,0.02,0.0,0.0,0.01,0.02,0.05,0.07,0.12,0.24,0.92,1.0,1.0,0.13,0.01,0.01,0.02,0.64,0.79,0.37],[0.29,0.78,0.23,0.08,0.01,0.02,0.03,0.03,0.03,0.04,0.01,0.02,0.16,1.0,1.0,1.0,0.17,0.19,0.44,0.83,0.28,0.06],[0.06,0.5,0.75,0.23,0.19,0.21,0.11,0.05,0.03,0.02,0.0,0.0,0.01,0.13,1.0,1.0,0.66,0.53,0.75,0.44,0.06,0.03],[0.02,0.03,0.11,0.21,0.26,0.25,0.15,0.03,0.0,0.0,0.0,0.0,0.0,0.01,0.17,0.66,1.0,0.53,0.37,0.13,0.01,0.0],[0.02,0.02,0.07,0.19,0.24,0.38,0.33,0.09,0.01,0.0,0.0,0.0,0.0,0.01,0.19,0.53,0.53,1.0,0.76,0.35,0.02,0.0],[0.01,0.01,0.04,0.13,0.21,0.54,0.63,0.19,0.02,0.01,0.0,0.0,0.0,0.02,0.44,0.75,0.37,0.76,1.0,0.94,0.14,0.01],[0.01,0.02,0.03,0.05,0.04,0.21,0.54,0.24,0.07,0.02,0.0,0.01,0.02,0.64,0.83,0.44,0.13,0.35,0.94,1.0,1.0,0.1],[0.03,0.02,0.03,0.03,0.01,0.03,0.19,0.78,0.3,0.09,0.03,0.06,0.47,0.79,0.28,0.06,0.01,0.02,0.14,1.0,1.0,1.0],[0.08,0.02,0.02,0.02,0.0,0.01,0.02,0.46,0.76,0.32,0.35,0.48,0.78,0.37,0.06,0.03,0.0,0.0,0.01,0.1,1.0,1.0]],
  "pae": [[1.3,6.2,7.0,10.0,12.7,11.7,12.6,11.3,10.4,8.7,8.9,8.8,6.7,6.4,7.2,8.5,13.6,12.3,10.9,10.0,8.9,9.4],[3.3,0.9,2.2,3.7,8.2,6.4,6.5,5.1,4.2,4.0,7.2,7.9,5.0,3.9,3.9,4.3,9.4,7.6,5.6,5.2,4.7,4.8],[3.7,1.4,0.9,1.6,7.0,5.6,5.0,3.6,3.2,3.1,7.0,7.2,4.3,3.4,2.9,3.2,8.5,6.9,4.2,3.6,3.5,4.0],[4.9,2.8,1.7,0.9,6.3,5.5,5.5,3.8,3.5,3.8,7.6,7.4,5.0,4.3,3.7,3.5,9.2,7.5,4.5,4.1,4.1,4.6],[15.0,13.4,12.4,11.0,1.7,10.9,12.5,11.6,12.5,12.6,15.3,17.3,16.1,17.4,15.7,14.2,16.6,14.6,12.9,14.8,14.9,14.5],[11.7,10.1,9.4,7.4,7.5,1.3,5.6,6.0,8.3,9.3,12.0,12.8,11.5,10.5,9.4,8.2,12.5,7.7,6.3,8.4,9.3,10.2],[10.3,9.3,8.4,6.9,7.1,4.6,1.2,4.2,6.0,7.6,10.1,11.3,8.9,8.9,8.4,7.5,11.5,7.8,6.5,6.5,6.9,7.9],[7.2,4.8,4.4,4.3,7.1,4.5,3.1,0.9,1.9,3.6,6.9,7.2,5.3,4.7,4.7,4.5,8.9,7.1,4.8,3.9,3.9,4.1],[6.1,3.6,3.2,3.5,7.5,5.3,3.7,1.7,0.9,1.7,6.7,7.2,4.5,4.0,4.1,4.3,9.6,7.2,4.3,3.7,3.4,3.5],[7.1,4.1,4.3,4.8,8.3,6.5,5.8,4.5,2.2,0.9,5.9,6.3,4.8,4.8,5.3,6.0,10.5,8.6,6.2,5.6,4.2,4.3],[9.5,10.5,10.9,13.3,14.8,13.5,13.4,11.5,9.8,7.2,1.4,5.9,6.5,9.0,11.4,13.0,15.0,15.1,14.1,13.6,11.9,10.4],[8.9,9.2,10.6,12.6,14.7,14.5,14.6,11.5,11.6,7.7,3.9,1.2,5.8,7.8,8.9,11.1,14.8,14.0,14.2,12.8,10.8,8.2],[6.9,6.6,6.7,7.4,10.4,9.2,8.7,7.2,7.1,6.3,5.3,4.0,1.1,3.1,5.0,6.9,11.3,10.1,8.5,7.4,6.3,5.9],[5.8,4.2,4.5,5.7,8.3,6.3,5.9,5.2,5.2,4.6,6.2,5.3,2.7,0.9,2.1,4.5,9.0,7.5,5.4,4.8,4.2,4.3],[5.2,3.3,3.4,4.1,8.0,5.9,5.1,4.4,4.3,4.4,6.6,6.1,3.5,1.8,0.9,2.0,8.2,6.6,4.5,4.0,3.5,3.9],[5.9,4.0,3.8,4.2,8.8,6.1,5.3,4.5,4.8,4.8,7.9,7.3,4.8,3.8,2.2,0.9,7.6,6.6,3.9,3.8,4.5,5.8],[16.9,14.9,14.6,14.8,16.3,13.1,13.9,16.7,17.0,18.0,17.7,18.2,16.1,14.4,12.3,12.2,1.7,8.3,9.6,12.7,15.4,16.9],[13.6,12.2,11.9,11.2,13.0,8.9,9.3,11.3,12.4,11.9,14.8,15.4,13.6,11.8,11.3,7.8,8.4,1.3,5.5,7.2,9.9,12.5],[9.2,7.7,7.1,6.9,10.4,6.8,6.6,7.0,7.9,8.6,10.1,11.0,8.8,8.3,6.1,5.4,8.6,5.2,1.1,4.6,5.4,7.7],[6.2,4.4,4.2,4.2,7.6,5.7,4.8,3.9,4.1,4.6,7.5,7.0,4.9,4.3,3.6,3.7,8.1,5.7,2.9,0.9,1.8,3.4],[6.2,3.8,3.5,3.8,7.5,5.6,4.5,3.1,3.2,3.5,7.0,6.6,4.3,3.3,3.1,3.7,8.6,6.5,3.3,1.7,0.9,1.8],[7.2,4.5,4.5,4.8,8.2,6.5,5.4,3.7,3.8,3.9,6.7,6.7,3.8,3.9,4.4,5.3,9.8,7.6,4.5,3.0,2.0,1.0]],
  "token_chain_ids": ["A","A","A","A","A","A","A","A","A","A","A","A","A","A","A","A","A","A","A","A","A","A"],
  "token_res_ids": [1,2,3,4,5,6,7,8,9,10,11,12,13,14,15,16,17,18,19,20,21,22]
}