{
  "atom_chain_ids": ["A","A","A","A","A","A","A","A","A","A","A","A","A","A","A","A","A","A","A","A","A","A","A","A","A","A","A","A","A","A","A","A","A","A","A","A","A","A","A","A","A","A","A","A","A","A","A","A","A","A","A","A","A","A","A","A","A","A","A","A","A","A","A","A","A","A","A","A","A","A","A","A","A","A","A","A","A","A","A","A","A","A","A","A","A","A","A","A","A","A","A","A","A","A","A","A","A","A","A","A","A","A","A","A","A","A","A","A","A","A","A","A","A","A","A","A","A","A","A","A","A","A","A","A","A","A","A","A","A","A","A","A","A","A","A","A","A","A","A","A","A","A","A","A","A","A","A","A","A","A","A","A","A","A","A","A","A","A","A","A","A","A","A","A","A","A","A","A","A","A","A","A","A","A","A","A","A","A","A","A","A","A","A","A","A","A","A","A","A","A","A","A","A","A","A","A","A","A","A","A","A","A","A","A","A","A","A","A","A","A","A","A","A","A","A","A","A","A","A","A","A","A","A","A","A","A","A","A","A","A","A","A","A","A","A","A","A","A","A","A","A","A","A","A","A","A","A","A","A","A","A","A","A","A","A","A","A","A","A","A","A","A","A","A","A","A","A","A","A","A","A","A","A","A","A","A","A","A","A","A","A","A","A","A","A","A","A","A","A","A","A","A","A","A","A","A","A","A","A","A","A","A","A","A","A","A","A","A","A","A","A","A","A","A","A","A","A","A","A","A","A","A","A","A","A","A","A","A","A","A","A","A","A","A","A","A","A","A","A","A","A","A","A","A","A","A","A","A","A","A","A","A","A","A","A","A","A","A","A","A","A","A","A","A","A","A","A","A","A","A","A","A","A","A","A","A","A","A","A","A","A","A","A","A","A","A","A","A","A","A","A","A","A","A","A","A","A","A","A","A","A","A","A","A","A","A","A","A","A","A","A","A","A","A","A","A","A","A","A","A","A","A","A","A","A","A","A","A","A","A","A","A","A","A","A","A","A","A","A","A","A","A","A","A","A"],
  "atom_plddts": [45.1,46.46,40.63,39.3,47.58,48.24,49.77,49.17,52.43,52.42,50.88,49.74,50.38,48.5,45.95,45.15,44.69,43.78,42.21,43.71,46.92,57.27,53.5,54.24,57.52,59.73,59.77,62.44,61.07,60.34,60.75,60.76,60.76,61.3,61.35,61.92,62.32,62.16,61.22,61.36,61.76,61.49,62.42,59.45,57.25,57.59,59.5,60.86,60.81,63.28,61.8,60.71,61.35,61.04,61.09,61.78,62.05,62.29,63.2,63.18,62.44,62.11,62.18,61.87,62.77,61.04,59.79,59.5,60.58,61.38,61.13,62.9,61.72,60.48,61.11,60.27,60.76,61.26,61.62,61.72,62.73,62.8,62.04,61.53,61.55,60.93,61.85,44.64,42.76,41.41,44.12,43.62,43.15,40.55,44.19,42.82,42.57,40.54,41.23,39.11,37.18,36.54,36.03,35.32,34.39,35.7,38.0,50.39,45.59,45.0,50.76,51.23,51.65,50.37,53.4,52.74,52.12,50.19,51.89,50.24,47.75,46.83,46.25,45.45,43.65,45.55,48.49,51.39,46.14,45.37,51.72,52.24,53.45,52.64,55.34,54.45,53.98,52.1,53.93,52.46,50.09,49.26,48.91,48.06,46.13,47.91,50.67,58.96,54.53,54.97,58.77,60.81,61.14,63.36,63.0,61.85,62.89,61.48,62.12,62.31,61.86,61.97,62.73,62.56,61.12,61.41,61.91,61.34,62.98,60.36,57.68,58.16,60.36,61.68,62.01,64.28,63.18,62.1,62.56,62.01,62.3,63.0,63.08,63.29,64.41,64.38,63.54,63.14,63.18,62.78,63.83,59.07,58.06,57.87,58.29,58.98,58.73,60.37,59.15,57.84,58.33,57.34,57.98,58.51,59.06,59.17,60.31,60.44,59.77,59.01,58.94,58.25,59.25,47.13,45.15,44.34,47.07,46.6,46.32,43.73,47.67,46.4,45.75,43.31,44.23,42.04,39.44,38.54,37.98,37.25,36.08,37.73,40.26,46.65,41.78,40.73,46.96,47.61,48.41,47.27,50.61,49.61,49.32,47.2,49.1,47.63,44.76,44.31,43.82,42.96,41.47,42.77,45.52,55.66,52.25,53.52,56.19,58.32,58.79,61.35,60.42,59.52,59.86,59.51,59.47,59.99,59.7,60.15,60.78,60.68,59.86,59.56,59.89,59.59,60.63,60.26,57.87,58.01,60.37,62.11,61.94,64.23,62.75,61.76,62.63,62.71,62.42,63.12,63.31,63.71,64.56,64.52,63.9,63.43,63.52,63.42,64.15,60.58,59.81,59.6,59.7,60.1,59.73,60.86,59.85,58.8,59.39,57.97,58.82,59.08,59.6,59.56,60.61,60.69,59.97,59.31,59.31,58.57,59.62,49.54,47.59,46.88,49.64,48.54,48.19,45.87,48.75,47.34,46.6,44.39,45.31,43.17,41.4,40.54,39.94,39.18,37.81,39.41,41.65,48.92,44.22,43.71,49.45,49.6,49.95,48.74,52.01,50.78,50.07,48.2,50.04,48.15,45.44,44.53,44.0,43.17,41.59,43.3,45.96,49.93,44.83,44.17,50.45,50.57,51.77,50.94,53.95,52.99,52.45,50.43,52.48,50.86,48.08,47.33,46.86,45.99,44.17,45.89,48.75,57.39,53.2,54.11,57.5,60.02,60.48,62.86,62.26,61.09,61.91,60.96,61.15,61.6,61.15,61.44,62.43,62.28,61.13,60.9,61.15,60.8,62.29,62.84,60.64,60.7,62.71,64.3,64.76,66.75,65.5,64.67,65.56,64.82,64.96,65.56,65.59,65.86,66.8,66.78,66.01,65.62,65.68,65.42,66.37,62.56,61.42,61.14,60.93,61.32,61.16,62.47,61.36,60.37,61.21,59.25,60.52,60.66,61.41,61.34,62.32,62.42,61.43,61.06,61.13,60.34,61.53],
  "contact_probs": [[1.0,0.79,0.13,0.01,0.01,0.02,0.02,0.05,0.04,0.05,0.08,0.2,0.32,0.14,0.05,0.04,0.13,0.23,0.42,0.16,0.05],[0.79,1.0,0.99,0.22,0.02,0.04,0.05,0.14,0.15,0.12,0.05,0.2,0.23,0.19,0.09,0.03,0.11,0.19,0.41,0.5,0.19],[0.13,0.99,1.0,0.99,0.16,0.27,0.23,0.45,0.34,0.21,0.03,0.15,0.1,0.06,0.07,0.02,0.05,0.08,0.18,0.35,0.47],[0.01,0.22,0.99,1.0,0.57,0.56,0.46,0.57,0.63,0.23,0.03,0.08,0.04,0.07,0.06,0.02,0.02,0.03,0.05,0.2,0.26],[0.01,0.02,0.16,0.57,1.0,0.5,0.29,0.11,0.08,0.05,0.02,0.02,0.0,0.01,0.02,0.03,0.02,0.02,0.01,0.03,0.18],[0.02,0.04,0.27,0.56,0.5,1.0,0.64,0.32,0.2,0.07,0.02,0.03,0.01,0.02,0.04,0.03,0.03,0.03,0.02,0.09,0.36],[0.02,0.05,0.23,0.46,0.29,0.64,1.0,0.55,0.19,0.07,0.02,0.03,0.03,0.05,0.09,0.04,0.04,0.04,0.05,0.28,0.57],[0.05,0.14,0.45,0.57,0.11,0.32,0.55,1.0,0.97,0.24,0.06,0.17,0.25,0.17,0.11,0.02,0.03,0.05,0.08,0.17,0.29],[0.04,0.15,0.34,0.63,0.08,0.2,0.19,0.97,1.0,0.97,0.19,0.39,0.65,0.43,0.19,0.02,0.03,0.04,0.07,0.07,0.15],[0.05,0.12,0.21,0.23,0.05,0.07,0.07,0.24,0.97,1.0,0.38,0.48,0.61,0.63,0.22,0.04,0.05,0.05,0.04,0.07,0.07],[0.08,0.05,0.03,0.03,0.02,0.02,0.02,0.06,0.19,0.38,1.0,0.37,0.13,0.05,0.02,0.01,0.01,0.02,0.01,0.01,0.01],[0.2,0.2,0.15,0.08,0.02,0.03,0.03,0.17,0.39,0.48,0.37,1.0,0.62,0.22,0.05,0.02,0.03,0.05,0.06,0.05,0.05],[0.32,0.23,0.1,0.04,0.0,0.01,0.03,0.25,0.65,0.61,0.13,0.62,1.0,0.99,0.16,0.04,0.09,0.17,0.15,0.1,0.07],[0.14,0.19,0.06,0.07,0.01,0.02,0.05,0.17,0.43,0.63,0.05,0.22,0.99,1.0,0.99,0.21,0.33,0.33,0.64,0.31,0.11],[0.05,0.09,0.07,0.06,0.02,0.04,0.09,0.11,0.19,0.22,0.02,0.05,0.16,0.99,1.0,0.49,0.46,0.36,0.54,0.59,0.17],[0.04,0.03,0.02,0.02,0.03,0.03,0.04,0.02,0.02,0.04,0.01,0.02,0.04,0.21,0.49,1.0,0.43,0.26,0.08,0.06,0.04],[0.13,0.11,0.05,0.02,0.02,0.03,0.04,0.03,0.03,0.05,0.01,0.03,0.09,0.33,0.46,0.43,1.0,0.52,0.31,0.2,0.08],[0.23,0.19,0.08,0.03,0.02,0.03,0.04,0.05,0.04,0.05,0.02,0.05,0.17,0.33,0.36,0.26,0.52,1.0,0.54,0.19,0.06],[0.42,0.41,0.18,0.05,0.01,0.02,0.05,0.08,0.07,0.04,0.01,0.06,0.15,0.64,0.54,0.08,0.31,0.54,1.0,0.99,0.2],[0.16,0.5,0.35,0.2,0.03,0.09,0.28,0.17,0.07,0.07,0.01,0.05,0.1,0.31,0.59,0.06,0.2,0.19,0.99,1.0,0.99],[0.05,0.19,0.47,0.26,0.18,0.36,0.57,0.29,0.15,0.07,0.01,0.05,0.07,0.11,0.17,0.04,0.08,0.06,0.2,0.99,1.0]],
  "pae": [[1.8,7.6,9.7,12.4,16.5,13.8,14.7,13.2,12.2,13.5,19.7,16.0,12.8,11.6,11.1,11.8,14.4,15.1,12.9,11.0,10.9],[6.2,1.1,3.0,5.2,11.1,8.9,9.6,8.5,7.6,8.8,13.3,10.9,7.9,8.3,9.4,11.6,11.2,10.6,9.0,8.3,8.7],[6.5,3.2,0.9,3.5,10.1,7.3,8.3,7.0,6.0,7.4,11.8,10.8,6.6,6.9,7.6,10.6,10.0,9.6,7.3,6.8,6.6],[8.3,4.8,3.1,0.9,9.4,6.5,8.0,6.1,6.1,7.2,13.1,11.4,6.4,7.6,8.1,11.9,11.6,10.6,7.6,8.0,7.0],[19.5,16.6,15.1,13.1,1.5,12.2,14.9,13.8,15.1,16.7,19.3,14.6,15.9,17.6,19.3,22.4,20.4,19.9,18.8,18.8,17.4],[15.3,12.9,9.8,8.1,10.1,1.5,9.6,8.7,10.2,13.9,18.6,15.8,12.9,15.4,15.7,19.5,17.7,16.3,15.1,14.1,10.4],[14.3,11.9,9.8,10.1,10.5,7.3,1.5,6.9,8.0,11.2,17.1,13.9,12.9,13.9,14.5,17.6,15.9,14.5,12.7,11.4,8.6],[11.1,8.4,7.0,7.2,11.6,7.1,5.8,1.1,2.6,5.3,12.5,11.6,8.2,8.4,10.0,12.4,11.0,10.3,7.1,7.9,6.2],[10.0,7.0,6.4,6.7,11.2,8.0,6.1,3.4,0.9,3.4,10.2,9.6,7.1,6.2,8.0,10.9,9.5,9.3,6.7,7.3,6.3],[11.6,8.3,7.3,6.7,12.3,10.0,8.4,6.2,3.6,1.0,8.0,7.5,6.7,7.5,9.2,13.1,10.6,9.5,8.1,9.1,8.3],[19.5,19.1,17.4,15.6,18.3,20.1,19.4,17.0,13.5,14.8,1.6,12.9,12.9,15.3,17.3,20.0,17.5,15.9,18.4,19.4,19.6],[15.2,15.3,13.5,12.9,14.9,16.7,15.5,14.0,11.2,9.4,7.6,1.5,7.6,9.7,13.9,17.0,14.0,13.1,15.7,17.6,17.4],[10.0,7.9,7.6,7.1,12.7,10.5,9.8,8.4,7.7,6.6,8.1,5.9,1.0,2.5,5.9,9.7,9.7,10.7,8.3,8.3,9.5],[10.1,6.5,6.5,7.0,11.6,9.4,9.7,7.4,5.7,6.4,9.4,6.0,3.2,0.9,3.8,9.1,8.0,8.5,7.0,6.6,7.4],[10.6,7.6,8.3,8.9,13.9,11.4,10.9,9.5,7.6,6.9,11.7,8.4,5.4,3.9,1.0,7.5,6.9,8.7,7.5,10.1,10.0],[12.2,13.4,14.6,15.8,20.3,18.7,17.6,16.3,14.8,14.4,20.2,17.8,14.1,11.9,10.9,1.5,9.8,11.6,12.9,13.9,15.5],[13.5,14.2,15.2,16.1,18.2,17.8,16.9,15.9,14.4,10.7,18.2,15.8,14.6,9.8,8.1,10.2,1.4,8.6,10.6,13.1,15.7],[13.5,14.5,15.1,16.6,19.0,17.6,16.0,16.3,13.6,10.4,18.6,16.0,13.4,11.8,11.0,12.5,6.5,1.5,9.6,10.9,13.1],[10.0,6.2,7.1,7.6,12.1,9.3,8.0,6.1,6.8,7.4,12.5,10.6,6.8,7.8,6.9,10.4,7.7,6.1,1.0,2.0,4.7],[10.2,5.6,5.6,6.5,11.4,8.2,7.3,5.5,6.1,6.5,11.8,9.8,6.6,6.1,7.7,10.6,8.9,6.2,2.4,0.9,2.7],[10.1,6.4,6.6,6.3,12.0,8.4,7.2,5.7,6.5,7.0,12.9,11.5,8.0,7.5,7.6,11.5,10.2,8.4,4.3,2.4,1.0]],
  "token_chain_ids": ["A","A","A","A","A","A","A","A","A","A","A","A","A","A","A","A","A","A","A","A","A"],
  "token_res_ids": [1,2,3,4,5,6,7,8,9,10,11,12,13,14,15,16,17,18,19,20,21]
}