{
  "atom_chain_ids": ["A","A","A","A","A","A","A","A","A","A","A","A","A","A","A","A","A","A","A","A","A","A","A","A","A","A","A","A","A","A","A","A","A","A","A","A","A","A","A","A","A","A","A","A","A","A","A","A","A","A","A","A","A","A","A","A","A","A","A","A","A","A","A","A","A","A","A","A","A","A","A","A","A","A","A","A","A","A","A","A","A","A","A","A","A","A","A","A","A","A","A","A","A","A","A","A","A","A","A","A","A","A","A","A","A","A","A","A","A","A","A","A","A","A","A","A","A","A","A","A","A","A","A","A","A","A","A","A","A","A","A","A","A","A","A","A","A","A","A","A","A","A","A","A","A","A","A","A","A","A","A","A","A","A","A","A","A","A","A","A","A","A","A","A","A","A","A","A","A","A","A","A","A","A","A","A","A","A","A","A","A","A","A","A","A","A","A","A","A","A","A","A","A","A","A","A","A","A","A","A","A","A","A","A","A","A","A","A","A","A","A","A","A","A","A","A","A","A","A","A","A","A","A","A","A","A","A","A","A","A","A","A","A","A","A","A","A","A","A","A","A","A","A","A","A","A","A","A","A","A","A","A","A","A","A","A","A","A","A","A","A","A","A","A","A","A","A","A","A","A","A","A","A","A","A","A","A","A","A","A","A","A","A","A","A","A","A","A","A","A","A","A","A","A","A","A","A","A","A","A","A","A","A","A","A","A","A","A","A","A","A","A","A","A","A","A","A","A","A","A","A","A","A","A","A","A","A","A","A","A","A","A","A","A","A","A","A","A","A","A","A","A","A","A","A","A","A","A","A","A","A","A","A","A","A","A","A","A","A","A","A","A","A","A","A","A","A","A","A","A","A","A","A","A","A","A","A","A","A","A","A","A","A","A","A","A","A","A","A","A","A","A","A","A","A","A","A","A","A","A","A","A","A","A","A","A","A","A","A","A","A","A","A","A","A","A","A","A","A","A","A","A","A","A","A","A","A","A","A","A","A","A","A","A","A","A","A","A","A","A","A","A","A","A","A"],
  "atom_plddts": [52.65,52.93,46.4,45.83,53.46,54.73,56.66,57.18,58.66,58.75,57.6,56.12,57.17,55.61,53.14,52.12,51.72,50.68,48.64,50.61,53.41,54.96,49.38,50.32,55.44,58.19,58.95,61.86,61.1,60.37,61.02,60.78,60.58,61.13,60.57,61.17,61.8,61.6,60.31,60.47,60.89,60.89,62.29,60.21,57.8,58.05,60.39,61.87,62.01,64.57,63.18,62.18,62.84,62.57,62.41,63.09,63.1,63.39,64.41,64.37,63.59,63.2,63.24,63.03,64.03,64.1,62.81,62.27,63.64,64.32,64.25,65.96,64.84,63.65,64.56,63.92,64.31,64.79,64.94,65.08,66.03,66.07,65.33,64.9,64.9,64.4,65.33,50.67,49.19,48.24,50.23,49.36,48.64,45.56,48.79,47.64,46.96,44.26,45.25,42.8,40.57,39.56,38.68,37.96,36.65,38.58,41.26,49.42,44.63,43.91,49.93,50.27,50.5,48.89,52.66,51.75,51.05,49.31,51.11,49.31,46.83,46.11,45.54,44.85,43.19,44.88,47.79,49.4,44.41,43.51,49.71,50.39,51.54,50.55,53.16,52.15,51.86,50.2,52.08,50.81,48.77,48.33,47.93,47.14,45.49,46.84,49.45,61.16,56.78,56.79,60.76,62.37,62.75,65.06,64.78,63.63,64.92,63.22,63.95,64.05,63.53,63.59,64.47,64.28,62.78,63.12,63.58,62.98,64.78,63.01,60.13,60.31,62.94,64.53,65.21,67.18,66.27,65.26,66.04,65.4,65.58,66.18,66.03,66.21,67.33,67.34,66.48,66.11,66.15,65.81,66.91,63.99,63.17,62.49,62.79,62.88,62.95,64.22,63.38,62.09,62.7,60.86,61.87,62.25,62.84,62.7,63.96,64.16,63.19,62.56,62.43,61.35,62.76,51.58,50.12,49.76,51.61,50.51,49.84,46.11,50.14,49.12,47.68,44.6,45.13,41.98,38.48,36.84,35.7,34.84,33.46,36.05,39.18,47.65,42.13,41.16,48.49,48.98,49.51,47.96,52.51,51.56,50.78,48.51,50.13,47.94,44.65,43.71,43.05,42.03,40.26,42.23,45.47,57.11,52.6,53.62,57.48,59.72,60.45,62.85,62.23,61.25,61.92,61.3,61.36,61.78,61.55,61.84,62.54,62.39,61.37,61.31,61.63,61.43,62.67,64.22,61.72,61.49,64.1,65.65,65.97,67.85,66.7,65.77,66.94,66.49,66.51,67.1,67.09,67.4,68.34,68.35,67.7,67.24,67.25,67.09,67.95,65.6,64.53,64.0,64.53,64.62,64.83,65.94,65.22,64.12,64.98,63.07,64.17,64.38,64.54,64.39,65.59,65.71,64.81,64.2,64.07,63.2,64.64,50.77,49.62,49.12,50.7,49.42,48.69,45.11,48.78,47.16,45.85,43.09,43.37,40.42,37.87,36.52,35.52,34.74,33.52,35.62,38.14,50.22,45.45,44.94,50.76,50.66,50.79,49.57,53.26,52.1,51.23,49.42,51.29,49.19,46.38,45.37,44.77,43.98,42.36,44.22,46.98,52.62,47.47,47.1,53.18,53.05,54.16,53.1,55.4,54.65,53.9,51.59,53.73,51.88,49.35,48.38,47.82,46.8,44.78,46.8,49.68,59.62,55.14,55.67,59.57,61.62,62.23,64.69,64.25,63.16,64.17,63.1,63.42,63.8,63.34,63.65,64.74,64.59,63.36,63.2,63.4,63.1,64.71,63.23,60.91,60.89,62.97,64.11,64.72,66.89,65.79,65.03,65.73,64.76,65.05,65.66,65.64,65.93,66.97,66.96,66.12,65.71,65.71,65.38,66.47,63.68,61.99,61.63,61.98,62.23,62.58,63.73,63.09,62.06,62.91,60.34,61.78,61.79,62.31,62.07,63.3,63.4,62.13,61.81,61.78,60.73,62.53],
  "contact_probs": [[1.0,0.79,0.13,0.01,0.01,0.02,0.02,0.05,0.04,0.05,0.08,0.2,0.32,0.14,0.05,0.04,0.13,0.23,0.42,0.16,0.05],[0.79,1.0,0.99,0.22,0.02,0.04,0.05,0.14,0.15,0.12,0.05,0.2,0.23,0.19,0.09,0.03,0.11,0.19,0.41,0.5,0.19],[0.13,0.99,1.0,0.99,0.16,0.27,0.23,0.45,0.34,0.21,0.03,0.15,0.1,0.06,0.07,0.02,0.05,0.08,0.18,0.35,0.47],[0.01,0.22,0.99,1.0,0.57,0.56,0.46,0.57,0.63,0.23,0.03,0.08,0.04,0.07,0.06,0.02,0.02,0.03,0.05,0.2,0.26],[0.01,0.02,0.16,0.57,1.0,0.5,0.29,0.11,0.08,0.05,0.02,0.02,0.0,0.01,0.02,0.03,0.02,0.02,0.01,0.03,0.18],[0.02,0.04,0.27,0.56,0.5,1.0,0.64,0.32,0.2,0.07,0.02,0.03,0.01,0.02,0.04,0.03,0.03,0.03,0.02,0.09,0.36],[0.02,0.05,0.23,0.46,0.29,0.64,1.0,0.55,0.19,0.07,0.02,0.03,0.03,0.05,0.09,0.04,0.04,0.04,0.05,0.28,0.57],[0.05,0.14,0.45,0.57,0.11,0.32,0.55,1.0,0.97,0.24,0.06,0.17,0.25,0.17,0.11,0.02,0.03,0.05,0.08,0.17,0.29],[0.04,0.15,0.34,0.63,0.08,0.2,0.19,0.97,1.0,0.97,0.19,0.39,0.65,0.43,0.19,0.02,0.03,0.04,0.07,0.07,0.15],[0.05,0.12,0.21,0.23,0.05,0.07,0.07,0.24,0.97,1.0,0.38,0.48,0.61,0.63,0.22,0.04,0.05,0.05,0.04,0.07,0.07],[0.08,0.05,0.03,0.03,0.02,0.02,0.02,0.06,0.19,0.38,1.0,0.37,0.13,0.05,0.02,0.01,0.01,0.02,0.01,0.01,0.01],[0.2,0.2,0.15,0.08,0.02,0.03,0.03,0.17,0.39,0.48,0.37,1.0,0.62,0.22,0.05,0.02,0.03,0.05,0.06,0.05,0.05],[0.32,0.23,0.1,0.04,0.0,0.01,0.03,0.25,0.65,0.61,0.13,0.62,1.0,0.99,0.16,0.04,0.09,0.17,0.15,0.1,0.07],[0.14,0.19,0.06,0.07,0.01,0.02,0.05,0.17,0.43,0.63,0.05,0.22,0.99,1.0,0.99,0.21,0.33,0.33,0.64,0.31,0.11],[0.05,0.09,0.07,0.06,0.02,0.04,0.09,0.11,0.19,0.22,0.02,0.05,0.16,0.99,1.0,0.49,0.46,0.36,0.54,0.59,0.17],[0.04,0.03,0.02,0.02,0.03,0.03,0.04,0.02,0.02,0.04,0.01,0.02,0.04,0.21,0.49,1.0,0.43,0.26,0.08,0.06,0.04],[0.13,0.11,0.05,0.02,0.02,0.03,0.04,0.03,0.03,0.05,0.01,0.03,0.09,0.33,0.46,0.43,1.0,0.52,0.31,0.2,0.08],[0.23,0.19,0.08,0.03,0.02,0.03,0.04,0.05,0.04,0.05,0.02,0.05,0.17,0.33,0.36,0.26,0.52,1.0,0.54,0.19,0.06],[0.42,0.41,0.18,0.05,0.01,0.02,0.05,0.08,0.07,0.04,0.01,0.06,0.15,0.64,0.54,0.08,0.31,0.54,1.0,0.99,0.2],[0.16,0.5,0.35,0.2,0.03,0.09,0.28,0.17,0.07,0.07,0.01,0.05,0.1,0.31,0.59,0.06,0.2,0.19,0.99,1.0,0.99],[0.05,0.19,0.47,0.26,0.18,0.36,0.57,0.29,0.15,0.07,0.01,0.05,0.07,0.11,0.17,0.04,0.08,0.06,0.2,0.99,1.0]],
  "pae": [[1.6,5.4,6.9,10.1,13.4,9.8,8.3,9.3,10.4,11.9,18.1,14.3,10.5,10.7,12.3,17.4,13.0,9.9,10.1,10.3,10.1],[4.8,1.1,3.3,5.4,9.9,8.7,10.0,8.0,7.2,9.5,14.6,11.0,9.7,9.0,10.1,13.9,10.9,9.8,8.4,7.3,7.2],[6.0,3.5,0.9,3.1,8.4,7.3,9.8,6.6,5.7,7.3,12.3,9.5,7.9,7.0,8.0,13.1,9.7,9.3,7.3,7.1,5.9],[6.9,4.8,2.8,1.0,7.5,7.3,9.2,5.8,5.6,6.3,12.4,9.0,7.9,7.9,8.4,13.3,10.7,9.8,7.6,8.1,7.0],[15.4,12.2,10.9,12.2,1.5,10.4,12.3,13.7,14.7,16.2,18.3,18.2,18.4,19.2,18.7,21.3,19.5,17.9,18.7,18.2,15.2],[12.5,11.0,8.8,9.9,10.6,1.5,8.5,9.7,12.0,14.4,17.5,16.2,15.3,16.4,16.9,19.4,17.8,15.4,15.6,16.3,14.4],[9.4,9.7,8.5,10.1,9.7,6.5,1.4,7.0,9.7,11.9,15.5,13.3,13.1,14.2,15.3,18.2,15.8,14.5,13.2,13.3,12.0],[9.6,7.3,6.6,6.8,9.9,6.9,5.7,1.1,3.1,5.6,10.1,8.8,6.8,6.4,8.2,12.8,11.0,9.9,9.0,8.6,8.2],[8.7,6.5,5.7,6.0,9.7,8.2,6.8,2.8,0.9,3.1,8.7,7.5,6.3,5.3,6.5,10.9,9.5,9.0,6.9,7.1,7.2],[10.4,8.0,6.7,5.7,11.1,8.6,8.7,5.4,3.2,1.0,7.5,6.7,6.9,7.7,8.0,12.7,9.6,10.4,8.5,8.8,8.0],[19.6,19.5,18.8,17.2,17.5,18.3,19.7,15.6,11.6,13.8,1.7,12.1,15.2,16.7,19.3,19.3,18.4,19.4,19.7,19.6,19.8],[15.0,15.2,15.9,15.8,17.7,15.5,15.9,14.7,11.5,9.4,9.8,1.6,11.8,9.2,14.0,16.2,13.7,14.4,15.7,17.0,16.8],[10.8,9.1,8.6,7.9,11.8,10.5,11.1,8.1,7.3,7.3,9.5,6.4,1.0,3.6,7.1,10.0,9.3,10.1,8.9,8.1,9.0],[9.4,6.8,5.6,6.1,11.0,9.1,9.5,5.9,5.6,6.4,10.6,6.1,3.3,0.9,3.2,8.5,7.3,8.5,5.6,5.3,6.1],[9.7,6.9,7.4,7.1,12.0,10.0,10.3,7.0,6.5,5.9,11.7,8.1,5.0,3.0,1.0,7.6,6.4,8.4,6.3,7.1,6.2],[18.0,20.0,20.2,20.5,21.5,20.1,19.5,18.7,17.3,16.3,21.5,16.3,15.3,10.3,13.0,1.6,10.8,12.8,14.0,16.5,19.5],[14.2,15.1,15.4,16.6,18.6,17.3,15.9,16.0,14.3,14.2,18.2,14.4,14.3,9.8,9.2,10.2,1.5,8.3,8.4,10.9,15.3],[11.5,12.6,13.7,15.3,17.9,15.7,14.0,14.5,14.0,13.5,18.5,13.9,11.9,9.7,10.3,11.6,6.5,1.4,6.1,7.8,11.6],[9.3,7.8,7.0,7.3,12.4,10.3,9.8,8.4,7.5,7.9,12.9,10.0,7.9,6.5,6.3,10.4,6.8,5.2,1.0,2.4,4.4],[9.4,6.4,6.1,6.7,12.0,9.7,10.2,7.6,6.5,7.5,13.3,9.6,6.8,5.8,6.2,10.5,8.5,6.3,2.6,0.9,2.5],[9.6,6.7,6.9,7.2,11.7,9.9,10.4,9.1,8.2,7.9,14.2,11.3,8.1,7.0,6.7,12.6,10.1,8.0,4.5,2.5,1.1]],
  "token_chain_ids": ["A","A","A","A","A","A","A","A","A","A","A","A","A","A","A","A","A","A","A","A","A"],
  "token_res_ids": [1,2,3,4,5,6,7,8,9,10,11,12,13,14,15,16,17,18,19,20,21]
}