{
  "atom_chain_ids": ["A","A","A","A","A","A","A","A","A","A","A","A","A","A","A","A","A","A","A","A","A","A","A","A","A","A","A","A","A","A","A","A","A","A","A","A","A","A","A","A","A","A","A","A","A","A","A","A","A","A","A","A","A","A","A","A","A","A","A","A","A","A","A","A","A","A","A","A","A","A","A","A","A","A","A","A","A","A","A","A","A","A","A","A","A","A","A","A","A","A","A","A","A","A","A","A","A","A","A","A","A","A","A","A","A","A","A","A","A","A","A","A","A","A","A","A","A","A","A","A","A","A","A","A","A","A","A","A","A","A","A","A","A","A","A","A","A","A","A","A","A","A","A","A","A","A","A","A","A","A","A","A","A","A","A","A","A","A","A","A","A","A","A","A","A","A","A","A","A","A","A","A","A","A","A","A","A","A","A","A","A","A","A","A","A","A","A","A","A","A","A","A","A","A","A","A","A","A","A","A","A","A","A","A","A","A","A","A","A","A","A","A","A","A","A","A","A","A","A","A","A","A","A","A","A","A","A","A","A","A","A","A","A","A","A","A","A","A","A","A","A","A","A","A","A","A","A","A","A","A","A","A","A","A","A","A","A","A","A","A","A","A","A","A","A","A","A","A","A","A","A","A","A","A","A","A","A","A","A","A","A","A","A","A","A","A","A","A","A","A","A","A","A","A","A","A","A","A","A","A","A","A","A","A","A","A","A","A","A","A","A","A","A","A","A","A","A","A","A","A","A","A","A","A","A","A","A","A","A","A","A","A","A","A","A","A","A","A","A","A","A","A","A","A","A","A","A","A","A","A","A","A","A","A","A","A","A","A","A","A","A","A","A","A","A","A","A","A","A","A","A","A","A","A","A","A","A","A","A","A","A","A","A","A","A","A","A","A","A","A","A","A","A","A","A","A","A","A","A","A","A","A","A","A","A","A","A","A","A","A","A","A","A","A","A","A","A","A","A","A","A","A","A","A","A","A","A","A","A","A","A","A","A","A","A","A","A","A","A","A","A","A","A","A","A"],
  "atom_plddts": [51.84,52.25,45.73,44.99,52.75,54.07,56.03,56.18,58.12,58.13,56.86,55.55,56.33,54.55,52.22,51.16,50.63,49.59,47.61,49.64,52.67,54.65,49.16,50.27,55.24,58.32,59.08,61.87,61.02,60.19,60.87,60.63,60.37,60.92,60.38,60.95,61.57,61.35,60.12,60.21,60.64,60.6,61.98,59.34,56.79,57.24,59.65,61.18,61.3,63.85,62.43,61.5,62.13,62.27,61.84,62.58,62.79,63.27,64.1,64.07,63.39,63.02,63.06,62.94,63.8,61.95,60.29,59.98,61.67,62.49,62.35,64.28,63.11,61.93,62.77,62.4,62.49,63.02,63.22,63.58,64.5,64.52,63.86,63.33,63.31,62.9,63.77,57.2,54.96,54.54,57.06,55.65,55.87,52.98,55.55,54.59,53.23,50.47,52.08,49.48,47.49,46.41,45.42,44.61,42.9,45.1,48.06,53.8,49.16,48.98,54.27,54.61,55.45,53.98,56.46,55.69,54.68,53.15,54.92,53.24,51.19,50.55,49.91,49.06,47.37,49.1,51.87,53.25,47.86,47.12,53.59,54.0,55.22,54.28,57.43,56.51,55.89,54.22,55.88,54.14,51.78,50.95,50.52,49.66,47.7,49.6,52.49,58.74,54.8,55.22,58.39,60.16,60.24,62.48,61.94,60.72,61.68,60.29,60.9,61.04,60.89,61.13,61.78,61.63,60.34,60.5,61.01,60.32,61.79,60.31,57.34,57.82,60.47,62.37,62.65,64.8,63.54,62.43,63.23,63.09,62.93,63.61,63.82,64.16,65.15,65.09,64.39,63.95,63.99,63.81,64.67,60.31,59.52,59.16,59.24,59.58,59.31,60.79,59.66,58.29,58.83,57.7,58.38,58.84,59.65,59.81,60.92,61.1,60.4,59.6,59.48,58.64,59.73,54.64,52.6,52.39,54.64,53.17,52.84,50.21,53.08,52.23,50.8,47.97,49.41,46.8,44.5,43.22,42.29,41.43,39.77,42.05,44.95,51.58,46.41,45.81,51.91,52.58,53.67,52.83,55.26,54.43,53.91,51.68,53.59,51.94,49.19,48.47,47.79,46.73,44.92,46.75,49.61,55.91,51.43,52.62,56.53,59.35,60.09,62.5,61.63,60.68,61.42,61.58,61.01,61.52,61.33,61.92,62.44,62.24,61.43,61.29,61.62,61.69,62.66,58.71,56.0,56.35,59.04,61.01,61.02,63.44,62.04,61.04,61.87,62.13,61.47,62.23,62.26,62.82,63.7,63.57,63.02,62.45,62.51,62.53,63.32,58.62,57.37,57.48,57.89,58.36,58.1,59.14,58.24,57.17,57.71,56.61,57.21,57.48,58.15,58.38,59.36,59.5,58.87,58.07,58.01,57.33,58.35,52.61,50.45,50.16,52.82,51.78,51.58,48.16,51.83,50.33,48.56,45.96,46.35,43.23,40.27,38.83,37.69,36.78,35.4,37.77,40.63,48.85,44.05,43.57,49.4,49.5,50.02,48.49,52.15,50.93,50.23,48.68,50.38,48.51,46.16,45.5,44.93,44.14,42.63,44.21,46.93,51.51,46.33,45.74,51.95,52.13,53.44,52.16,55.14,54.22,53.59,51.68,53.63,51.72,49.19,48.43,47.77,46.79,44.97,46.87,49.85,58.97,55.12,55.75,58.89,61.05,61.52,63.82,63.14,61.99,62.89,62.05,62.23,62.64,62.44,62.91,63.8,63.62,62.61,62.34,62.56,62.22,63.58,63.15,60.76,60.87,63.22,64.86,65.26,67.32,66.01,65.27,66.38,66.16,65.92,66.57,66.67,67.21,68.01,67.95,67.35,66.95,66.96,66.91,67.69,63.8,62.1,61.84,62.18,62.63,62.77,64.1,63.18,62.14,63.22,61.34,62.47,62.58,63.25,63.31,64.34,64.44,63.46,63.06,63.02,62.26,63.62],
  "contact_probs": [[1.0,0.79,0.13,0.01,0.01,0.02,0.02,0.05,0.04,0.05,0.08,0.2,0.32,0.14,0.05,0.04,0.13,0.23,0.42,0.16,0.05],[0.79,1.0,0.99,0.22,0.02,0.04,0.05,0.14,0.15,0.12,0.05,0.2,0.23,0.19,0.09,0.03,0.11,0.19,0.41,0.5,0.19],[0.13,0.99,1.0,0.99,0.16,0.27,0.23,0.45,0.34,0.21,0.03,0.15,0.1,0.06,0.07,0.02,0.05,0.08,0.18,0.35,0.47],[0.01,0.22,0.99,1.0,0.57,0.56,0.46,0.57,0.63,0.23,0.03,0.08,0.04,0.07,0.06,0.02,0.02,0.03,0.05,0.2,0.26],[0.01,0.02,0.16,0.57,1.0,0.5,0.29,0.11,0.08,0.05,0.02,0.02,0.0,0.01,0.02,0.03,0.02,0.02,0.01,0.03,0.18],[0.02,0.04,0.27,0.56,0.5,1.0,0.64,0.32,0.2,0.07,0.02,0.03,0.01,0.02,0.04,0.03,0.03,0.03,0.02,0.09,0.36],[0.02,0.05,0.23,0.46,0.29,0.64,1.0,0.55,0.19,0.07,0.02,0.03,0.03,0.05,0.09,0.04,0.04,0.04,0.05,0.28,0.57],[0.05,0.14,0.45,0.57,0.11,0.32,0.55,1.0,0.97,0.24,0.06,0.17,0.25,0.17,0.11,0.02,0.03,0.05,0.08,0.17,0.29],[0.04,0.15,0.34,0.63,0.08,0.2,0.19,0.97,1.0,0.97,0.19,0.39,0.65,0.43,0.19,0.02,0.03,0.04,0.07,0.07,0.15],[0.05,0.12,0.21,0.23,0.05,0.07,0.07,0.24,0.97,1.0,0.38,0.48,0.61,0.63,0.22,0.04,0.05,0.05,0.04,0.07,0.07],[0.08,0.05,0.03,0.03,0.02,0.02,0.02,0.06,0.19,0.38,1.0,0.37,0.13,0.05,0.02,0.01,0.01,0.02,0.01,0.01,0.01],[0.2,0.2,0.15,0.08,0.02,0.03,0.03,0.17,0.39,0.48,0.37,1.0,0.62,0.22,0.05,0.02,0.03,0.05,0.06,0.05,0.05],[0.32,0.23,0.1,0.04,0.0,0.01,0.03,0.25,0.65,0.61,0.13,0.62,1.0,0.99,0.16,0.04,0.09,0.17,0.15,0.1,0.07],[0.14,0.19,0.06,0.07,0.01,0.02,0.05,0.17,0.43,0.63,0.05,0.22,0.99,1.0,0.99,0.21,0.33,0.33,0.64,0.31,0.11],[0.05,0.09,0.07,0.06,0.02,0.04,0.09,0.11,0.19,0.22,0.02,0.05,0.16,0.99,1.0,0.49,0.46,0.36,0.54,0.59,0.17],[0.04,0.03,0.02,0.02,0.03,0.03,0.04,0.02,0.02,0.04,0.01,0.02,0.04,0.21,0.49,1.0,0.43,0.26,0.08,0.06,0.04],[0.13,0.11,0.05,0.02,0.02,0.03,0.04,0.03,0.03,0.05,0.01,0.03,0.09,0.33,0.46,0.43,1.0,0.52,0.31,0.2,0.08],[0.23,0.19,0.08,0.03,0.02,0.03,0.04,0.05,0.04,0.05,0.02,0.05,0.17,0.33,0.36,0.26,0.52,1.0,0.54,0.19,0.06],[0.42,0.41,0.18,0.05,0.01,0.02,0.05,0.08,0.07,0.04,0.01,0.06,0.15,0.64,0.54,0.08,0.31,0.54,1.0,0.99,0.2],[0.16,0.5,0.35,0.2,0.03,0.09,0.28,0.17,0.07,0.07,0.01,0.05,0.1,0.31,0.59,0.06,0.2,0.19,0.99,1.0,0.99],[0.05,0.19,0.47,0.26,0.18,0.36,0.57,0.29,0.15,0.07,0.01,0.05,0.07,0.11,0.17,0.04,0.08,0.06,0.2,0.99,1.0]],
  "pae": [[1.6,4.6,6.2,9.9,12.3,13.4,14.1,11.0,10.4,9.8,13.6,9.9,9.9,10.2,11.7,15.5,12.7,9.4,10.0,10.4,11.4],[5.2,1.0,3.2,5.5,9.1,9.3,10.3,8.9,7.7,8.8,12.5,10.5,8.8,8.6,11.0,13.9,11.5,10.4,8.8,8.1,8.2],[5.6,2.9,0.9,3.0,7.6,7.4,8.9,7.2,5.9,7.6,11.0,9.4,7.8,7.0,9.1,13.0,10.2,9.5,7.4,7.0,7.1],[6.5,3.9,2.8,0.9,6.2,7.0,8.7,7.1,6.9,7.1,12.1,10.1,8.2,8.6,10.5,14.2,11.5,10.1,7.7,7.6,6.9],[12.1,9.6,8.0,9.5,1.4,6.5,7.4,9.4,12.5,12.8,15.8,14.2,13.5,13.4,14.4,17.5,15.5,14.9,13.4,12.3,10.8],[13.9,10.7,8.7,7.5,6.4,1.4,8.0,7.9,10.9,13.3,16.1,13.8,14.3,13.8,13.1,17.9,15.6,14.9,12.8,13.1,9.2],[13.7,12.5,10.3,10.1,7.8,7.2,1.4,6.9,8.2,10.0,14.4,12.6,13.9,13.1,10.9,16.8,14.6,13.5,12.3,12.0,9.0],[10.3,9.0,6.7,7.1,9.6,7.2,6.4,1.1,3.0,5.7,9.9,9.8,9.0,7.9,8.0,14.5,11.4,10.4,8.2,8.7,7.4],[9.7,7.7,6.5,7.4,9.3,8.0,5.8,3.1,0.9,3.7,9.1,8.1,8.5,7.2,8.9,12.7,10.5,9.7,7.9,8.1,7.9],[10.8,8.3,7.1,7.6,10.3,9.0,7.5,5.8,3.7,1.0,8.1,7.4,7.4,8.9,10.5,14.4,11.4,10.1,9.3,9.3,9.2],[14.8,15.0,14.7,14.8,17.8,18.3,17.1,15.2,12.9,11.6,1.7,10.7,11.7,13.6,17.0,19.3,16.7,14.4,16.4,17.5,17.6],[12.0,11.3,11.7,13.0,14.1,13.7,13.2,11.6,11.8,8.5,9.5,1.5,7.6,7.8,11.6,14.3,11.4,9.4,11.3,13.3,13.6],[10.0,9.1,8.3,8.6,11.5,10.8,10.1,8.0,8.3,7.3,8.1,5.5,1.0,3.2,7.0,10.7,10.1,8.7,7.9,8.3,8.7],[9.6,7.4,7.1,8.2,10.8,9.6,9.4,6.8,7.2,8.2,9.9,5.9,4.9,0.9,4.1,8.8,7.5,8.4,6.8,6.2,7.5],[10.6,9.0,9.7,10.6,12.2,11.2,8.8,8.8,9.3,9.4,12.7,8.6,6.0,4.1,1.0,8.6,7.5,8.2,7.1,8.2,8.7],[17.3,17.6,18.5,17.9,19.0,18.9,15.5,16.0,17.0,17.5,19.3,16.2,13.4,11.3,12.4,1.5,11.4,11.9,13.5,15.4,16.8],[13.2,14.8,15.5,16.0,16.0,16.2,13.4,13.0,14.2,14.3,17.0,11.8,10.2,8.6,8.8,10.3,1.4,7.4,8.1,11.9,14.3],[10.8,12.2,13.3,14.8,14.8,14.2,12.8,12.4,13.1,12.5,15.0,10.3,10.3,8.6,10.4,10.4,6.2,1.4,5.9,7.7,11.0],[9.3,7.8,7.3,8.0,10.6,9.7,9.7,7.7,7.8,8.0,12.6,9.9,8.1,6.3,6.5,10.7,7.6,5.2,1.0,2.2,4.8],[9.4,7.1,6.1,7.3,9.9,8.6,9.0,7.3,6.8,7.8,11.2,9.7,7.6,6.3,7.7,11.6,8.7,5.7,2.7,0.9,2.6],[9.8,8.1,7.0,7.3,9.8,8.6,8.6,7.3,8.1,8.6,12.6,11.7,9.5,8.0,7.4,13.1,10.8,8.3,4.6,2.7,1.1]],
  "token_chain_ids": ["A","A","A","A","A","A","A","A","A","A","A","A","A","A","A","A","A","A","A","A","A"],
  "token_res_ids": [1,2,3,4,5,6,7,8,9,10,11,12,13,14,15,16,17,18,19,20,21]
}