{
  "atom_chain_ids": ["A","A","A","A","A","A","A","A","A","A","A","A","A","A","A","A","A","A","A","A","A","A","A","A","A","A","A","A","A","A","A","A","A","A","A","A","A","A","A","A","A","A","A","A","A","A","A","A","A","A","A","A","A","A","A","A","A","A","A","A","A","A","A","A","A","A","A","A","A","A","A","A","A","A","A","A","A","A","A","A","A","A","A","A","A","A","A","A","A","A","A","A","A","A","A","A","A","A","A","A","A","A","A","A","A","A","A","A","A","A","A","A","A","A","A","A","A","A","A","A","A","A","A","A","A","A","A","A","A","A","A","A","A","A","A","A","A","A","A","A","A","A","A","A","A","A","A","A","A","A","A","A","A","A","A","A","A","A","A","A","A","A","A","A","A","A","A","A","A","A","A","A","A","A","A","A","A","A","A","A","A","A","A","A","A","A","A","A","A","A","A","A","A","A","A","A","A","A","A","A","A","A","A","A","A","A","A","A","A","A","A","A","A","A","A","A","A","A","A","A","A","A","A","A","A","A","A","A","A","A","A","A","A","A","A","A","A","A","A","A","A","A","A","A","A","A","A","A","A","A","A","A","A","A","A","A","A","A","A","A","A","A","A","A","A","A","A","A","A","A","A","A","A","A","A","A","A","A","A","A","A","A","A","A","A","A","A","A","A","A","A","A","A","A","A","A","A","A","A","A","A","A","A","A","A","A","A","A","A","A","A","A","A","A","A","A","A","A","A","A","A","A","A","A","A","A","A","A","A","A","A","A","A","A","A","A","A","A","A","A","A","A","A","A","A","A","A","A","A","A","A","A","A","A","A","A","A","A","A","A","A","A","A","A","A","A","A","A","A","A","A","A","A","A","A","A","A","A","A","A","A","A","A","A","A","A","A","A","A","A","A","A","A","A","A","A","A","A","A","A","A","A","A","A","A","A","A","A","A","A","A","A","A","A","A","A","A","A","A","A","A","A","A","A","A","A","A","A","A","A","A","A","A","A","A","A","A","A","A","A","A","A","A","A","A"],
  "atom_plddts": [45.15,46.78,41.04,40.01,48.02,48.74,50.14,49.44,53.09,53.08,51.3,50.18,50.84,48.8,46.22,45.43,44.95,44.06,42.46,43.96,47.21,51.71,47.45,48.67,52.23,54.93,55.45,57.98,56.73,55.91,56.02,56.16,56.01,56.73,56.31,57.12,57.46,57.3,56.45,56.32,56.82,56.75,57.76,56.75,54.53,55.18,56.97,58.29,58.14,60.55,58.85,57.73,58.09,58.22,58.27,59.05,59.39,59.74,60.56,60.44,59.89,59.51,59.58,59.32,60.19,56.71,55.17,55.5,56.64,57.94,57.66,59.7,58.31,57.13,57.43,57.1,57.3,58.0,58.19,58.45,59.44,59.44,58.86,58.23,58.25,57.78,58.62,48.3,46.19,45.12,47.98,47.46,47.24,44.84,48.0,46.8,46.42,44.35,45.43,43.4,41.7,41.24,40.55,39.86,38.74,40.08,42.52,48.15,43.68,42.86,48.35,48.85,49.15,47.37,51.09,50.07,49.5,47.87,49.66,47.82,45.46,44.8,44.18,43.47,41.97,43.57,46.47,50.01,44.87,43.91,50.29,50.84,51.97,50.86,54.15,53.07,52.63,50.94,52.65,51.07,48.79,48.11,47.67,46.86,45.12,46.77,49.57,54.49,50.02,50.91,54.56,56.86,57.13,59.12,58.9,57.66,58.29,57.05,57.62,57.79,57.36,57.7,58.26,58.12,56.87,56.92,57.54,56.99,58.51,57.71,55.03,55.64,57.88,59.7,59.54,61.71,60.25,59.17,59.68,59.83,59.72,60.46,60.96,61.25,62.08,61.96,61.35,61.04,61.15,60.93,61.6,56.73,55.86,55.81,56.08,56.99,56.71,58.01,56.85,55.55,56.13,55.27,55.81,56.36,56.99,57.13,58.15,58.21,57.64,56.96,56.92,56.24,57.17,47.06,45.6,44.76,46.75,45.84,45.27,42.3,46.58,45.28,44.44,42.23,43.04,40.57,38.11,37.17,36.54,35.82,34.75,36.41,38.93,42.63,38.17,36.93,43.07,43.48,44.06,42.46,46.64,45.35,44.99,43.15,44.73,43.17,40.39,39.98,39.68,38.83,37.65,38.71,41.33,52.47,48.94,50.35,53.05,55.53,56.08,58.27,57.15,56.11,56.43,56.61,56.4,57.04,56.91,57.44,57.79,57.61,57.02,56.81,57.26,57.12,57.91,57.7,55.53,55.82,57.76,59.34,58.92,61.04,59.46,58.33,59.06,59.28,59.06,59.8,60.33,60.72,61.42,61.32,60.86,60.44,60.55,60.4,60.97,56.76,55.7,55.76,56.14,56.81,56.28,57.36,56.05,55.07,55.6,54.78,55.42,55.82,56.4,56.49,57.4,57.4,56.97,56.31,56.34,55.87,56.65,48.72,47.08,46.28,48.51,47.29,47.01,44.79,47.61,46.09,45.51,43.74,44.79,42.85,41.8,41.37,40.88,40.28,39.22,40.29,42.23,45.44,41.54,40.83,45.85,45.89,46.23,44.79,48.36,46.92,46.44,45.01,46.84,45.3,43.14,42.8,42.38,41.67,40.49,41.5,43.86,46.39,41.95,40.95,46.74,47.06,48.22,46.59,49.75,48.42,48.1,46.26,48.08,46.47,44.05,43.63,43.22,42.34,40.97,42.19,44.8,52.28,48.35,49.77,52.53,55.42,55.97,58.3,57.41,56.12,56.52,56.5,56.28,56.96,56.45,57.08,57.8,57.62,56.88,56.43,56.73,56.67,57.74,56.9,54.48,55.23,57.02,58.73,58.77,61.08,59.54,58.51,59.07,58.84,58.71,59.47,59.76,60.13,61.02,60.89,60.32,59.83,59.9,59.75,60.52,57.72,56.22,56.38,56.48,57.07,57.09,58.04,57.03,55.98,56.54,54.95,56.07,56.16,56.82,56.97,57.94,58.03,57.24,56.64,56.69,56.05,57.2],
  "contact_probs": [[1.0,0.79,0.13,0.01,0.01,0.02,0.02,0.05,0.04,0.05,0.08,0.2,0.32,0.14,0.05,0.04,0.13,0.23,0.42,0.16,0.05],[0.79,1.0,0.99,0.22,0.02,0.04,0.05,0.14,0.15,0.12,0.05,0.2,0.23,0.19,0.09,0.03,0.11,0.19,0.41,0.5,0.19],[0.13,0.99,1.0,0.99,0.16,0.27,0.23,0.45,0.34,0.21,0.03,0.15,0.1,0.06,0.07,0.02,0.05,0.08,0.18,0.35,0.47],[0.01,0.22,0.99,1.0,0.57,0.56,0.46,0.57,0.63,0.23,0.03,0.08,0.04,0.07,0.06,0.02,0.02,0.03,0.05,0.2,0.26],[0.01,0.02,0.16,0.57,1.0,0.5,0.29,0.11,0.08,0.05,0.02,0.02,0.0,0.01,0.02,0.03,0.02,0.02,0.01,0.03,0.18],[0.02,0.04,0.27,0.56,0.5,1.0,0.64,0.32,0.2,0.07,0.02,0.03,0.01,0.02,0.04,0.03,0.03,0.03,0.02,0.09,0.36],[0.02,0.05,0.23,0.46,0.29,0.64,1.0,0.55,0.19,0.07,0.02,0.03,0.03,0.05,0.09,0.04,0.04,0.04,0.05,0.28,0.57],[0.05,0.14,0.45,0.57,0.11,0.32,0.55,1.0,0.97,0.24,0.06,0.17,0.25,0.17,0.11,0.02,0.03,0.05,0.08,0.17,0.29],[0.04,0.15,0.34,0.63,0.08,0.2,0.19,0.97,1.0,0.97,0.19,0.39,0.65,0.43,0.19,0.02,0.03,0.04,0.07,0.07,0.15],[0.05,0.12,0.21,0.23,0.05,0.07,0.07,0.24,0.97,1.0,0.38,0.48,0.61,0.63,0.22,0.04,0.05,0.05,0.04,0.07,0.07],[0.08,0.05,0.03,0.03,0.02,0.02,0.02,0.06,0.19,0.38,1.0,0.37,0.13,0.05,0.02,0.01,0.01,0.02,0.01,0.01,0.01],[0.2,0.2,0.15,0.08,0.02,0.03,0.03,0.17,0.39,0.48,0.37,1.0,0.62,0.22,0.05,0.02,0.03,0.05,0.06,0.05,0.05],[0.32,0.23,0.1,0.04,0.0,0.01,0.03,0.25,0.65,0.61,0.13,0.62,1.0,0.99,0.16,0.04,0.09,0.17,0.15,0.1,0.07],[0.14,0.19,0.06,0.07,0.01,0.02,0.05,0.17,0.43,0.63,0.05,0.22,0.99,1.0,0.99,0.21,0.33,0.33,0.64,0.31,0.11],[0.05,0.09,0.07,0.06,0.02,0.04,0.09,0.11,0.19,0.22,0.02,0.05,0.16,0.99,1.0,0.49,0.46,0.36,0.54,0.59,0.17],[0.04,0.03,0.02,0.02,0.03,0.03,0.04,0.02,0.02,0.04,0.01,0.02,0.04,0.21,0.49,1.0,0.43,0.26,0.08,0.06,0.04],[0.13,0.11,0.05,0.02,0.02,0.03,0.04,0.03,0.03,0.05,0.01,0.03,0.09,0.33,0.46,0.43,1.0,0.52,0.31,0.2,0.08],[0.23,0.19,0.08,0.03,0.02,0.03,0.04,0.05,0.04,0.05,0.02,0.05,0.17,0.33,0.36,0.26,0.52,1.0,0.54,0.19,0.06],[0.42,0.41,0.18,0.05,0.01,0.02,0.05,0.08,0.07,0.04,0.01,0.06,0.15,0.64,0.54,0.08,0.31,0.54,1.0,0.99,0.2],[0.16,0.5,0.35,0.2,0.03,0.09,0.28,0.17,0.07,0.07,0.01,0.05,0.1,0.31,0.59,0.06,0.2,0.19,0.99,1.0,0.99],[0.05,0.19,0.47,0.26,0.18,0.36,0.57,0.29,0.15,0.07,0.01,0.05,0.07,0.11,0.17,0.04,0.08,0.06,0.2,0.99,1.0]],
  "pae": [[1.6,9.2,11.0,13.4,16.8,14.2,14.1,15.2,12.8,14.8,19.8,17.9,14.9,13.5,11.7,15.2,9.9,15.7,12.2,11.3,11.3],[7.3,1.1,4.5,6.7,11.3,10.2,11.6,10.4,9.8,12.0,16.0,15.0,10.3,10.4,9.0,12.3,11.7,12.7,10.9,8.9,10.0],[7.3,4.5,1.0,4.9,8.9,8.3,10.2,9.1,7.7,9.6,13.8,13.0,8.4,8.1,9.1,11.0,10.6,11.0,8.7,8.2,8.6],[9.1,5.8,3.5,1.0,7.8,8.6,9.7,7.2,7.5,9.1,14.1,13.2,8.1,9.1,9.5,12.6,12.4,12.1,8.6,8.7,8.3],[16.8,14.0,13.8,13.4,1.5,13.1,13.3,14.2,13.7,14.8,17.8,14.2,14.7,16.9,17.0,20.5,18.3,19.5,16.8,16.0,15.4],[15.6,12.6,9.4,9.6,10.7,1.5,9.6,10.7,12.3,15.6,19.0,16.8,15.1,15.8,16.6,19.3,17.5,18.8,16.2,14.9,11.3],[15.2,13.3,10.5,11.9,10.5,8.2,1.5,8.8,9.5,11.6,16.0,14.3,14.3,15.0,15.8,18.0,17.1,17.3,14.1,13.7,10.7],[11.5,10.3,7.9,8.8,10.4,8.7,6.9,1.0,3.2,5.7,12.1,10.8,10.0,8.6,10.5,13.0,12.3,11.7,7.5,8.5,6.9],[11.0,8.4,7.3,8.3,10.7,9.3,6.3,4.0,0.9,3.5,9.5,9.7,7.3,6.4,8.9,10.9,11.0,10.8,6.6,8.6,7.7],[13.2,10.2,8.7,7.8,12.0,11.2,9.7,6.2,3.8,1.0,7.7,8.0,7.5,8.1,10.6,13.3,12.7,12.9,8.2,10.1,9.6],[20.3,19.6,19.1,18.1,18.1,21.5,20.2,14.2,10.9,14.6,1.6,13.1,14.4,16.6,19.1,19.4,20.3,19.5,17.8,18.3,19.1],[17.6,17.0,18.0,17.4,16.6,18.6,19.0,15.0,11.7,10.5,8.5,1.5,12.6,12.7,15.3,16.5,17.9,17.0,16.2,19.0,19.1],[12.6,9.7,8.5,8.1,12.0,11.5,11.9,9.3,7.5,7.7,8.1,7.2,1.0,3.3,7.0,9.7,11.6,12.2,9.4,8.4,10.9],[11.4,7.7,6.9,7.7,10.7,11.0,11.3,7.6,6.3,7.7,10.1,7.0,3.7,0.9,4.4,8.4,9.5,10.8,8.6,8.1,8.8],[11.0,8.9,9.1,9.2,12.8,12.0,12.5,10.4,7.9,8.3,13.4,10.6,5.2,3.9,1.0,6.9,8.4,9.7,8.3,10.8,11.1],[14.1,13.9,14.9,16.4,18.8,17.7,17.7,16.5,13.4,13.5,19.4,17.1,13.9,11.1,9.6,1.4,11.8,9.3,13.1,13.8,16.1],[10.0,12.0,14.7,16.0,18.7,17.1,15.9,16.7,13.8,14.2,18.2,16.5,14.5,13.9,8.2,9.5,1.5,10.6,9.5,10.4,15.6],[12.5,13.6,15.9,17.2,19.1,17.9,17.4,16.6,14.9,15.0,19.9,18.2,15.2,14.2,12.4,8.7,9.7,1.6,10.2,10.3,13.1],[9.2,7.5,8.3,8.9,11.9,10.4,8.8,7.6,7.1,8.6,12.9,12.4,9.3,9.3,8.8,11.0,8.1,7.3,1.1,2.8,5.4],[10.0,8.1,7.0,7.8,11.1,9.9,8.4,7.8,7.2,9.0,12.4,12.0,9.0,8.8,9.8,11.9,10.3,7.5,3.0,0.9,3.2],[10.8,8.1,7.0,7.4,11.4,9.5,8.6,6.9,7.5,8.8,13.5,13.3,9.2,9.6,7.6,12.8,10.7,9.6,4.4,2.9,1.1]],
  "token_chain_ids": ["A","A","A","A","A","A","A","A","A","A","A","A","A","A","A","A","A","A","A","A","A"],
  "token_res_ids": [1,2,3,4,5,6,7,8,9,10,11,12,13,14,15,16,17,18,19,20,21]
}