{
  "atom_chain_ids": ["A","A","A","A","A","A","A","A","A","A","A","A","A","A","A","A","A","A","A","A","A","A","A","A","A","A","A","A","A","A","A","A","A","A","A","A","A","A","A","A","A","A","A","A","A","A","A","A","A","A","A","A","A","A","A","A","A","A","A","A","A","A","A","A","A","A","A","A","A","A","A","A","A","A","A","A","A","A","A","A","A","A","A","A","A","A","A","A","A","A","A","A","A","A","A","A","A","A","A","A","A","A","A","A","A","A","A","A","A","A","A","A","A","A","A","A","A","A","A","A","A","A","A","A","A","A","A","A","A","A","A","A","A","A","A","A","A","A","A","A","A","A","A","A","A","A","A","A","A","A","A","A","A","A","A","A","A","A","A","A","A","A","A","A","A","A","A","A","A","A","A","A","A","A","A","A","A","A","A","A","A","A","A","A","A","A","A","A","A","A","A","A","A","A","A","A","A","A","A","A","A","A","A","A","A","A","A","A","A","A","A","A","A","A","A","A","A","A","A","A","A","A","A","A","A","A","A","A","A","A","A","A","A","A","A","A","A","A","A","A","A","A","A","A","A","A","A","A","A","A","A","A","A","A","A","A","A","A","A","A","A","A","A","A","A","A","A","A","A","A","A","A","A","A","A","A","A","A","A","A","A","A","A","A","A","A","A","A","A","A","A","A","A","A","A","A","A","A","A","A","A","A","A","A","A","A","A","A","A","A","A","A","A","A","A","A","A","A","A"],
  "atom_plddts": [69.45,69.7,65.21,65.49,69.72,73.5,74.73,75.22,75.18,73.98,75.73,75.58,76.16,76.5,75.95,76.82,77.26,76.74,76.45,76.52,76.54,76.66,77.78,68.89,65.73,65.42,69.14,70.27,71.3,72.17,71.82,70.43,71.88,71.38,71.64,71.89,72.02,72.66,73.39,72.92,72.73,72.37,72.15,71.97,73.17,68.55,65.57,65.99,68.78,66.42,68.17,66.0,67.29,66.22,63.49,61.94,63.42,60.74,58.67,57.22,57.09,56.02,54.11,56.04,58.75,66.28,61.72,62.38,66.31,66.32,68.41,69.22,70.16,68.64,68.71,68.5,69.3,68.27,65.63,64.88,65.52,64.81,63.12,64.02,65.93,65.63,61.48,61.54,66.39,68.26,69.44,71.31,70.81,69.36,71.45,71.84,71.14,71.48,71.01,71.79,72.52,72.07,71.67,71.49,71.54,71.73,72.76,67.63,65.27,65.27,67.65,69.06,69.79,70.84,70.06,68.55,70.27,69.94,69.85,70.31,70.27,70.78,71.67,71.5,71.21,70.75,70.55,70.23,71.27,67.06,64.81,65.17,67.46,66.19,67.72,66.19,67.07,66.11,62.93,63.01,63.75,61.64,59.69,58.82,58.37,57.41,55.98,57.45,59.96,65.16,58.3,57.4,65.07,66.75,68.09,69.78,69.97,68.75,69.81,69.0,69.69,69.25,68.97,69.38,69.87,68.71,67.43,68.44,69.18,68.74,70.96,66.26,61.54,61.95,66.61,67.28,68.91,69.71,70.33,69.4,68.37,68.29,69.0,67.97,65.76,65.16,65.66,64.64,63.1,64.05,66.24,69.94,66.07,65.13,71.06,73.3,73.88,74.55,73.75,72.69,74.69,75.21,74.91,75.31,74.98,75.86,76.45,76.06,76.08,75.78,75.62,75.92,76.61,71.13,68.66,67.68,70.92,72.37,73.13,73.78,72.98,71.65,73.22,72.44,73.01,73.23,73.07,73.6,74.42,74.15,74.07,73.51,73.21,72.92,74.17,66.52,63.89,63.8,65.91,64.17,65.23,63.62,64.65,63.51,60.79,59.79,61.15,58.75,57.33,56.33,55.9,54.97,53.29,54.76,57.33,65.44,59.54,59.87,65.09,66.55,68.37,69.97,70.41,69.16,69.31,68.47,69.57,68.92,67.19,66.58,67.39,66.64,64.99,65.7,67.34,68.98,64.51,63.66,70.15,72.76,73.72,74.71,74.09,73.3,75.19,75.59,75.07,75.46,75.15,76.02,76.56,76.13,76.01,75.98,75.94,76.26,76.96,75.17,73.62,72.27,74.74,75.05,75.35,75.49,74.67,73.5,74.76,74.03,75.0,75.23,75.42,75.8,76.73,76.61,76.57,76.21,75.68,75.14,76.27],
  "contact_probs": [[1.0,0.99,0.25,0.44,0.39,0.35,0.18,0.45,0.12,0.04,0.04,0.02,0.05,0.28,0.61],[0.99,1.0,0.59,0.77,0.65,0.29,0.09,0.18,0.06,0.03,0.04,0.04,0.08,0.27,0.34],[0.25,0.59,1.0,0.41,0.15,0.08,0.05,0.03,0.02,0.01,0.03,0.06,0.09,0.05,0.05],[0.44,0.77,0.41,1.0,0.78,0.14,0.02,0.03,0.04,0.03,0.1,0.12,0.25,0.11,0.08],[0.39,0.65,0.15,0.78,1.0,0.99,0.23,0.32,0.08,0.22,0.43,0.08,0.15,0.04,0.04],[0.35,0.29,0.08,0.14,0.99,1.0,0.68,0.85,0.27,0.53,0.33,0.03,0.04,0.04,0.06],[0.18,0.09,0.05,0.02,0.23,0.68,1.0,0.62,0.19,0.11,0.06,0.02,0.03,0.02,0.02],[0.45,0.18,0.03,0.03,0.32,0.85,0.62,1.0,0.79,0.58,0.1,0.02,0.03,0.08,0.23],[0.12,0.06,0.02,0.04,0.08,0.27,0.19,0.79,1.0,0.83,0.15,0.04,0.06,0.28,0.47],[0.04,0.03,0.01,0.03,0.22,0.53,0.11,0.58,0.83,1.0,0.99,0.2,0.56,0.52,0.24],[0.04,0.04,0.03,0.1,0.43,0.33,0.06,0.1,0.15,0.99,1.0,0.66,0.8,0.52,0.11],[0.02,0.04,0.06,0.12,0.08,0.03,0.02,0.02,0.04,0.2,0.66,1.0,0.52,0.19,0.06],[0.05,0.08,0.09,0.25,0.15,0.04,0.03,0.03,0.06,0.56,0.8,0.52,1.0,0.88,0.16],[0.28,0.27,0.05,0.11,0.04,0.04,0.02,0.08,0.28,0.52,0.52,0.19,0.88,1.0,1.0],[0.61,0.34,0.05,0.08,0.04,0.06,0.02,0.23,0.47,0.24,0.11,0.06,0.16,1.0,1.0]],
  "pae": [[1.0,3.4,7.2,5.8,5.4,4.6,9.5,5.7,8.5,6.2,6.6,11.0,8.2,6.4,5.8],[2.5,1.0,5.4,5.5,5.5,5.6,10.4,7.4,8.1,6.3,6.8,10.6,8.0,7.3,5.9],[7.6,7.2,1.5,7.3,8.2,11.4,15.3,13.7,14.1,13.4,13.2,16.3,14.4,12.3,12.4],[6.3,4.9,6.2,1.3,4.3,5.2,10.0,8.6,10.6,8.9,8.9,12.4,10.4,9.3,8.7],[5.2,4.6,6.7,4.2,0.9,2.4,7.1,5.8,7.6,5.0,5.8,10.6,7.3,6.3,7.3],[5.6,5.5,7.9,4.6,2.9,0.9,5.2,4.1,6.8,4.8,5.1,10.3,7.5,6.1,7.0],[12.2,12.7,15.3,14.1,9.2,7.7,1.8,7.9,10.2,11.2,12.1,13.7,13.7,13.5,13.1],[7.3,7.9,12.0,10.1,7.0,3.8,6.2,1.2,4.3,4.7,6.2,11.7,8.4,7.7,6.2],[9.0,9.0,13.1,10.6,8.0,5.7,8.5,4.6,1.4,3.5,5.9,10.9,7.8,8.0,7.6],[6.6,6.5,10.0,8.0,5.9,4.9,7.4,3.7,3.6,0.9,2.2,7.3,5.0,5.4,5.0],[6.0,6.4,10.0,7.2,5.2,4.6,9.8,4.3,4.5,2.4,0.9,5.4,4.3,5.2,6.1],[13.5,13.3,18.1,13.7,11.4,10.3,14.5,12.1,12.3,9.4,8.4,1.6,8.9,11.1,13.4],[8.2,8.7,13.0,9.2,8.7,6.7,10.2,6.9,6.6,5.9,3.6,5.5,1.2,3.7,5.6],[5.1,5.3,10.8,7.8,5.4,5.0,8.7,5.4,5.2,4.4,4.7,6.0,3.5,1.0,2.3],[5.1,5.4,10.1,8.0,5.4,4.8,9.7,5.2,6.2,4.5,4.9,7.8,4.0,2.2,1.0]],
  "token_chain_ids": ["A","A","A","A","A","A","A","A","A","A","A","A","A","A","A"],
  "token_res_ids": [1,2,3,4,5,6,7,8,9,10,11,12,13,14,15]
}