{
  "atom_chain_ids": ["A","A","A","A","A","A","A","A","A","A","A","A","A","A","A","A","A","A","A","A","A","A","A","A","A","A","A","A","A","A","A","A","A","A","A","A","A","A","A","A","A","A","A","A","A","A","A","A","A","A","A","A","A","A","A","A","A","A","A","A","A","A","A","A","A","A","A","A","A","A","A","A","A","A","A","A","A","A","A","A","A","A","A","A","A","A","A","A","A","A","A","A","A","A","A","A","A","A","A","A","A","A","A","A","A","A","A","A","A","A","A","A","A","A","A","A","A","A","A","A","A","A","A","A","A","A","A","A","A","A","A","A","A","A","A","A","A","A","A","A","A","A","A","A","A","A","A","A","A","A","A","A","A","A","A","A","A","A","A","A","A","A","A","A","A","A","A","A","A","A","A","A","A","A","A","A","A","A","A","A","A","A","A","A","A","A","A","A","A","A","A","A","A","A","A","A","A","A","A","A","A","A","A","A","A","A","A","A","A","A","A","A","A","A","A","A","A","A","A","A","A","A","A","A","A","A","A","A","A","A","A","A","A","A","A","A","A","A","A","A","A","A","A","A","A","A","A","A","A","A","A","A","A","A","A","A","A","A","A","A","A","A","A","A","A","A","A","A","A","A","A","A","A","A","A","A","A","A","A","A","A","A","A","A","A","A","A","A","A","A","A","A","A","A","A","A","A","A","A","A","A","A","A","A","A","A","A","A","A","A","A","A","A","A","A","A","A","A","A"],
  "atom_plddts": [70.3,70.7,66.18,66.42,70.8,74.82,76.21,76.6,76.69,75.5,77.18,77.12,77.74,78.01,77.31,78.24,78.6,78.01,77.83,77.93,77.96,78.05,79.12,70.76,67.58,67.21,71.04,72.07,73.24,73.82,73.61,72.19,73.6,73.23,73.63,73.78,73.76,74.49,75.17,74.59,74.56,74.16,73.86,73.73,74.91,70.19,66.97,67.41,70.3,68.1,70.02,68.05,69.25,68.05,65.57,64.18,65.63,63.02,60.92,59.5,59.58,58.46,56.68,58.39,61.04,66.56,61.78,62.28,66.6,66.7,68.92,69.71,70.96,69.39,69.56,69.46,70.11,68.9,66.05,65.35,65.89,65.13,63.49,64.42,66.56,66.84,62.49,62.48,67.62,69.63,70.91,72.59,72.14,70.72,72.95,73.43,72.78,73.08,72.68,73.61,74.27,73.78,73.56,73.36,73.35,73.58,74.48,68.47,65.71,65.7,68.6,70.14,71.14,72.13,71.54,69.98,71.78,71.62,71.55,71.98,71.85,72.53,73.43,73.18,73.05,72.53,72.21,71.99,73.05,69.04,66.59,67.04,69.46,68.18,69.96,68.48,69.49,68.48,65.38,65.7,66.36,64.16,61.96,61.07,60.67,59.59,58.27,59.69,62.33,66.49,59.88,58.98,66.45,68.28,69.77,71.22,71.44,70.14,71.31,70.67,71.32,70.85,70.5,71.03,71.47,70.25,69.22,70.14,70.78,70.37,72.44,67.59,62.78,63.04,67.92,68.62,70.4,71.16,71.83,70.83,69.88,69.81,70.55,69.45,67.07,66.5,67.04,65.93,64.5,65.37,67.65,70.35,66.53,65.66,71.47,73.84,74.49,75.19,74.41,73.34,75.37,75.94,75.65,76.01,75.66,76.62,77.13,76.7,76.81,76.51,76.3,76.58,77.27,71.83,69.21,68.16,71.52,72.78,73.78,74.35,73.71,72.24,73.78,72.92,73.62,73.74,73.61,74.24,75.09,74.72,74.73,74.12,73.69,73.34,74.74,69.65,66.91,66.81,68.89,67.07,68.42,66.61,67.57,66.26,63.47,62.43,63.91,61.29,59.62,58.46,58.15,57.04,55.4,56.85,59.59,66.14,60.37,60.59,65.74,67.45,69.35,70.93,71.49,70.13,70.46,69.68,70.62,69.82,67.89,67.32,68.03,67.21,65.63,66.33,68.19,69.27,64.8,63.95,70.42,73.02,74.05,75.03,74.47,73.63,75.48,75.92,75.43,75.78,75.47,76.38,76.9,76.44,76.36,76.3,76.23,76.54,77.26,76.01,74.29,72.91,75.52,75.88,76.35,76.41,75.7,74.45,75.66,74.96,76.02,76.21,76.4,76.9,77.82,77.64,77.72,77.32,76.69,76.18,77.32],
  "contact_probs": [[1.0,0.99,0.25,0.44,0.39,0.35,0.18,0.45,0.12,0.04,0.04,0.02,0.05,0.28,0.61],[0.99,1.0,0.59,0.77,0.65,0.29,0.09,0.18,0.06,0.03,0.04,0.04,0.08,0.27,0.34],[0.25,0.59,1.0,0.41,0.15,0.08,0.05,0.03,0.02,0.01,0.03,0.06,0.09,0.05,0.05],[0.44,0.77,0.41,1.0,0.78,0.14,0.02,0.03,0.04,0.03,0.1,0.12,0.25,0.11,0.08],[0.39,0.65,0.15,0.78,1.0,0.99,0.23,0.32,0.08,0.22,0.43,0.08,0.15,0.04,0.04],[0.35,0.29,0.08,0.14,0.99,1.0,0.68,0.85,0.27,0.53,0.33,0.03,0.04,0.04,0.06],[0.18,0.09,0.05,0.02,0.23,0.68,1.0,0.62,0.19,0.11,0.06,0.02,0.03,0.02,0.02],[0.45,0.18,0.03,0.03,0.32,0.85,0.62,1.0,0.79,0.58,0.1,0.02,0.03,0.08,0.23],[0.12,0.06,0.02,0.04,0.08,0.27,0.19,0.79,1.0,0.83,0.15,0.04,0.06,0.28,0.47],[0.04,0.03,0.01,0.03,0.22,0.53,0.11,0.58,0.83,1.0,0.99,0.2,0.56,0.52,0.24],[0.04,0.04,0.03,0.1,0.43,0.33,0.06,0.1,0.15,0.99,1.0,0.66,0.8,0.52,0.11],[0.02,0.04,0.06,0.12,0.08,0.03,0.02,0.02,0.04,0.2,0.66,1.0,0.52,0.19,0.06],[0.05,0.08,0.09,0.25,0.15,0.04,0.03,0.03,0.06,0.56,0.8,0.52,1.0,0.88,0.16],[0.28,0.27,0.05,0.11,0.04,0.04,0.02,0.08,0.28,0.52,0.52,0.19,0.88,1.0,1.0],[0.61,0.34,0.05,0.08,0.04,0.06,0.02,0.23,0.47,0.24,0.11,0.06,0.16,1.0,1.0]],
  "pae": [[1.0,2.9,6.6,5.7,5.2,4.5,8.9,5.5,7.5,6.1,6.4,10.5,7.8,6.3,5.8],[2.4,1.0,5.2,5.3,5.3,5.5,10.2,6.9,7.4,6.2,6.7,10.2,7.9,6.8,5.9],[7.2,5.7,1.5,7.2,7.8,10.5,14.5,12.4,12.7,12.6,11.5,15.1,12.9,11.8,10.8],[5.9,4.4,6.0,1.3,4.2,5.2,9.3,8.0,9.8,7.9,7.9,11.7,7.9,8.3,8.2],[5.4,4.5,6.5,4.3,0.9,2.3,6.9,5.6,7.0,4.9,5.3,9.5,6.6,5.7,6.8],[5.8,5.5,8.0,4.8,2.8,0.9,4.8,3.8,6.1,4.6,4.7,9.9,7.1,5.7,6.5],[11.9,12.0,14.3,13.8,8.7,7.0,1.8,7.4,10.2,10.7,10.6,13.0,12.9,12.8,12.3],[7.1,7.1,10.5,8.9,6.7,3.6,6.0,1.2,4.1,4.3,6.0,10.6,8.1,7.1,5.7],[7.7,7.5,10.5,9.8,6.8,5.2,7.5,3.9,1.3,3.4,5.6,9.8,7.5,7.2,6.6],[6.3,6.3,9.1,7.5,5.3,5.0,6.6,3.5,3.5,0.9,2.3,6.7,5.0,5.1,4.7],[6.5,6.5,9.5,7.2,5.2,4.8,9.2,4.2,4.6,2.5,0.9,4.9,4.4,5.2,6.1],[13.1,12.1,17.1,13.2,10.9,9.8,13.9,11.5,12.4,8.5,7.3,1.6,7.8,10.2,12.5],[8.6,8.2,11.6,8.6,8.2,6.6,9.4,6.9,6.8,5.7,3.7,5.2,1.2,3.6,5.7],[4.9,5.0,9.9,7.4,5.2,4.8,8.7,5.3,4.9,4.3,4.5,5.6,3.5,0.9,2.3],[5.1,5.1,9.3,7.8,5.2,4.8,9.2,5.0,5.8,4.6,4.9,7.4,4.0,2.2,1.0]],
  "token_chain_ids": ["A","A","A","A","A","A","A","A","A","A","A","A","A","A","A"],
  "token_res_ids": [1,2,3,4,5,6,7,8,9,10,11,12,13,14,15]
}