{
  "atom_chain_ids": ["A","A","A","A","A","A","A","A","A","A","A","A","A","A","A","A","A","A","A","A","A","A","A","A","A","A","A","A","A","A","A","A","A","A","A","A","A","A","A","A","A","A","A","A","A","A","A","A","A","A","A","A","A","A","A","A","A","A","A","A","A","A","A","A","A","A","A","A","A","A","A","A","A","A","A","A","A","A","A","A","A","A","A","A","A","A","A","A","A","A","A","A","A","A","A","A","A","A","A","A","A","A","A","A","A","A","A","A","A","A","A","A","A","A","A","A","A","A","A","A","A","A","A","A","A","A","A","A","A","A","A","A","A","A","A","A","A","A","A","A","A","A","A","A","A","A","A","A","A","A","A","A","A","A","A","A","A","A","A","A","A","A","A","A","A","A","A","A","A","A","A","A","A","A","A","A","A","A","A","A","A","A","A","A","A","A","A","A","A","A","A","A","A","A","A","A","A","A","A","A","A","A","A","A","A","A","A","A","A","A","A","A","A","A","A","A","A","A","A","A","A","A","A","A","A","A","A","A","A","A","A","A","A","A","A","A","A","A","A","A","A","A","A","A","A","A","A","A","A","A","A","A","A","A","A","A","A","A","A","A","A","A","A","A","A","A","A","A","A","A","A","A","A","A","A","A","A","A","A","A","A","A","A","A","A","A","A","A","A","A","A","A","A","A","A","A","A","A","A","A","A","A","A","A","A","A","A","A","A","A","A","A","A","A","A","A","A","A","A"],
  "atom_plddts": [67.65,68.13,63.33,63.75,67.97,71.86,73.31,74.07,74.02,72.74,74.46,74.29,74.83,75.19,74.79,75.71,76.23,75.7,75.34,75.33,75.33,75.52,76.76,68.52,65.27,64.97,68.82,70.17,71.33,72.29,72.03,70.61,72.18,71.96,72.01,72.29,72.34,73.15,73.85,73.29,73.18,72.82,72.56,72.51,73.69,66.76,63.81,64.3,67.17,65.09,66.81,64.31,66.16,64.94,62.11,60.98,62.02,59.16,56.84,55.53,55.1,54.0,52.25,54.21,57.15,65.8,60.89,61.55,66.03,66.25,68.57,69.49,70.63,69.1,69.26,69.12,69.85,68.7,65.91,65.21,65.78,65.03,63.34,64.31,66.36,67.31,63.26,63.16,68.05,69.9,71.08,72.62,72.16,70.71,72.74,73.05,72.69,72.98,72.47,73.27,74.01,73.51,73.24,73.0,72.97,73.1,74.12,68.4,65.88,66.04,68.54,70.16,71.09,72.04,71.32,69.75,71.71,71.53,71.37,71.78,71.83,72.51,73.29,73.09,72.98,72.52,72.27,72.01,72.95,69.4,67.01,67.35,69.57,68.31,70.21,68.93,69.77,68.77,65.94,66.08,66.83,64.85,62.86,62.01,61.76,60.67,59.39,60.68,63.13,67.77,62.23,61.3,67.5,68.76,69.84,71.03,71.17,69.88,70.69,69.78,70.74,70.2,69.75,70.14,70.59,69.38,68.28,69.15,69.8,69.03,71.25,67.07,62.5,62.73,67.32,68.03,69.91,70.54,71.3,70.27,69.05,68.81,69.64,68.4,65.89,65.15,65.59,64.41,62.85,63.91,66.37,70.85,66.88,65.82,72.0,74.11,74.6,75.17,74.44,73.47,75.55,76.14,75.87,76.26,75.98,76.93,77.46,77.05,77.19,76.91,76.7,76.99,77.58,72.85,70.32,69.32,72.62,74.1,74.99,75.53,74.79,73.45,75.01,74.33,75.02,75.17,75.0,75.6,76.36,76.03,76.11,75.57,75.18,74.89,76.1,71.28,68.51,68.27,70.33,68.23,69.7,68.47,69.07,67.93,65.44,64.28,66.25,63.99,62.62,61.54,61.55,60.44,58.84,60.05,62.49,67.47,61.79,61.96,67.0,68.57,70.3,71.88,72.38,71.02,71.2,70.29,71.57,70.87,68.87,68.25,69.12,68.31,66.78,67.35,69.08,69.84,65.56,64.52,70.71,73.07,74.05,75.05,74.51,73.66,75.51,75.85,75.38,75.75,75.5,76.39,76.9,76.44,76.35,76.31,76.24,76.47,77.23,74.12,72.23,70.88,73.66,74.39,74.8,75.12,74.23,73.05,74.45,73.87,74.55,74.87,75.2,75.71,76.66,76.54,76.59,76.15,75.57,75.13,76.19],
  "contact_probs": [[1.0,0.99,0.25,0.44,0.39,0.35,0.18,0.45,0.12,0.04,0.04,0.02,0.05,0.28,0.61],[0.99,1.0,0.59,0.77,0.65,0.29,0.09,0.18,0.06,0.03,0.04,0.04,0.08,0.27,0.34],[0.25,0.59,1.0,0.41,0.15,0.08,0.05,0.03,0.02,0.01,0.03,0.06,0.09,0.05,0.05],[0.44,0.77,0.41,1.0,0.78,0.14,0.02,0.03,0.04,0.03,0.1,0.12,0.25,0.11,0.08],[0.39,0.65,0.15,0.78,1.0,0.99,0.23,0.32,0.08,0.22,0.43,0.08,0.15,0.04,0.04],[0.35,0.29,0.08,0.14,0.99,1.0,0.68,0.85,0.27,0.53,0.33,0.03,0.04,0.04,0.06],[0.18,0.09,0.05,0.02,0.23,0.68,1.0,0.62,0.19,0.11,0.06,0.02,0.03,0.02,0.02],[0.45,0.18,0.03,0.03,0.32,0.85,0.62,1.0,0.79,0.58,0.1,0.02,0.03,0.08,0.23],[0.12,0.06,0.02,0.04,0.08,0.27,0.19,0.79,1.0,0.83,0.15,0.04,0.06,0.28,0.47],[0.04,0.03,0.01,0.03,0.22,0.53,0.11,0.58,0.83,1.0,0.99,0.2,0.56,0.52,0.24],[0.04,0.04,0.03,0.1,0.43,0.33,0.06,0.1,0.15,0.99,1.0,0.66,0.8,0.52,0.11],[0.02,0.04,0.06,0.12,0.08,0.03,0.02,0.02,0.04,0.2,0.66,1.0,0.52,0.19,0.06],[0.05,0.08,0.09,0.25,0.15,0.04,0.03,0.03,0.06,0.56,0.8,0.52,1.0,0.88,0.16],[0.28,0.27,0.05,0.11,0.04,0.04,0.02,0.08,0.28,0.52,0.52,0.19,0.88,1.0,1.0],[0.61,0.34,0.05,0.08,0.04,0.06,0.02,0.23,0.47,0.24,0.11,0.06,0.16,1.0,1.0]],
  "pae": [[1.0,3.2,7.5,5.5,5.0,4.4,7.1,6.3,7.7,6.0,7.1,10.4,8.6,6.5,5.9],[2.4,1.0,5.2,5.3,5.0,5.0,8.7,7.9,7.3,5.8,6.6,9.6,7.6,6.6,6.0],[7.9,7.7,1.6,6.9,8.2,11.7,14.3,14.8,13.9,13.9,13.5,15.6,14.9,12.0,12.9],[6.4,4.3,6.6,1.4,3.6,5.3,9.0,9.5,10.2,9.1,9.6,11.4,10.4,9.0,8.9],[5.5,4.2,6.8,3.9,0.9,2.3,6.7,6.2,7.3,5.0,5.9,9.3,8.0,5.9,7.2],[5.6,4.8,7.9,4.2,2.9,0.9,4.5,4.5,5.9,4.9,4.9,9.3,7.2,5.6,6.2],[11.4,10.6,14.0,11.6,7.9,5.5,1.4,4.5,6.2,7.8,11.0,12.9,10.7,10.1,10.1],[7.7,7.9,12.1,9.8,7.7,4.2,3.4,1.1,4.6,4.4,6.6,10.9,9.0,7.2,6.4],[9.0,8.4,12.7,10.4,7.7,5.4,5.2,4.4,1.4,3.6,6.1,9.4,8.0,6.7,6.9],[6.3,5.6,10.4,7.9,5.5,5.3,6.1,3.7,3.4,0.9,2.1,6.6,4.7,4.6,4.5],[6.3,5.9,10.4,7.0,5.3,4.8,7.2,4.2,4.0,2.2,0.9,4.2,4.1,4.5,5.8],[12.7,11.6,16.9,12.3,11.0,10.3,12.3,11.9,10.7,8.6,6.5,1.5,6.1,6.7,11.3],[8.6,8.3,13.2,9.0,8.9,6.9,8.7,7.4,6.6,5.9,3.5,4.1,1.2,3.5,5.1],[5.4,5.0,10.8,8.0,5.7,5.0,7.0,5.5,4.9,4.5,4.4,5.2,3.2,1.0,2.0],[5.4,5.1,10.0,8.0,5.3,4.7,7.0,4.9,5.4,4.3,4.9,6.9,3.9,2.2,1.0]],
  "token_chain_ids": ["A","A","A","A","A","A","A","A","A","A","A","A","A","A","A"],
  "token_res_ids": [1,2,3,4,5,6,7,8,9,10,11,12,13,14,15]
}