{
  "atom_chain_ids": ["A","A","A","A","A","A","A","A","A","A","A","A","A","A","A","A","A","A","A","A","A","A","A","A","A","A","A","A","A","A","A","A","A","A","A","A","A","A","A","A","A","A","A","A","A","A","A","A","A","A","A","A","A","A","A","A","A","A","A","A","A","A","A","A","A","A","A","A","A","A","A","A","A","A","A","A","A","A","A","A","A","A","A","A","A","A","A","A","A","A","A","A","A","A","A","A","A","A","A","A","A","A","A","A","A","A","A","A","A","A","A","A","A","A","A","A","A","A","A","A","A","A","A","A","A","A","A","A","A","A","A","A","A","A","A","A","A","A","A","A","A","A","A","A","A","A","A","A","A","A","A","A","A","A","A","A","A","A","A","A","A","A","A","A","A","A","A","A","A","A","A","A","A","A","A","A","A","A","A","A","A","A","A","A","A","A","A","A","A","A","A","A","A","A","A","A","A","A","A","A","A","A","A","A","A","A","A","A","A","A","A","A","A","A","A","A","A","A","A","A","A","A","A","A","A","A","A","A","A","A","A","A","A","A","A","A","A","A","A","A","A","A","A","A","A","A","A","A","A","A","A","A","A","A","A","A","A","A","A","A","A","A","A","A","A","A","A","A","A","A","A","A","A","A","A","A","A","A","A","A","A","A","A","A","A","A","A","A","A","A","A","A","A","A","A","A","A","A","A","A","A","A","A","A","A","A","A","A","A","A","A","A","A","A","A","A","A","A","A"],
  "atom_plddts": [69.46,69.73,65.78,65.96,69.62,73.12,73.96,74.42,74.26,73.06,74.81,74.57,75.09,75.47,74.99,75.73,76.2,75.76,75.4,75.49,75.51,75.52,76.68,68.35,65.37,64.94,68.36,69.31,70.01,71.07,70.55,69.21,70.61,70.0,70.25,70.58,70.89,71.46,72.22,71.81,71.54,71.2,71.02,70.78,71.94,67.58,64.71,65.09,67.84,65.5,67.15,64.79,66.23,65.18,62.35,60.8,62.06,59.24,57.11,55.64,55.3,54.22,52.32,54.4,57.24,65.0,60.31,60.98,65.13,65.28,67.41,68.23,69.17,67.68,67.67,67.44,68.19,67.12,64.56,63.81,64.38,63.66,61.94,62.91,64.81,66.24,62.16,62.17,67.2,69.15,70.16,71.9,71.35,69.99,72.14,72.57,71.93,72.28,71.61,72.37,73.1,72.64,72.26,72.1,72.19,72.46,73.4,68.49,66.42,66.34,68.56,69.92,70.38,71.34,70.44,69.02,71.01,70.83,70.58,71.03,70.99,71.55,72.25,72.08,71.85,71.5,71.37,71.12,71.96,67.36,65.11,65.21,67.59,66.21,67.69,65.86,67.12,66.15,62.94,63.06,63.71,61.39,59.39,58.55,57.86,56.91,55.46,57.08,59.8,65.8,59.31,58.39,65.59,67.13,68.24,69.78,69.82,68.59,69.51,68.49,69.27,68.86,68.59,68.85,69.39,68.3,66.95,67.9,68.62,67.99,70.25,67.1,62.33,62.67,67.34,67.96,69.7,70.47,70.87,69.95,68.97,68.69,69.63,68.65,66.54,65.84,66.51,65.46,63.89,64.83,66.91,69.9,66.08,65.17,71.04,73.06,73.52,74.16,73.35,72.37,74.44,74.98,74.67,75.13,74.79,75.64,76.25,75.9,75.88,75.62,75.48,75.82,76.43,71.5,69.3,68.32,71.24,72.31,72.78,73.4,72.52,71.28,72.79,72.04,72.78,73.08,73.05,73.52,74.39,74.18,74.11,73.5,73.18,72.93,73.99,67.81,65.35,65.29,67.19,65.28,66.38,64.9,65.69,64.57,61.88,60.64,62.29,59.94,58.53,57.39,57.17,56.24,54.44,55.89,58.36,65.64,59.9,60.15,65.26,66.45,68.17,69.71,70.03,68.87,68.85,67.92,69.23,68.68,67.05,66.42,67.32,66.6,64.91,65.62,67.1,68.57,64.07,63.39,69.87,72.72,73.73,74.71,74.14,73.32,75.22,75.63,75.14,75.56,75.08,75.91,76.46,76.05,75.89,75.88,75.89,76.26,76.95,74.03,72.83,71.58,73.59,74.03,74.13,74.38,73.43,72.28,73.59,72.97,73.76,74.1,74.38,74.72,75.68,75.64,75.59,75.16,74.64,74.12,75.15],
  "contact_probs": [[1.0,0.99,0.25,0.44,0.39,0.35,0.18,0.45,0.12,0.04,0.04,0.02,0.05,0.28,0.61],[0.99,1.0,0.59,0.77,0.65,0.29,0.09,0.18,0.06,0.03,0.04,0.04,0.08,0.27,0.34],[0.25,0.59,1.0,0.41,0.15,0.08,0.05,0.03,0.02,0.01,0.03,0.06,0.09,0.05,0.05],[0.44,0.77,0.41,1.0,0.78,0.14,0.02,0.03,0.04,0.03,0.1,0.12,0.25,0.11,0.08],[0.39,0.65,0.15,0.78,1.0,0.99,0.23,0.32,0.08,0.22,0.43,0.08,0.15,0.04,0.04],[0.35,0.29,0.08,0.14,0.99,1.0,0.68,0.85,0.27,0.53,0.33,0.03,0.04,0.04,0.06],[0.18,0.09,0.05,0.02,0.23,0.68,1.0,0.62,0.19,0.11,0.06,0.02,0.03,0.02,0.02],[0.45,0.18,0.03,0.03,0.32,0.85,0.62,1.0,0.79,0.58,0.1,0.02,0.03,0.08,0.23],[0.12,0.06,0.02,0.04,0.08,0.27,0.19,0.79,1.0,0.83,0.15,0.04,0.06,0.28,0.47],[0.04,0.03,0.01,0.03,0.22,0.53,0.11,0.58,0.83,1.0,0.99,0.2,0.56,0.52,0.24],[0.04,0.04,0.03,0.1,0.43,0.33,0.06,0.1,0.15,0.99,1.0,0.66,0.8,0.52,0.11],[0.02,0.04,0.06,0.12,0.08,0.03,0.02,0.02,0.04,0.2,0.66,1.0,0.52,0.19,0.06],[0.05,0.08,0.09,0.25,0.15,0.04,0.03,0.03,0.06,0.56,0.8,0.52,1.0,0.88,0.16],[0.28,0.27,0.05,0.11,0.04,0.04,0.02,0.08,0.28,0.52,0.52,0.19,0.88,1.0,1.0],[0.61,0.34,0.05,0.08,0.04,0.06,0.02,0.23,0.47,0.24,0.11,0.06,0.16,1.0,1.0]],
  "pae": [[1.0,3.3,7.6,6.1,5.4,4.8,8.2,5.1,7.7,6.1,6.9,11.2,8.8,6.6,5.7],[2.6,1.0,6.0,5.7,5.4,5.4,9.6,6.7,7.8,6.1,7.1,10.2,8.4,7.4,5.7],[8.8,7.4,1.6,7.3,8.2,12.1,15.2,13.8,14.4,14.5,14.1,16.9,15.1,13.6,14.4],[7.1,5.1,6.6,1.4,4.8,5.6,10.3,9.3,10.3,9.1,10.0,13.1,11.6,10.3,9.9],[5.6,4.7,7.0,4.2,0.9,2.4,6.6,5.4,7.5,4.5,6.1,10.8,7.8,6.4,7.2],[5.7,5.6,7.9,4.6,2.6,0.9,4.6,4.2,6.2,5.1,5.3,9.8,7.3,5.5,6.0],[11.4,11.7,14.3,12.6,7.6,6.4,1.6,6.8,8.2,10.2,10.0,12.8,12.1,13.0,11.3],[6.8,7.1,11.4,9.4,6.3,3.8,5.1,1.2,4.2,4.4,6.3,11.4,8.7,7.4,5.9],[7.9,8.8,12.3,10.3,7.3,5.3,6.6,4.0,1.4,3.1,5.3,10.3,8.4,7.5,6.6],[6.0,6.3,9.9,8.2,5.6,4.7,6.7,3.7,3.3,1.0,2.3,7.4,5.6,5.2,4.8],[6.3,6.6,10.1,7.6,5.4,4.7,7.7,4.5,4.7,2.1,0.9,5.4,5.2,5.1,6.1],[13.4,13.3,17.5,13.2,12.1,11.6,14.4,13.2,12.2,10.0,8.0,1.6,8.3,8.7,12.6],[8.5,8.5,13.4,9.0,8.4,7.0,10.1,7.6,7.4,6.2,4.6,5.6,1.3,3.3,5.5],[5.3,5.6,10.9,8.1,5.5,4.7,8.5,5.3,5.0,4.1,4.1,5.7,3.3,1.0,2.0],[5.2,5.6,11.2,8.7,5.8,4.5,8.4,4.6,5.1,4.1,5.0,7.5,4.1,2.2,1.1]],
  "token_chain_ids": ["A","A","A","A","A","A","A","A","A","A","A","A","A","A","A"],
  "token_res_ids": [1,2,3,4,5,6,7,8,9,10,11,12,13,14,15]
}