{
  "atom_chain_ids": ["A","A","A","A","A","A","A","A","A","A","A","A","A","A","A","A","A","A","A","A","A","A","A","A","A","A","A","A","A","A","A","A","A","A","A","A","A","A","A","A","A","A","A","A","A","A","A","A","A","A","A","A","A","A","A","A","A","A","A","A","A","A","A","A","A","A","A","A","A","A","A","A","A","A","A","A","A","A","A","A","A","A","A","A","A","A","A","A","A","A","A","A","A","A","A","A","A","A","A","A","A","A","A","A","A","A","A","A","A","A","A","A","A","A","A","A","A","A","A","A","A","A","A","A","A","A","A","A","A","A","A","A","A","A","A","A","A","A","A","A","A","A","A","A","A","A","A","A","A","A","A","A","A","A","A","A","A","A","A","A","A","A","A","A","A","A","A","A","A","A","A","A","A","A","A","A","A","A","A","A","A","A","A","A","A","A","A","A","A","A","A","A","A","A","A","A","A","A","A","A","A","A","A","A","A","A","A","A","A","A","A","A","A","A","A","A","A","A","A","A","A","A","A","A","A","A","A","A","A","A","A","A","A","A","A","A","A","A","A","A","A","A","A","A","A","A","A","A","A","A","A","A","A","A","A","A","A","A","A","A","A","A","A","A","A","A","A","A","A","A","A","A","A","A","A","A","A","A","A","A","A","A","A","A","A","A","A","A","A","A","A","A","A","A","A","A","A","A","A","A","A","A","A","A","A","A","A","A","A","A","A","A","A","A","A","A","A","A","A","A","A","A","A","A","A","A","A","A","A","A","A","A","A","A","A","A","A","A","A","A","A","A","A","A","A","A","A","A","A","A","A","A","A","A","A","A","A","A","A","A","A","A","A","A","A","A","A","A","A","A","A","A","A","A","A","A","A","A","A","A","A","A","A","A","A","A","A","A","A","A","A","A","A","A","A","A","A","A","A","A","A","A","A","A","A","A","A","A","A","A","A","A","A","A","A","A","A","A","A","A","A","A","A","A","A","A","A","A","A","A","A","A","A","A","A","A","A","A","A","A","A","A","A","A","A","A","A","A","A","A","A","A","A","A","A","A","A","A","A","A","A","A","A","A","A","A","A","A","A","A","A","A","A","A","A","A","A","A","A","A","A","A","A","A","A","A"],
  "atom_plddts": [56.54,58.49,52.29,53.47,58.24,61.72,63.84,65.5,65.75,64.09,64.65,64.48,65.17,65.03,64.91,65.28,65.87,65.4,64.06,64.07,64.67,65.17,67.35,60.3,57.68,58.5,60.91,61.54,62.87,65.0,63.73,62.26,63.33,64.49,64.19,65.08,65.13,65.9,66.63,66.48,66.05,65.56,65.57,65.6,66.46,62.69,61.73,61.85,62.34,61.55,62.36,63.52,62.57,61.22,61.5,61.96,62.24,62.74,63.5,64.12,64.88,64.77,64.38,63.7,63.61,63.13,64.11,58.1,56.69,56.77,57.58,55.98,56.94,56.32,57.0,55.35,54.31,54.78,55.86,54.69,55.23,56.14,55.81,55.05,54.61,54.51,55.51,53.87,55.77,52.06,48.82,49.71,53.03,52.92,53.88,54.73,55.14,54.35,52.53,53.51,53.31,52.13,50.24,49.99,49.55,49.12,47.94,49.0,53.22,47.86,48.36,54.15,53.35,54.71,57.31,56.84,55.97,55.05,55.94,56.55,56.1,55.2,55.17,55.27,54.9,53.64,54.36,57.68,52.62,53.15,58.03,58.53,59.45,61.93,61.48,59.88,60.3,61.5,61.74,62.01,61.57,62.49,63.03,62.46,61.71,61.58,62.17,61.91,63.13,63.08,60.38,60.7,63.41,64.03,65.4,67.11,66.26,64.85,65.92,66.56,66.2,66.84,66.65,67.26,68.1,67.92,67.38,66.95,67.02,66.87,67.89,63.0,62.04,61.94,62.39,61.58,62.65,63.84,62.7,61.19,61.4,61.73,62.18,62.58,63.51,64.14,64.83,64.68,64.36,63.65,63.57,63.1,64.01,61.76,59.84,59.85,61.05,59.68,60.38,60.36,60.41,58.77,58.37,58.43,59.37,58.63,59.26,59.96,59.81,59.14,58.54,58.6,59.42,58.18,59.81,54.73,51.29,51.89,55.61,55.86,56.57,57.82,57.63,56.76,55.21,56.7,56.16,55.16,53.86,53.71,53.19,52.96,51.82,52.98,57.92,52.04,52.54,59.33,59.11,60.66,62.58,62.51,61.13,59.79,60.01,60.92,59.67,58.11,57.38,57.42,56.69,54.93,56.5,60.3,55.17,55.3,60.53,60.98,61.99,64.27,63.9,62.3,62.67,63.07,63.66,63.77,63.33,63.96,64.63,64.08,63.15,63.26,63.78,63.35,64.96,63.78,61.44,61.46,63.69,63.6,64.77,66.51,65.3,63.84,64.66,65.16,65.38,66.01,66.04,66.53,67.55,67.53,66.95,66.46,66.36,65.98,67.04,63.15,61.72,61.57,62.74,61.73,62.81,64.13,63.06,61.91,62.24,62.69,63.05,63.53,64.14,64.93,65.55,65.42,65.06,64.42,64.3,63.98,64.86,61.78,60.42,60.87,61.09,59.64,60.12,60.4,59.87,58.58,58.1,58.81,59.77,59.5,60.56,61.39,61.47,61.09,60.79,60.42,60.74,59.81,60.96,55.78,53.77,54.3,56.0,55.68,55.99,57.04,57.42,56.48,55.01,56.0,55.85,54.31,51.89,51.47,50.85,50.52,49.43,50.73,52.91,47.42,47.51,53.99,53.85,55.09,56.45,57.01,56.09,54.5,54.18,55.15,53.6,51.35,50.6,50.1,49.21,47.45,49.35,60.18,54.59,54.6,60.41,61.37,62.03,64.49,64.43,62.91,63.52,63.88,64.3,64.49,63.92,64.62,65.24,64.62,63.59,63.79,64.31,64.16,65.86,62.88,61.15,61.08,62.67,62.72,63.53,65.18,63.97,62.61,63.43,64.14,64.03,64.75,65.32,66.06,66.9,66.91,66.39,65.85,65.74,65.39,66.34,61.54,60.72,60.45,60.91,59.86,60.77,62.19,60.9,59.86,59.96,60.42,60.74,61.29,62.22,63.07,63.68,63.67,63.31,62.64,62.48,62.01,62.84,56.65,54.94,54.92,55.96,55.1,55.26,55.7,55.33,54.12,53.78,54.02,55.03,54.54,55.47,56.42,56.14,55.67,55.04,54.95,55.53,54.61,55.91,54.94,54.49,55.35,55.01,54.39,54.57,54.88,54.69,53.59,52.04,53.52,53.39,52.0,51.6,51.58,50.85,50.63,49.69,50.72],
  "contact_probs": [[1.0,1.0,0.16,0.0,0.01,0.03,0.1,0.25,0.39,0.32,0.16,0.34,0.12,0.04,0.02,0.0,0.0,0.05,0.39,0.61,0.39,0.08,0.03],[1.0,1.0,1.0,0.14,0.03,0.32,0.35,0.39,0.54,0.23,0.04,0.09,0.06,0.06,0.04,0.01,0.0,0.07,0.2,0.34,0.6,0.31,0.04],[0.16,1.0,1.0,0.91,0.24,0.55,0.51,0.59,0.3,0.09,0.01,0.02,0.01,0.03,0.06,0.02,0.03,0.16,0.15,0.22,0.28,0.45,0.13],[0.0,0.14,0.91,1.0,0.41,0.32,0.19,0.27,0.27,0.06,0.02,0.01,0.0,0.01,0.03,0.08,0.1,0.14,0.04,0.09,0.2,0.27,0.23],[0.01,0.03,0.24,0.41,1.0,0.5,0.14,0.02,0.01,0.01,0.01,0.01,0.0,0.01,0.05,0.19,0.11,0.09,0.02,0.03,0.1,0.17,0.16],[0.03,0.32,0.55,0.32,0.5,1.0,0.71,0.23,0.03,0.01,0.01,0.01,0.03,0.12,0.32,0.37,0.08,0.1,0.06,0.11,0.26,0.24,0.1],[0.1,0.35,0.51,0.19,0.14,0.71,1.0,0.98,0.19,0.01,0.01,0.07,0.23,0.34,0.24,0.1,0.02,0.05,0.03,0.05,0.03,0.02,0.01],[0.25,0.39,0.59,0.27,0.02,0.23,0.98,1.0,0.99,0.19,0.03,0.32,0.53,0.36,0.16,0.07,0.0,0.02,0.03,0.04,0.04,0.01,0.01],[0.39,0.54,0.3,0.27,0.01,0.03,0.19,0.99,1.0,0.93,0.18,0.43,0.44,0.25,0.2,0.08,0.01,0.02,0.02,0.04,0.06,0.04,0.02],[0.32,0.23,0.09,0.06,0.01,0.01,0.01,0.19,0.93,1.0,0.45,0.36,0.15,0.14,0.16,0.06,0.02,0.03,0.01,0.01,0.03,0.08,0.07],[0.16,0.04,0.01,0.02,0.01,0.01,0.01,0.03,0.18,0.45,1.0,0.48,0.15,0.02,0.01,0.01,0.01,0.02,0.01,0.02,0.03,0.12,0.09],[0.34,0.09,0.02,0.01,0.01,0.01,0.07,0.32,0.43,0.36,0.48,1.0,0.79,0.2,0.01,0.01,0.0,0.02,0.11,0.13,0.16,0.13,0.07],[0.12,0.06,0.01,0.0,0.0,0.03,0.23,0.53,0.44,0.15,0.15,0.79,1.0,0.98,0.08,0.0,0.0,0.07,0.26,0.21,0.14,0.04,0.01],[0.04,0.06,0.03,0.01,0.01,0.12,0.34,0.36,0.25,0.14,0.02,0.2,0.98,1.0,0.99,0.08,0.01,0.27,0.56,0.31,0.24,0.09,0.01],[0.02,0.04,0.06,0.03,0.05,0.32,0.24,0.16,0.2,0.16,0.01,0.01,0.08,0.99,1.0,0.97,0.1,0.32,0.54,0.65,0.23,0.16,0.04],[0.0,0.01,0.02,0.08,0.19,0.37,0.1,0.07,0.08,0.06,0.01,0.01,0.0,0.08,0.97,1.0,0.3,0.29,0.15,0.45,0.5,0.3,0.12],[0.0,0.0,0.03,0.1,0.11,0.08,0.02,0.0,0.01,0.02,0.01,0.0,0.0,0.01,0.1,0.3,1.0,0.38,0.07,0.02,0.01,0.01,0.03],[0.05,0.07,0.16,0.14,0.09,0.1,0.05,0.02,0.02,0.03,0.02,0.02,0.07,0.27,0.32,0.29,0.38,1.0,0.55,0.18,0.03,0.01,0.02],[0.39,0.2,0.15,0.04,0.02,0.06,0.03,0.03,0.02,0.01,0.01,0.11,0.26,0.56,0.54,0.15,0.07,0.55,1.0,0.97,0.11,0.01,0.01],[0.61,0.34,0.22,0.09,0.03,0.11,0.05,0.04,0.04,0.01,0.02,0.13,0.21,0.31,0.65,0.45,0.02,0.18,0.97,1.0,0.99,0.16,0.02],[0.39,0.6,0.28,0.2,0.1,0.26,0.03,0.04,0.06,0.03,0.03,0.16,0.14,0.24,0.23,0.5,0.01,0.03,0.11,0.99,1.0,0.98,0.27],[0.08,0.31,0.45,0.27,0.17,0.24,0.02,0.01,0.04,0.08,0.12,0.13,0.04,0.09,0.16,0.3,0.01,0.01,0.01,0.16,0.98,1.0,0.67],[0.03,0.04,0.13,0.23,0.16,0.1,0.01,0.01,0.02,0.07,0.09,0.07,0.01,0.01,0.04,0.12,0.03,0.02,0.01,0.02,0.27,0.67,1.0]],
  "pae": [[1.0,2.4,4.7,6.9,10.9,11.1,10.4,8.6,7.5,7.3,10.7,8.8,7.4,6.9,8.2,9.6,14.7,12.3,8.6,7.8,8.1,10.0,12.1],[2.6,0.9,2.6,5.4,9.7,9.9,8.9,6.7,7.0,7.7,10.4,8.5,7.5,6.1,6.3,8.4,12.8,12.1,8.8,7.1,8.1,9.9,10.6],[3.7,2.5,0.9,5.0,9.7,9.5,7.8,7.1,7.1,8.6,10.9,8.9,7.2,6.5,7.2,7.9,13.4,12.2,8.7,7.6,8.0,9.9,11.0],[8.5,6.6,5.6,1.1,7.3,8.1,8.5,9.0,10.0,12.4,15.7,13.0,12.6,12.7,12.0,12.0,18.0,15.7,12.6,11.7,10.5,11.0,10.9],[13.3,11.9,9.8,8.4,1.5,10.3,10.9,12.2,13.7,14.8,17.8,16.4,17.0,16.1,15.9,14.9,20.8,18.5,17.8,16.9,15.9,16.0,11.0],[12.6,11.1,11.7,10.8,7.3,1.5,6.5,8.7,11.1,12.8,15.6,15.0,14.5,13.0,10.9,9.9,17.7,15.3,13.6,12.8,12.6,12.7,11.7],[9.3,7.8,7.8,9.8,7.6,6.8,1.1,3.1,5.7,7.0,12.2,11.4,10.0,8.7,8.2,8.6,15.1,12.5,10.2,10.4,9.1,10.2,11.6],[6.7,5.9,7.0,9.5,9.6,5.7,3.0,0.9,2.3,3.8,8.9,8.9,7.4,7.2,7.1,8.8,13.0,11.6,7.8,6.6,6.8,8.0,10.8],[7.7,6.6,7.9,11.0,11.4,7.3,5.1,3.2,1.0,3.3,9.1,8.5,7.8,7.5,9.1,10.5,14.2,12.8,8.3,8.2,8.6,10.1,12.6],[10.1,9.2,10.0,12.8,14.1,10.0,8.0,5.4,4.7,1.1,8.4,7.5,7.7,10.1,12.0,12.7,16.8,15.6,13.2,12.0,12.5,13.7,15.7],[12.9,13.6,15.5,17.3,18.8,15.5,14.9,13.9,9.9,6.9,1.6,9.4,11.1,14.0,16.1,16.1,20.3,18.3,16.8,16.9,18.1,18.8,20.3],[11.1,11.7,14.4,15.9,17.5,15.0,13.9,10.9,10.8,7.8,8.0,1.5,4.8,7.3,10.7,12.6,16.8,15.5,12.8,12.7,14.3,16.8,17.6],[8.2,7.8,9.2,11.7,14.8,11.6,9.6,8.1,8.5,7.9,8.2,5.3,1.1,2.9,5.4,6.5,12.5,12.2,10.2,9.1,11.7,11.7,14.0],[7.0,6.0,7.0,9.6,12.6,10.1,7.9,7.0,7.8,8.1,10.0,4.8,2.9,1.0,2.3,3.6,10.1,10.9,8.0,6.5,8.9,10.4,12.7],[6.5,6.2,6.9,9.7,12.9,9.7,7.6,7.3,8.0,9.4,10.6,6.1,3.9,2.8,0.9,2.4,9.8,9.9,7.7,6.3,7.6,9.4,11.7],[8.3,8.3,9.9,12.8,15.3,11.8,8.6,9.3,10.3,11.4,12.2,9.1,6.8,4.5,3.2,1.0,9.5,10.2,8.6,7.6,8.7,10.7,15.1],[18.3,18.2,19.0,19.2,21.4,17.7,17.3,17.9,18.5,19.0,20.1,17.3,17.2,12.5,9.9,12.4,1.8,10.3,13.2,15.4,17.2,18.1,18.6],[15.8,16.3,16.9,18.0,19.2,16.3,17.2,16.7,16.6,17.7,17.7,16.8,15.9,12.8,12.8,11.1,10.6,1.8,10.7,11.4,15.4,17.7,18.8],[8.8,9.4,11.4,13.3,15.6,12.0,8.5,8.6,8.5,9.8,12.5,10.5,9.0,6.4,6.1,6.5,11.5,8.0,1.1,2.9,6.1,7.2,11.2],[6.4,6.1,7.8,10.9,11.8,9.2,6.8,5.9,6.5,7.7,11.0,9.5,8.1,6.6,6.2,6.7,11.0,7.0,2.5,0.9,2.5,4.1,8.4],[7.1,6.9,8.3,10.7,10.9,9.7,7.3,7.1,7.9,9.8,12.3,10.5,8.8,7.6,6.8,7.9,12.0,8.0,4.4,2.4,0.9,3.0,6.2],[10.1,9.4,9.8,11.9,14.9,12.6,9.2,9.6,11.2,13.6,14.6,12.9,11.9,9.6,9.0,10.2,14.1,11.1,6.9,4.3,3.7,1.0,5.3],[13.0,12.6,12.3,10.8,12.8,13.3,11.3,12.1,13.4,15.9,18.3,16.1,15.2,13.0,11.8,12.3,17.8,14.9,10.9,10.8,7.2,8.0,2.0]],
  "token_chain_ids": ["A","A","A","A","A","A","A","A","A","A","A","A","A","A","A","A","A","A","A","A","A","A","A"],
  "token_res_ids": [1,2,3,4,5,6,7,8,9,10,11,12,13,14,15,16,17,18,19,20,21,22,23]
}