{
  "atom_chain_ids": ["A","A","A","A","A","A","A","A","A","A","A","A","A","A","A","A","A","A","A","A","A","A","A","A","A","A","A","A","A","A","A","A","A","A","A","A","A","A","A","A","A","A","A","A","A","A","A","A","A","A","A","A","A","A","A","A","A","A","A","A","A","A","A","A","A","A","A","A","A","A","A","A","A","A","A","A","A","A","A","A","A","A","A","A","A","A","A","A","A","A","A","A","A","A","A","A","A","A","A","A","A","A","A","A","A","A","A","A","A","A","A","A","A","A","A","A","A","A","A","A","A","A","A","A","A","A","A","A","A","A","A","A","A","A","A","A","A","A","A","A","A","A","A","A","A","A","A","A","A","A","A","A","A","A","A","A","A","A","A","A","A","A","A","A","A","A","A","A","A","A","A","A","A","A","A","A","A","A","A","A","A","A","A","A","A","A","A","A","A","A","A","A","A","A","A","A","A","A","A","A","A","A","A","A","A","A","A","A","A","A","A","A","A","A","A","A","A","A","A","A","A","A","A","A","A","A","A","A","A","A","A","A","A","A","A","A","A","A","A","A","A","A","A","A","A","A","A","A","A","A","A","A","A","A","A","A","A","A","A","A","A","A","A","A","A","A","A","A","A","A","A","A","A","A","A","A","A","A","A","A","A","A","A","A","A","A","A","A","A","A","A","A","A","A","A","A","A","A","A","A","A","A","A","A","A","A","A","A","A","A","A","A","A","A","A","A","A","A","A","A","A","A","A","A","A","A","A","A","A","A","A","A","A","A","A","A","A","A","A","A","A","A","A","A","A","A","A","A","A","A","A","A","A","A","A","A","A","A","A","A","A","A","A","A","A","A","A","A","A","A","A","A","A","A","A","A","A","A","A","A","A","A","A","A","A","A","A","A","A","A","A","A","A","A","A","A","A","A","A","A","A","A","A","A","A","A","A","A","A","A","A","A","A","A","A","A","A","A","A","A","A","A","A","A","A","A","A","A","A","A","A","A","A","A","A","A","A","A","A","A","A","A","A","A","A","A","A","A","A","A","A","A","A","A","A","A","A","A","A","A","A","A","A","A","A","A","A","A","A","A","A","A","A","A","A","A","A","A","A","A","A","A","A","A","A","A"],
  "atom_plddts": [47.38,48.65,43.9,44.31,49.38,51.31,53.73,54.84,54.0,52.82,52.09,53.21,53.22,52.89,52.91,53.21,53.67,53.31,52.49,51.97,52.88,53.55,54.88,54.89,52.26,53.39,55.58,56.55,57.81,60.04,58.66,57.37,57.92,59.35,58.72,59.57,59.7,60.35,61.03,60.83,60.53,59.98,60.06,60.12,60.74,53.73,52.42,53.07,53.64,53.5,54.62,55.89,55.24,53.93,54.01,54.76,54.84,55.36,55.91,56.61,57.17,56.98,56.75,56.09,56.05,55.74,56.45,50.71,48.95,48.66,50.12,49.15,50.19,49.44,50.42,48.82,48.32,48.89,49.53,48.58,48.96,50.07,49.69,49.16,48.87,48.54,49.5,48.29,49.67,46.51,43.24,43.52,46.96,47.26,48.71,49.23,50.28,49.39,47.88,48.59,48.25,47.35,45.19,45.21,44.87,44.6,43.71,44.4,47.57,43.07,43.07,48.09,47.4,48.89,50.6,50.92,50.18,49.37,50.2,50.55,50.13,49.01,49.29,49.21,49.06,48.08,48.49,54.48,50.04,50.56,54.85,55.36,56.16,58.56,57.89,56.47,56.48,57.65,57.82,57.94,57.42,58.39,58.77,58.24,57.64,57.32,57.9,57.54,58.68,57.21,54.78,55.35,57.58,58.15,59.48,61.58,60.41,59.12,59.65,60.61,59.94,60.61,60.62,61.15,62.06,61.88,61.44,60.82,60.87,60.72,61.57,55.57,55.08,55.25,55.04,54.35,55.35,56.64,55.59,54.24,54.37,54.83,55.15,55.64,56.47,57.17,57.68,57.52,57.38,56.64,56.55,56.2,56.88,53.71,51.73,51.55,52.85,51.88,52.74,52.11,52.84,51.21,50.69,51.2,51.83,51.02,51.65,52.81,52.25,51.65,51.26,51.13,52.14,51.16,52.39,50.36,47.09,47.59,50.98,51.56,52.52,53.8,53.71,52.88,51.55,52.81,52.19,51.56,49.99,50.05,49.53,49.34,48.32,49.21,50.03,45.19,45.27,50.9,50.87,52.25,53.73,54.34,53.28,51.73,51.83,52.59,51.55,49.61,49.28,48.97,48.35,46.95,48.18,54.15,48.99,49.2,54.54,55.48,56.65,58.91,58.18,56.82,56.95,58.13,58.23,58.49,58.23,59.11,59.38,58.9,58.12,58.14,58.76,58.5,59.66,58.57,56.47,56.81,58.67,59.18,60.21,62.44,60.84,59.54,60.1,61.08,60.78,61.49,61.55,62.1,63.04,62.98,62.53,61.89,61.81,61.56,62.4,55.32,54.25,54.58,55.14,54.64,55.77,57.19,56.04,54.94,55.11,55.91,55.95,56.53,56.95,57.76,58.24,58.09,57.95,57.23,57.13,56.95,57.52,52.19,50.39,50.65,51.63,50.84,51.57,51.46,51.38,49.95,49.52,50.66,51.14,50.83,51.71,52.98,52.67,52.31,52.19,51.65,52.11,51.52,52.36,47.07,44.25,44.59,46.96,47.37,48.39,49.5,49.96,49.04,47.99,48.67,48.55,47.97,45.66,45.71,45.35,45.13,44.31,44.9,46.74,42.08,41.85,47.25,47.09,48.59,49.83,50.93,50.24,48.83,48.78,49.77,48.85,46.56,46.47,46.05,45.45,44.21,45.25,54.52,49.94,50.26,54.82,56.03,56.65,58.79,58.05,56.71,56.73,57.66,57.87,58.02,57.55,58.46,58.63,58.08,57.35,57.29,57.89,57.65,58.91,58.26,56.59,56.78,58.15,59.06,59.62,61.51,59.87,58.78,59.35,60.31,59.84,60.55,61.12,61.73,62.41,62.33,61.94,61.41,61.41,61.2,61.86,54.24,53.61,53.99,53.8,53.35,54.15,55.45,54.2,53.22,53.38,54.04,54.23,54.87,55.55,56.33,56.81,56.71,56.61,55.91,55.74,55.47,56.02,48.82,46.79,47.02,48.41,48.54,49.1,49.19,49.08,47.96,47.78,48.15,48.93,48.66,48.98,50.07,49.71,49.31,48.96,48.58,49.14,48.71,49.67,42.9,41.36,41.56,42.99,42.97,44.23,44.43,45.47,44.51,43.72,44.22,44.1,43.21,41.85,41.9,41.7,41.56,40.8,41.43],
  "contact_probs": [[1.0,1.0,0.16,0.0,0.01,0.03,0.1,0.25,0.39,0.32,0.16,0.34,0.12,0.04,0.02,0.0,0.0,0.05,0.39,0.61,0.39,0.08,0.03],[1.0,1.0,1.0,0.14,0.03,0.32,0.35,0.39,0.54,0.23,0.04,0.09,0.06,0.06,0.04,0.01,0.0,0.07,0.2,0.34,0.6,0.31,0.04],[0.16,1.0,1.0,0.91,0.24,0.55,0.51,0.59,0.3,0.09,0.01,0.02,0.01,0.03,0.06,0.02,0.03,0.16,0.15,0.22,0.28,0.45,0.13],[0.0,0.14,0.91,1.0,0.41,0.32,0.19,0.27,0.27,0.06,0.02,0.01,0.0,0.01,0.03,0.08,0.1,0.14,0.04,0.09,0.2,0.27,0.23],[0.01,0.03,0.24,0.41,1.0,0.5,0.14,0.02,0.01,0.01,0.01,0.01,0.0,0.01,0.05,0.19,0.11,0.09,0.02,0.03,0.1,0.17,0.16],[0.03,0.32,0.55,0.32,0.5,1.0,0.71,0.23,0.03,0.01,0.01,0.01,0.03,0.12,0.32,0.37,0.08,0.1,0.06,0.11,0.26,0.24,0.1],[0.1,0.35,0.51,0.19,0.14,0.71,1.0,0.98,0.19,0.01,0.01,0.07,0.23,0.34,0.24,0.1,0.02,0.05,0.03,0.05,0.03,0.02,0.01],[0.25,0.39,0.59,0.27,0.02,0.23,0.98,1.0,0.99,0.19,0.03,0.32,0.53,0.36,0.16,0.07,0.0,0.02,0.03,0.04,0.04,0.01,0.01],[0.39,0.54,0.3,0.27,0.01,0.03,0.19,0.99,1.0,0.93,0.18,0.43,0.44,0.25,0.2,0.08,0.01,0.02,0.02,0.04,0.06,0.04,0.02],[0.32,0.23,0.09,0.06,0.01,0.01,0.01,0.19,0.93,1.0,0.45,0.36,0.15,0.14,0.16,0.06,0.02,0.03,0.01,0.01,0.03,0.08,0.07],[0.16,0.04,0.01,0.02,0.01,0.01,0.01,0.03,0.18,0.45,1.0,0.48,0.15,0.02,0.01,0.01,0.01,0.02,0.01,0.02,0.03,0.12,0.09],[0.34,0.09,0.02,0.01,0.01,0.01,0.07,0.32,0.43,0.36,0.48,1.0,0.79,0.2,0.01,0.01,0.0,0.02,0.11,0.13,0.16,0.13,0.07],[0.12,0.06,0.01,0.0,0.0,0.03,0.23,0.53,0.44,0.15,0.15,0.79,1.0,0.98,0.08,0.0,0.0,0.07,0.26,0.21,0.14,0.04,0.01],[0.04,0.06,0.03,0.01,0.01,0.12,0.34,0.36,0.25,0.14,0.02,0.2,0.98,1.0,0.99,0.08,0.01,0.27,0.56,0.31,0.24,0.09,0.01],[0.02,0.04,0.06,0.03,0.05,0.32,0.24,0.16,0.2,0.16,0.01,0.01,0.08,0.99,1.0,0.97,0.1,0.32,0.54,0.65,0.23,0.16,0.04],[0.0,0.01,0.02,0.08,0.19,0.37,0.1,0.07,0.08,0.06,0.01,0.01,0.0,0.08,0.97,1.0,0.3,0.29,0.15,0.45,0.5,0.3,0.12],[0.0,0.0,0.03,0.1,0.11,0.08,0.02,0.0,0.01,0.02,0.01,0.0,0.0,0.01,0.1,0.3,1.0,0.38,0.07,0.02,0.01,0.01,0.03],[0.05,0.07,0.16,0.14,0.09,0.1,0.05,0.02,0.02,0.03,0.02,0.02,0.07,0.27,0.32,0.29,0.38,1.0,0.55,0.18,0.03,0.01,0.02],[0.39,0.2,0.15,0.04,0.02,0.06,0.03,0.03,0.02,0.01,0.01,0.11,0.26,0.56,0.54,0.15,0.07,0.55,1.0,0.97,0.11,0.01,0.01],[0.61,0.34,0.22,0.09,0.03,0.11,0.05,0.04,0.04,0.01,0.02,0.13,0.21,0.31,0.65,0.45,0.02,0.18,0.97,1.0,0.99,0.16,0.02],[0.39,0.6,0.28,0.2,0.1,0.26,0.03,0.04,0.06,0.03,0.03,0.16,0.14,0.24,0.23,0.5,0.01,0.03,0.11,0.99,1.0,0.98,0.27],[0.08,0.31,0.45,0.27,0.17,0.24,0.02,0.01,0.04,0.08,0.12,0.13,0.04,0.09,0.16,0.3,0.01,0.01,0.01,0.16,0.98,1.0,0.67],[0.03,0.04,0.13,0.23,0.16,0.1,0.01,0.01,0.02,0.07,0.09,0.07,0.01,0.01,0.04,0.12,0.03,0.02,0.01,0.02,0.27,0.67,1.0]],
  "pae": [[1.1,4.3,7.0,8.6,14.3,13.6,13.0,11.8,11.2,13.6,15.1,12.2,10.3,10.3,10.9,12.9,18.3,18.8,14.2,13.4,13.2,10.7,19.5],[3.3,0.9,4.1,7.0,12.1,11.4,9.4,8.9,10.1,12.6,14.7,12.2,9.0,7.0,7.1,9.4,14.7,13.9,11.9,8.7,10.1,12.0,18.0],[5.4,3.7,1.0,4.8,10.5,10.6,9.5,9.3,11.5,14.3,14.8,12.4,9.0,7.7,8.0,11.8,16.5,14.5,10.9,9.6,9.9,11.1,17.3],[11.1,7.2,6.0,1.0,10.0,8.7,9.9,11.4,14.1,17.0,17.9,16.1,14.0,13.8,15.2,16.9,20.2,18.4,13.0,13.3,13.2,14.2,20.7],[16.0,14.7,12.9,8.5,1.6,10.8,11.9,15.0,18.2,18.2,20.1,20.1,20.2,19.4,18.6,18.1,19.9,19.1,15.3,17.2,18.3,19.8,22.9],[16.0,14.4,12.7,10.6,12.0,1.5,7.4,9.5,13.5,15.4,17.3,18.1,16.8,15.4,14.7,16.2,19.5,17.2,14.6,15.0,15.6,16.7,21.5],[11.1,7.6,9.4,10.6,11.0,7.8,1.1,3.4,6.1,8.2,12.6,14.5,12.7,11.6,12.6,13.5,16.4,14.1,10.8,10.3,10.8,12.3,18.1],[10.0,8.0,9.3,11.0,13.5,7.5,3.1,0.9,2.8,5.1,10.2,13.1,11.0,9.4,10.0,13.2,14.7,13.8,9.2,7.7,8.9,9.7,16.9],[12.4,9.7,10.9,14.9,15.8,8.8,5.5,3.6,1.0,4.0,8.6,12.4,10.2,10.3,12.2,14.5,16.2,14.5,10.3,9.8,11.2,14.7,20.2],[14.9,11.8,12.6,16.7,17.8,12.5,8.7,5.7,6.1,1.1,9.4,11.1,10.7,13.1,13.7,16.2,18.9,17.0,14.1,13.7,14.5,17.3,22.2],[16.1,15.2,16.9,18.4,20.3,17.3,14.6,12.0,9.2,7.8,1.4,11.7,11.3,13.3,15.8,18.8,20.5,19.5,18.6,17.3,17.8,19.0,21.8],[15.0,15.4,17.5,19.0,20.5,18.2,17.0,14.9,13.3,10.6,8.9,1.5,8.9,9.9,14.3,16.4,18.6,18.4,17.1,16.6,16.7,18.6,22.5],[10.3,8.3,9.6,12.3,16.6,14.4,13.1,10.8,11.3,11.3,10.7,7.2,1.1,3.6,5.8,7.6,12.0,13.8,12.7,11.5,13.0,14.9,20.0],[8.8,6.1,7.8,11.3,15.0,12.9,11.6,9.8,10.3,11.8,12.4,5.9,3.3,0.9,2.5,3.9,9.8,12.8,10.7,9.2,11.4,14.4,18.4],[9.0,7.5,8.5,12.6,16.2,13.4,12.0,10.6,11.4,13.7,12.4,8.3,4.8,3.3,0.9,3.6,11.0,11.6,10.0,10.7,12.3,15.3,18.7],[12.9,10.4,9.7,15.7,19.9,15.1,13.3,12.1,13.6,15.3,15.5,11.7,8.3,5.5,4.7,1.0,8.8,9.8,10.1,12.2,13.5,14.8,20.9],[20.4,20.7,18.8,19.5,21.9,19.0,17.3,17.5,19.0,19.9,20.3,18.0,16.1,11.8,12.0,9.4,1.5,11.4,12.9,15.8,18.8,20.8,22.7],[18.2,16.8,16.4,18.7,21.7,18.4,17.6,16.4,17.3,19.9,20.7,19.5,16.5,14.1,13.3,12.6,8.4,1.5,9.6,12.5,15.9,18.0,19.7],[13.0,9.7,10.8,13.7,17.5,14.5,9.7,8.7,10.6,13.1,15.5,15.6,12.2,10.6,11.3,10.6,12.3,9.5,1.0,3.1,6.3,6.7,14.6],[9.5,7.2,9.0,12.0,15.2,12.9,8.3,7.6,7.8,10.4,14.6,13.9,10.2,9.3,10.4,12.0,13.2,8.6,2.7,0.9,2.6,4.3,12.3],[9.3,8.0,9.0,13.4,14.7,13.4,9.9,9.3,10.5,14.5,18.2,16.4,11.2,11.0,12.1,13.6,14.9,9.9,4.3,2.8,0.9,3.2,12.0],[11.2,12.2,12.2,14.3,18.1,15.6,12.6,11.9,13.9,17.0,18.8,17.6,13.4,13.7,14.3,15.0,17.1,12.5,7.1,4.2,3.4,1.0,10.8],[14.0,15.3,15.2,18.3,22.1,19.2,16.3,16.0,16.2,17.9,20.5,19.1,15.4,15.6,16.4,18.4,20.9,16.7,13.3,13.7,9.3,7.7,2.1]],
  "token_chain_ids": ["A","A","A","A","A","A","A","A","A","A","A","A","A","A","A","A","A","A","A","A","A","A","A"],
  "token_res_ids": [1,2,3,4,5,6,7,8,9,10,11,12,13,14,15,16,17,18,19,20,21,22,23]
}