{
  "atom_chain_ids": ["A","A","A","A","A","A","A","A","A","A","A","A","A","A","A","A","A","A","A","A","A","A","A","A","A","A","A","A","A","A","A","A","A","A","A","A","A","A","A","A","A","A","A","A","A","A","A","A","A","A","A","A","A","A","A","A","A","A","A","A","A","A","A","A","A","A","A","A","A","A","A","A","A","A","A","A","A","A","A","A","A","A","A","A","A","A","A","A","A","A","A","A","A","A","A","A","A","A","A","A","A","A","A","A","A","A","A","A","A","A","A","A","A","A","A","A","A","A","A","A","A","A","A","A","A","A","A","A","A","A","A","A","A","A","A","A","A","A","A","A","A","A","A","A","A","A","A","A","A","A","A","A","A","A","A","A","A","A","A","A","A","A","A","A","A","A","A","A","A","A","A","A","A","A","A","A","A","A","A","A","A","A","A","A","A","A","A","A","A","A","A","A","A","A","A","A","A","A","A","A","A","A","A","A","A","A","A","A","A","A","A","A","A","A","A","A","A","A","A","A","A","A","A","A","A","A","A","A","A","A","A","A","A","A","A","A","A","A","A","A","A","A","A","A","A","A","A","A","A","A","A","A","A","A","A","A","A","A","A","A","A","A","A","A","A","A","A","A","A","A","A","A","A","A","A","A","A","A","A","A","A","A","A","A","A","A","A","A","A","A","A","A","A","A","A","A","A","A","A","A","A","A","A","A","A","A","A","A","A","A","A","A","A","A","A","A","A","A","A","A","A","A","A","A","A","A","A","A","A","A","A","A","A","A","A","A","A","A","A","A","A","A","A","A","A","A","A","A","A","A","A","A","A","A","A","A","A","A","A","A","A","A","A","A","A","A","A","A","A","A","A","A","A","A","A","A","A","A","A","A","A","A","A","A","A","A","A","A","A","A","A","A","A","A","A","A","A","A","A","A","A","A","A","A","A","A","A","A","A","A","A","A","A","A","A","A","A","A","A","A","A","A","A","A","A","A","A","A","A","A","A","A","A","A","A","A","A","A","A","A","A","A","A","A","A","A","A","A","A","A","A","A","A","A","A","A","A","A","A","A","A","A","A","A","A","A","A","A","A","A","A","A","A","A","A","A","A","A","A","A","A","A","A","A","A","A"],
  "atom_plddts": [49.57,50.83,45.51,46.18,51.36,53.68,56.02,57.33,56.81,55.51,55.1,56.26,56.22,55.99,56.24,56.67,57.06,56.71,55.69,55.34,56.22,56.89,58.35,57.26,54.76,55.61,57.83,58.69,60.0,62.26,60.94,59.59,60.37,61.6,61.04,61.85,61.9,62.58,63.28,63.11,62.75,62.19,62.24,62.3,63.01,55.33,53.53,54.14,55.28,55.21,56.36,57.68,57.05,55.72,55.89,56.68,56.68,57.2,57.85,58.6,59.16,58.96,58.65,58.03,58.0,57.73,58.49,54.51,52.95,52.9,53.95,52.64,53.53,52.79,53.68,52.05,51.3,51.84,52.68,51.59,52.11,53.18,52.79,52.19,51.84,51.59,52.51,51.1,52.73,49.65,46.31,46.85,50.26,50.52,51.67,52.31,53.02,52.11,50.45,51.31,50.94,49.83,47.79,47.67,47.27,46.93,45.91,46.78,50.7,45.81,45.95,51.3,50.54,51.91,54.22,54.26,53.5,52.7,53.6,53.92,53.39,52.3,52.41,52.36,52.14,51.01,51.64,56.76,52.14,52.56,56.99,57.57,58.32,60.83,60.25,58.68,58.95,60.01,60.18,60.31,59.75,60.63,61.12,60.53,59.86,59.61,60.19,59.91,61.12,57.17,54.51,55.09,57.54,58.28,59.75,61.81,60.74,59.44,60.11,61.09,60.38,61.04,61.0,61.6,62.42,62.23,61.81,61.22,61.29,61.2,62.03,56.89,56.02,56.16,56.36,55.78,56.89,58.27,57.28,55.9,56.01,56.46,56.76,57.24,58.08,58.8,59.34,59.16,58.96,58.23,58.16,57.8,58.54,54.37,52.12,52.07,53.71,52.86,53.77,53.21,53.91,52.24,51.82,52.37,52.95,52.24,52.85,54.0,53.43,52.82,52.44,52.36,53.34,52.36,53.54,52.85,49.38,50.03,53.65,54.06,54.86,56.15,55.97,55.1,53.58,55.12,54.45,53.69,52.54,52.54,51.93,51.68,50.6,51.65,52.24,47.06,47.23,53.1,53.09,54.46,56.11,56.26,55.08,53.61,53.9,54.67,53.68,52.13,51.77,51.47,50.79,49.33,50.62,53.5,48.56,48.73,53.84,54.56,55.78,57.92,57.29,55.94,55.91,57.02,57.31,57.48,57.19,58.15,58.36,57.84,57.11,57.07,57.7,57.38,58.59,57.65,55.59,55.9,57.72,58.29,59.46,61.68,60.18,58.88,59.43,60.49,60.07,60.79,60.83,61.43,62.3,62.23,61.82,61.18,61.11,60.88,61.69,55.1,53.77,54.08,54.89,54.4,55.7,57.0,56.13,54.96,55.11,55.9,55.86,56.42,56.96,57.83,58.3,58.19,58.0,57.26,57.12,56.91,57.52,54.27,52.61,52.8,53.63,52.67,53.38,53.24,53.21,51.73,51.17,52.39,52.83,52.4,53.43,54.69,54.4,53.99,53.85,53.32,53.76,53.03,53.99,49.28,46.7,47.11,49.25,49.43,50.09,51.18,51.57,50.67,49.47,50.26,50.11,49.33,47.18,47.15,46.71,46.5,45.56,46.31,49.04,44.36,44.32,49.69,49.48,50.75,52.17,53.0,52.28,50.7,50.72,51.69,50.6,48.49,48.27,47.8,47.16,45.79,47.01,56.7,52.04,52.26,56.96,58.09,58.51,60.8,60.3,58.88,59.05,59.88,60.04,60.18,59.69,60.53,60.86,60.3,59.48,59.48,60.03,59.78,61.18,57.83,56.44,56.58,57.66,58.33,58.99,60.83,59.26,58.1,58.63,59.62,59.08,59.81,60.45,61.12,61.8,61.77,61.41,60.79,60.77,60.5,61.14,54.8,54.21,54.5,54.38,53.98,54.9,56.15,55.01,53.99,54.09,54.76,54.89,55.53,56.27,57.09,57.52,57.41,57.3,56.61,56.48,56.16,56.68,51.59,49.9,50.01,50.93,50.79,51.08,51.26,51.02,49.87,49.64,50.12,50.87,50.55,51.22,52.31,51.86,51.48,51.09,50.83,51.44,50.86,51.76,47.18,45.4,46.12,47.58,47.61,48.6,48.95,49.5,48.44,47.2,48.03,47.86,46.79,45.74,45.74,45.28,45.02,44.08,44.99],
  "contact_probs": [[1.0,1.0,0.16,0.0,0.01,0.03,0.1,0.25,0.39,0.32,0.16,0.34,0.12,0.04,0.02,0.0,0.0,0.05,0.39,0.61,0.39,0.08,0.03],[1.0,1.0,1.0,0.14,0.03,0.32,0.35,0.39,0.54,0.23,0.04,0.09,0.06,0.06,0.04,0.01,0.0,0.07,0.2,0.34,0.6,0.31,0.04],[0.16,1.0,1.0,0.91,0.24,0.55,0.51,0.59,0.3,0.09,0.01,0.02,0.01,0.03,0.06,0.02,0.03,0.16,0.15,0.22,0.28,0.45,0.13],[0.0,0.14,0.91,1.0,0.41,0.32,0.19,0.27,0.27,0.06,0.02,0.01,0.0,0.01,0.03,0.08,0.1,0.14,0.04,0.09,0.2,0.27,0.23],[0.01,0.03,0.24,0.41,1.0,0.5,0.14,0.02,0.01,0.01,0.01,0.01,0.0,0.01,0.05,0.19,0.11,0.09,0.02,0.03,0.1,0.17,0.16],[0.03,0.32,0.55,0.32,0.5,1.0,0.71,0.23,0.03,0.01,0.01,0.01,0.03,0.12,0.32,0.37,0.08,0.1,0.06,0.11,0.26,0.24,0.1],[0.1,0.35,0.51,0.19,0.14,0.71,1.0,0.98,0.19,0.01,0.01,0.07,0.23,0.34,0.24,0.1,0.02,0.05,0.03,0.05,0.03,0.02,0.01],[0.25,0.39,0.59,0.27,0.02,0.23,0.98,1.0,0.99,0.19,0.03,0.32,0.53,0.36,0.16,0.07,0.0,0.02,0.03,0.04,0.04,0.01,0.01],[0.39,0.54,0.3,0.27,0.01,0.03,0.19,0.99,1.0,0.93,0.18,0.43,0.44,0.25,0.2,0.08,0.01,0.02,0.02,0.04,0.06,0.04,0.02],[0.32,0.23,0.09,0.06,0.01,0.01,0.01,0.19,0.93,1.0,0.45,0.36,0.15,0.14,0.16,0.06,0.02,0.03,0.01,0.01,0.03,0.08,0.07],[0.16,0.04,0.01,0.02,0.01,0.01,0.01,0.03,0.18,0.45,1.0,0.48,0.15,0.02,0.01,0.01,0.01,0.02,0.01,0.02,0.03,0.12,0.09],[0.34,0.09,0.02,0.01,0.01,0.01,0.07,0.32,0.43,0.36,0.48,1.0,0.79,0.2,0.01,0.01,0.0,0.02,0.11,0.13,0.16,0.13,0.07],[0.12,0.06,0.01,0.0,0.0,0.03,0.23,0.53,0.44,0.15,0.15,0.79,1.0,0.98,0.08,0.0,0.0,0.07,0.26,0.21,0.14,0.04,0.01],[0.04,0.06,0.03,0.01,0.01,0.12,0.34,0.36,0.25,0.14,0.02,0.2,0.98,1.0,0.99,0.08,0.01,0.27,0.56,0.31,0.24,0.09,0.01],[0.02,0.04,0.06,0.03,0.05,0.32,0.24,0.16,0.2,0.16,0.01,0.01,0.08,0.99,1.0,0.97,0.1,0.32,0.54,0.65,0.23,0.16,0.04],[0.0,0.01,0.02,0.08,0.19,0.37,0.1,0.07,0.08,0.06,0.01,0.01,0.0,0.08,0.97,1.0,0.3,0.29,0.15,0.45,0.5,0.3,0.12],[0.0,0.0,0.03,0.1,0.11,0.08,0.02,0.0,0.01,0.02,0.01,0.0,0.0,0.01,0.1,0.3,1.0,0.38,0.07,0.02,0.01,0.01,0.03],[0.05,0.07,0.16,0.14,0.09,0.1,0.05,0.02,0.02,0.03,0.02,0.02,0.07,0.27,0.32,0.29,0.38,1.0,0.55,0.18,0.03,0.01,0.02],[0.39,0.2,0.15,0.04,0.02,0.06,0.03,0.03,0.02,0.01,0.01,0.11,0.26,0.56,0.54,0.15,0.07,0.55,1.0,0.97,0.11,0.01,0.01],[0.61,0.34,0.22,0.09,0.03,0.11,0.05,0.04,0.04,0.01,0.02,0.13,0.21,0.31,0.65,0.45,0.02,0.18,0.97,1.0,0.99,0.16,0.02],[0.39,0.6,0.28,0.2,0.1,0.26,0.03,0.04,0.06,0.03,0.03,0.16,0.14,0.24,0.23,0.5,0.01,0.03,0.11,0.99,1.0,0.98,0.27],[0.08,0.31,0.45,0.27,0.17,0.24,0.02,0.01,0.04,0.08,0.12,0.13,0.04,0.09,0.16,0.3,0.01,0.01,0.01,0.16,0.98,1.0,0.67],[0.03,0.04,0.13,0.23,0.16,0.1,0.01,0.01,0.02,0.07,0.09,0.07,0.01,0.01,0.04,0.12,0.03,0.02,0.01,0.02,0.27,0.67,1.0]],
  "pae": [[1.1,3.5,6.1,8.2,13.8,13.4,11.6,10.6,10.3,12.4,14.3,12.6,10.9,9.8,10.4,13.1,18.0,18.0,13.4,12.3,11.8,10.1,19.7],[3.2,0.9,3.4,6.5,11.7,11.0,8.1,8.8,9.8,11.8,14.0,11.6,9.9,6.9,7.3,9.8,14.9,13.2,11.0,8.5,10.4,12.0,17.0],[4.9,3.8,1.0,5.1,9.8,10.1,8.5,8.8,10.8,13.4,14.6,11.9,9.4,7.4,8.1,11.5,16.3,13.9,9.9,9.4,8.9,11.4,16.7],[9.9,6.7,5.2,1.1,8.8,9.9,10.1,11.7,13.6,16.1,18.6,15.3,14.4,13.8,15.3,16.5,20.3,18.1,12.8,12.1,11.3,13.1,21.2],[15.2,14.6,12.1,11.5,1.6,11.9,12.1,15.3,18.1,18.4,20.1,19.8,20.0,19.1,19.4,18.6,19.1,18.2,15.6,15.8,17.9,18.4,22.6],[14.9,12.1,10.6,12.1,10.1,1.6,6.4,8.2,13.1,14.2,16.5,16.9,15.4,14.5,14.5,15.2,19.0,15.4,13.4,13.7,14.9,15.2,20.4],[9.8,6.9,8.1,11.9,11.0,6.5,1.1,3.4,5.7,7.5,11.8,13.5,12.0,11.0,11.7,12.8,15.9,13.4,9.1,8.5,9.6,11.5,16.0],[10.1,7.9,8.8,12.2,13.3,6.6,3.5,0.9,2.8,5.0,10.2,13.0,11.3,9.3,10.3,13.0,15.1,13.1,7.9,7.3,8.4,9.9,15.5],[11.3,9.4,10.2,14.4,14.9,8.2,5.6,3.7,1.0,3.9,7.9,11.7,10.2,10.1,12.5,14.5,15.8,13.4,9.2,8.7,10.0,12.6,19.3],[13.7,11.2,12.3,16.5,16.4,11.7,8.8,5.8,5.4,1.1,7.6,9.2,10.3,12.9,14.4,15.7,18.3,15.9,12.8,13.3,13.1,15.9,21.6],[15.7,14.1,16.6,17.9,18.8,16.4,13.4,12.0,8.8,7.6,1.4,11.0,10.8,12.9,15.5,18.1,20.0,18.5,17.3,16.8,16.8,17.7,21.1],[14.6,14.7,16.4,17.4,19.1,17.6,16.1,13.9,12.4,10.1,7.6,1.5,6.2,8.6,12.5,14.8,17.7,17.7,15.9,15.2,15.6,17.2,21.9],[11.8,9.8,10.6,13.2,16.0,14.4,13.0,11.1,11.6,11.4,9.0,6.4,1.2,4.5,6.5,8.4,13.0,13.8,12.4,12.9,13.2,14.5,19.5],[9.5,6.8,8.4,11.8,14.6,12.8,11.3,10.3,10.8,11.7,11.7,5.8,3.5,1.0,2.8,4.1,9.8,12.0,10.9,10.0,12.0,14.0,18.3],[9.9,8.5,9.5,12.1,15.9,12.8,11.7,10.9,11.2,13.2,11.9,8.5,5.3,3.8,0.9,3.6,10.1,10.1,10.5,10.7,12.8,14.9,18.5],[11.9,10.3,10.5,16.0,18.2,15.1,12.2,12.1,13.1,14.9,14.6,11.0,7.7,5.1,3.8,1.0,8.7,9.0,10.2,12.1,12.9,14.9,20.2],[20.4,20.2,18.8,19.3,19.4,17.4,16.6,17.3,18.6,19.5,19.9,17.8,16.6,11.7,11.1,9.2,1.5,10.6,13.5,15.9,19.3,20.1,22.6],[18.5,16.6,16.2,18.5,19.9,17.3,17.1,16.9,17.0,19.0,20.3,19.0,16.6,15.1,13.3,12.4,8.5,1.5,9.6,12.5,15.6,17.7,19.4],[12.0,9.7,10.5,13.9,16.0,13.7,9.0,8.8,9.7,11.5,14.8,14.2,11.3,10.4,9.8,11.1,12.6,7.2,1.1,3.2,6.2,6.8,13.5],[9.0,7.5,8.3,11.6,14.4,11.8,7.8,7.7,7.9,10.2,14.3,14.8,11.1,9.6,11.8,13.3,14.1,8.3,3.3,0.9,3.1,4.9,11.7],[8.5,7.8,8.5,11.8,14.0,12.7,9.2,8.7,10.0,12.9,18.0,16.8,12.3,11.6,12.8,14.6,15.6,9.7,4.7,3.2,0.9,3.7,11.8],[10.9,10.1,11.1,13.7,17.1,14.1,10.5,10.4,11.6,15.9,17.8,16.3,13.0,12.6,13.8,15.4,16.5,12.2,7.2,4.4,3.4,1.0,14.4],[14.0,14.2,13.7,15.4,20.4,17.7,15.9,15.3,15.8,16.7,19.7,18.1,15.5,15.4,16.5,18.5,20.2,17.2,13.3,12.9,9.7,6.8,2.0]],
  "token_chain_ids": ["A","A","A","A","A","A","A","A","A","A","A","A","A","A","A","A","A","A","A","A","A","A","A"],
  "token_res_ids": [1,2,3,4,5,6,7,8,9,10,11,12,13,14,15,16,17,18,19,20,21,22,23]
}