{
  "atom_chain_ids": ["A","A","A","A","A","A","A","A","A","A","A","A","A","A","A","A","A","A","A","A","A","A","A","A","A","A","A","A","A","A","A","A","A","A","A","A","A","A","A","A","A","A","A","A","A","A","A","A","A","A","A","A","A","A","A","A","A","A","A","A","A","A","A","A","A","A","A","A","A","A","A","A","A","A","A","A","A","A","A","A","A","A","A","A","A","A","A","A","A","A","A","A","A","A","A","A","A","A","A","A","A","A","A","A","A","A","A","A","A","A","A","A","A","A","A","A","A","A","A","A","A","A","A","A","A","A","A","A","A","A","A","A","A","A","A","A","A","A","A","A","A","A","A","A","A","A","A","A","A","A","A","A","A","A","A","A","A","A","A","A","A","A","A","A","A","A","A","A","A","A","A","A","A","A","A","A","A","A","A","A","A","A","A","A","A","A","A","A","A","A","A","A","A","A","A","A","A","A","A","A","A","A","A","A","A","A","A","A","A","A","A","A","A","A","A","A","A","A","A","A","A","A","A","A","A","A","A","A","A","A","A","A","A","A","A","A","A","A","A","A","A","A","A","A","A","A","A","A","A","A","A","A","A","A","A","A","A","A","A","A","A","A","A","A","A","A","A","A","A","A","A","A","A","A","A","A","A","A","A","A","A","A","A","A","A","A","A","A","A","A","A","A","A","A","A","A","A","A","A","A","A","A","A","A","A","A","A","A","A","A","A","A","A","A","A","A","A","A","A","A","A","A","A","A","A","A","A","A","A","A","A","A","A","A","A","A","A","A","A","A","A","A","A","A","A","A","A","A","A","A","A","A","A","A","A","A","A","A","A","A","A","A","A","A","A","A","A","A","A","A","A","A","A","A","A","A","A","A","A","A","A","A","A","A","A","A","A","A","A","A","A","A","A","A","A","A","A","A","A","A","A","A","A","A","A","A","A","A","A","A","A","A","A","A","A","A","A","A","A","A","A","A","A","A","A","A","A","A","A","A","A","A","A","A","A","A","A","A","A","A","A","A","A","A","A","A","A","A","A","A","A","A","A","A","A","A","A","A","A","A","A","A","A","A","A","A","A","A","A","A","A","A","A","A","A","A","A","A","A","A","A","A","A","A","A","A"],
  "atom_plddts": [56.59,58.73,53.08,54.32,58.39,61.73,63.55,65.11,65.16,63.54,64.02,63.86,64.52,64.41,64.34,64.64,65.23,64.79,63.49,63.46,64.03,64.41,66.5,59.67,57.07,57.83,60.36,60.91,62.38,64.58,63.48,62.04,62.89,64.0,63.59,64.44,64.39,65.14,65.95,65.8,65.33,64.77,64.74,64.75,65.68,59.77,59.29,59.33,59.35,58.53,59.34,60.27,59.38,57.99,57.96,58.45,58.72,59.15,60.09,60.66,61.39,61.27,60.95,60.2,60.12,59.52,60.41,52.2,49.93,49.72,51.82,50.48,51.56,50.58,51.91,50.13,49.37,49.91,50.7,49.46,49.89,50.92,50.55,49.85,49.39,49.23,50.33,48.79,50.53,48.12,44.81,45.3,48.81,49.04,50.34,50.91,52.11,51.32,49.72,50.4,50.02,48.81,46.48,46.27,45.83,45.45,44.34,45.36,49.11,44.18,44.38,49.84,49.14,50.7,52.71,52.74,51.94,51.09,52.0,52.48,52.12,51.04,51.23,51.18,50.93,49.8,50.36,55.88,50.96,51.49,56.27,56.88,57.84,60.32,59.7,58.18,58.44,59.64,59.8,60.0,59.49,60.39,60.84,60.28,59.57,59.39,59.99,59.72,60.91,60.83,58.17,58.55,61.16,61.69,63.1,65.04,64.09,62.74,63.56,64.2,63.75,64.36,64.22,64.77,65.69,65.53,64.97,64.44,64.5,64.32,65.33,60.96,60.29,60.14,60.27,59.31,60.35,61.49,60.41,58.92,59.02,59.37,59.8,60.2,61.26,61.89,62.5,62.36,62.06,61.36,61.3,60.76,61.62,57.93,56.05,55.97,57.19,55.95,56.8,56.34,56.82,55.17,54.71,54.99,55.77,54.94,55.65,56.55,56.09,55.45,54.92,54.99,55.97,54.74,56.19,51.2,47.92,48.25,51.72,52.03,52.82,53.76,54.04,53.09,51.62,52.73,52.24,51.18,49.56,49.45,48.85,48.61,47.51,48.67,53.89,48.15,48.38,55.0,54.97,56.51,58.48,58.58,57.42,56.14,56.56,57.28,56.23,54.66,54.22,54.0,53.37,51.75,53.2,55.47,50.23,50.25,55.77,56.28,57.5,59.81,59.46,58.09,58.17,59.0,59.43,59.5,59.06,59.89,60.22,59.64,58.75,58.86,59.53,59.12,60.62,59.11,56.48,56.89,59.27,59.41,60.51,62.81,61.35,60.05,60.6,61.57,61.36,62.09,62.25,62.84,63.88,63.89,63.34,62.71,62.56,62.26,63.21,60.17,58.54,58.69,59.97,59.18,60.36,61.88,60.77,59.69,59.96,60.63,60.78,61.3,61.86,62.71,63.3,63.19,62.85,62.16,62.05,61.8,62.6,59.51,57.96,58.4,58.94,57.75,58.43,58.73,58.25,56.95,56.41,57.29,58.04,57.76,58.78,59.65,59.64,59.24,58.94,58.57,58.95,58.04,59.19,53.75,51.06,51.52,54.05,54.16,54.69,55.99,56.63,55.73,54.4,55.5,55.11,53.77,51.21,50.87,50.3,50.06,48.97,50.22,53.93,48.64,48.86,55.12,54.84,56.03,57.48,58.04,57.1,55.36,55.22,56.15,54.64,52.55,51.87,51.43,50.61,48.89,50.67,58.53,53.21,53.23,58.75,59.74,60.36,62.73,62.51,61.01,61.37,61.76,62.17,62.24,61.68,62.4,62.88,62.25,61.26,61.38,61.96,61.7,63.39,61.61,60.12,59.99,61.4,61.78,62.58,64.44,63.14,61.93,62.66,63.25,62.95,63.65,64.04,64.7,65.51,65.52,65.02,64.44,64.37,64.05,64.92,60.47,59.67,59.5,59.95,59.24,60.23,61.69,60.33,59.35,59.42,59.74,60.02,60.56,61.34,62.05,62.7,62.65,62.27,61.62,61.48,60.98,61.84,56.6,55.5,55.52,55.96,54.95,54.96,55.28,54.85,53.76,53.32,53.43,54.52,53.98,54.83,55.71,55.45,55.01,54.37,54.26,54.8,53.78,55.16,48.59,47.92,48.63,48.54,48.34,48.87,49.15,49.6,48.6,47.4,48.3,48.07,46.85,45.9,45.85,45.33,45.17,44.28,45.19],
  "contact_probs": [[1.0,1.0,0.16,0.0,0.01,0.03,0.1,0.25,0.39,0.32,0.16,0.34,0.12,0.04,0.02,0.0,0.0,0.05,0.39,0.61,0.39,0.08,0.03],[1.0,1.0,1.0,0.14,0.03,0.32,0.35,0.39,0.54,0.23,0.04,0.09,0.06,0.06,0.04,0.01,0.0,0.07,0.2,0.34,0.6,0.31,0.04],[0.16,1.0,1.0,0.91,0.24,0.55,0.51,0.59,0.3,0.09,0.01,0.02,0.01,0.03,0.06,0.02,0.03,0.16,0.15,0.22,0.28,0.45,0.13],[0.0,0.14,0.91,1.0,0.41,0.32,0.19,0.27,0.27,0.06,0.02,0.01,0.0,0.01,0.03,0.08,0.1,0.14,0.04,0.09,0.2,0.27,0.23],[0.01,0.03,0.24,0.41,1.0,0.5,0.14,0.02,0.01,0.01,0.01,0.01,0.0,0.01,0.05,0.19,0.11,0.09,0.02,0.03,0.1,0.17,0.16],[0.03,0.32,0.55,0.32,0.5,1.0,0.71,0.23,0.03,0.01,0.01,0.01,0.03,0.12,0.32,0.37,0.08,0.1,0.06,0.11,0.26,0.24,0.1],[0.1,0.35,0.51,0.19,0.14,0.71,1.0,0.98,0.19,0.01,0.01,0.07,0.23,0.34,0.24,0.1,0.02,0.05,0.03,0.05,0.03,0.02,0.01],[0.25,0.39,0.59,0.27,0.02,0.23,0.98,1.0,0.99,0.19,0.03,0.32,0.53,0.36,0.16,0.07,0.0,0.02,0.03,0.04,0.04,0.01,0.01],[0.39,0.54,0.3,0.27,0.01,0.03,0.19,0.99,1.0,0.93,0.18,0.43,0.44,0.25,0.2,0.08,0.01,0.02,0.02,0.04,0.06,0.04,0.02],[0.32,0.23,0.09,0.06,0.01,0.01,0.01,0.19,0.93,1.0,0.45,0.36,0.15,0.14,0.16,0.06,0.02,0.03,0.01,0.01,0.03,0.08,0.07],[0.16,0.04,0.01,0.02,0.01,0.01,0.01,0.03,0.18,0.45,1.0,0.48,0.15,0.02,0.01,0.01,0.01,0.02,0.01,0.02,0.03,0.12,0.09],[0.34,0.09,0.02,0.01,0.01,0.01,0.07,0.32,0.43,0.36,0.48,1.0,0.79,0.2,0.01,0.01,0.0,0.02,0.11,0.13,0.16,0.13,0.07],[0.12,0.06,0.01,0.0,0.0,0.03,0.23,0.53,0.44,0.15,0.15,0.79,1.0,0.98,0.08,0.0,0.0,0.07,0.26,0.21,0.14,0.04,0.01],[0.04,0.06,0.03,0.01,0.01,0.12,0.34,0.36,0.25,0.14,0.02,0.2,0.98,1.0,0.99,0.08,0.01,0.27,0.56,0.31,0.24,0.09,0.01],[0.02,0.04,0.06,0.03,0.05,0.32,0.24,0.16,0.2,0.16,0.01,0.01,0.08,0.99,1.0,0.97,0.1,0.32,0.54,0.65,0.23,0.16,0.04],[0.0,0.01,0.02,0.08,0.19,0.37,0.1,0.07,0.08,0.06,0.01,0.01,0.0,0.08,0.97,1.0,0.3,0.29,0.15,0.45,0.5,0.3,0.12],[0.0,0.0,0.03,0.1,0.11,0.08,0.02,0.0,0.01,0.02,0.01,0.0,0.0,0.01,0.1,0.3,1.0,0.38,0.07,0.02,0.01,0.01,0.03],[0.05,0.07,0.16,0.14,0.09,0.1,0.05,0.02,0.02,0.03,0.02,0.02,0.07,0.27,0.32,0.29,0.38,1.0,0.55,0.18,0.03,0.01,0.02],[0.39,0.2,0.15,0.04,0.02,0.06,0.03,0.03,0.02,0.01,0.01,0.11,0.26,0.56,0.54,0.15,0.07,0.55,1.0,0.97,0.11,0.01,0.01],[0.61,0.34,0.22,0.09,0.03,0.11,0.05,0.04,0.04,0.01,0.02,0.13,0.21,0.31,0.65,0.45,0.02,0.18,0.97,1.0,0.99,0.16,0.02],[0.39,0.6,0.28,0.2,0.1,0.26,0.03,0.04,0.06,0.03,0.03,0.16,0.14,0.24,0.23,0.5,0.01,0.03,0.11,0.99,1.0,0.98,0.27],[0.08,0.31,0.45,0.27,0.17,0.24,0.02,0.01,0.04,0.08,0.12,0.13,0.04,0.09,0.16,0.3,0.01,0.01,0.01,0.16,0.98,1.0,0.67],[0.03,0.04,0.13,0.23,0.16,0.1,0.01,0.01,0.02,0.07,0.09,0.07,0.01,0.01,0.04,0.12,0.03,0.02,0.01,0.02,0.27,0.67,1.0]],
  "pae": [[1.0,2.4,4.9,7.7,11.9,10.7,10.1,8.1,7.7,8.1,12.3,9.4,8.2,7.5,8.9,9.9,13.8,11.4,7.6,7.1,7.5,9.0,12.9],[2.7,0.9,2.7,6.0,10.6,9.7,8.4,6.5,7.2,7.3,11.4,9.4,8.5,6.6,7.0,8.1,12.4,10.8,8.2,6.9,7.8,9.5,11.5],[4.0,2.6,0.9,5.4,9.9,9.1,7.8,6.9,7.5,8.8,12.1,9.5,8.8,7.4,7.3,7.4,12.6,11.0,8.3,7.4,7.0,9.8,11.7],[9.1,7.3,6.4,1.1,8.2,7.9,9.5,10.7,11.1,13.1,17.1,15.3,15.4,13.1,12.7,13.2,19.4,16.3,15.6,13.7,11.0,13.0,11.6],[13.8,12.5,10.2,9.8,1.5,10.7,12.2,13.4,15.3,15.9,19.5,18.4,18.5,18.0,17.9,16.4,21.3,18.5,19.0,18.4,15.9,16.7,13.0],[13.0,11.4,11.7,11.8,9.6,1.6,7.2,8.4,11.3,13.4,16.6,16.2,15.4,13.7,11.6,10.1,17.6,14.3,14.8,13.8,13.7,14.4,15.9],[9.2,7.2,8.8,12.0,10.0,7.0,1.1,3.6,5.9,7.7,12.9,12.0,10.6,9.6,10.6,8.8,15.2,11.6,10.9,10.3,9.9,10.9,13.2],[7.0,6.3,7.5,11.5,11.8,6.2,3.6,1.0,2.7,4.3,10.2,10.1,8.3,7.7,8.4,9.0,13.8,10.4,8.1,6.9,7.5,8.5,12.9],[7.6,7.0,8.8,12.5,13.5,7.7,5.5,3.4,1.0,3.7,9.1,9.5,9.3,8.2,9.7,11.0,14.9,11.8,8.1,8.0,8.9,11.6,14.4],[10.2,10.0,11.4,15.6,16.7,10.8,8.6,5.8,5.7,1.2,9.5,8.3,8.4,10.5,12.2,12.9,17.1,13.6,12.0,11.7,13.4,15.1,17.8],[13.9,15.5,17.9,20.1,21.5,18.0,16.8,15.5,11.1,10.4,1.8,10.9,11.7,15.2,17.3,17.3,20.6,17.6,17.3,18.5,19.8,20.9,22.4],[12.1,13.2,15.1,17.6,18.9,15.6,14.4,12.1,11.4,9.2,9.4,1.6,5.2,6.8,10.1,12.0,15.7,12.5,11.9,12.9,15.4,17.3,20.0],[9.0,7.8,10.7,13.6,15.3,12.7,11.4,8.5,8.2,9.0,9.0,4.9,1.0,2.8,5.4,6.2,11.2,10.2,8.2,8.4,12.2,12.5,15.3],[7.6,5.7,7.7,12.2,14.1,10.7,9.0,7.8,7.8,8.5,10.0,4.8,3.0,1.0,2.6,4.2,9.7,9.4,7.4,6.7,9.3,11.2,14.6],[7.0,6.2,7.2,11.7,13.7,9.7,8.2,7.9,8.2,9.5,10.8,6.2,4.3,3.1,0.9,2.6,9.7,7.8,7.4,6.8,8.2,10.2,14.0],[9.0,8.5,9.4,13.9,16.0,11.6,9.6,9.8,10.2,11.3,12.3,9.1,7.1,4.7,3.3,1.0,9.5,7.0,8.0,7.6,8.7,10.5,16.7],[18.3,19.0,19.0,21.3,22.5,18.5,19.7,19.6,18.9,19.2,19.5,18.0,17.5,15.1,11.3,12.6,1.8,8.2,12.4,15.0,17.3,19.3,20.8],[15.7,15.9,15.6,18.3,19.7,16.4,17.5,16.6,15.7,16.9,18.4,16.6,16.9,14.2,10.5,10.0,9.1,1.6,9.8,10.9,15.4,17.9,19.9],[8.8,9.0,11.2,14.1,15.9,11.8,9.4,8.3,8.2,10.3,12.9,11.0,9.8,7.7,7.0,6.7,10.4,6.5,1.1,3.0,6.7,7.5,12.6],[6.4,6.2,7.4,11.4,12.4,9.4,7.3,6.2,6.7,8.3,11.3,9.9,9.0,7.2,6.6,6.4,10.3,6.7,2.7,0.9,2.4,4.0,10.4],[6.9,6.6,7.2,11.1,12.1,9.4,7.9,7.4,8.2,9.6,12.7,11.2,10.0,8.1,7.1,7.7,11.6,8.0,4.6,2.9,0.9,3.4,8.1],[9.2,8.6,7.6,12.2,15.4,11.7,9.0,8.7,10.0,12.0,14.1,12.7,11.5,9.8,8.4,8.9,13.9,10.5,6.6,4.5,3.0,1.0,9.0],[15.6,14.8,12.7,12.9,17.2,13.6,14.0,15.8,16.4,17.8,20.7,19.1,17.3,16.2,15.7,14.0,19.4,17.6,15.9,15.6,11.7,13.2,2.4]],
  "token_chain_ids": ["A","A","A","A","A","A","A","A","A","A","A","A","A","A","A","A","A","A","A","A","A","A","A"],
  "token_res_ids": [1,2,3,4,5,6,7,8,9,10,11,12,13,14,15,16,17,18,19,20,21,22,23]
}