{
  "atom_chain_ids": ["A","A","A","A","A","A","A","A","A","A","A","A","A","A","A","A","A","A","A","A","A","A","A","A","A","A","A","A","A","A","A","A","A","A","A","A","A","A","A","A","A","A","A","A","A","A","A","A","A","A","A","A","A","A","A","A","A","A","A","A","A","A","A","A","A","A","A","A","A","A","A","A","A","A","A","A","A","A","A","A","A","A","A","A","A","A","A","A","A","A","A","A","A","A","A","A","A","A","A","A","A","A","A","A","A","A","A","A","A","A","A","A","A","A","A","A","A","A","A","A","A","A","A","A","A","A","A","A","A","A","A","A","A","A","A","A","A","A","A","A","A","A","A","A","A","A","A","A","A","A","A","A","A","A","A","A","A","A","A","A","A","A","A","A","A","A","A","A","A","A","A","A","A","A","A","A","A","A","A","A","A","A","A","A","A","A","A","A","A","A","A","A","A","A","A","A","A","A","A","A","A","A","A","A","A","A","A","A","A","A","A","A","A","A","A","A","A","A","A","A","A","A","A","A","A","A","A","A","A","A","A","A","A","A","A","A","A","A","A","A","A","A","A","A","A","A","A","A","A","A","A","A","A","A","A","A","A","A","A","A","A","A","A","A","A","A","A","A","A","A","A","A","A","A","A","A","A","A","A","A","A","A","A","A","A","A","A","A","A","A","A","A","A","A","A","A","A","A","A","A","A","A","A","A","A","A","A","A","A","A","A","A","A","A","A","A","A","A","A","A","A","A","A","A","A","A","A","A","A","A","A","A","A","A","A","A","A","A","A","A","A","A","A","A","A","A","A","A","A","A","A","A","A","A","A","A","A","A","A","A","A","A","A","A","A","A","A","A","A","A","A","A","A","A","A","A","A","A","A","A","A","A","A","A","A","A","A","A","A","A","A","A","A","A","A","A","A","A","A","A","A","A","A","A","A","A","A","A","A","A","A","A","A","A","A","A","A","A","A","A","A","A","A","A","A","A","A","A","A","A","A","A","A","A","A","A","A","A","A","A","A","A","A","A","A","A","A","A","A","A","A","A","A","A","A","A","A","A","A","A","A","A","A","A","A","A","A","A","A","A","A","A","A","A","A","A","A","A","A","A","A","A","A","A","A","A"],
  "atom_plddts": [54.13,55.38,49.53,50.4,55.34,58.51,60.51,62.09,61.94,60.51,60.83,61.32,61.42,61.33,61.5,61.85,62.28,61.85,60.62,60.6,61.29,61.85,63.61,55.99,53.45,54.35,56.59,57.2,58.44,60.7,59.32,58.04,58.73,60.13,59.55,60.39,60.61,61.32,61.98,61.82,61.5,60.96,61.03,61.08,61.72,55.15,53.71,54.22,55.04,54.88,55.67,57.08,56.04,54.85,55.01,55.82,55.89,56.42,57.1,57.78,58.34,58.13,57.91,57.29,57.27,57.0,57.68,48.96,46.68,46.33,48.61,47.81,48.89,48.1,49.33,47.71,47.3,47.94,48.48,47.63,47.86,49.0,48.65,48.14,47.8,47.48,48.47,47.32,48.68,46.16,42.93,43.11,46.51,46.81,48.41,48.96,50.37,49.52,47.96,48.73,48.29,47.29,44.95,44.91,44.51,44.22,43.32,44.14,45.21,40.92,40.83,45.71,44.97,46.63,47.9,48.49,47.73,46.96,47.59,48.08,47.8,46.58,46.91,46.83,46.66,45.77,46.1,52.05,47.78,48.05,52.24,52.49,53.43,55.54,54.89,53.65,53.54,54.49,54.9,54.81,54.32,55.36,55.55,55.03,54.47,54.11,54.75,54.37,55.51,57.11,54.45,54.94,57.52,58.1,59.55,61.71,60.68,59.44,60.01,60.84,60.05,60.68,60.59,61.16,62.06,61.88,61.41,60.8,60.84,60.7,61.58,57.4,56.66,56.71,56.86,56.26,57.41,58.91,57.85,56.48,56.54,57.04,57.21,57.71,58.55,59.22,59.79,59.61,59.41,58.67,58.62,58.28,59.0,55.21,53.12,52.99,54.44,53.57,54.48,54.02,54.65,53.05,52.63,53.13,53.67,52.89,53.5,54.57,54.02,53.38,52.94,52.91,53.89,52.91,54.21,49.39,46.18,46.43,49.85,50.23,51.23,52.17,52.44,51.57,50.32,51.43,50.91,50.05,48.4,48.47,47.88,47.66,46.67,47.62,53.02,47.52,47.63,53.93,53.84,55.21,57.12,57.39,56.36,54.99,55.42,56.04,54.99,53.42,53.04,52.74,52.12,50.55,51.97,55.34,50.58,50.87,55.72,56.43,57.31,59.55,58.9,57.53,57.62,58.7,58.88,59.08,58.85,59.73,60.04,59.56,58.81,58.8,59.36,59.02,60.19,59.7,57.6,57.78,59.84,60.18,61.12,63.38,61.71,60.49,61.16,62.17,61.89,62.59,62.59,63.19,64.12,64.05,63.6,63.0,62.94,62.76,63.57,59.29,58.12,58.08,59.04,58.42,59.45,61.06,59.72,58.73,58.92,59.66,59.64,60.17,60.64,61.46,62.04,61.89,61.61,60.92,60.82,60.63,61.37,54.41,52.79,53.14,53.86,52.94,53.56,53.52,53.41,52.08,51.62,52.8,53.32,53.02,54.01,55.28,54.95,54.6,54.45,53.99,54.42,53.77,54.6,48.12,46.05,46.41,47.87,47.96,48.53,49.42,49.99,49.09,47.84,48.63,48.52,47.68,45.55,45.55,45.12,44.95,44.14,44.76,47.68,43.19,43.12,48.37,48.03,49.38,50.69,51.81,51.18,49.56,49.66,50.55,49.55,47.39,47.22,46.76,46.16,44.85,46.02,52.09,47.46,47.5,52.33,53.05,53.91,55.62,55.15,53.75,53.66,54.4,54.91,54.78,54.43,55.56,55.54,55.02,54.33,54.15,54.83,54.57,55.81,56.57,55.24,55.48,56.37,56.67,57.54,59.32,58.04,56.82,57.26,58.21,57.72,58.44,59.06,59.86,60.54,60.51,60.17,59.48,59.38,59.12,59.81,52.46,51.05,51.67,52.19,52.07,53.4,54.61,53.9,52.89,53.0,53.7,53.67,54.33,54.96,55.86,56.34,56.2,56.03,55.32,55.12,54.9,55.51,49.47,47.79,47.77,48.94,48.41,48.82,48.81,49.07,47.95,47.67,48.19,48.92,48.44,48.96,50.12,49.73,49.32,48.89,48.53,49.12,48.57,49.58,44.55,43.4,43.79,44.51,44.34,45.4,45.54,46.56,45.63,44.75,45.65,45.43,44.37,43.11,43.21,42.8,42.62,41.85,42.6],
  "contact_probs": [[1.0,1.0,0.16,0.0,0.01,0.03,0.1,0.25,0.39,0.32,0.16,0.34,0.12,0.04,0.02,0.0,0.0,0.05,0.39,0.61,0.39,0.08,0.03],[1.0,1.0,1.0,0.14,0.03,0.32,0.35,0.39,0.54,0.23,0.04,0.09,0.06,0.06,0.04,0.01,0.0,0.07,0.2,0.34,0.6,0.31,0.04],[0.16,1.0,1.0,0.91,0.24,0.55,0.51,0.59,0.3,0.09,0.01,0.02,0.01,0.03,0.06,0.02,0.03,0.16,0.15,0.22,0.28,0.45,0.13],[0.0,0.14,0.91,1.0,0.41,0.32,0.19,0.27,0.27,0.06,0.02,0.01,0.0,0.01,0.03,0.08,0.1,0.14,0.04,0.09,0.2,0.27,0.23],[0.01,0.03,0.24,0.41,1.0,0.5,0.14,0.02,0.01,0.01,0.01,0.01,0.0,0.01,0.05,0.19,0.11,0.09,0.02,0.03,0.1,0.17,0.16],[0.03,0.32,0.55,0.32,0.5,1.0,0.71,0.23,0.03,0.01,0.01,0.01,0.03,0.12,0.32,0.37,0.08,0.1,0.06,0.11,0.26,0.24,0.1],[0.1,0.35,0.51,0.19,0.14,0.71,1.0,0.98,0.19,0.01,0.01,0.07,0.23,0.34,0.24,0.1,0.02,0.05,0.03,0.05,0.03,0.02,0.01],[0.25,0.39,0.59,0.27,0.02,0.23,0.98,1.0,0.99,0.19,0.03,0.32,0.53,0.36,0.16,0.07,0.0,0.02,0.03,0.04,0.04,0.01,0.01],[0.39,0.54,0.3,0.27,0.01,0.03,0.19,0.99,1.0,0.93,0.18,0.43,0.44,0.25,0.2,0.08,0.01,0.02,0.02,0.04,0.06,0.04,0.02],[0.32,0.23,0.09,0.06,0.01,0.01,0.01,0.19,0.93,1.0,0.45,0.36,0.15,0.14,0.16,0.06,0.02,0.03,0.01,0.01,0.03,0.08,0.07],[0.16,0.04,0.01,0.02,0.01,0.01,0.01,0.03,0.18,0.45,1.0,0.48,0.15,0.02,0.01,0.01,0.01,0.02,0.01,0.02,0.03,0.12,0.09],[0.34,0.09,0.02,0.01,0.01,0.01,0.07,0.32,0.43,0.36,0.48,1.0,0.79,0.2,0.01,0.01,0.0,0.02,0.11,0.13,0.16,0.13,0.07],[0.12,0.06,0.01,0.0,0.0,0.03,0.23,0.53,0.44,0.15,0.15,0.79,1.0,0.98,0.08,0.0,0.0,0.07,0.26,0.21,0.14,0.04,0.01],[0.04,0.06,0.03,0.01,0.01,0.12,0.34,0.36,0.25,0.14,0.02,0.2,0.98,1.0,0.99,0.08,0.01,0.27,0.56,0.31,0.24,0.09,0.01],[0.02,0.04,0.06,0.03,0.05,0.32,0.24,0.16,0.2,0.16,0.01,0.01,0.08,0.99,1.0,0.97,0.1,0.32,0.54,0.65,0.23,0.16,0.04],[0.0,0.01,0.02,0.08,0.19,0.37,0.1,0.07,0.08,0.06,0.01,0.01,0.0,0.08,0.97,1.0,0.3,0.29,0.15,0.45,0.5,0.3,0.12],[0.0,0.0,0.03,0.1,0.11,0.08,0.02,0.0,0.01,0.02,0.01,0.0,0.0,0.01,0.1,0.3,1.0,0.38,0.07,0.02,0.01,0.01,0.03],[0.05,0.07,0.16,0.14,0.09,0.1,0.05,0.02,0.02,0.03,0.02,0.02,0.07,0.27,0.32,0.29,0.38,1.0,0.55,0.18,0.03,0.01,0.02],[0.39,0.2,0.15,0.04,0.02,0.06,0.03,0.03,0.02,0.01,0.01,0.11,0.26,0.56,0.54,0.15,0.07,0.55,1.0,0.97,0.11,0.01,0.01],[0.61,0.34,0.22,0.09,0.03,0.11,0.05,0.04,0.04,0.01,0.02,0.13,0.21,0.31,0.65,0.45,0.02,0.18,0.97,1.0,0.99,0.16,0.02],[0.39,0.6,0.28,0.2,0.1,0.26,0.03,0.04,0.06,0.03,0.03,0.16,0.14,0.24,0.23,0.5,0.01,0.03,0.11,0.99,1.0,0.98,0.27],[0.08,0.31,0.45,0.27,0.17,0.24,0.02,0.01,0.04,0.08,0.12,0.13,0.04,0.09,0.16,0.3,0.01,0.01,0.01,0.16,0.98,1.0,0.67],[0.03,0.04,0.13,0.23,0.16,0.1,0.01,0.01,0.02,0.07,0.09,0.07,0.01,0.01,0.04,0.12,0.03,0.02,0.01,0.02,0.27,0.67,1.0]],
  "pae": [[1.0,2.4,4.4,6.0,11.8,12.5,11.0,10.5,8.7,8.7,13.5,10.4,7.8,8.6,8.8,9.7,15.1,16.6,10.5,9.8,7.8,13.5,17.7],[2.6,0.9,2.6,4.4,10.5,11.2,10.5,7.7,8.1,8.7,13.0,9.8,7.8,6.4,6.2,8.2,13.1,13.1,10.5,7.9,9.9,13.6,17.4],[4.5,3.1,0.9,4.0,9.1,10.1,8.1,8.2,8.5,10.5,13.6,10.2,8.6,7.2,7.3,9.1,14.9,14.1,10.6,10.0,10.7,12.9,18.6],[9.9,6.9,7.0,1.0,9.5,9.6,9.9,12.1,14.0,15.7,17.9,15.3,15.3,13.5,14.3,15.6,18.5,17.1,14.1,14.6,15.4,17.9,22.2],[15.5,13.9,11.8,9.6,1.7,12.1,10.1,13.5,16.8,16.9,19.0,18.6,17.7,18.2,18.8,18.7,20.9,18.7,16.9,18.6,19.3,21.0,23.4],[17.0,14.8,13.9,10.3,10.8,1.6,7.4,10.7,15.1,16.2,18.7,17.9,17.6,16.5,15.8,13.7,18.8,13.4,15.0,17.2,17.7,20.4,23.0],[11.4,9.4,10.3,9.5,10.1,6.9,1.1,3.7,6.5,8.7,14.4,13.1,12.6,12.3,12.2,13.3,15.3,14.3,12.2,12.1,12.0,13.4,18.0],[9.2,7.2,8.9,10.8,10.9,6.9,3.2,0.9,3.0,4.9,11.0,10.9,9.4,8.5,9.6,12.6,14.3,13.1,8.8,7.6,7.8,9.7,16.1],[9.0,7.3,9.6,10.5,12.1,8.2,5.3,3.7,1.0,3.6,8.1,9.0,8.8,8.4,10.5,12.5,14.6,14.0,9.9,9.0,9.5,14.1,19.6],[11.7,10.3,10.9,13.5,14.1,11.9,8.0,5.5,4.4,1.1,9.3,7.9,9.0,11.3,13.4,14.7,17.1,16.5,13.7,12.9,13.3,17.6,21.1],[13.9,14.9,17.4,17.7,18.7,17.5,15.7,13.8,11.1,8.8,1.6,9.9,11.4,14.9,17.1,17.5,19.6,20.2,19.4,17.6,17.0,18.6,20.6],[12.2,12.9,14.5,15.3,17.0,16.3,14.1,12.9,11.2,9.7,8.1,1.5,5.1,6.9,10.7,13.3,15.5,17.5,15.2,14.6,14.9,17.4,20.9],[9.0,7.7,9.2,10.8,13.4,13.2,11.2,9.4,9.2,9.6,9.5,5.6,1.1,3.1,5.6,7.1,12.1,14.9,11.8,11.1,11.8,13.5,18.2],[7.8,5.8,7.5,10.1,13.5,11.9,10.1,8.1,8.3,9.6,11.8,5.1,2.9,1.0,2.7,4.2,9.4,13.1,10.7,8.7,11.2,12.6,17.5],[7.3,6.4,7.5,11.2,14.1,11.9,10.4,9.9,10.2,11.4,13.1,6.8,4.2,3.0,0.9,3.0,10.4,12.1,9.4,9.2,10.3,13.5,17.6],[10.6,10.2,10.9,15.3,16.9,15.1,11.7,13.0,12.7,14.7,14.7,10.3,8.2,5.4,4.5,1.0,8.6,9.7,9.9,11.3,12.6,14.7,20.3],[19.1,19.2,19.4,19.9,21.6,18.2,17.4,18.6,18.9,21.1,21.2,19.0,16.7,13.1,9.6,9.0,1.6,10.0,11.5,13.6,17.7,19.1,21.6],[18.2,17.4,16.5,17.7,20.4,14.9,16.9,16.8,17.8,20.8,21.8,20.4,18.2,15.9,13.7,12.4,9.4,1.5,9.3,12.3,16.2,18.1,20.2],[12.7,11.3,11.3,13.7,16.8,13.4,11.0,10.7,11.4,13.2,18.0,16.4,14.5,11.1,12.2,9.5,11.2,8.7,1.1,3.7,6.5,8.0,14.4],[8.2,7.5,9.9,13.8,13.8,12.8,9.4,8.4,7.5,9.1,14.2,13.2,11.5,8.8,10.6,9.5,12.0,8.1,3.0,0.9,2.2,4.0,11.5],[8.8,8.8,12.4,14.5,14.9,14.1,10.6,9.5,9.2,10.6,16.6,13.8,11.6,10.1,10.2,12.3,12.6,9.4,5.1,3.7,0.9,3.4,11.2],[11.7,13.3,14.6,16.8,18.4,17.0,14.8,12.1,11.4,15.2,18.8,16.6,14.5,12.1,12.3,14.5,15.3,13.0,7.2,4.5,3.7,1.0,9.7],[14.0,15.8,17.7,19.9,21.5,20.8,18.4,16.3,15.4,16.6,19.1,17.2,15.2,13.9,15.3,17.8,20.4,18.3,13.1,13.9,9.0,8.3,2.1]],
  "token_chain_ids": ["A","A","A","A","A","A","A","A","A","A","A","A","A","A","A","A","A","A","A","A","A","A","A"],
  "token_res_ids": [1,2,3,4,5,6,7,8,9,10,11,12,13,14,15,16,17,18,19,20,21,22,23]
}