{
  "atom_chain_ids": ["A","A","A","A","A","A","A","A","A","A","A","A","A","A","A","A","A","A","A","A","A","A","A","A","A","A","A","A","A","A","A","A","A","A","A","A","A","A","A","A","A","A","A","A","A","A","A","A","A","A","A","A","A","A","A","A","A","A","A","A","A","A","A","A","A","A","A","A","A","A","A","A","A","A","A","A","A","A","A","A","A","A","A","A","A","A","A","A","A","A","A","A","A","A","A","A","A","A","A","A","A","A","A","A","A","A","A","A","A","A","A","A","A","A","A","A","A","A","A","A","A","A","A","A","A","A","A","A","A","A","A","A","A","A","A","A","A","A","A","A","A","A","A","A","A","A","A","A","A","A","A","A","A","A","A","A","A","A","A","A","A","A","A","A","A","A","A","A","A","A","A","A","A","A","A","A","A","A","A","A","A","A","A","A","A","A","A","A","A","A","A","A","A","A","A","A","A","A","A","A","A","A","A"],
  "atom_plddts": [60.52,64.55,59.6,60.76,63.68,66.82,69.35,71.39,71.72,70.01,73.16,73.42,73.09,72.82,72.22,74.06,73.95,72.31,71.81,71.75,72.28,74.98,72.86,68.09,67.95,73.33,74.1,76.27,77.39,77.23,75.4,77.81,77.81,78.71,78.94,77.62,77.81,78.53,78.1,77.87,77.37,78.58,72.28,68.81,68.52,72.03,73.25,74.75,74.89,75.37,73.04,74.15,73.21,74.05,72.38,69.55,68.67,69.27,68.67,67.79,67.93,69.94,75.83,71.57,71.83,75.9,76.92,78.64,78.9,79.14,76.87,78.46,77.99,79.5,78.49,74.97,74.25,75.23,74.69,73.79,73.5,75.61,72.74,68.24,68.28,73.35,74.55,76.46,76.79,77.08,74.82,76.19,76.29,77.3,76.19,72.71,72.3,73.43,72.83,71.96,71.63,73.74,74.71,71.39,70.63,74.54,76.39,78.12,78.19,78.51,76.43,79.01,80.03,79.08,78.54,76.79,77.79,77.76,76.32,76.45,76.47,76.91,78.58,75.91,72.8,72.04,75.63,76.06,76.96,77.03,76.55,74.41,76.27,76.51,77.16,76.79,75.96,75.63,75.88,75.43,75.05,74.84,76.19,72.84,69.98,69.49,71.83,70.72,72.08,72.11,71.46,69.08,69.96,69.64,71.63,70.8,69.22,68.53,69.09,68.5,67.27,67.44,68.92,69.11,65.3,65.37,68.72,67.67,69.59,69.85,69.32,67.22,67.7,67.72,69.61,68.5,66.54,66.15,66.73,65.9,64.56,64.96,66.73,66.78,62.52,62.03,66.72,66.21,67.89,68.23,67.81,65.81,66.44,66.94,68.45,67.14,64.69,64.42,65.0,63.96,62.56,63.17,65.26],
  "contact_probs": [[1.0,1.0,0.11,0.76,0.05,0.5,0.99,0.94,0.9,0.76],[1.0,1.0,0.75,0.96,0.5,0.98,0.98,0.77,0.26,0.14],[0.11,0.75,1.0,0.09,0.68,0.49,0.27,0.14,0.05,0.03],[0.76,0.96,0.09,1.0,0.19,0.4,0.07,0.03,0.02,0.03],[0.05,0.5,0.68,0.19,1.0,0.9,0.34,0.05,0.03,0.02],[0.5,0.98,0.49,0.4,0.9,1.0,1.0,0.68,0.04,0.03],[0.99,0.98,0.27,0.07,0.34,1.0,1.0,0.98,0.67,0.15],[0.94,0.77,0.14,0.03,0.05,0.68,0.98,1.0,0.96,0.65],[0.9,0.26,0.05,0.02,0.03,0.04,0.67,0.96,1.0,0.93],[0.76,0.14,0.03,0.03,0.02,0.03,0.15,0.65,0.93,1.0]],
  "pae": [[1.0,2.9,5.5,6.6,6.0,5.7,4.5,5.1,5.0,7.1],[2.4,1.0,3.6,5.3,4.6,3.7,4.0,4.1,4.1,5.9],[4.0,3.6,1.1,3.0,3.2,3.8,4.3,5.2,5.1,7.2],[4.4,2.5,2.9,1.2,2.8,3.1,4.0,4.6,4.8,7.3],[5.1,4.1,2.9,2.9,1.1,2.3,4.1,5.2,5.4,6.9],[4.0,3.4,3.5,2.6,2.3,0.9,2.0,3.2,4.1,5.1],[3.4,2.9,3.7,3.5,2.7,1.7,0.9,2.4,3.5,4.6],[3.8,3.1,4.3,4.1,3.6,3.2,2.3,1.1,2.7,4.0],[5.8,4.6,5.5,5.4,5.8,4.5,3.9,3.8,1.3,4.2],[7.2,7.1,8.6,8.8,9.0,7.0,6.6,4.7,3.5,1.7]],
  "token_chain_ids": ["A","A","A","A","A","A","A","A","A","A"],
  "token_res_ids": [1,2,3,4,5,6,7,8,9,10]
}