{
  "atom_chain_ids": ["A","A","A","A","A","A","A","A","A","A","A","A","A","A","A","A","A","A","A","A","A","A","A","A","A","A","A","A","A","A","A","A","A","A","A","A","A","A","A","A","A","A","A","A","A","A","A","A","A","A","A","A","A","A","A","A","A","A","A","A","A","A","A","A","A","A","A","A","A","A","A","A","A","A","A","A","A","A","A","A","A","A","A","A","A","A","A","A","A","A","A","A","A","A","A","A","A","A","A","A","A","A","A","A","A","A","A","A","A","A","A","A","A","A","A","A","A","A","A","A","A","A","A","A","A","A","A","A","A","A","A","A","A","A","A","A","A","A","A","A","A","A","A","A","A","A","A","A","A","A","A","A","A","A","A","A","A","A","A","A","A","A","A","A","A","A","A","A","A","A","A","A","A","A","A","A","A","A","A","A","A","A","A","A","A","A","A","A","A","A","A","A","A","A","A","A","A","A","A","A","A","A","A"],
  "atom_plddts": [60.81,64.32,59.59,60.61,63.54,66.74,69.0,70.94,70.98,69.35,72.71,73.08,72.56,72.42,71.84,73.68,73.55,71.9,71.42,71.41,71.96,74.51,72.95,67.97,67.9,73.58,74.66,77.02,78.19,77.98,76.17,78.71,78.8,79.69,79.86,78.5,78.75,79.38,78.84,78.72,78.11,79.62,74.3,70.76,70.43,73.84,74.86,76.44,76.6,76.74,74.53,75.41,74.2,75.57,73.94,71.03,70.07,70.88,70.2,69.37,69.29,71.33,76.11,71.48,71.89,76.52,78.2,79.97,80.47,80.59,78.68,80.27,79.85,81.26,80.46,77.14,76.7,77.59,76.98,76.37,75.94,77.97,74.65,70.3,70.16,74.96,76.39,78.25,78.66,78.76,76.57,77.87,77.6,78.96,77.86,74.48,74.06,75.18,74.48,73.8,73.32,75.56,76.21,72.75,72.23,76.29,78.25,79.47,79.59,79.51,77.66,80.37,81.27,80.7,80.25,78.81,79.68,79.74,78.47,78.62,78.68,79.12,80.52,77.6,74.6,74.03,77.42,77.66,78.64,78.64,78.18,76.23,78.24,78.69,79.43,79.14,77.97,77.73,78.0,77.48,77.25,76.99,78.35,75.82,72.99,72.52,74.86,74.02,75.58,75.57,75.13,72.92,74.26,74.07,75.84,75.08,73.15,72.65,73.04,72.33,71.41,71.51,73.11,74.9,71.16,70.66,73.95,73.21,75.56,75.41,75.04,72.78,73.71,73.33,75.43,74.22,71.88,71.48,72.0,70.98,69.93,70.16,72.13,65.47,61.56,60.86,64.86,64.08,65.67,65.59,65.54,63.31,63.84,64.77,65.9,64.42,62.06,61.79,61.97,60.9,59.71,60.39,62.79],
  "contact_probs": [[1.0,1.0,0.11,0.76,0.05,0.5,0.99,0.94,0.9,0.76],[1.0,1.0,0.75,0.96,0.5,0.98,0.98,0.77,0.26,0.14],[0.11,0.75,1.0,0.09,0.68,0.49,0.27,0.14,0.05,0.03],[0.76,0.96,0.09,1.0,0.19,0.4,0.07,0.03,0.02,0.03],[0.05,0.5,0.68,0.19,1.0,0.9,0.34,0.05,0.03,0.02],[0.5,0.98,0.49,0.4,0.9,1.0,1.0,0.68,0.04,0.03],[0.99,0.98,0.27,0.07,0.34,1.0,1.0,0.98,0.67,0.15],[0.94,0.77,0.14,0.03,0.05,0.68,0.98,1.0,0.96,0.65],[0.9,0.26,0.05,0.02,0.03,0.04,0.67,0.96,1.0,0.93],[0.76,0.14,0.03,0.03,0.02,0.03,0.15,0.65,0.93,1.0]],
  "pae": [[1.0,2.4,5.2,5.6,6.0,5.4,5.2,4.9,5.1,6.9],[2.4,1.0,3.6,3.5,4.7,3.9,4.5,4.5,4.5,5.5],[4.6,3.3,1.4,3.7,4.7,5.1,5.2,6.5,6.7,8.5],[4.5,2.3,4.4,1.3,3.2,4.0,4.5,5.2,5.8,9.3],[5.2,3.7,4.6,3.8,1.2,3.5,4.6,6.4,6.4,7.6],[4.1,3.1,5.2,3.0,3.0,0.9,2.2,3.4,3.9,6.5],[3.8,3.0,5.0,3.4,3.5,2.0,0.9,2.5,3.5,5.9],[3.7,3.0,5.6,4.8,4.5,3.7,2.6,1.1,2.9,5.3],[4.0,4.5,6.8,5.9,6.2,4.7,3.9,3.4,1.3,6.4],[5.8,6.4,7.8,8.0,8.0,7.3,8.1,6.6,5.1,1.9]],
  "token_chain_ids": ["A","A","A","A","A","A","A","A","A","A"],
  "token_res_ids": [1,2,3,4,5,6,7,8,9,10]
}