{
  "atom_chain_ids": ["A","A","A","A","A","A","A","A","A","A","A","A","A","A","A","A","A","A","A","A","A","A","A","A","A","A","A","A","A","A","A","A","A","A","A","A","A","A","A","A","A","A","A","A","A","A","A","A","A","A","A","A","A","A","A","A","A","A","A","A","A","A","A","A","A","A","A","A","A","A","A","A","A","A","A","A","A","A","A","A","A","A","A","A","A","A","A","A","A","A","A","A","A","A","A","A","A","A","A","A","A","A","A","A","A","A","A","A","A","A","A","A","A","A","A","A","A","A","A","A","A","A","A","A","A","A","A","A","A","A","A","A","A","A","A","A","A","A","A","A","A","A","A","A","A","A","A","A","A","A","A","A","A","A","A","A","A","A","A","A","A","A","A","A","A","A","A","A","A","A","A","A","A","A","A","A","A","A","A","A","A","A","A","A","A","A","A","A","A","A","A","A","A","A","A","A","A","A","A","A","A","A","A"],
  "atom_plddts": [57.89,61.96,57.72,58.69,61.14,63.78,66.14,68.09,68.36,66.75,69.44,69.85,68.99,68.67,68.12,69.8,69.5,68.01,67.39,67.35,67.88,70.41,68.94,64.87,64.98,69.49,70.37,72.43,73.77,73.32,71.47,73.82,73.75,74.43,74.59,73.46,73.5,74.14,73.83,73.42,73.1,74.11,67.79,65.09,64.86,67.28,67.89,69.56,69.61,69.94,67.6,68.03,66.83,68.03,66.36,64.25,63.23,63.69,63.06,61.89,62.37,64.21,71.44,67.11,67.85,72.03,73.55,75.46,76.15,76.0,74.02,75.6,75.12,76.48,75.77,72.8,72.29,73.3,72.82,71.83,71.73,73.32,69.32,65.52,65.82,69.72,71.0,72.84,73.31,73.14,70.93,71.99,71.77,73.13,72.19,69.38,68.85,69.99,69.45,68.39,68.27,69.95,70.41,67.3,66.95,70.67,72.55,73.88,74.29,73.98,72.05,74.89,75.74,74.59,74.26,73.08,73.91,74.11,73.03,72.9,72.86,73.19,74.59,70.72,68.36,67.89,70.72,71.27,72.31,72.53,71.68,69.79,71.51,72.01,72.33,72.15,71.39,71.19,71.48,71.16,70.61,70.56,71.51,69.94,67.11,66.9,69.46,68.92,70.17,70.46,69.54,67.5,68.42,68.66,69.85,69.2,67.92,67.46,67.85,67.32,66.25,66.52,67.77,68.0,64.8,64.69,67.37,66.42,68.2,68.41,67.78,65.76,66.08,66.09,67.54,66.44,64.76,64.28,64.65,63.95,62.58,63.18,64.73,61.16,57.71,57.51,60.82,60.48,61.52,62.14,62.03,60.16,60.17,61.11,61.72,60.65,58.88,58.63,58.57,57.76,56.49,57.35,59.21],
  "contact_probs": [[1.0,1.0,0.11,0.76,0.05,0.5,0.99,0.94,0.9,0.76],[1.0,1.0,0.75,0.96,0.5,0.98,0.98,0.77,0.26,0.14],[0.11,0.75,1.0,0.09,0.68,0.49,0.27,0.14,0.05,0.03],[0.76,0.96,0.09,1.0,0.19,0.4,0.07,0.03,0.02,0.03],[0.05,0.5,0.68,0.19,1.0,0.9,0.34,0.05,0.03,0.02],[0.5,0.98,0.49,0.4,0.9,1.0,1.0,0.68,0.04,0.03],[0.99,0.98,0.27,0.07,0.34,1.0,1.0,0.98,0.67,0.15],[0.94,0.77,0.14,0.03,0.05,0.68,0.98,1.0,0.96,0.65],[0.9,0.26,0.05,0.02,0.03,0.04,0.67,0.96,1.0,0.93],[0.76,0.14,0.03,0.03,0.02,0.03,0.15,0.65,0.93,1.0]],
  "pae": [[1.0,3.2,6.0,5.8,7.0,6.4,5.4,5.2,5.7,8.4],[2.5,1.0,4.6,3.8,5.5,4.2,4.2,4.6,4.7,6.2],[5.1,3.5,1.4,3.9,5.2,5.3,4.6,6.0,6.7,10.1],[5.7,2.6,4.8,1.3,4.0,4.6,4.9,5.3,6.2,8.4],[6.0,4.5,5.1,4.0,1.3,3.8,4.6,6.4,6.3,7.9],[4.7,3.8,6.4,3.3,3.7,1.0,2.5,3.7,4.7,6.4],[4.6,3.6,6.2,3.8,4.2,2.3,0.9,2.6,3.9,5.5],[5.6,3.7,6.9,4.8,5.1,3.8,2.9,1.1,3.3,5.1],[7.0,5.4,7.8,5.8,7.2,4.9,4.6,4.8,1.3,4.4],[7.1,7.3,9.9,9.2,8.5,8.0,6.4,5.5,4.3,1.5]],
  "token_chain_ids": ["A","A","A","A","A","A","A","A","A","A"],
  "token_res_ids": [1,2,3,4,5,6,7,8,9,10]
}