{
  "atom_chain_ids": ["A","A","A","A","A","A","A","A","A","A","A","A","A","A","A","A","A","A","A","A","A","A","A","A","A","A","A","A","A","A","A","A","A","A","A","A","A","A","A","A","A","A","A","A","A","A","A","A","A","A","A","A","A","A","A","A","A","A","A","A","A","A","A","A","A","A","A","A","A","A","A","A","A","A","A","A","A","A","A","A","A","A","A","A","A","A","A","A","A","A","A","A","A","A","A","A","A","A","A","A","A","A","A","A","A","A","A","A","A","A","A","A","A","A","A","A","A","A","A","A","A","A","A","A","A","A","A","A","A","A","A","A","A","A","A","A","A","A","A","A","A","A","A","A","A","A","A","A","A","A","A","A","A","A","A","A","A","A","A","A","A","A","A","A","A","A","A","A","A","A","A","A","A","A","A","A","A","A","A","A","A","A","A","A","A","A","A","A","A","A","A","A","A","A","A","A","A","A","A","A","A","A","A"],
  "atom_plddts": [61.15,64.38,59.77,60.69,63.56,66.64,68.71,70.68,70.68,69.07,72.39,72.8,72.15,72.07,71.42,73.17,73.02,71.45,70.95,70.99,71.51,73.95,71.28,66.75,66.74,71.91,72.88,75.05,76.26,75.94,74.18,76.69,76.8,77.48,77.66,76.31,76.5,77.08,76.62,76.37,75.95,77.24,73.15,69.84,69.4,72.62,73.64,75.21,75.3,75.52,73.36,74.12,72.83,74.12,72.48,69.62,68.63,69.36,68.66,67.68,67.8,69.76,74.16,69.68,70.2,74.72,76.35,78.13,78.74,78.8,76.94,78.53,78.12,79.41,78.62,75.38,74.94,75.81,75.21,74.44,74.24,76.09,73.33,69.06,69.06,73.6,74.92,76.68,77.02,76.95,74.7,75.87,75.55,77.09,76.08,72.94,72.46,73.71,73.11,72.26,71.83,73.76,73.44,70.02,69.63,73.75,75.82,76.98,77.27,77.09,75.26,78.17,79.1,78.15,77.76,76.41,77.29,77.38,76.18,76.22,76.27,76.67,78.14,75.71,72.89,72.3,75.49,75.8,76.73,76.76,76.19,74.27,76.22,76.56,77.27,77.02,76.02,75.78,76.07,75.6,75.26,75.08,76.29,72.82,70.08,69.73,72.0,71.21,72.66,72.82,72.26,70.14,71.33,71.35,72.78,72.07,70.45,70.01,70.34,69.72,68.74,68.95,70.36,72.0,68.59,68.3,71.22,70.49,72.82,72.79,72.41,70.24,71.08,70.77,72.58,71.38,69.05,68.59,69.05,68.11,66.91,67.36,69.19,63.11,59.15,58.72,62.65,62.11,63.28,63.7,63.76,61.76,62.16,63.34,63.98,62.69,60.69,60.55,60.53,59.55,58.36,59.14,61.4],
  "contact_probs": [[1.0,1.0,0.11,0.76,0.05,0.5,0.99,0.94,0.9,0.76],[1.0,1.0,0.75,0.96,0.5,0.98,0.98,0.77,0.26,0.14],[0.11,0.75,1.0,0.09,0.68,0.49,0.27,0.14,0.05,0.03],[0.76,0.96,0.09,1.0,0.19,0.4,0.07,0.03,0.02,0.03],[0.05,0.5,0.68,0.19,1.0,0.9,0.34,0.05,0.03,0.02],[0.5,0.98,0.49,0.4,0.9,1.0,1.0,0.68,0.04,0.03],[0.99,0.98,0.27,0.07,0.34,1.0,1.0,0.98,0.67,0.15],[0.94,0.77,0.14,0.03,0.05,0.68,0.98,1.0,0.96,0.65],[0.9,0.26,0.05,0.02,0.03,0.04,0.67,0.96,1.0,0.93],[0.76,0.14,0.03,0.03,0.02,0.03,0.15,0.65,0.93,1.0]],
  "pae": [[1.0,2.5,5.1,5.0,5.7,5.2,4.7,4.7,5.0,7.1],[2.2,1.0,3.6,3.5,4.8,3.8,4.3,4.1,4.3,6.0],[4.6,2.7,1.3,3.6,4.4,4.8,4.8,5.9,6.4,9.2],[4.7,2.3,4.0,1.3,3.0,3.6,4.4,5.2,6.0,9.3],[5.4,3.7,4.3,3.8,1.2,3.2,4.4,6.5,6.3,7.9],[4.0,3.2,4.7,3.2,2.9,0.9,2.0,3.3,3.9,6.5],[3.9,3.2,5.0,3.5,3.4,2.0,1.0,2.7,3.8,6.2],[4.2,3.2,5.7,5.0,4.6,3.6,2.5,1.1,3.1,5.9],[4.4,4.7,6.6,6.1,6.5,4.8,3.9,3.6,1.3,6.1],[6.4,6.5,8.4,8.5,8.7,7.4,6.8,6.1,5.1,1.8]],
  "token_chain_ids": ["A","A","A","A","A","A","A","A","A","A"],
  "token_res_ids": [1,2,3,4,5,6,7,8,9,10]
}