{
  "atom_chain_ids": ["A","A","A","A","A","A","A","A","A","A","A","A","A","A","A","A","A","A","A","A","A","A","A","A","A","A","A","A","A","A","A","A","A","A","A","A","A","A","A","A","A","A","A","A","A","A","A","A","A","A","A","A","A","A","A","A","A","A","A","A","A","A","A","A","A","A","A","A","A","A","A","A","A","A","A","A","A","A","A","A","A","A","A","A","A","A","A","A","A","A","A","A","A","A","A","A","A","A","A","A","A","A","A","A","A","A","A","A","A","A","A","A","A","A","A","A","A","A","A","A","A","A","A","A","A","A","A","A","A","A","A","A","A","A","A","A","A","A","A","A","A","A","A","A","A","A","A","A","A","A","A","A","A","A","A","A","A","A","A","A","A","A","A"],
  "atom_plddts": [56.4,57.84,54.14,54.33,57.27,57.57,58.91,60.02,60.56,59.0,58.41,60.47,60.17,59.37,58.82,58.41,58.4,57.68,56.65,57.35,58.86,58.94,56.06,56.17,59.14,59.23,60.69,62.23,62.51,61.56,62.1,63.57,62.35,61.71,60.5,60.6,59.94,59.27,58.37,59.27,60.72,59.38,56.63,55.93,58.87,59.22,60.27,61.65,61.23,59.6,60.12,61.77,61.0,60.32,58.79,58.52,58.66,58.03,57.15,57.46,58.81,57.1,54.19,54.45,57.12,56.95,59.18,60.01,60.26,58.5,59.19,59.85,59.14,57.9,56.69,57.48,56.9,55.19,54.8,55.03,55.92,56.78,60.88,57.48,57.61,61.82,62.0,63.38,64.52,64.01,62.26,63.77,64.98,64.3,64.0,63.51,63.64,63.96,63.38,62.94,62.87,63.88,65.93,62.93,62.03,65.93,65.82,66.27,67.56,67.32,65.5,66.74,67.36,67.12,65.98,64.71,64.18,64.15,63.47,62.27,62.98,64.68,60.84,58.25,57.13,60.2,61.02,61.69,62.5,62.63,60.33,61.05,62.15,61.11,60.3,59.04,58.4,58.26,57.6,56.5,57.29,58.92,65.28,62.3,60.94,64.14,64.42,66.69,67.1,67.26,65.38,67.4,67.04,66.28,65.22,64.47,65.71,64.84,62.74,62.52,62.8,63.4,65.66],
  "contact_probs": [[1.0,0.95,0.71,0.76,0.69,0.33,0.57,0.97],[0.95,1.0,0.77,0.7,0.52,0.3,0.41,0.83],[0.71,0.77,1.0,0.96,0.7,0.37,0.22,0.58],[0.76,0.7,0.96,1.0,0.99,0.8,0.37,0.79],[0.69,0.52,0.7,0.99,1.0,0.87,0.72,0.86],[0.33,0.3,0.37,0.8,0.87,1.0,0.58,0.57],[0.57,0.41,0.22,0.37,0.72,0.58,1.0,0.99],[0.97,0.83,0.58,0.79,0.86,0.57,0.99,1.0]],
  "pae": [[1.5,5.1,7.3,9.9,8.4,7.4,6.1,8.2],[4.4,1.6,4.1,5.1,5.9,6.5,5.5,6.1],[5.8,4.5,1.6,4.4,5.0,5.8,8.1,6.2],[6.9,4.9,3.7,1.1,3.8,4.6,6.2,6.0],[5.8,5.2,4.1,3.6,1.2,4.6,5.0,4.5],[6.4,5.6,5.2,4.9,3.3,1.4,3.8,4.0],[7.1,7.1,7.0,6.8,5.0,4.2,1.5,2.8],[7.2,5.9,6.9,6.6,6.2,4.2,3.6,1.4]],
  "token_chain_ids": ["A","A","A","A","A","A","A","A"],
  "token_res_ids": [1,2,3,4,5,6,7,8]
}