{
  "atom_chain_ids": ["A","A","A","A","A","A","A","A","A","A","A","A","A","A","A","A","A","A","A","A","A","A","A","A","A","A","A","A","A","A","A","A","A","A","A","A","A","A","A","A","A","A","A","A","A","A","A","A","A","A","A","A","A","A","A","A","A","A","A","A","A","A","A","A","A","A","A","A","A","A","A","A","A","A","A","A","A","A","A","A","A","A","A","A","A","A","A","A","A","A","A","A","A","A","A","A","A","A","A","A","A","A","A","A","A","A","A","A","A","A","A","A","A","A","A","A","A","A","A","A","A","A","A","A","A","A","A","A","A","A","A","A","A","A","A","A","A","A","A","A","A","A","A","A","A","A","A","A","A","A","A","A","A","A","A","A","A","A","A","A","A","A","A"],
  "atom_plddts": [51.99,52.96,49.68,50.23,52.59,52.77,54.07,55.51,55.94,54.66,53.55,55.52,55.09,54.56,54.38,53.95,53.88,53.24,52.38,53.03,54.24,55.61,53.15,53.78,55.68,55.94,57.53,59.59,59.69,58.71,59.06,60.67,59.59,59.32,58.09,58.3,57.69,57.04,56.22,56.99,58.28,58.49,55.39,55.13,58.46,59.03,60.1,61.82,61.41,59.72,60.59,62.51,61.45,61.0,59.26,59.06,59.36,58.81,57.85,58.11,59.29,53.71,51.17,51.62,53.9,53.94,56.3,56.92,57.79,56.01,56.36,57.2,56.15,55.16,53.63,54.32,53.66,52.15,51.77,52.01,52.95,53.67,57.35,54.43,54.51,58.11,58.07,59.24,60.38,60.45,58.83,59.6,60.85,59.55,59.41,59.12,59.16,59.21,58.76,58.18,58.47,59.3,60.53,58.75,58.04,60.11,60.15,60.75,62.06,61.89,60.23,60.54,61.42,60.74,59.72,58.89,58.27,58.03,57.44,56.24,57.15,58.68,58.52,56.2,55.39,58.16,58.46,58.95,59.84,60.47,58.47,58.9,59.76,58.73,57.98,56.65,55.93,55.75,55.24,53.89,54.87,56.27,61.53,59.04,57.95,60.37,60.29,62.66,63.2,63.53,61.77,63.13,62.45,61.82,60.95,60.39,61.48,60.66,58.86,58.56,58.75,59.3,61.36],
  "contact_probs": [[1.0,0.95,0.71,0.76,0.69,0.33,0.57,0.97],[0.95,1.0,0.77,0.7,0.52,0.3,0.41,0.83],[0.71,0.77,1.0,0.96,0.7,0.37,0.22,0.58],[0.76,0.7,0.96,1.0,0.99,0.8,0.37,0.79],[0.69,0.52,0.7,0.99,1.0,0.87,0.72,0.86],[0.33,0.3,0.37,0.8,0.87,1.0,0.58,0.57],[0.57,0.41,0.22,0.37,0.72,0.58,1.0,0.99],[0.97,0.83,0.58,0.79,0.86,0.57,0.99,1.0]],
  "pae": [[1.7,4.8,6.8,7.8,8.1,6.4,8.4,8.2],[4.5,1.7,3.7,4.7,6.1,6.7,8.1,7.5],[6.0,4.4,1.7,3.4,5.0,6.4,7.1,6.1],[6.6,4.4,3.1,1.0,3.0,5.2,5.9,5.7],[7.1,5.5,4.2,3.8,1.1,5.3,4.3,3.2],[8.1,6.7,5.9,4.7,4.4,1.6,4.7,4.3],[8.5,7.6,7.0,7.2,5.3,5.6,1.8,4.0],[9.0,7.5,7.0,6.9,5.9,4.9,4.0,1.5]],
  "token_chain_ids": ["A","A","A","A","A","A","A","A"],
  "token_res_ids": [1,2,3,4,5,6,7,8]
}