{
  "atom_chain_ids": ["A","A","A","A","A","A","A","A","A","A","A","A","A","A","A","A","A","A","A","A","A","A","A","A","A","A","A","A","A","A","A","A","A","A","A","A","A","A","A","A","A","A","A","A","A","A","A","A","A","A","A","A","A","A","A","A","A","A","A","A","A","A","A","A","A","A","A","A","A","A","A","A","A","A","A","A","A","A","A","A","A","A","A","A","A","A","A","A","A","A","A","A","A","A","A","A","A","A","A","A","A","A","A","A","A","A","A","A","A","A","A","A","A","A","A","A","A","A","A","A","A","A","A","A","A","A","A","A","A","A","A","A","A","A","A","A","A","A","A","A","A","A","A","A","A","A","A","A","A","A","A","A","A","A","A","A","A","A","A","A","A","A","A"],
  "atom_plddts": [53.51,54.15,50.58,51.21,53.93,54.15,55.56,57.11,57.3,55.94,55.01,57.06,56.69,56.23,55.99,55.62,55.63,55.02,54.1,54.69,55.88,55.66,53.02,53.67,55.73,55.86,57.42,59.28,59.02,58.1,58.14,59.25,58.78,58.48,57.46,57.53,57.1,56.45,55.56,56.31,57.44,55.92,53.0,53.23,56.01,56.83,58.28,60.26,59.5,57.89,58.44,60.66,59.63,59.44,57.78,57.73,58.0,57.46,56.66,56.8,57.87,55.18,52.56,52.93,55.23,54.97,57.21,58.03,58.48,56.82,57.15,57.85,57.08,56.01,54.62,55.37,54.79,53.22,52.82,53.0,53.88,54.67,57.26,54.32,54.45,58.1,58.09,59.27,60.42,60.47,58.78,59.62,61.0,59.67,59.56,59.17,59.26,59.32,58.87,58.3,58.55,59.38,62.03,59.69,58.89,61.79,62.03,62.64,64.03,63.92,62.16,62.94,63.78,63.12,62.11,61.17,60.61,60.42,59.83,58.61,59.48,61.09,59.81,57.25,56.36,59.42,59.7,60.25,61.0,61.39,59.29,59.67,60.4,59.62,58.78,57.38,56.57,56.5,55.94,54.56,55.52,56.94,60.31,57.93,56.9,59.14,59.09,61.58,62.23,62.7,60.93,62.19,61.76,60.89,60.08,59.44,60.66,59.73,57.91,57.69,57.83,58.43,60.62],
  "contact_probs": [[1.0,0.95,0.71,0.76,0.69,0.33,0.57,0.97],[0.95,1.0,0.77,0.7,0.52,0.3,0.41,0.83],[0.71,0.77,1.0,0.96,0.7,0.37,0.22,0.58],[0.76,0.7,0.96,1.0,0.99,0.8,0.37,0.79],[0.69,0.52,0.7,0.99,1.0,0.87,0.72,0.86],[0.33,0.3,0.37,0.8,0.87,1.0,0.58,0.57],[0.57,0.41,0.22,0.37,0.72,0.58,1.0,0.99],[0.97,0.83,0.58,0.79,0.86,0.57,0.99,1.0]],
  "pae": [[1.4,4.7,5.9,8.3,7.5,6.0,8.3,6.2],[3.7,1.6,3.5,4.4,5.5,5.5,7.6,6.0],[5.8,5.0,1.7,3.0,5.0,5.7,7.6,6.6],[6.3,5.4,3.3,1.0,3.2,5.1,5.5,5.6],[7.4,6.6,4.5,3.6,1.2,5.3,5.2,3.8],[7.2,6.7,5.3,4.4,4.0,1.5,4.0,4.2],[7.1,7.0,7.6,6.7,5.2,5.4,1.9,3.7],[7.1,6.3,7.0,6.2,6.6,5.2,3.5,1.5]],
  "token_chain_ids": ["A","A","A","A","A","A","A","A"],
  "token_res_ids": [1,2,3,4,5,6,7,8]
}