{
  "atom_chain_ids": ["A","A","A","A","A","A","A","A","A","A","A","A","A","A","A","A","A","A","A","A","A","A","A","A","A","A","A","A","A","A","A","A","A","A","A","A","A","A","A","A","A","A","A","A","A","A","A","A","A","A","A","A","A","A","A","A","A","A","A","A","A","A","A","A","A","A","A","A","A","A","A","A","A","A","A","A","A","A","A","A","A","A","A","A","A","A","A","A","A","A","A","A","A","A","A","A","A","A","A","A","A","A","A","A","A","A","A","A","A","A","A","A","A","A","A","A","A","A","A","A","A","A","A","A","A","A","A","A","A","A","A","A","A","A","A","A","A","A","A","A","A","A","A","A","A","A","A","A","A","A","A","A","A","A","A","A","A","A","A","A","A","A","A"],
  "atom_plddts": [57.0,58.05,54.18,54.52,57.68,58.52,59.97,61.17,61.27,59.67,59.29,61.4,60.99,60.4,59.89,59.56,59.58,58.85,57.9,58.55,60.02,59.77,56.68,56.93,60.16,60.41,62.06,63.55,63.37,62.25,62.96,64.66,63.57,63.01,61.72,61.88,61.34,60.54,59.7,60.42,61.96,57.17,54.3,54.04,56.99,57.42,58.5,59.78,59.46,57.76,58.19,60.28,59.12,58.52,56.8,56.52,56.69,56.09,55.23,55.48,56.79,54.93,51.9,52.23,54.9,55.0,57.34,58.07,58.62,56.85,57.25,58.43,57.28,56.04,54.65,55.58,54.77,52.96,52.72,52.95,53.98,55.07,57.76,54.38,54.51,58.71,59.0,60.2,61.41,61.02,59.28,60.29,62.03,60.62,60.47,60.21,60.42,60.49,59.93,59.54,59.58,60.62,61.8,59.06,58.39,61.59,61.61,62.05,63.61,63.23,61.47,62.2,63.49,62.8,61.73,60.94,60.51,60.27,59.58,58.52,59.22,61.03,59.99,57.39,56.33,59.52,60.14,60.84,61.58,62.15,59.9,60.63,61.79,60.59,59.71,58.14,57.42,57.21,56.57,55.34,56.27,57.97,61.51,58.63,57.55,60.35,60.53,62.85,63.57,63.67,61.78,63.18,62.98,62.07,61.16,60.64,61.98,61.04,59.03,58.88,59.03,59.61,61.96],
  "contact_probs": [[1.0,0.95,0.71,0.76,0.69,0.33,0.57,0.97],[0.95,1.0,0.77,0.7,0.52,0.3,0.41,0.83],[0.71,0.77,1.0,0.96,0.7,0.37,0.22,0.58],[0.76,0.7,0.96,1.0,0.99,0.8,0.37,0.79],[0.69,0.52,0.7,0.99,1.0,0.87,0.72,0.86],[0.33,0.3,0.37,0.8,0.87,1.0,0.58,0.57],[0.57,0.41,0.22,0.37,0.72,0.58,1.0,0.99],[0.97,0.83,0.58,0.79,0.86,0.57,0.99,1.0]],
  "pae": [[1.4,4.6,5.0,6.1,6.4,6.9,7.2,8.0],[3.3,1.5,2.9,3.6,4.5,6.3,6.1,6.4],[4.6,4.1,1.4,3.0,4.4,5.4,6.5,5.5],[5.4,4.2,2.8,1.0,2.8,4.9,5.2,5.5],[5.8,5.2,4.2,3.8,1.1,4.8,4.2,3.4],[6.6,6.1,5.2,4.5,4.1,1.4,3.3,4.2],[6.6,6.4,6.7,6.0,4.5,4.6,1.6,3.4],[7.5,6.2,7.0,5.7,5.6,4.3,3.1,1.4]],
  "token_chain_ids": ["A","A","A","A","A","A","A","A"],
  "token_res_ids": [1,2,3,4,5,6,7,8]
}