{
  "atom_chain_ids": ["A","A","A","A","A","A","A","A","A","A","A","A","A","A","A","A","A","A","A","A","A","A","A","A","A","A","A","A","A","A","A","A","A","A","A","A","A","A","A","A","A","A","A","A","A","A","A","A","A","A","A","A","A","A","A","A","A","A","A","A","A","A","A","A","A","A","A","A","A","A","A","A","A","A","A","A","A","A","A","A","A","A","A","A","A","A","A","A","A","A","A","A","A","A","A","A","A","A","A","A","A","A","A","A","A","A","A","A","A","A","A","A","A","A","A","A","A","A","A","A","A","A","A","A","A","A","A","A","A","A","A","A","A","A","A","A","A","A","A","A","A","A","A","A","A","A","A","A","A","A","A","A","A","A","A","A","A","A","A","A","A","A","A","A","A","A","A","A","A","A","A","A","A","A","A","A","A","A","A","A","A","A","A","A","A","A","A","A","A","A","A","A","A","A","A","A","A","A","A","A","A","A","A","A","A","A","A","A","A","A","A","A","A","A","A","A","A","A","A","A","A","A","A","A","A","A","A","A","A","A","A","A","A","A","A","A","A","A","A","A","A","A","A","A","A","A","A","A","A","A","A","A","A","A","A","A","A","A","A","A","A","A","A","A","A","A","A","A","A","A","A","A","A","A","A","A","A","A","A","A","A","A","A","A","A","A","A","A","A","A","A","A","A","A","A","A","A","A","A","A","A","A","A","A","A","A","A","A","A","A","A","A","A","A","A","A","A","A","A","A","A","A","A","A","A","A","A","A","A","A","A","A","A","A","A","A","A","A","A","A","A","A","A","A","A","A","A","A","A","A","A","A","A","A","A","A","A","A","A","A","A","A","A","A","A","A","A","A","A","A","A","A","A","A","A","A","A","A","A","A","A","A","A","A","A","A","A","A","A","A","A","A","A","A","A","A","A","A","A","A","A","A","A","A","A","A","A","A","A","A","A","A","A","A","A","A","A","A","A","A","A","A","A","A","A","A","A","A","A","A","A","A","A","A","A","A","A","A","A","A","A","A","A","A","A","A","A"],
  "atom_plddts": [71.74,71.08,65.33,65.7,71.33,75.42,77.83,78.2,78.54,77.43,78.63,78.98,79.71,80.16,79.8,80.53,80.96,80.52,80.34,80.6,80.63,80.74,81.36,75.34,72.19,72.48,75.97,76.69,78.13,77.66,77.92,76.87,78.49,78.99,79.36,79.89,79.61,80.2,80.75,80.37,80.49,80.36,80.15,80.28,80.63,76.45,74.33,74.24,76.13,75.6,77.23,77.4,77.32,76.2,77.3,77.08,78.35,78.74,78.26,78.6,79.27,78.82,78.54,78.52,78.42,78.04,79.07,66.79,63.58,63.25,67.14,64.79,65.39,63.51,65.36,64.46,61.77,59.82,61.13,57.58,54.14,52.2,51.38,50.15,47.95,50.61,53.8,61.77,56.37,56.26,62.8,62.45,64.58,64.86,66.24,65.3,64.6,62.87,64.31,62.35,59.01,57.6,57.92,56.69,54.4,56.42,59.02,65.68,61.09,60.12,65.36,65.68,67.48,68.3,68.51,66.93,67.66,64.39,66.37,64.87,61.81,61.14,61.9,59.65,57.2,58.26,59.87,60.4,74.33,70.8,70.8,74.89,75.33,77.28,77.69,77.58,76.63,77.77,77.95,78.88,79.3,78.67,79.14,79.86,79.53,79.3,79.35,79.25,79.2,79.95,75.78,73.35,73.57,76.03,76.23,77.56,77.49,77.39,76.46,77.74,77.87,78.59,78.97,78.66,79.09,79.64,79.41,79.4,79.35,79.15,78.96,79.55,77.68,75.6,75.22,77.19,76.89,78.44,78.58,78.51,77.44,78.34,77.99,79.21,79.39,78.97,79.24,79.88,79.43,79.24,79.33,79.2,78.71,79.76,73.63,70.73,70.38,72.81,70.25,72.09,71.29,71.78,70.93,68.75,66.3,68.83,66.65,65.02,63.27,63.68,62.4,60.05,62.11,64.59,68.07,62.3,62.56,69.04,68.91,71.63,71.95,72.93,71.82,70.72,69.25,71.01,69.25,66.26,65.08,65.86,64.46,62.32,63.97,66.41,72.27,67.89,65.57,70.92,71.62,72.91,73.99,73.57,72.33,73.3,70.54,72.56,72.09,70.41,69.99,71.78,70.43,68.51,68.88,69.51,70.09,75.15,71.14,70.73,75.59,76.16,77.82,78.29,78.24,77.27,78.59,78.66,79.59,80.03,79.54,80.01,80.78,80.54,80.48,80.55,80.32,80.32,80.86,77.83,75.32,75.47,78.13,78.42,79.86,79.4,79.61,78.6,79.8,80.06,80.91,81.27,80.78,81.18,81.7,81.41,81.43,81.45,81.26,81.08,81.67,77.09,74.85,74.38,76.65,76.2,77.55,77.61,77.51,76.32,77.45,77.06,78.5,78.8,78.44,78.72,79.48,79.18,79.01,78.94,78.71,78.28,79.33,60.49,57.07,56.94,61.4,60.39,60.72,57.8,59.74,58.46,55.75,54.18,54.89,51.67,48.49,46.79,45.59,44.3,42.49,45.14,48.36,49.0,44.97,44.14,49.84,50.57,50.53,47.21,51.71,50.54,48.54,46.03,46.15,42.35,37.78,35.84,34.33,32.77,31.4,34.32,37.84,57.14,51.14,51.12,58.4,58.99,60.98,60.62,63.26,62.36,61.32,59.94,61.11,58.81,55.2,53.74,53.6,52.3,50.01,52.41,55.45,74.64,70.12,69.32,75.21,76.33,78.23,78.63,78.63,77.79,79.0,79.05,79.93,80.36,79.86,80.42,81.15,80.81,80.72,80.77,80.63,80.73,81.31,77.95,75.67,75.79,78.21,78.16,79.33,79.06,79.09,78.15,79.62,79.94,80.69,81.22,81.07,81.5,82.05,81.81,81.93,81.88,81.58,81.34,81.79,77.4,75.6,74.49,77.01,77.25,77.76,78.1,77.72,76.74,77.99,77.76,78.77,79.2,79.13,79.4,80.21,79.99,79.85,79.95,79.66,79.16,80.05],
  "contact_probs": [[1.0,1.0,0.37,0.01,0.01,0.02,0.07,0.3,0.48,0.26,0.25,0.49,0.29,0.76,0.49,0.04,0.02,0.01,0.02,0.03,0.03],[1.0,1.0,1.0,0.26,0.18,0.12,0.2,0.43,0.4,0.04,0.03,0.08,0.07,0.18,0.72,0.12,0.12,0.04,0.03,0.03,0.02],[0.37,1.0,1.0,0.78,0.54,0.57,0.55,0.59,0.06,0.01,0.0,0.01,0.02,0.08,0.22,0.22,0.24,0.1,0.04,0.03,0.01],[0.01,0.26,0.78,1.0,0.6,0.39,0.19,0.04,0.01,0.0,0.0,0.0,0.0,0.01,0.17,0.25,0.25,0.19,0.03,0.01,0.0],[0.01,0.18,0.54,0.6,1.0,0.73,0.35,0.08,0.01,0.0,0.0,0.01,0.0,0.02,0.18,0.21,0.34,0.32,0.13,0.02,0.01],[0.02,0.12,0.57,0.39,0.73,1.0,0.91,0.2,0.01,0.01,0.0,0.0,0.01,0.03,0.14,0.2,0.38,0.52,0.59,0.25,0.02],[0.07,0.2,0.55,0.19,0.35,0.91,1.0,1.0,0.25,0.01,0.01,0.02,0.02,0.04,0.06,0.04,0.12,0.18,0.23,0.76,0.41],[0.3,0.43,0.59,0.04,0.08,0.2,1.0,1.0,1.0,0.4,0.13,0.14,0.04,0.03,0.03,0.01,0.01,0.02,0.07,0.25,0.76],[0.48,0.4,0.06,0.01,0.01,0.01,0.25,1.0,1.0,0.9,0.6,0.56,0.06,0.04,0.02,0.0,0.0,0.01,0.02,0.08,0.31],[0.26,0.04,0.01,0.0,0.0,0.01,0.01,0.4,0.9,1.0,0.79,0.62,0.11,0.01,0.0,0.0,0.0,0.0,0.0,0.03,0.35],[0.25,0.03,0.0,0.0,0.0,0.0,0.01,0.13,0.6,0.79,1.0,0.89,0.25,0.02,0.0,0.0,0.0,0.0,0.01,0.05,0.47],[0.49,0.08,0.01,0.0,0.01,0.0,0.02,0.14,0.56,0.62,0.89,1.0,0.94,0.19,0.01,0.01,0.01,0.01,0.02,0.36,0.71],[0.29,0.07,0.02,0.0,0.0,0.01,0.02,0.04,0.06,0.11,0.25,0.94,1.0,0.99,0.1,0.02,0.03,0.03,0.57,0.76,0.3],[0.76,0.18,0.08,0.01,0.02,0.03,0.04,0.03,0.04,0.01,0.02,0.19,0.99,1.0,0.99,0.18,0.3,0.24,0.79,0.25,0.07],[0.49,0.72,0.22,0.17,0.18,0.14,0.06,0.03,0.02,0.0,0.0,0.01,0.1,0.99,1.0,0.69,0.62,0.49,0.46,0.07,0.04],[0.04,0.12,0.22,0.25,0.21,0.2,0.04,0.01,0.0,0.0,0.0,0.01,0.02,0.18,0.69,1.0,0.49,0.33,0.1,0.02,0.01],[0.02,0.12,0.24,0.25,0.34,0.38,0.12,0.01,0.0,0.0,0.0,0.01,0.03,0.3,0.62,0.49,1.0,0.61,0.42,0.06,0.01],[0.01,0.04,0.1,0.19,0.32,0.52,0.18,0.02,0.01,0.0,0.0,0.01,0.03,0.24,0.49,0.33,0.61,1.0,0.85,0.11,0.01],[0.02,0.03,0.04,0.03,0.13,0.59,0.23,0.07,0.02,0.0,0.01,0.02,0.57,0.79,0.46,0.1,0.42,0.85,1.0,1.0,0.1],[0.03,0.03,0.03,0.01,0.02,0.25,0.76,0.25,0.08,0.03,0.05,0.36,0.76,0.25,0.07,0.02,0.06,0.11,1.0,1.0,1.0],[0.03,0.02,0.01,0.0,0.01,0.02,0.41,0.76,0.31,0.35,0.47,0.71,0.3,0.07,0.04,0.01,0.01,0.01,0.1,1.0,1.0]],
  "pae": [[0.9,1.9,3.1,6.1,5.9,5.5,5.0,4.2,4.4,5.3,5.8,5.0,4.3,4.5,5.1,9.3,11.2,6.6,4.7,4.7,5.4],[1.4,0.9,1.6,4.7,4.0,4.2,3.5,3.3,3.4,4.8,4.9,4.4,3.7,3.1,3.9,7.7,9.8,5.0,3.5,3.5,4.0],[2.5,1.7,0.9,4.3,3.8,4.1,3.2,3.4,4.0,5.3,5.5,4.8,4.2,3.7,3.7,7.8,10.0,5.1,3.6,3.7,4.2],[8.4,7.2,7.0,1.4,7.0,6.3,5.6,6.9,7.9,10.2,9.8,9.2,10.6,10.4,10.2,12.8,15.4,11.4,10.9,10.5,10.6],[7.9,6.6,6.7,5.5,1.3,4.7,5.0,6.7,8.4,9.3,9.9,9.3,9.1,9.4,6.9,10.5,12.9,6.4,7.6,8.8,9.7],[6.4,6.2,5.1,5.0,3.9,1.1,3.8,5.1,6.8,8.2,8.3,7.4,6.7,7.0,5.9,9.3,11.1,5.4,4.7,6.4,7.2],[4.1,4.2,4.0,5.4,3.7,2.5,0.9,2.1,3.4,5.2,5.9,4.9,4.7,4.6,4.1,8.2,9.3,5.0,4.2,3.9,4.4],[3.5,3.4,3.4,6.0,4.6,3.0,1.9,0.9,1.7,4.0,4.3,4.0,4.2,4.1,4.0,8.4,9.5,5.3,3.5,3.9,3.8],[4.1,4.3,4.4,6.9,5.9,4.1,3.1,1.8,0.9,3.6,3.5,3.9,4.1,4.3,4.8,9.0,10.7,6.3,4.1,4.0,3.8],[6.2,6.3,7.0,8.3,8.6,7.1,5.7,5.4,4.1,1.3,5.3,4.7,6.2,7.0,7.2,11.7,13.3,8.8,7.2,6.7,6.6],[6.9,7.5,8.2,8.9,9.3,7.2,5.7,5.4,4.6,5.1,1.2,3.9,4.1,6.7,7.5,11.2,13.2,9.2,7.4,6.6,5.2],[6.6,7.5,6.5,8.4,7.9,7.1,5.6,5.7,4.1,4.4,3.2,1.0,2.6,4.9,6.9,10.1,12.1,7.8,6.4,5.6,4.6],[4.2,4.8,5.3,7.1,6.4,4.9,5.0,4.8,4.3,5.3,3.4,2.4,0.9,2.0,3.8,8.0,10.4,5.6,5.1,4.4,3.9],[3.4,3.3,3.8,6.4,5.3,4.0,3.8,4.0,4.0,5.0,3.9,2.8,1.7,0.9,1.8,7.0,8.9,4.7,3.6,3.5,3.8],[3.9,3.6,3.7,7.0,5.6,4.2,4.0,4.4,4.5,5.8,5.4,3.9,3.1,1.6,0.9,6.0,9.0,5.2,3.2,4.0,5.4],[13.7,12.8,14.4,15.1,12.5,12.0,14.1,14.6,16.1,14.5,15.0,13.4,14.5,13.5,11.6,1.6,10.7,9.7,14.3,14.0,15.4],[17.6,17.9,17.3,16.8,15.5,14.1,17.1,17.7,18.9,18.1,18.3,18.3,17.4,15.0,12.2,9.8,1.5,10.9,11.4,15.6,17.9],[10.1,10.6,10.6,12.8,7.7,6.7,8.3,9.0,9.8,11.6,11.8,10.7,10.3,11.1,7.9,9.7,9.2,1.3,6.3,7.7,9.5],[3.9,3.8,3.8,6.8,5.1,3.8,3.6,3.7,4.1,5.6,5.2,4.3,3.8,3.5,3.5,7.3,8.0,3.1,0.9,1.7,2.8],[3.1,3.1,3.3,6.6,4.9,3.5,3.1,2.7,3.0,4.8,4.3,3.8,2.9,2.7,3.4,7.5,9.4,3.6,1.3,0.8,1.5],[4.3,4.1,4.4,7.7,6.2,4.4,3.7,3.8,3.5,5.3,4.6,3.8,3.5,4.1,5.1,8.7,10.2,5.3,2.5,1.5,0.9]],
  "token_chain_ids": ["A","A","A","A","A","A","A","A","A","A","A","A","A","A","A","A","A","A","A","A","A"],
  "token_res_ids": [1,2,3,4,5,6,7,8,9,10,11,12,13,14,15,16,17,18,19,20,21]
}