{
  "atom_chain_ids": ["A","A","A","A","A","A","A","A","A","A","A","A","A","A","A","A","A","A","A","A","A","A","A","A","A","A","A","A","A","A","A","A","A","A","A","A","A","A","A","A","A","A","A","A","A","A","A","A","A","A","A","A","A","A","A","A","A","A","A","A","A","A","A","A","A","A","A","A","A","A","A","A","A","A","A","A","A","A","A","A","A","A","A","A","A","A","A","A","A","A","A","A","A","A","A","A","A","A","A","A","A","A","A","A","A","A","A","A","A","A","A","A","A","A","A","A","A","A","A","A","A","A","A","A","A","A","A","A","A","A","A","A","A","A","A","A","A","A","A","A","A","A","A","A","A","A","A","A","A","A","A","A","A","A","A","A","A","A","A","A","A","A","A","A","A","A","A","A","A","A","A","A","A","A","A","A","A","A","A","A","A","A","A","A","A","A","A","A","A","A","A","A","A","A","A","A","A","A","A","A","A","A","A","A","A","A","A","A","A","A","A","A","A","A","A","A","A","A","A","A","A","A","A","A","A","A","A","A","A","A","A","A","A","A","A","A","A","A","A","A","A","A","A","A","A","A","A","A","A","A","A","A","A","A","A","A","A","A","A","A","A","A","A","A","A","A","A","A","A","A","A","A","A","A","A","A","A","A","A","A","A","A","A","A","A","A","A","A","A","A","A","A","A","A","A","A","A","A","A","A","A","A","A","A","A","A","A","A","A","A","A","A","A","A","A","A","A","A","A","A","A","A","A","A","A","A","A","A","A","A","A","A","A","A","A","A","A","A","A","A","A","A","A","A","A","A","A","A","A","A","A","A","A","A","A","A","A","A","A","A","A","A","A","A","A","A","A","A","A","A","A","A","A","A","A","A","A","A","A","A","A","A","A","A","A","A","A","A","A","A","A","A","A","A","A","A","A","A","A","A","A","A","A","A","A","A","A","A","A","A","A","A","A","A","A","A","A","A","A","A","A","A","A","A","A","A","A","A","A","A","A","A","A","A","A","A","A","A","A","A","A","A","A","A","A","A","A"],
  "atom_plddts": [69.99,69.42,63.8,64.0,69.42,73.49,75.87,76.44,76.79,75.68,76.95,77.19,77.75,78.24,77.67,78.36,78.89,78.48,78.02,78.35,78.43,78.63,79.47,74.11,71.39,71.49,74.23,74.73,76.19,75.94,75.88,74.77,76.1,76.2,76.78,77.25,77.12,77.46,78.12,77.87,77.7,77.63,77.48,77.33,78.04,74.59,72.73,72.31,73.96,73.35,74.76,75.1,74.73,73.6,74.38,73.53,74.95,75.21,74.89,74.89,75.79,75.51,74.85,74.83,74.83,74.11,75.55,48.44,47.1,46.21,48.08,47.92,47.41,45.82,48.03,46.78,46.31,44.33,44.87,43.16,41.25,40.4,39.76,38.96,37.67,39.06,41.06,48.38,44.75,43.79,48.75,48.97,49.5,48.76,50.77,49.8,49.47,47.79,48.97,47.72,45.32,44.61,44.13,43.17,41.66,43.1,45.33,58.37,53.65,53.13,58.06,58.25,59.21,59.84,60.51,59.33,59.64,56.32,58.17,56.74,54.23,53.56,53.55,51.68,49.35,50.66,52.43,52.69,72.94,70.2,70.1,72.84,72.77,74.39,74.85,74.55,73.44,74.37,73.92,75.18,75.6,75.3,75.42,76.37,76.21,75.64,75.65,75.57,75.05,76.25,74.6,72.19,72.23,74.63,75.0,76.53,76.48,76.35,75.35,76.38,76.18,77.06,77.44,77.08,77.32,78.01,77.86,77.59,77.59,77.46,77.14,78.01,76.47,74.75,74.18,75.64,75.05,76.55,76.58,76.45,75.31,75.96,75.0,76.51,76.6,76.32,76.3,77.14,76.79,76.23,76.39,76.33,75.52,76.99,64.0,61.54,60.82,63.76,60.91,60.89,58.65,60.61,60.18,57.61,55.16,56.91,54.09,52.75,51.56,50.73,49.91,47.61,49.82,52.77,61.3,56.13,56.3,62.55,61.85,63.54,63.27,64.69,63.95,62.43,60.72,62.48,60.6,58.01,56.88,56.85,55.76,53.39,55.46,58.05,67.39,63.1,61.21,66.16,66.8,68.15,69.21,68.85,67.58,68.82,65.27,67.3,66.57,64.52,63.94,65.3,63.83,61.4,62.22,63.21,63.55,73.29,70.23,69.69,73.37,73.87,75.57,76.2,76.1,74.98,76.07,75.6,76.66,76.96,75.98,76.13,77.12,76.93,76.34,76.45,76.39,76.05,77.31,75.62,73.61,73.44,75.47,75.8,77.24,76.94,76.87,75.75,76.68,76.45,77.42,77.67,77.12,77.27,77.92,77.72,77.4,77.44,77.36,76.88,77.97,75.08,73.69,73.11,74.15,73.56,74.6,74.46,74.17,72.81,73.6,72.36,74.15,74.28,74.06,73.93,74.87,74.71,74.07,74.0,73.91,72.94,74.59,43.75,41.7,40.57,43.72,44.06,43.87,42.09,45.59,43.95,43.77,41.49,41.59,39.57,36.75,35.65,35.05,34.22,33.0,34.64,36.86,45.33,41.92,40.93,45.52,46.59,46.92,45.57,48.13,46.77,46.51,44.49,45.94,44.57,41.91,41.13,40.74,39.81,38.42,39.77,41.97,54.68,49.23,48.96,55.48,55.74,56.85,56.85,58.46,58.01,57.07,55.72,57.15,55.64,52.95,51.83,51.63,50.61,48.34,50.4,52.92,73.25,69.27,68.34,73.36,74.1,75.97,76.44,76.31,75.37,76.4,76.0,77.14,77.54,77.06,77.4,78.34,78.1,77.69,77.7,77.63,77.5,78.49,76.12,73.93,73.77,76.03,75.98,77.22,77.06,76.89,75.91,77.12,77.09,77.99,78.48,78.43,78.71,79.38,79.22,79.12,79.08,78.83,78.48,79.17,74.44,73.27,72.03,73.41,73.54,73.72,74.26,73.51,72.48,73.6,72.53,73.85,74.21,74.34,74.32,75.36,75.33,74.76,74.73,74.54,73.8,75.05],
  "contact_probs": [[1.0,1.0,0.37,0.01,0.01,0.02,0.07,0.3,0.48,0.26,0.25,0.49,0.29,0.76,0.49,0.04,0.02,0.01,0.02,0.03,0.03],[1.0,1.0,1.0,0.26,0.18,0.12,0.2,0.43,0.4,0.04,0.03,0.08,0.07,0.18,0.72,0.12,0.12,0.04,0.03,0.03,0.02],[0.37,1.0,1.0,0.78,0.54,0.57,0.55,0.59,0.06,0.01,0.0,0.01,0.02,0.08,0.22,0.22,0.24,0.1,0.04,0.03,0.01],[0.01,0.26,0.78,1.0,0.6,0.39,0.19,0.04,0.01,0.0,0.0,0.0,0.0,0.01,0.17,0.25,0.25,0.19,0.03,0.01,0.0],[0.01,0.18,0.54,0.6,1.0,0.73,0.35,0.08,0.01,0.0,0.0,0.01,0.0,0.02,0.18,0.21,0.34,0.32,0.13,0.02,0.01],[0.02,0.12,0.57,0.39,0.73,1.0,0.91,0.2,0.01,0.01,0.0,0.0,0.01,0.03,0.14,0.2,0.38,0.52,0.59,0.25,0.02],[0.07,0.2,0.55,0.19,0.35,0.91,1.0,1.0,0.25,0.01,0.01,0.02,0.02,0.04,0.06,0.04,0.12,0.18,0.23,0.76,0.41],[0.3,0.43,0.59,0.04,0.08,0.2,1.0,1.0,1.0,0.4,0.13,0.14,0.04,0.03,0.03,0.01,0.01,0.02,0.07,0.25,0.76],[0.48,0.4,0.06,0.01,0.01,0.01,0.25,1.0,1.0,0.9,0.6,0.56,0.06,0.04,0.02,0.0,0.0,0.01,0.02,0.08,0.31],[0.26,0.04,0.01,0.0,0.0,0.01,0.01,0.4,0.9,1.0,0.79,0.62,0.11,0.01,0.0,0.0,0.0,0.0,0.0,0.03,0.35],[0.25,0.03,0.0,0.0,0.0,0.0,0.01,0.13,0.6,0.79,1.0,0.89,0.25,0.02,0.0,0.0,0.0,0.0,0.01,0.05,0.47],[0.49,0.08,0.01,0.0,0.01,0.0,0.02,0.14,0.56,0.62,0.89,1.0,0.94,0.19,0.01,0.01,0.01,0.01,0.02,0.36,0.71],[0.29,0.07,0.02,0.0,0.0,0.01,0.02,0.04,0.06,0.11,0.25,0.94,1.0,0.99,0.1,0.02,0.03,0.03,0.57,0.76,0.3],[0.76,0.18,0.08,0.01,0.02,0.03,0.04,0.03,0.04,0.01,0.02,0.19,0.99,1.0,0.99,0.18,0.3,0.24,0.79,0.25,0.07],[0.49,0.72,0.22,0.17,0.18,0.14,0.06,0.03,0.02,0.0,0.0,0.01,0.1,0.99,1.0,0.69,0.62,0.49,0.46,0.07,0.04],[0.04,0.12,0.22,0.25,0.21,0.2,0.04,0.01,0.0,0.0,0.0,0.01,0.02,0.18,0.69,1.0,0.49,0.33,0.1,0.02,0.01],[0.02,0.12,0.24,0.25,0.34,0.38,0.12,0.01,0.0,0.0,0.0,0.01,0.03,0.3,0.62,0.49,1.0,0.61,0.42,0.06,0.01],[0.01,0.04,0.1,0.19,0.32,0.52,0.18,0.02,0.01,0.0,0.0,0.01,0.03,0.24,0.49,0.33,0.61,1.0,0.85,0.11,0.01],[0.02,0.03,0.04,0.03,0.13,0.59,0.23,0.07,0.02,0.0,0.01,0.02,0.57,0.79,0.46,0.1,0.42,0.85,1.0,1.0,0.1],[0.03,0.03,0.03,0.01,0.02,0.25,0.76,0.25,0.08,0.03,0.05,0.36,0.76,0.25,0.07,0.02,0.06,0.11,1.0,1.0,1.0],[0.03,0.02,0.01,0.0,0.01,0.02,0.41,0.76,0.31,0.35,0.47,0.71,0.3,0.07,0.04,0.01,0.01,0.01,0.1,1.0,1.0]],
  "pae": [[1.0,2.3,3.9,9.8,9.5,7.2,5.7,4.6,4.6,8.4,8.1,6.3,5.3,4.9,5.5,11.7,11.1,7.9,5.0,4.5,5.6],[1.5,0.9,1.8,8.2,8.1,5.6,4.0,3.6,3.6,7.6,7.1,5.7,4.2,3.3,4.2,9.9,9.8,6.3,3.8,3.6,4.1],[2.7,1.8,0.9,7.9,8.3,6.1,4.3,3.9,4.1,8.2,7.8,6.2,4.9,3.9,4.2,10.3,9.9,6.6,4.3,4.2,5.0],[12.9,13.1,13.1,1.4,11.0,12.7,12.8,13.9,15.2,17.0,16.9,18.0,16.8,16.5,16.1,14.2,12.4,15.8,15.2,16.2,17.3],[12.1,12.1,10.1,7.7,1.4,9.8,8.4,11.8,14.2,16.7,15.7,16.4,15.8,14.1,14.3,13.8,12.0,12.6,12.5,13.7,15.3],[10.2,9.9,7.7,8.2,6.9,1.1,4.7,6.4,9.0,12.1,12.0,10.5,9.0,9.1,9.0,13.0,10.5,10.1,8.1,7.8,8.8],[5.3,5.6,5.8,9.1,7.1,3.5,0.9,2.4,4.6,6.7,7.6,5.9,5.8,5.4,5.7,10.8,9.5,7.4,4.6,4.6,5.4],[4.1,3.7,4.1,9.1,7.9,4.5,2.0,0.9,1.8,6.0,6.3,5.2,4.9,4.4,4.5,10.5,9.1,7.0,3.8,3.9,4.2],[4.5,4.6,4.9,10.2,8.8,5.5,3.7,2.1,0.9,6.5,5.7,5.6,5.1,5.5,5.9,11.7,10.3,7.9,4.7,4.2,4.3],[9.5,12.9,14.1,15.7,16.7,14.0,10.3,9.1,8.1,1.3,7.4,8.4,11.1,11.4,12.8,17.6,16.4,13.9,12.1,11.7,10.8],[9.0,11.6,13.0,14.7,15.4,11.4,10.0,9.6,8.2,6.8,1.3,4.4,5.8,8.6,10.1,15.1,14.0,12.1,10.9,10.3,7.3],[9.3,10.9,11.2,13.4,13.5,11.0,8.8,8.8,7.6,7.1,5.0,1.1,3.5,6.3,9.9,14.7,13.2,11.7,9.4,7.6,6.0],[5.1,6.0,7.5,10.5,9.8,7.2,6.1,6.7,6.2,7.6,4.5,3.3,0.9,2.3,5.5,10.7,9.8,6.6,6.1,5.9,5.4],[4.1,4.4,5.0,9.5,8.5,5.9,5.0,5.6,5.8,7.6,5.4,3.9,2.0,0.9,2.6,10.1,8.8,6.2,4.7,4.1,4.7],[4.7,4.3,4.5,9.7,9.0,6.5,4.8,5.6,5.9,8.4,6.8,5.1,4.0,1.9,0.9,8.4,8.2,5.6,4.3,4.8,6.4],[16.3,16.0,17.0,12.7,16.3,16.8,17.5,17.4,19.3,19.6,19.0,17.7,18.2,15.2,14.3,1.5,11.9,12.3,16.1,16.2,19.0],[15.4,15.8,15.4,10.8,13.5,14.0,14.4,15.8,17.4,17.8,16.9,16.7,15.8,14.0,11.4,11.3,1.4,11.0,11.5,13.6,15.9],[11.8,11.3,11.6,13.1,13.1,10.6,10.2,10.9,12.0,14.3,12.4,11.8,11.1,8.3,7.9,10.9,8.0,1.3,7.1,8.3,10.1],[4.8,4.4,4.5,9.9,9.2,6.1,4.1,4.5,4.9,7.8,6.6,5.3,4.8,4.4,4.8,9.9,8.3,4.4,0.9,2.0,3.9],[4.2,3.8,4.1,9.5,8.3,5.6,3.8,3.3,3.7,7.3,6.5,4.8,3.9,3.8,4.3,10.0,8.5,4.7,1.7,0.9,1.9],[5.3,4.6,5.1,10.5,9.3,6.1,4.0,4.5,3.8,8.0,7.1,5.0,4.3,5.1,5.8,11.1,9.7,6.4,3.3,1.8,1.0]],
  "token_chain_ids": ["A","A","A","A","A","A","A","A","A","A","A","A","A","A","A","A","A","A","A","A","A"],
  "token_res_ids": [1,2,3,4,5,6,7,8,9,10,11,12,13,14,15,16,17,18,19,20,21]
}