{
  "atom_chain_ids": ["A","A","A","A","A","A","A","A","A","A","A","A","A","A","A","A","A","A","A","A","A","A","A","A","A","A","A","A","A","A","A","A","A","A","A","A","A","A","A","A","A","A","A","A","A","A","A","A","A","A","A","A","A","A","A","A","A","A","A","A","A","A","A","A","A","A","A","A","A","A","A","A","A","A","A","A","A","A","A","A","A","A","A","A","A","A","A","A","A","A","A","A","A","A","A","A","A","A","A","A","A","A","A","A","A","A","A","A","A","A","A","A","A","A","A","A","A","A","A","A","A","A","A","A","A","A","A","A","A","A","A","A","A","A","A","A","A","A","A","A","A","A","A","A","A","A","A","A","A","A","A","A","A","A","A","A","A","A","A","A","A","A","A","A","A","A","A","A","A","A","A","A","A","A","A","A","A","A","A","A","A","A","A","A","A","A","A","A","A","A","A","A","A","A","A","A","A","A","A","A","A","A","A","A","A","A","A","A","A","A","A","A","A","A","A","A","A","A","A","A","A","A","A","A","A","A","A","A","A","A","A","A","A","A","A","A","A","A","A","A","A","A","A","A","A","A","A","A","A","A","A","A","A","A","A","A","A","A","A","A","A","A","A","A","A","A","A","A","A","A","A","A","A","A","A","A","A","A","A","A","A","A","A","A","A","A","A","A","A","A","A","A","A","A","A","A","A","A","A","A","A","A","A","A","A","A","A","A","A","A","A","A","A","A","A","A","A","A","A","A","A","A","A","A","A","A","A","A","A","A","A","A","A","A","A","A","A","A","A","A","A","A","A","A","A","A","A","A","A","A","A","A","A","A","A","A","A","A","A","A","A","A","A","A","A","A","A","A","A","A","A","A","A","A","A","A","A","A","A","A","A","A","A","A","A","A","A","A","A","A","A","A","A","A","A","A","A","A","A","A","A","A","A","A","A","A","A","A","A","A","A","A","A","A","A","A","A","A","A","A","A","A","A","A","A","A","A","A","A","A","A","A","A","A","A","A","A","A","A","A","A","A","A","A","A","A","A"],
  "atom_plddts": [70.12,69.67,64.16,64.37,69.72,73.74,76.1,76.65,76.97,75.86,77.07,77.28,77.88,78.35,77.75,78.4,78.92,78.51,78.05,78.37,78.46,78.61,79.47,74.59,71.86,71.94,74.79,75.23,76.7,76.39,76.42,75.34,76.69,76.9,77.45,77.93,77.74,78.13,78.77,78.46,78.34,78.27,78.12,78.03,78.68,74.43,72.48,72.02,73.89,73.19,74.65,75.08,74.7,73.55,74.45,73.77,75.11,75.41,75.09,75.23,76.11,75.79,75.2,75.12,75.09,74.5,75.83,49.5,48.18,47.34,49.15,49.08,48.32,46.56,48.84,47.62,47.02,44.8,45.0,43.02,40.73,39.54,38.69,37.84,36.47,38.26,40.46,50.13,45.95,45.21,50.85,51.14,51.94,51.4,53.67,52.77,52.15,50.45,51.3,49.91,47.11,46.14,45.63,44.56,42.88,44.7,47.17,58.77,54.53,53.88,58.44,58.85,59.9,60.13,61.01,59.76,60.14,56.7,58.29,56.67,53.96,53.24,53.11,51.16,48.95,50.21,52.02,52.36,71.26,68.31,68.15,71.46,71.74,73.2,73.96,73.58,72.5,73.68,73.47,74.29,74.74,74.33,74.6,75.5,75.31,74.76,74.75,74.73,74.39,75.43,74.37,72.01,72.04,74.41,74.86,76.4,76.39,76.24,75.23,76.27,76.14,76.95,77.33,76.96,77.23,77.89,77.73,77.5,77.46,77.32,77.03,77.86,75.77,73.69,73.07,75.2,74.92,76.47,76.67,76.57,75.43,76.25,75.52,76.79,76.9,76.45,76.56,77.34,76.95,76.44,76.59,76.57,75.94,77.3,66.85,64.06,63.38,66.56,63.69,64.28,62.27,63.72,63.22,60.51,57.98,59.9,57.16,55.66,54.22,53.59,52.62,50.14,52.52,55.52,63.01,57.88,57.86,64.11,63.13,64.88,64.64,65.87,65.12,63.59,61.6,63.5,61.56,58.92,57.64,57.75,56.6,54.13,56.28,58.82,65.09,61.02,59.34,63.82,64.63,65.98,66.46,66.55,65.07,66.16,62.16,64.14,62.86,60.45,59.77,60.62,58.78,56.26,57.24,58.59,59.04,72.76,69.34,68.75,72.91,73.42,75.03,75.8,75.63,74.55,75.81,75.47,76.39,76.79,76.03,76.28,77.26,77.09,76.6,76.68,76.58,76.39,77.41,76.05,74.05,73.9,75.93,75.97,77.22,76.96,76.87,75.76,76.89,76.82,77.76,78.11,77.78,78.02,78.66,78.45,78.27,78.25,78.09,77.69,78.55,75.07,73.46,72.8,74.28,73.52,74.61,74.79,74.47,73.22,74.15,73.17,74.81,75.03,74.79,74.81,75.74,75.56,75.05,74.93,74.78,74.04,75.43,44.61,42.21,41.18,44.74,45.26,45.29,43.67,46.98,45.38,44.99,42.66,42.69,40.66,37.56,36.34,35.62,34.68,33.38,35.26,37.69,45.49,42.5,41.61,45.68,46.75,46.82,45.09,47.96,46.43,46.12,44.0,45.22,43.51,40.61,39.58,39.01,37.99,36.63,38.26,40.53,49.56,45.44,44.93,50.45,50.97,51.96,51.34,53.52,52.78,51.8,50.28,51.45,50.08,47.3,46.4,46.07,45.04,43.24,44.93,47.37,71.61,67.91,66.99,71.88,72.69,74.08,74.79,74.55,73.62,74.94,74.68,75.48,75.96,75.45,75.87,76.81,76.56,76.11,76.09,76.06,75.99,76.92,75.23,73.06,72.78,75.13,75.06,76.24,76.24,75.98,74.98,76.29,76.29,77.13,77.69,77.68,78.0,78.72,78.57,78.46,78.34,78.07,77.78,78.43,74.54,73.02,71.69,73.77,74.0,74.33,74.91,74.27,73.24,74.47,73.78,74.9,75.34,75.37,75.46,76.47,76.35,75.87,75.9,75.7,75.12,76.26],
  "contact_probs": [[1.0,1.0,0.37,0.01,0.01,0.02,0.07,0.3,0.48,0.26,0.25,0.49,0.29,0.76,0.49,0.04,0.02,0.01,0.02,0.03,0.03],[1.0,1.0,1.0,0.26,0.18,0.12,0.2,0.43,0.4,0.04,0.03,0.08,0.07,0.18,0.72,0.12,0.12,0.04,0.03,0.03,0.02],[0.37,1.0,1.0,0.78,0.54,0.57,0.55,0.59,0.06,0.01,0.0,0.01,0.02,0.08,0.22,0.22,0.24,0.1,0.04,0.03,0.01],[0.01,0.26,0.78,1.0,0.6,0.39,0.19,0.04,0.01,0.0,0.0,0.0,0.0,0.01,0.17,0.25,0.25,0.19,0.03,0.01,0.0],[0.01,0.18,0.54,0.6,1.0,0.73,0.35,0.08,0.01,0.0,0.0,0.01,0.0,0.02,0.18,0.21,0.34,0.32,0.13,0.02,0.01],[0.02,0.12,0.57,0.39,0.73,1.0,0.91,0.2,0.01,0.01,0.0,0.0,0.01,0.03,0.14,0.2,0.38,0.52,0.59,0.25,0.02],[0.07,0.2,0.55,0.19,0.35,0.91,1.0,1.0,0.25,0.01,0.01,0.02,0.02,0.04,0.06,0.04,0.12,0.18,0.23,0.76,0.41],[0.3,0.43,0.59,0.04,0.08,0.2,1.0,1.0,1.0,0.4,0.13,0.14,0.04,0.03,0.03,0.01,0.01,0.02,0.07,0.25,0.76],[0.48,0.4,0.06,0.01,0.01,0.01,0.25,1.0,1.0,0.9,0.6,0.56,0.06,0.04,0.02,0.0,0.0,0.01,0.02,0.08,0.31],[0.26,0.04,0.01,0.0,0.0,0.01,0.01,0.4,0.9,1.0,0.79,0.62,0.11,0.01,0.0,0.0,0.0,0.0,0.0,0.03,0.35],[0.25,0.03,0.0,0.0,0.0,0.0,0.01,0.13,0.6,0.79,1.0,0.89,0.25,0.02,0.0,0.0,0.0,0.0,0.01,0.05,0.47],[0.49,0.08,0.01,0.0,0.01,0.0,0.02,0.14,0.56,0.62,0.89,1.0,0.94,0.19,0.01,0.01,0.01,0.01,0.02,0.36,0.71],[0.29,0.07,0.02,0.0,0.0,0.01,0.02,0.04,0.06,0.11,0.25,0.94,1.0,0.99,0.1,0.02,0.03,0.03,0.57,0.76,0.3],[0.76,0.18,0.08,0.01,0.02,0.03,0.04,0.03,0.04,0.01,0.02,0.19,0.99,1.0,0.99,0.18,0.3,0.24,0.79,0.25,0.07],[0.49,0.72,0.22,0.17,0.18,0.14,0.06,0.03,0.02,0.0,0.0,0.01,0.1,0.99,1.0,0.69,0.62,0.49,0.46,0.07,0.04],[0.04,0.12,0.22,0.25,0.21,0.2,0.04,0.01,0.0,0.0,0.0,0.01,0.02,0.18,0.69,1.0,0.49,0.33,0.1,0.02,0.01],[0.02,0.12,0.24,0.25,0.34,0.38,0.12,0.01,0.0,0.0,0.0,0.01,0.03,0.3,0.62,0.49,1.0,0.61,0.42,0.06,0.01],[0.01,0.04,0.1,0.19,0.32,0.52,0.18,0.02,0.01,0.0,0.0,0.01,0.03,0.24,0.49,0.33,0.61,1.0,0.85,0.11,0.01],[0.02,0.03,0.04,0.03,0.13,0.59,0.23,0.07,0.02,0.0,0.01,0.02,0.57,0.79,0.46,0.1,0.42,0.85,1.0,1.0,0.1],[0.03,0.03,0.03,0.01,0.02,0.25,0.76,0.25,0.08,0.03,0.05,0.36,0.76,0.25,0.07,0.02,0.06,0.11,1.0,1.0,1.0],[0.03,0.02,0.01,0.0,0.01,0.02,0.41,0.76,0.31,0.35,0.47,0.71,0.3,0.07,0.04,0.01,0.01,0.01,0.1,1.0,1.0]],
  "pae": [[1.0,2.2,3.4,8.1,9.4,6.9,5.4,4.2,4.4,6.9,6.5,6.1,4.6,4.7,4.9,11.8,10.4,8.2,4.8,4.8,5.4],[1.6,0.8,1.7,6.8,7.7,6.0,4.2,3.6,3.5,6.5,5.6,5.7,3.9,3.4,4.0,10.1,9.4,6.9,3.8,3.7,4.1],[3.1,1.9,0.9,7.1,7.6,6.5,4.3,3.7,4.1,7.8,6.5,6.6,4.7,4.1,4.1,10.6,9.6,7.3,4.1,4.3,4.8],[11.8,11.5,10.9,1.5,10.2,12.0,12.4,13.5,14.9,15.2,16.4,15.8,15.8,15.2,14.5,12.9,12.7,13.5,14.6,16.1,16.6],[12.0,10.7,10.3,7.0,1.4,7.9,7.0,10.1,13.6,14.8,14.6,14.3,14.2,13.0,12.5,14.1,10.0,8.2,12.2,14.6,14.9],[10.3,8.5,7.7,7.0,6.3,1.2,5.6,5.7,9.9,12.3,12.1,10.5,8.6,9.5,9.6,13.0,9.4,8.1,7.8,7.8,9.0],[5.4,6.0,5.5,8.1,6.6,3.9,0.9,2.3,4.7,6.0,6.9,6.0,5.7,5.8,5.3,10.5,9.1,7.5,4.8,4.5,5.4],[4.1,3.7,3.8,7.8,8.0,4.2,1.9,0.9,1.8,4.6,5.3,5.0,4.6,4.3,4.3,10.3,8.7,7.0,3.8,4.0,4.0],[4.5,4.4,4.8,8.8,9.0,5.4,3.6,2.0,0.9,4.6,4.2,5.6,4.9,5.7,5.4,11.5,10.0,7.8,4.8,4.3,4.5],[7.3,10.0,10.2,13.4,13.6,10.8,7.7,7.4,6.2,1.3,7.3,8.1,9.1,10.0,11.4,14.7,14.4,12.4,10.6,10.1,8.9],[7.8,9.2,10.4,12.7,13.0,10.5,8.6,8.3,6.7,6.5,1.3,3.7,5.8,8.6,9.1,14.2,13.2,12.0,10.0,9.3,7.1],[8.3,9.8,11.2,12.7,13.4,11.1,8.6,8.8,6.7,6.2,4.4,1.1,5.1,6.6,9.9,14.3,13.5,12.0,10.4,7.9,6.6],[4.9,5.7,6.6,9.3,9.6,7.3,5.6,6.3,6.1,7.1,4.3,3.7,0.9,2.4,4.8,11.1,9.8,7.6,6.0,5.7,5.3],[3.8,3.9,4.4,7.7,8.5,5.9,4.5,4.9,5.0,7.0,4.8,4.2,2.0,0.9,2.3,9.8,9.0,6.7,4.6,4.1,4.6],[4.4,4.0,4.3,8.8,9.0,6.6,4.8,5.1,5.1,7.4,6.1,5.1,3.7,2.0,0.9,9.0,9.4,7.1,4.2,4.9,6.3],[16.3,15.4,16.3,13.2,16.7,15.7,17.0,17.4,19.1,18.2,19.2,17.6,18.2,16.0,15.1,1.5,12.5,13.3,15.3,16.7,20.3],[15.7,16.9,16.4,11.3,11.9,11.7,14.9,17.8,18.9,19.0,18.5,17.3,16.3,16.1,14.4,12.1,1.5,8.5,12.6,15.2,17.4],[12.8,13.6,13.1,12.8,9.8,9.1,10.9,12.3,12.8,15.4,14.4,13.1,13.3,13.5,13.1,12.2,8.1,1.3,7.8,9.7,13.2],[5.1,4.8,4.6,8.9,9.1,6.1,4.8,5.1,5.2,7.6,6.1,5.8,5.2,5.1,5.0,9.8,8.3,4.8,1.0,2.0,4.1],[4.2,3.9,4.1,8.4,8.5,5.6,4.2,3.6,3.7,6.3,5.2,5.2,3.9,3.7,4.4,10.2,9.1,5.0,2.0,0.9,1.8],[5.2,4.7,5.0,9.1,8.8,5.9,4.2,4.5,3.8,7.1,5.7,5.3,4.2,4.9,5.7,11.0,9.5,6.4,3.2,1.7,1.0]],
  "token_chain_ids": ["A","A","A","A","A","A","A","A","A","A","A","A","A","A","A","A","A","A","A","A","A"],
  "token_res_ids": [1,2,3,4,5,6,7,8,9,10,11,12,13,14,15,16,17,18,19,20,21]
}