{
  "atom_chain_ids": ["A","A","A","A","A","A","A","A","A","A","A","A","A","A","A","A","A","A","A","A","A","A","A","A","A","A","A","A","A","A","A","A","A","A","A","A","A","A","A","A","A","A","A","A","A","A","A","A","A","A","A","A","A","A","A","A","A","A","A","A","A","A","A","A","A","A","A","A","A","A","A","A","A","A","A","A","A","A","A","A","A","A","A","A","A","A","A","A","A","A","A","A","A","A","A","A","A","A","A","A","A","A","A","A","A","A","A","A","A","A","A","A","A","A","A","A","A","A","A","A","A","A","A","A","A","A","A","A","A","A","A","A","A","A","A","A","A","A","A","A","A","A","A","A","A","A","A","A","A","A","A","A","A","A","A","A","A","A","A","A","A","A","A","A","A","A","A","A","A","A","A","A","A","A","A","A","A","A","A","A","A","A","A","A","A","A","A","A","A","A","A","A","A","A","A","A","A","A","A","A","A","A","A","A","A","A","A","A","A","A","A","A","A","A","A","A","A","A","A","A","A","A","A","A","A","A","A","A","A","A","A","A","A","A","A","A","A","A","A","A","A","A","A","A","A","A","A","A","A","A","A","A","A","A","A","A","A","A","A","A","A","A","A","A","A","A","A","A","A","A","A","A","A","A","A","A","A","A","A","A","A","A","A","A","A","A","A","A","A","A","A","A","A","A","A","A","A","A","A","A","A","A","A","A","A","A","A","A","A","A","A","A","A","A","A","A","A","A","A","A","A","A","A","A","A","A","A","A","A","A","A","A","A","A","A","A","A","A","A","A","A","A","A","A","A","A","A","A","A","A","A","A","A","A","A","A","A","A","A","A","A","A","A","A","A","A","A","A","A","A","A","A","A","A","A","A","A","A","A","A","A","A","A","A","A","A","A","A","A","A","A","A","A","A","A","A","A","A","A","A","A","A","A","A","A","A","A","A","A","A","A","A","A","A","A","A","A","A","A","A","A","A","A","A","A","A","A","A","A","A","A","A","A","A","A","A","A","A","A","A","A","A","A","A","A","A","A"],
  "atom_plddts": [71.48,70.74,65.43,65.76,70.83,74.73,76.87,77.27,77.58,76.49,77.73,77.99,78.64,79.13,78.74,79.41,79.88,79.5,79.22,79.49,79.51,79.58,80.27,74.62,71.65,71.92,75.04,75.67,77.12,76.77,76.89,75.82,77.37,77.74,78.14,78.68,78.46,78.96,79.56,79.25,79.25,79.15,78.96,79.01,79.47,75.28,72.94,72.66,74.91,74.55,76.08,76.39,76.17,75.06,76.15,75.8,77.03,77.45,77.11,77.4,78.16,77.8,77.44,77.4,77.31,76.92,77.96,66.67,63.7,63.28,66.84,64.15,64.78,63.73,64.49,63.87,61.48,59.48,61.33,58.8,56.5,54.81,54.56,53.46,51.13,53.42,56.0,62.66,58.07,57.51,63.39,62.06,63.42,63.03,64.19,63.4,62.01,59.81,61.71,59.57,56.61,55.04,55.19,53.92,51.51,53.66,56.25,65.69,60.99,60.03,65.39,65.67,67.5,68.55,68.68,67.13,67.92,64.78,66.82,65.6,62.68,62.09,63.03,60.97,58.51,59.49,60.99,61.48,73.15,69.63,69.6,73.65,74.23,76.19,76.69,76.58,75.57,76.71,76.8,77.7,78.13,77.46,77.88,78.66,78.35,78.01,78.08,78.02,77.93,78.8,75.12,72.74,73.02,75.29,75.45,76.71,76.65,76.49,75.46,76.86,76.89,77.73,78.23,78.06,78.42,79.05,78.87,78.83,78.75,78.52,78.3,78.89,75.86,73.62,73.17,75.38,75.18,76.74,77.02,76.88,75.78,76.78,76.25,77.46,77.72,77.42,77.61,78.37,78.02,77.71,77.78,77.67,77.2,78.26,70.45,67.71,67.18,69.81,66.79,68.13,66.65,67.36,66.75,63.94,61.13,63.58,60.83,59.15,57.24,57.0,55.59,52.95,55.6,58.56,64.46,58.95,59.31,65.68,65.17,67.56,67.63,68.74,67.73,66.35,64.55,66.52,64.62,61.68,60.37,60.78,59.42,57.0,59.03,61.61,68.26,63.49,61.49,66.93,67.57,69.04,70.0,69.49,68.24,69.28,66.04,68.16,67.62,66.03,65.52,67.16,65.83,63.57,64.21,65.01,65.4,73.84,70.39,70.0,73.95,74.32,75.71,76.22,76.01,74.92,76.25,76.0,77.03,77.46,77.14,77.44,78.33,78.2,77.93,77.97,77.78,77.59,78.33,76.35,74.06,74.14,76.5,76.82,78.07,77.71,77.71,76.66,77.87,77.96,78.8,79.17,78.8,79.11,79.68,79.48,79.4,79.4,79.24,78.93,79.65,76.01,74.14,73.67,75.37,74.86,76.01,76.05,75.83,74.59,75.63,74.89,76.48,76.74,76.48,76.59,77.42,77.22,76.86,76.79,76.61,75.98,77.22,57.01,53.85,53.71,57.82,57.08,57.2,55.6,57.07,55.87,54.13,52.8,53.93,51.87,49.63,48.53,47.76,46.81,45.05,47.08,49.62,46.4,43.22,42.26,46.68,47.61,47.15,44.42,48.73,47.64,46.37,43.95,44.1,41.01,37.0,35.26,33.99,32.71,31.4,33.92,37.01,57.4,51.89,51.63,58.24,58.35,59.78,59.52,61.12,60.56,59.38,57.5,59.11,57.05,53.96,52.33,52.09,50.73,48.2,50.84,53.72,72.57,68.45,67.75,72.93,73.82,75.54,76.08,75.97,75.04,76.36,76.24,77.12,77.63,77.18,77.68,78.57,78.3,78.02,78.0,77.9,77.94,78.69,75.94,73.53,73.39,75.94,75.87,77.09,76.99,76.82,75.79,77.19,77.24,78.16,78.74,78.78,79.14,79.84,79.67,79.66,79.54,79.24,78.97,79.55,75.4,73.63,72.25,74.54,74.52,74.92,75.45,74.79,73.79,74.95,74.18,75.48,75.94,76.23,76.35,77.4,77.29,76.93,76.92,76.64,76.04,77.1],
  "contact_probs": [[1.0,1.0,0.37,0.01,0.01,0.02,0.07,0.3,0.48,0.26,0.25,0.49,0.29,0.76,0.49,0.04,0.02,0.01,0.02,0.03,0.03],[1.0,1.0,1.0,0.26,0.18,0.12,0.2,0.43,0.4,0.04,0.03,0.08,0.07,0.18,0.72,0.12,0.12,0.04,0.03,0.03,0.02],[0.37,1.0,1.0,0.78,0.54,0.57,0.55,0.59,0.06,0.01,0.0,0.01,0.02,0.08,0.22,0.22,0.24,0.1,0.04,0.03,0.01],[0.01,0.26,0.78,1.0,0.6,0.39,0.19,0.04,0.01,0.0,0.0,0.0,0.0,0.01,0.17,0.25,0.25,0.19,0.03,0.01,0.0],[0.01,0.18,0.54,0.6,1.0,0.73,0.35,0.08,0.01,0.0,0.0,0.01,0.0,0.02,0.18,0.21,0.34,0.32,0.13,0.02,0.01],[0.02,0.12,0.57,0.39,0.73,1.0,0.91,0.2,0.01,0.01,0.0,0.0,0.01,0.03,0.14,0.2,0.38,0.52,0.59,0.25,0.02],[0.07,0.2,0.55,0.19,0.35,0.91,1.0,1.0,0.25,0.01,0.01,0.02,0.02,0.04,0.06,0.04,0.12,0.18,0.23,0.76,0.41],[0.3,0.43,0.59,0.04,0.08,0.2,1.0,1.0,1.0,0.4,0.13,0.14,0.04,0.03,0.03,0.01,0.01,0.02,0.07,0.25,0.76],[0.48,0.4,0.06,0.01,0.01,0.01,0.25,1.0,1.0,0.9,0.6,0.56,0.06,0.04,0.02,0.0,0.0,0.01,0.02,0.08,0.31],[0.26,0.04,0.01,0.0,0.0,0.01,0.01,0.4,0.9,1.0,0.79,0.62,0.11,0.01,0.0,0.0,0.0,0.0,0.0,0.03,0.35],[0.25,0.03,0.0,0.0,0.0,0.0,0.01,0.13,0.6,0.79,1.0,0.89,0.25,0.02,0.0,0.0,0.0,0.0,0.01,0.05,0.47],[0.49,0.08,0.01,0.0,0.01,0.0,0.02,0.14,0.56,0.62,0.89,1.0,0.94,0.19,0.01,0.01,0.01,0.01,0.02,0.36,0.71],[0.29,0.07,0.02,0.0,0.0,0.01,0.02,0.04,0.06,0.11,0.25,0.94,1.0,0.99,0.1,0.02,0.03,0.03,0.57,0.76,0.3],[0.76,0.18,0.08,0.01,0.02,0.03,0.04,0.03,0.04,0.01,0.02,0.19,0.99,1.0,0.99,0.18,0.3,0.24,0.79,0.25,0.07],[0.49,0.72,0.22,0.17,0.18,0.14,0.06,0.03,0.02,0.0,0.0,0.01,0.1,0.99,1.0,0.69,0.62,0.49,0.46,0.07,0.04],[0.04,0.12,0.22,0.25,0.21,0.2,0.04,0.01,0.0,0.0,0.0,0.01,0.02,0.18,0.69,1.0,0.49,0.33,0.1,0.02,0.01],[0.02,0.12,0.24,0.25,0.34,0.38,0.12,0.01,0.0,0.0,0.0,0.01,0.03,0.3,0.62,0.49,1.0,0.61,0.42,0.06,0.01],[0.01,0.04,0.1,0.19,0.32,0.52,0.18,0.02,0.01,0.0,0.0,0.01,0.03,0.24,0.49,0.33,0.61,1.0,0.85,0.11,0.01],[0.02,0.03,0.04,0.03,0.13,0.59,0.23,0.07,0.02,0.0,0.01,0.02,0.57,0.79,0.46,0.1,0.42,0.85,1.0,1.0,0.1],[0.03,0.03,0.03,0.01,0.02,0.25,0.76,0.25,0.08,0.03,0.05,0.36,0.76,0.25,0.07,0.02,0.06,0.11,1.0,1.0,1.0],[0.03,0.02,0.01,0.0,0.01,0.02,0.41,0.76,0.31,0.35,0.47,0.71,0.3,0.07,0.04,0.01,0.01,0.01,0.1,1.0,1.0]],
  "pae": [[0.9,1.7,3.1,5.6,6.3,5.2,5.1,4.1,4.2,6.2,6.3,5.3,4.1,4.1,4.7,8.1,10.8,6.9,4.6,4.3,4.8],[1.4,0.8,1.6,4.5,5.1,4.5,3.7,3.2,3.4,6.1,5.7,4.9,3.8,3.1,4.0,7.1,9.4,5.9,3.7,3.4,3.9],[2.5,1.7,0.9,4.1,4.8,4.1,3.6,3.4,3.8,6.3,6.1,5.3,4.3,3.8,3.8,7.3,9.8,6.1,3.9,3.9,4.4],[7.7,8.2,6.7,1.4,5.0,5.0,6.8,8.0,9.0,10.9,11.4,10.9,10.4,9.4,8.8,9.5,13.4,8.5,8.4,9.7,11.1],[8.8,8.6,6.7,3.7,1.3,5.1,5.8,8.4,10.4,11.9,12.0,11.9,10.8,9.5,9.5,9.5,13.5,8.1,8.2,9.6,11.4],[6.4,6.5,5.2,4.6,3.7,1.0,3.1,4.5,5.9,8.2,8.7,7.3,6.3,6.2,6.1,8.7,10.7,6.4,5.0,5.8,6.8],[4.9,4.5,4.6,5.2,3.9,2.6,0.9,2.2,3.8,5.7,6.3,5.2,5.1,4.7,4.6,7.9,9.2,5.8,4.4,4.2,5.0],[3.8,3.3,3.5,5.3,5.2,3.2,1.8,0.9,1.8,4.4,4.7,4.4,4.2,4.0,4.1,7.7,10.1,6.0,3.6,4.0,3.6],[3.9,4.0,4.3,6.3,6.4,4.0,3.4,2.0,0.9,4.3,4.1,4.6,4.2,4.6,5.0,8.7,11.2,7.1,4.6,4.1,4.5],[8.7,10.3,10.9,11.1,12.3,10.9,7.8,7.3,7.0,1.4,6.8,7.7,8.2,10.4,10.6,13.3,14.9,12.1,11.5,10.9,9.9],[8.3,9.7,10.9,10.8,12.5,9.7,8.6,8.1,7.0,6.1,1.3,4.4,5.8,8.3,9.4,12.5,14.7,11.8,10.6,10.1,7.2],[8.4,9.6,10.6,10.3,11.0,10.3,8.6,8.0,6.2,5.4,4.5,1.2,3.9,6.0,9.0,12.2,14.1,11.1,10.7,8.6,6.9],[4.5,5.4,6.4,7.2,7.5,5.7,5.8,5.7,5.3,6.3,4.1,3.3,0.9,2.4,4.8,7.6,10.8,6.9,5.9,5.5,5.1],[3.6,3.9,4.2,5.9,6.2,4.7,4.5,4.8,4.9,6.2,4.6,3.5,2.1,0.9,2.6,6.5,9.4,6.0,4.4,4.2,4.5],[4.1,4.1,4.4,6.8,7.0,4.9,4.8,5.1,5.3,7.0,6.3,4.9,3.8,2.2,0.9,5.5,9.3,6.3,4.2,4.7,6.2],[14.6,14.5,14.2,11.5,13.5,12.4,14.3,14.7,15.2,15.7,16.2,13.9,14.5,13.7,11.2,1.6,11.2,8.9,13.3,13.7,15.7],[18.5,17.3,16.4,13.5,13.4,13.3,16.8,18.4,18.7,18.6,18.8,18.9,17.7,15.9,13.5,10.2,1.6,10.4,12.0,14.6,17.9],[12.9,12.0,11.8,8.9,10.1,8.6,10.4,10.4,12.3,14.0,13.8,12.2,11.4,12.0,10.3,9.6,9.5,1.4,7.6,9.6,11.7],[5.0,4.7,4.9,6.8,6.9,4.7,4.9,4.8,5.2,7.6,6.4,5.6,5.9,5.4,5.1,7.8,8.5,4.4,0.9,2.3,4.1],[4.0,4.0,4.3,6.3,6.3,4.5,4.1,3.6,3.7,6.4,5.2,4.6,3.9,3.8,4.4,7.8,9.8,4.8,2.0,0.9,1.9],[5.3,4.9,5.6,7.5,7.5,5.1,4.3,4.2,4.2,6.6,5.8,4.8,4.6,5.2,6.2,8.7,11.5,7.0,3.5,1.8,1.0]],
  "token_chain_ids": ["A","A","A","A","A","A","A","A","A","A","A","A","A","A","A","A","A","A","A","A","A"],
  "token_res_ids": [1,2,3,4,5,6,7,8,9,10,11,12,13,14,15,16,17,18,19,20,21]
}