{
  "atom_chain_ids": ["A","A","A","A","A","A","A","A","A","A","A","A","A","A","A","A","A","A","A","A","A","A","A","A","A","A","A","A","A","A","A","A","A","A","A","A","A","A","A","A","A","A","A","A","A","A","A","A","A","A","A","A","A","A","A","A","A","A","A","A","A","A","A","A","A","A","A","A","A","A","A","A","A","A","A","A","A","A","A","A","A","A","A","A","A","A","A","A","A","A","A","A","A","A","A","A","A","A","A","A","A","A","A","A","A","A","A","A","A","A","A","A","A","A","A","A","A","A","A","A","A","A","A","A","A","A","A","A","A","A","A","A","A","A","A","A","A","A","A","A","A","A","A","A","A","A","A","A","A","A","A","A","A","A","A","A","A","A","A","A","A","A","A","A","A","A","A","A","A","A","A","A","A","A","A","A","A","A","A","A","A","A","A","A","A","A","A","A","A","A","A","A","A","A","A","A","A","A","A","A","A","A","A","A","A","A","A","A","A","A","A","A","A","A","A","A","A","A","A","A","A","A","A","A","A","A","A","A","A","A","A","A","A","A","A","A","A","A","A","A","A","A","A","A","A","A","A","A","A","A","A","A","A","A","A","A","A","A","A","A","A","A","A","A","A","A","A","A","A","A","A","A","A","A","A","A","A","A","A","A","A","A","A","A","A","A","A","A","A","A","A","A","A","A","A","A","A","A","A","A","A","A","A","A","A","A","A","A","A","A","A","A","A","A","A","A","A","A","A","A","A","A","A","A","A","A","A","A","A","A","A","A","A","A","A","A","A","A","A","A","A","A","A","A","A","A","A","A","A","A","A","A","A","A","A","A","A","A","A","A","A","A","A","A","A","A","A","A","A","A","A","A","A","A","A","A","A","A","A","A","A","A","A","A","A","A","A","A","A","A","A","A","A","A","A","A","A","A","A","A","A","A","A","A","A","A","A","A","A","A","A","A","A","A","A","A","A","A","A","A","A","A","A","A","A","A","A","A","A","A","A","A","A","A","A","A","A","A","A","A","A","A","A","A","A","A","A","A","A","A","A","A","A","A","A","A","A","A","A","A","A","A","A","A","A","A","A","A","A","A","A","A","A","A","A","A","A","A","A","A","A","A","A","A","A","A","A","A","A","A","A","A","A","A","A","A","A","A","A","A","A","A","A","A","A","A","A"],
  "atom_plddts": [55.01,56.09,50.86,52.47,56.0,59.31,61.36,63.0,62.42,61.15,61.04,61.5,61.59,61.64,61.31,61.73,62.61,62.27,61.14,60.52,60.89,61.41,63.35,58.0,55.2,55.87,58.29,59.02,60.06,62.43,61.41,60.2,60.17,60.6,60.57,61.22,60.95,61.54,62.51,62.32,61.64,61.06,61.09,60.68,61.97,60.23,58.1,58.39,60.07,59.77,59.91,61.04,60.43,59.24,59.04,58.47,59.38,59.24,59.34,59.88,60.5,60.12,59.14,58.86,59.22,58.09,59.79,58.77,55.92,56.75,59.87,59.45,60.12,59.98,60.27,59.11,57.27,57.76,58.49,57.07,55.19,54.87,54.46,53.86,52.64,53.59,55.6,56.24,52.85,53.38,56.57,56.51,57.72,57.29,58.29,56.94,56.22,55.55,56.27,55.05,53.23,53.44,53.01,51.79,50.61,51.18,52.67,52.67,54.66,50.83,51.45,55.32,55.42,56.16,58.23,57.62,56.68,55.83,56.2,56.22,55.76,54.8,54.48,54.6,54.37,53.28,54.03,56.81,52.48,53.66,58.02,57.79,59.22,62.0,61.14,60.1,59.39,59.7,60.58,60.21,59.09,59.1,59.29,58.96,57.96,58.54,58.67,54.62,56.12,59.83,58.99,60.95,64.11,62.9,62.07,61.73,62.08,62.66,62.88,62.45,62.68,63.15,63.05,62.32,62.36,61.19,57.83,58.77,61.54,61.85,62.44,64.38,63.77,62.5,62.14,61.92,62.83,62.85,61.99,62.39,63.18,62.7,61.84,61.53,62.05,61.29,62.88,59.85,57.45,57.88,59.57,60.44,61.06,62.93,61.89,60.31,60.33,60.67,60.91,61.48,61.46,61.91,62.88,62.63,62.08,61.51,61.58,61.14,62.21,58.24,56.31,56.59,57.73,57.91,58.16,59.56,58.52,57.33,57.0,56.68,57.45,57.53,57.99,58.56,59.26,59.02,58.28,57.8,57.95,57.09,58.42,53.79,51.78,52.45,54.26,53.12,53.96,53.64,54.55,53.21,51.83,51.25,52.04,50.82,48.54,48.27,47.47,46.67,45.59,46.86,48.81,49.23,43.16,42.22,49.48,50.45,52.62,53.95,54.42,53.05,52.74,51.75,53.03,52.25,50.57,51.01,50.79,49.62,48.24,48.8,50.52,50.24,52.7,51.16,47.08,46.67,51.08,49.95,52.37,52.38,54.38,52.69,52.14,50.68,52.44,50.94,48.74,48.82,48.55,47.03,45.82,46.24,47.67,48.34,53.29,49.13,49.76,53.35,54.41,56.42,58.81,57.81,56.24,56.02,56.67,56.9,57.43,57.29,57.92,58.56,58.13,57.5,57.15,57.35,57.14,58.41,55.76,53.01,53.4,55.16,56.64,57.89,59.49,58.77,57.4,57.08,57.48,57.73,58.17,58.52,59.07,59.78,59.48,58.87,58.46,58.66,58.2,59.37,52.09,49.71,49.24,52.0,51.35,52.04,50.69,52.46,51.16,49.81,48.74,49.9,47.66,44.97,44.52,43.45,42.53,41.49,43.14,45.72,51.55,45.69,44.89,51.91,52.68,54.49,55.53,56.46,55.3,54.65,53.95,54.99,53.65,52.25,52.95,52.41,51.17,50.0,50.58,52.36,51.34,53.89,56.05,51.75,52.54,57.4,57.04,59.36,60.84,61.14,60.23,58.74,58.6,59.18,57.97,55.6,54.98,55.01,54.47,53.09,54.22,57.53,53.18,53.98,58.1,59.31,60.41,63.39,62.13,61.23,61.02,61.34,61.68,62.21,61.61,62.47,63.0,62.45,61.66,61.47,61.83,61.71,63.02,58.74,56.13,56.86,58.96,59.82,61.04,63.8,62.14,61.14,61.02,61.75,61.7,62.5,62.27,63.0,63.75,63.5,62.9,62.53,62.63,62.46,63.37,59.18,57.37,58.13,58.96,58.55,59.71,61.9,60.65,59.51,59.03,59.66,60.11,60.68,60.88,61.53,62.15,61.92,61.38,60.94,61.04,60.4,61.42,56.51,54.28,54.63,56.12,56.13,56.46,57.52,57.11,56.06,55.51,55.49,56.11,55.87,56.14,56.85,56.97,56.49,55.81,55.55,56.06,55.04,56.57,52.88,49.95,50.26,53.39,53.79,54.02,54.28,55.25,54.08,52.64,52.86,52.88,51.77,50.34,50.09,49.62,49.14,47.96,48.81,50.65],
  "contact_probs": [[1.0,1.0,0.27,0.01,0.01,0.01,0.03,0.25,0.29,0.56,0.53,0.12,0.65,0.65,0.52,0.2,0.02,0.07,0.14,0.06,0.02,0.02,0.01,0.0],[1.0,1.0,0.99,0.12,0.12,0.1,0.13,0.25,0.19,0.33,0.5,0.04,0.15,0.21,0.42,0.3,0.01,0.04,0.03,0.04,0.04,0.04,0.03,0.01],[0.27,0.99,1.0,0.64,0.56,0.43,0.25,0.17,0.07,0.16,0.21,0.02,0.02,0.05,0.21,0.21,0.02,0.03,0.01,0.03,0.07,0.09,0.08,0.09],[0.01,0.12,0.64,1.0,0.68,0.28,0.1,0.03,0.01,0.01,0.02,0.01,0.01,0.01,0.03,0.07,0.03,0.04,0.01,0.01,0.01,0.05,0.14,0.21],[0.01,0.12,0.56,0.68,1.0,0.77,0.25,0.05,0.01,0.01,0.02,0.01,0.0,0.01,0.03,0.14,0.07,0.07,0.01,0.01,0.05,0.16,0.24,0.24],[0.01,0.1,0.43,0.28,0.77,1.0,0.7,0.24,0.02,0.02,0.03,0.01,0.0,0.01,0.05,0.25,0.08,0.11,0.02,0.05,0.25,0.45,0.42,0.26],[0.03,0.13,0.25,0.1,0.25,0.7,1.0,0.72,0.11,0.05,0.03,0.01,0.01,0.01,0.03,0.1,0.03,0.04,0.02,0.1,0.34,0.47,0.3,0.11],[0.25,0.25,0.17,0.03,0.05,0.24,0.72,1.0,0.88,0.38,0.03,0.01,0.03,0.03,0.03,0.04,0.01,0.04,0.16,0.52,0.66,0.52,0.13,0.03],[0.29,0.19,0.07,0.01,0.01,0.02,0.11,0.88,1.0,0.97,0.29,0.05,0.22,0.09,0.04,0.02,0.01,0.02,0.32,0.46,0.61,0.42,0.09,0.02],[0.56,0.33,0.16,0.01,0.01,0.02,0.05,0.38,0.97,1.0,0.98,0.2,0.46,0.14,0.05,0.03,0.01,0.02,0.11,0.13,0.37,0.39,0.42,0.11],[0.53,0.5,0.21,0.02,0.02,0.03,0.03,0.03,0.29,0.98,1.0,0.43,0.47,0.18,0.1,0.04,0.01,0.02,0.04,0.04,0.06,0.15,0.25,0.19],[0.12,0.04,0.02,0.01,0.01,0.01,0.01,0.01,0.05,0.2,0.43,1.0,0.45,0.18,0.04,0.02,0.01,0.02,0.03,0.01,0.01,0.01,0.02,0.06],[0.65,0.15,0.02,0.01,0.0,0.0,0.01,0.03,0.22,0.46,0.47,0.45,1.0,0.84,0.25,0.06,0.02,0.06,0.23,0.07,0.03,0.01,0.01,0.01],[0.65,0.21,0.05,0.01,0.01,0.01,0.01,0.03,0.09,0.14,0.18,0.18,0.84,1.0,0.83,0.26,0.04,0.21,0.33,0.17,0.05,0.02,0.01,0.01],[0.52,0.42,0.21,0.03,0.03,0.05,0.03,0.03,0.04,0.05,0.1,0.04,0.25,0.83,1.0,0.96,0.18,0.44,0.25,0.31,0.19,0.07,0.02,0.01],[0.2,0.3,0.21,0.07,0.14,0.25,0.1,0.04,0.02,0.03,0.04,0.02,0.06,0.26,0.96,1.0,0.4,0.6,0.18,0.53,0.4,0.16,0.04,0.01],[0.02,0.01,0.02,0.03,0.07,0.08,0.03,0.01,0.01,0.01,0.01,0.01,0.02,0.04,0.18,0.4,1.0,0.54,0.1,0.08,0.04,0.02,0.01,0.01],[0.07,0.04,0.03,0.04,0.07,0.11,0.04,0.04,0.02,0.02,0.02,0.02,0.06,0.21,0.44,0.6,0.54,1.0,0.54,0.42,0.17,0.05,0.01,0.01],[0.14,0.03,0.01,0.01,0.01,0.02,0.02,0.16,0.32,0.11,0.04,0.03,0.23,0.33,0.25,0.18,0.1,0.54,1.0,0.79,0.21,0.01,0.0,0.0],[0.06,0.04,0.03,0.01,0.01,0.05,0.1,0.52,0.46,0.13,0.04,0.01,0.07,0.17,0.31,0.53,0.08,0.42,0.79,1.0,0.99,0.24,0.01,0.0],[0.02,0.04,0.07,0.01,0.05,0.25,0.34,0.66,0.61,0.37,0.06,0.01,0.03,0.05,0.19,0.4,0.04,0.17,0.21,0.99,1.0,0.99,0.22,0.01],[0.02,0.04,0.09,0.05,0.16,0.45,0.47,0.52,0.42,0.39,0.15,0.01,0.01,0.02,0.07,0.16,0.02,0.05,0.01,0.24,0.99,1.0,0.99,0.31],[0.01,0.03,0.08,0.14,0.24,0.42,0.3,0.13,0.09,0.42,0.25,0.02,0.01,0.01,0.02,0.04,0.01,0.01,0.0,0.01,0.22,0.99,1.0,0.85],[0.0,0.01,0.09,0.21,0.24,0.26,0.11,0.03,0.02,0.11,0.19,0.06,0.01,0.01,0.01,0.01,0.01,0.01,0.0,0.0,0.01,0.31,0.85,1.0]],
  "pae": [[1.1,3.8,5.6,9.2,11.9,10.4,10.0,8.7,7.3,6.8,7.2,8.6,6.0,6.2,7.0,7.6,12.8,10.2,8.9,8.0,9.5,10.6,12.6,14.8],[2.9,1.0,3.6,6.8,8.7,8.8,8.2,7.6,5.9,5.7,6.4,9.0,6.6,7.0,5.7,5.8,10.8,8.3,8.0,6.7,7.3,8.2,9.8,12.1],[4.4,3.4,1.0,5.5,6.9,7.3,7.3,7.9,7.2,7.0,7.7,10.2,7.7,7.6,5.6,6.2,11.5,8.4,8.6,6.7,8.0,8.7,9.6,12.0],[9.5,7.5,6.1,1.5,6.1,5.5,6.5,9.3,9.9,10.1,11.2,14.1,11.1,10.7,9.1,9.4,14.5,11.4,10.8,9.2,9.6,9.7,11.1,12.4],[10.7,9.8,6.7,4.9,1.2,4.0,4.4,6.8,8.6,10.6,12.4,14.4,12.4,11.6,9.4,8.3,13.2,10.1,9.4,9.1,8.0,8.1,7.5,10.1],[10.0,9.2,7.1,5.3,4.9,1.2,3.9,5.5,7.7,9.1,10.6,12.7,11.6,11.2,9.2,9.1,13.4,10.0,8.9,7.9,6.4,5.9,7.4,9.9],[8.3,7.8,7.2,6.0,5.6,3.6,1.2,4.0,5.6,6.7,9.0,11.0,9.9,10.0,7.9,7.7,11.5,8.7,7.6,6.3,5.4,6.2,7.4,9.8],[7.9,7.3,6.3,7.6,7.3,4.6,3.6,1.2,3.7,4.9,6.0,9.3,8.5,8.7,7.0,6.9,10.8,7.7,6.8,5.0,4.7,6.0,7.0,9.5],[5.8,6.2,6.2,8.1,7.7,6.1,4.2,3.4,1.0,2.6,4.2,7.9,6.8,8.4,6.1,6.4,11.1,7.2,6.3,4.5,4.8,5.5,7.3,10.8],[5.9,5.6,6.9,9.6,10.3,8.6,6.4,4.5,2.8,0.9,3.2,7.2,6.2,7.5,6.5,7.4,11.9,8.6,7.0,5.4,5.5,6.9,10.6,13.0],[6.7,7.3,9.0,11.3,12.3,11.2,9.5,6.1,5.2,4.0,1.0,5.4,5.2,6.4,8.0,9.6,13.9,11.1,9.0,7.1,8.3,9.4,11.5,15.4],[8.9,9.5,11.1,14.2,15.3,13.9,12.7,11.6,10.6,6.7,5.2,1.6,5.1,5.9,10.9,11.7,15.3,13.7,12.6,12.0,12.9,13.7,15.6,18.4],[7.1,7.5,9.1,11.8,14.0,13.1,12.4,12.1,10.4,8.2,5.3,5.2,1.2,4.7,7.1,8.7,13.9,11.5,10.7,11.1,12.9,11.6,13.1,17.1],[6.8,7.9,8.4,11.6,13.5,12.9,12.1,12.9,10.6,8.9,6.7,6.1,3.5,1.2,7.0,7.9,13.8,10.8,11.1,12.1,13.2,14.0,15.2,17.5],[6.5,6.6,6.5,9.8,10.5,10.2,9.9,9.0,8.3,8.1,8.0,8.5,5.5,5.3,1.0,3.7,9.3,6.0,7.8,6.8,8.7,10.5,12.3,14.4],[7.3,6.0,6.6,9.2,9.3,9.0,9.0,8.1,7.2,7.9,8.6,9.6,7.3,5.4,2.7,1.0,7.1,5.1,7.0,6.8,7.8,9.7,11.4,13.3],[16.8,16.1,13.6,15.6,15.4,15.5,15.7,15.7,16.6,16.4,17.3,18.1,16.2,15.2,9.1,9.5,1.7,10.5,11.3,14.2,15.8,16.1,17.5,18.7],[11.3,10.1,10.0,12.3,13.1,11.5,11.4,10.0,9.3,11.8,11.7,14.1,11.8,11.0,6.5,5.5,6.0,1.2,6.6,5.2,7.6,10.9,13.4,16.0],[9.7,8.7,8.1,10.4,9.8,8.9,8.2,7.0,6.6,8.4,9.9,12.7,10.2,9.8,6.3,5.8,10.0,4.8,1.3,3.8,4.6,7.1,9.0,12.4],[6.8,6.2,7.1,8.8,8.1,7.3,6.1,5.4,4.8,6.1,7.1,10.2,8.2,8.7,5.7,5.3,8.6,4.9,2.8,0.9,2.8,4.6,5.9,9.0],[7.1,5.8,6.3,8.5,7.7,6.6,5.2,4.2,4.6,5.5,6.5,10.1,8.0,8.3,5.8,5.6,10.1,5.6,3.7,2.5,0.9,2.7,4.5,7.1],[9.9,7.5,7.4,9.4,7.5,6.6,5.4,4.6,5.5,7.8,9.6,12.0,10.5,10.7,6.8,6.6,11.6,8.4,5.5,4.7,2.8,0.9,3.5,5.3],[11.9,9.5,8.6,9.7,7.5,6.4,5.6,5.8,7.4,7.5,11.5,14.0,12.4,12.7,8.8,8.3,13.2,8.8,6.6,6.2,4.0,2.7,0.9,4.0],[14.2,12.4,10.2,10.6,7.3,7.1,7.6,8.7,10.5,12.4,14.0,16.8,14.9,14.7,11.0,10.9,15.2,12.0,9.5,10.1,8.8,5.4,3.8,1.7]],
  "token_chain_ids": ["A","A","A","A","A","A","A","A","A","A","A","A","A","A","A","A","A","A","A","A","A","A","A","A"],
  "token_res_ids": [1,2,3,4,5,6,7,8,9,10,11,12,13,14,15,16,17,18,19,20,21,22,23,24]
}