{
  "atom_chain_ids": ["A","A","A","A","A","A","A","A","A","A","A","A","A","A","A","A","A","A","A","A","A","A","A","A","A","A","A","A","A","A","A","A","A","A","A","A","A","A","A","A","A","A","A","A","A","A","A","A","A","A","A","A","A","A","A","A","A","A","A","A","A","A","A","A","A","A","A","A","A","A","A","A","A","A","A","A","A","A","A","A","A","A","A","A","A","A","A","A","A","A","A","A","A","A","A","A","A","A","A","A","A","A","A","A","A","A","A","A","A","A","A","A","A","A","A","A","A","A","A","A","A","A","A","A","A","A","A","A","A","A","A","A","A","A","A","A","A","A","A","A","A","A","A","A","A","A","A","A","A","A","A","A","A","A","A","A","A","A","A","A","A","A","A","A","A","A","A","A","A","A","A","A","A","A","A","A","A","A","A","A","A","A","A","A","A","A","A","A","A","A","A","A","A","A","A","A","A","A","A","A","A","A","A","A","A","A","A","A","A","A","A","A","A","A","A","A","A","A","A","A","A","A","A","A","A","A","A","A","A","A","A","A","A","A","A","A","A","A","A","A","A","A","A","A","A","A","A","A","A","A","A","A","A","A","A","A","A","A","A","A","A","A","A","A","A","A","A","A","A","A","A","A","A","A","A","A","A","A","A","A","A","A","A","A","A","A","A","A","A","A","A","A","A","A","A","A","A","A","A","A","A","A","A","A","A","A","A","A","A","A","A","A","A","A","A","A","A","A","A","A","A","A","A","A","A","A","A","A","A","A","A","A","A","A","A","A","A","A","A","A","A","A","A","A","A","A","A","A","A","A","A","A","A","A","A","A","A","A","A","A","A","A","A","A","A","A","A","A","A","A","A","A","A","A","A","A","A","A","A","A","A","A","A","A","A","A","A","A","A","A","A","A","A","A","A","A","A","A","A","A","A","A","A","A","A","A","A","A","A","A","A","A","A","A","A","A","A","A","A","A","A","A","A","A","A","A","A","A","A","A","A","A","A","A","A","A","A","A","A","A","A","A","A","A","A","A","A","A","A","A","A","A","A","A","A","A","A","A","A","A","A","A","A","A","A","A","A","A","A","A","A","A","A","A","A","A","A","A","A","A","A","A","A","A","A","A","A","A","A","A","A","A","A","A","A","A","A","A","A","A","A","A","A","A","A","A","A"],
  "atom_plddts": [57.0,57.74,52.3,53.87,57.69,61.33,63.31,65.06,64.72,63.47,63.87,64.12,64.2,64.37,63.67,64.1,64.94,64.59,63.4,62.93,63.27,63.85,65.84,57.85,55.23,55.85,57.97,59.07,60.02,62.44,61.36,60.16,60.2,60.5,60.42,61.08,60.9,61.36,62.32,62.17,61.45,60.9,60.93,60.46,61.74,58.78,56.71,57.02,58.49,58.67,58.58,59.67,58.97,57.79,57.73,56.96,57.84,57.74,58.06,58.51,59.04,58.75,57.75,57.53,57.91,56.72,58.29,54.26,52.07,52.57,55.05,54.99,55.05,54.7,55.45,54.33,52.97,52.9,53.22,51.56,49.26,48.8,48.04,47.45,46.24,47.46,49.59,54.12,50.27,50.56,54.32,54.36,55.43,55.26,56.55,55.38,54.96,54.05,54.84,53.72,51.89,52.06,51.52,50.38,49.09,49.76,51.4,51.46,54.24,50.44,50.96,54.57,54.81,55.3,57.53,56.76,56.06,55.45,55.35,55.51,55.18,54.19,53.68,53.87,53.66,52.42,53.29,53.62,49.62,50.62,54.32,54.27,55.25,57.8,56.87,56.15,55.65,55.81,56.7,56.48,55.28,55.35,55.41,55.22,54.23,54.78,56.2,52.49,53.85,57.02,56.49,58.01,61.21,59.93,59.26,59.09,59.15,59.79,60.06,59.48,59.61,60.01,60.0,59.15,59.3,59.8,56.55,57.43,60.25,61.02,61.42,63.49,62.73,61.64,61.36,60.88,61.77,61.79,60.81,61.09,61.9,61.43,60.46,60.21,60.73,59.88,61.67,60.07,57.9,58.17,59.71,60.88,61.36,63.25,62.15,60.64,60.71,60.87,61.06,61.61,61.55,61.87,62.86,62.65,62.01,61.49,61.53,60.98,62.16,58.95,57.45,57.44,58.24,58.31,58.25,59.58,58.57,57.45,57.18,56.41,57.42,57.45,57.9,58.28,58.96,58.71,57.85,57.51,57.66,56.62,58.14,52.74,51.59,52.11,52.9,51.35,51.59,50.82,52.15,50.85,49.64,48.7,49.31,47.79,45.37,44.82,43.85,43.07,42.04,43.48,45.47,50.53,44.42,43.45,50.69,51.85,53.78,55.22,55.74,54.47,54.24,53.12,54.29,53.38,51.6,51.89,51.64,50.35,48.83,49.6,51.39,51.1,53.84,53.57,49.5,49.05,53.51,52.27,54.61,54.82,56.29,54.73,54.36,52.64,54.41,52.94,50.76,50.71,50.6,49.11,47.73,48.23,49.63,50.15,54.74,50.47,51.02,54.86,55.97,57.98,60.48,59.48,57.96,57.91,58.38,58.66,59.2,59.0,59.48,60.19,59.8,59.07,58.8,59.05,58.78,60.13,56.74,53.95,54.31,56.19,57.56,58.83,60.5,59.76,58.47,58.09,58.16,58.62,59.02,59.33,59.77,60.59,60.29,59.61,59.17,59.34,58.76,60.1,48.85,46.39,45.61,48.54,48.21,48.72,47.86,49.7,48.41,47.73,46.62,47.75,45.97,43.51,43.33,42.46,41.7,40.73,41.99,44.3,51.07,45.13,44.28,51.41,51.8,53.45,54.52,55.2,54.21,53.66,52.57,54.0,52.67,51.34,51.92,51.46,50.28,48.96,49.57,51.4,50.26,52.9,53.91,49.64,50.36,54.96,54.79,56.84,58.64,58.45,57.69,56.5,56.44,56.96,56.15,53.98,53.47,53.59,53.11,51.74,52.7,55.37,51.23,52.06,55.91,57.3,58.25,61.35,59.93,59.19,58.95,59.14,59.45,59.99,59.26,60.05,60.53,60.07,59.26,59.05,59.39,59.21,60.51,57.62,55.21,56.11,57.92,59.08,60.13,63.03,61.07,60.24,60.04,60.8,60.74,61.61,61.33,61.99,62.77,62.56,62.01,61.58,61.65,61.44,62.28,59.42,57.56,58.29,59.33,59.32,60.14,62.63,61.11,59.97,59.74,60.19,60.6,61.2,61.23,61.71,62.38,62.18,61.64,61.26,61.41,60.88,61.74,58.51,56.23,56.68,58.23,58.44,58.54,60.1,59.26,58.21,58.01,57.9,58.61,58.65,58.92,59.44,59.73,59.32,58.6,58.51,58.97,58.12,59.39,54.68,52.1,52.68,55.02,55.43,55.4,56.03,56.0,54.93,53.57,53.43,54.08,53.25,52.08,51.79,51.52,50.99,49.72,50.52,52.07],
  "contact_probs": [[1.0,1.0,0.27,0.01,0.01,0.01,0.03,0.25,0.29,0.56,0.53,0.12,0.65,0.65,0.52,0.2,0.02,0.07,0.14,0.06,0.02,0.02,0.01,0.0],[1.0,1.0,0.99,0.12,0.12,0.1,0.13,0.25,0.19,0.33,0.5,0.04,0.15,0.21,0.42,0.3,0.01,0.04,0.03,0.04,0.04,0.04,0.03,0.01],[0.27,0.99,1.0,0.64,0.56,0.43,0.25,0.17,0.07,0.16,0.21,0.02,0.02,0.05,0.21,0.21,0.02,0.03,0.01,0.03,0.07,0.09,0.08,0.09],[0.01,0.12,0.64,1.0,0.68,0.28,0.1,0.03,0.01,0.01,0.02,0.01,0.01,0.01,0.03,0.07,0.03,0.04,0.01,0.01,0.01,0.05,0.14,0.21],[0.01,0.12,0.56,0.68,1.0,0.77,0.25,0.05,0.01,0.01,0.02,0.01,0.0,0.01,0.03,0.14,0.07,0.07,0.01,0.01,0.05,0.16,0.24,0.24],[0.01,0.1,0.43,0.28,0.77,1.0,0.7,0.24,0.02,0.02,0.03,0.01,0.0,0.01,0.05,0.25,0.08,0.11,0.02,0.05,0.25,0.45,0.42,0.26],[0.03,0.13,0.25,0.1,0.25,0.7,1.0,0.72,0.11,0.05,0.03,0.01,0.01,0.01,0.03,0.1,0.03,0.04,0.02,0.1,0.34,0.47,0.3,0.11],[0.25,0.25,0.17,0.03,0.05,0.24,0.72,1.0,0.88,0.38,0.03,0.01,0.03,0.03,0.03,0.04,0.01,0.04,0.16,0.52,0.66,0.52,0.13,0.03],[0.29,0.19,0.07,0.01,0.01,0.02,0.11,0.88,1.0,0.97,0.29,0.05,0.22,0.09,0.04,0.02,0.01,0.02,0.32,0.46,0.61,0.42,0.09,0.02],[0.56,0.33,0.16,0.01,0.01,0.02,0.05,0.38,0.97,1.0,0.98,0.2,0.46,0.14,0.05,0.03,0.01,0.02,0.11,0.13,0.37,0.39,0.42,0.11],[0.53,0.5,0.21,0.02,0.02,0.03,0.03,0.03,0.29,0.98,1.0,0.43,0.47,0.18,0.1,0.04,0.01,0.02,0.04,0.04,0.06,0.15,0.25,0.19],[0.12,0.04,0.02,0.01,0.01,0.01,0.01,0.01,0.05,0.2,0.43,1.0,0.45,0.18,0.04,0.02,0.01,0.02,0.03,0.01,0.01,0.01,0.02,0.06],[0.65,0.15,0.02,0.01,0.0,0.0,0.01,0.03,0.22,0.46,0.47,0.45,1.0,0.84,0.25,0.06,0.02,0.06,0.23,0.07,0.03,0.01,0.01,0.01],[0.65,0.21,0.05,0.01,0.01,0.01,0.01,0.03,0.09,0.14,0.18,0.18,0.84,1.0,0.83,0.26,0.04,0.21,0.33,0.17,0.05,0.02,0.01,0.01],[0.52,0.42,0.21,0.03,0.03,0.05,0.03,0.03,0.04,0.05,0.1,0.04,0.25,0.83,1.0,0.96,0.18,0.44,0.25,0.31,0.19,0.07,0.02,0.01],[0.2,0.3,0.21,0.07,0.14,0.25,0.1,0.04,0.02,0.03,0.04,0.02,0.06,0.26,0.96,1.0,0.4,0.6,0.18,0.53,0.4,0.16,0.04,0.01],[0.02,0.01,0.02,0.03,0.07,0.08,0.03,0.01,0.01,0.01,0.01,0.01,0.02,0.04,0.18,0.4,1.0,0.54,0.1,0.08,0.04,0.02,0.01,0.01],[0.07,0.04,0.03,0.04,0.07,0.11,0.04,0.04,0.02,0.02,0.02,0.02,0.06,0.21,0.44,0.6,0.54,1.0,0.54,0.42,0.17,0.05,0.01,0.01],[0.14,0.03,0.01,0.01,0.01,0.02,0.02,0.16,0.32,0.11,0.04,0.03,0.23,0.33,0.25,0.18,0.1,0.54,1.0,0.79,0.21,0.01,0.0,0.0],[0.06,0.04,0.03,0.01,0.01,0.05,0.1,0.52,0.46,0.13,0.04,0.01,0.07,0.17,0.31,0.53,0.08,0.42,0.79,1.0,0.99,0.24,0.01,0.0],[0.02,0.04,0.07,0.01,0.05,0.25,0.34,0.66,0.61,0.37,0.06,0.01,0.03,0.05,0.19,0.4,0.04,0.17,0.21,0.99,1.0,0.99,0.22,0.01],[0.02,0.04,0.09,0.05,0.16,0.45,0.47,0.52,0.42,0.39,0.15,0.01,0.01,0.02,0.07,0.16,0.02,0.05,0.01,0.24,0.99,1.0,0.99,0.31],[0.01,0.03,0.08,0.14,0.24,0.42,0.3,0.13,0.09,0.42,0.25,0.02,0.01,0.01,0.02,0.04,0.01,0.01,0.0,0.01,0.22,0.99,1.0,0.85],[0.0,0.01,0.09,0.21,0.24,0.26,0.11,0.03,0.02,0.11,0.19,0.06,0.01,0.01,0.01,0.01,0.01,0.01,0.0,0.0,0.01,0.31,0.85,1.0]],
  "pae": [[1.1,2.7,4.2,8.8,8.7,8.8,9.8,8.3,6.5,6.3,5.6,9.8,5.9,5.3,5.8,6.1,11.4,9.1,9.2,7.9,7.5,7.6,7.3,9.8],[2.7,1.0,3.1,8.0,7.5,8.4,9.6,8.2,6.9,6.2,6.2,10.3,7.0,5.7,5.1,5.6,11.3,8.5,8.1,7.2,7.0,6.7,7.1,8.6],[4.2,2.7,1.0,7.3,5.8,7.0,8.5,8.7,8.3,7.5,7.5,11.8,7.9,6.6,5.7,6.0,12.7,9.3,9.4,7.1,8.3,9.0,9.2,10.6],[13.1,9.3,8.4,1.7,10.7,12.2,13.8,14.9,16.5,16.6,17.8,19.8,17.7,15.8,13.5,12.6,16.2,16.2,16.8,17.2,17.3,17.9,18.6,17.5],[10.6,9.5,6.4,7.3,1.1,4.9,7.2,9.5,11.4,12.1,12.7,16.3,14.5,12.8,11.5,10.2,15.1,12.1,12.3,12.0,11.5,11.6,12.0,13.0],[10.3,9.0,6.5,9.3,6.0,1.4,6.2,7.6,10.1,10.9,12.7,15.4,14.0,12.2,11.5,10.5,14.2,11.6,11.1,10.6,9.4,8.7,10.0,12.0],[12.5,11.3,10.4,13.9,7.3,5.1,1.5,6.8,9.2,10.7,12.6,14.8,13.5,13.1,12.6,11.2,15.4,11.5,10.8,9.2,7.4,7.8,9.2,12.4],[9.1,9.1,9.2,13.0,9.6,5.8,7.4,1.2,4.5,5.9,7.8,12.3,10.1,9.8,9.3,9.0,13.3,8.5,7.9,5.8,6.3,6.1,7.8,10.3],[6.8,7.5,8.3,12.1,8.4,7.0,6.0,4.2,1.1,2.9,5.0,9.0,7.9,8.3,7.5,7.6,10.9,7.9,7.2,5.8,5.2,5.5,6.2,8.1],[6.3,6.4,8.4,12.9,10.1,8.4,7.8,4.8,2.8,1.0,3.0,9.0,7.6,7.5,7.1,7.9,11.7,8.3,7.7,6.0,5.7,5.9,6.9,8.5],[5.7,7.0,8.7,13.7,12.0,9.3,9.4,5.9,4.9,3.2,1.0,8.4,6.3,7.5,8.2,8.9,13.7,9.9,8.5,7.7,6.5,6.8,7.7,9.5],[11.8,14.5,15.8,19.3,18.2,15.5,16.6,15.5,13.8,11.0,11.2,2.0,8.7,10.4,14.9,15.5,18.1,17.4,15.4,16.2,15.7,16.5,15.9,16.8],[6.3,8.9,11.1,14.3,14.0,12.4,13.1,11.1,9.7,9.2,6.9,6.6,1.4,4.2,6.8,8.9,13.3,11.2,10.0,9.8,12.1,12.6,13.4,14.5],[5.8,7.2,9.4,13.7,12.3,12.2,12.8,11.6,9.2,8.5,8.4,6.7,3.6,1.2,4.3,6.8,11.8,10.2,9.8,10.1,11.1,11.8,12.6,14.1],[5.2,5.8,6.9,11.0,9.5,8.8,9.7,7.9,7.0,7.6,7.2,8.3,4.5,3.0,1.0,3.4,9.2,6.0,7.6,6.8,7.4,8.6,9.8,10.5],[5.6,5.5,6.5,12.0,10.6,9.0,9.6,7.7,7.3,7.7,8.3,10.3,6.1,4.1,3.0,1.0,8.0,5.1,7.3,6.5,7.0,8.3,9.9,11.0],[15.3,14.5,15.7,16.2,16.4,16.2,17.5,14.8,17.4,17.0,18.4,20.0,16.4,13.7,10.9,11.4,1.7,10.9,12.0,12.8,16.2,17.1,18.6,20.1],[9.9,10.0,11.1,15.0,13.6,11.2,12.6,8.6,10.3,11.2,12.8,15.4,12.4,9.6,7.5,6.7,7.2,1.3,6.1,5.4,6.4,10.3,12.9,14.9],[10.0,9.4,10.1,13.4,11.9,9.7,10.3,7.7,8.5,9.9,11.6,14.1,10.9,9.0,8.9,7.9,10.0,5.7,1.4,4.5,6.1,8.8,11.8,12.0],[7.2,7.2,8.1,12.0,9.8,8.1,8.2,5.6,5.7,6.4,7.6,11.2,7.9,7.8,7.1,6.3,8.5,5.5,3.3,1.0,3.1,5.0,6.4,8.7],[6.3,5.9,6.8,11.5,8.7,7.3,6.9,4.4,4.9,4.8,6.0,10.3,6.7,7.1,6.3,6.0,9.7,5.7,4.0,2.5,0.9,2.3,3.9,6.0],[6.3,5.9,7.0,12.1,9.5,7.6,7.1,4.7,4.9,5.0,5.9,10.9,7.5,7.4,6.4,6.9,10.8,6.9,5.5,4.1,2.7,0.9,3.0,5.5],[7.0,6.9,8.0,12.3,10.0,8.4,8.1,5.9,6.3,5.8,7.0,12.6,8.7,8.6,7.1,7.3,12.7,7.5,6.9,5.5,3.7,2.7,1.0,4.0],[9.8,8.9,9.3,16.2,11.5,9.9,8.6,8.6,9.9,9.0,7.9,16.0,13.1,12.0,11.3,10.7,16.5,11.8,10.7,10.1,7.9,6.2,5.7,1.9]],
  "token_chain_ids": ["A","A","A","A","A","A","A","A","A","A","A","A","A","A","A","A","A","A","A","A","A","A","A","A"],
  "token_res_ids": [1,2,3,4,5,6,7,8,9,10,11,12,13,14,15,16,17,18,19,20,21,22,23,24]
}