{
  "atom_chain_ids": ["A","A","A","A","A","A","A","A","A","A","A","A","A","A","A","A","A","A","A","A","A","A","A","A","A","A","A","A","A","A","A","A","A","A","A","A","A","A","A","A","A","A","A","A","A","A","A","A","A","A","A","A","A","A","A","A","A","A","A","A","A","A","A","A","A","A","A","A","A","A","A","A","A","A","A","A","A","A","A","A","A","A","A","A","A","A","A","A","A","A","A","A","A","A","A","A","A","A","A","A","A","A","A","A","A","A","A","A","A","A","A","A","A","A","A","A","A","A","A","A","A","A","A","A","A","A","A","A","A","A","A","A","A","A","A","A","A","A","A","A","A","A","A","A","A","A","A","A","A","A","A","A","A","A","A","A","A","A","A","A","A","A","A","A","A","A","A","A","A","A","A","A","A","A","A","A","A","A","A","A","A","A","A","A","A","A","A","A","A","A","A","A","A","A","A","A","A","A","A","A","A","A","A","A","A","A","A","A","A","A","A","A","A","A","A","A","A","A","A","A","A","A","A","A","A","A","A","A","A","A","A","A","A","A","A","A","A","A","A","A","A","A","A","A","A","A","A","A","A","A","A","A","A","A","A","A","A","A","A","A","A","A","A","A","A","A","A","A","A","A","A","A","A","A","A","A","A","A","A","A","A","A","A","A","A","A","A","A","A","A","A","A","A","A","A","A","A","A","A","A","A","A","A","A","A","A","A","A","A","A","A","A","A","A","A","A","A","A","A","A","A","A","A","A","A","A","A","A","A","A","A","A","A","A","A","A","A","A","A","A","A","A","A","A","A","A","A","A","A","A","A","A","A","A","A","A","A","A","A","A","A","A","A","A","A","A","A","A","A","A","A","A","A","A","A","A","A","A","A","A","A","A","A","A","A","A","A","A","A","A","A","A","A","A","A","A","A","A","A","A","A","A","A","A","A","A","A","A","A","A","A","A","A","A","A","A","A","A","A","A","A","A","A","A","A","A","A","A","A","A","A","A","A","A","A","A","A","A","A","A","A","A","A","A","A","A","A","A","A","A","A","A","A","A","A","A","A","A","A","A","A","A","A","A","A","A","A","A","A","A","A","A","A","A","A","A","A","A","A","A","A","A","A","A","A","A","A","A","A","A","A","A","A","A","A","A","A","A","A","A","A","A","A","A","A","A","A"],
  "atom_plddts": [57.71,58.35,52.96,54.46,58.22,61.78,63.58,65.39,65.05,63.83,64.3,64.47,64.62,64.83,64.17,64.61,65.42,65.08,63.89,63.48,63.82,64.37,66.29,59.17,56.44,57.02,59.33,60.36,61.43,63.85,62.85,61.67,61.9,62.05,62.17,62.82,62.48,62.92,63.84,63.63,62.89,62.45,62.52,62.13,63.46,60.7,58.68,58.97,60.31,60.39,60.29,61.7,60.88,59.73,59.87,59.11,60.08,60.08,60.34,60.69,61.25,60.91,59.91,59.8,60.19,59.12,60.67,54.4,52.04,52.49,55.37,55.36,55.48,54.93,55.96,54.82,53.35,53.39,53.58,51.71,49.16,48.65,47.78,47.11,45.9,47.23,49.57,52.36,48.72,48.95,52.44,52.68,53.72,53.12,54.88,53.59,53.13,52.27,53.06,51.77,49.83,50.07,49.36,48.18,47.06,47.63,49.29,49.54,51.93,47.99,48.33,52.05,52.57,53.25,55.33,54.92,54.22,53.68,53.79,53.56,53.32,52.25,51.92,51.94,51.77,50.65,51.47,56.32,52.02,53.07,57.19,57.14,58.33,61.18,60.21,59.38,58.85,58.99,59.88,59.6,58.48,58.42,58.61,58.31,57.26,57.91,58.38,54.42,55.85,59.35,58.83,60.55,63.67,62.31,61.46,61.35,61.58,62.18,62.45,62.05,62.2,62.66,62.55,61.82,61.92,61.43,58.01,58.87,61.79,62.46,63.01,65.17,64.46,63.3,63.17,62.81,63.74,63.83,62.81,63.1,63.93,63.42,62.5,62.26,62.79,62.12,63.8,61.85,59.34,59.59,61.6,62.75,63.35,65.28,64.37,62.84,63.27,63.46,63.65,64.24,63.97,64.34,65.3,65.09,64.46,63.99,64.09,63.73,64.82,60.99,58.8,58.99,60.5,60.65,60.84,62.46,61.4,60.22,60.28,59.7,60.57,60.76,61.08,61.53,62.34,62.12,61.3,60.9,61.06,60.24,61.56,56.21,54.62,55.23,56.54,54.94,55.44,55.08,55.7,54.51,52.92,52.36,53.28,51.87,49.83,49.5,48.65,47.9,46.74,48.06,50.01,52.35,45.99,45.24,52.57,53.88,55.79,57.57,57.85,56.51,56.26,55.25,56.45,55.66,54.15,54.51,54.39,53.16,51.59,52.38,54.09,53.77,56.39,52.65,48.64,48.09,52.46,51.26,53.52,53.51,55.13,53.5,53.16,51.5,53.23,51.67,49.52,49.48,49.25,47.72,46.41,46.9,48.33,48.88,54.83,50.47,50.94,54.85,56.01,57.82,60.39,59.33,57.84,57.85,58.23,58.61,59.12,58.82,59.29,60.0,59.58,58.82,58.59,58.8,58.6,60.01,56.93,54.13,54.49,56.29,57.81,59.1,60.98,60.11,58.84,58.48,58.5,59.04,59.44,59.63,60.01,60.84,60.49,59.77,59.38,59.6,59.07,60.5,49.95,47.51,46.83,49.84,49.41,50.04,49.19,50.84,49.48,48.71,47.69,48.88,47.21,44.83,44.68,43.89,43.18,42.22,43.4,45.57,46.22,41.06,40.06,46.48,47.07,49.06,49.41,50.55,49.17,48.61,47.59,48.89,47.56,45.95,46.48,46.09,44.91,43.88,44.19,45.94,44.92,47.47,51.49,46.84,47.32,52.54,52.53,54.83,56.76,56.84,56.02,54.76,55.02,55.38,54.74,52.57,52.27,52.26,51.74,50.47,51.37,58.01,53.42,54.16,58.56,59.85,60.87,63.92,62.54,61.7,61.76,62.0,62.44,63.0,62.42,63.21,63.75,63.24,62.44,62.31,62.69,62.61,63.86,60.09,57.52,58.18,60.38,61.4,62.48,65.14,63.4,62.41,62.54,63.13,63.26,64.02,63.73,64.36,65.12,64.9,64.29,63.97,64.09,63.92,64.81,61.28,59.24,59.82,61.07,61.19,62.22,64.41,63.18,61.86,61.94,62.3,62.68,63.22,63.31,63.76,64.34,64.11,63.5,63.28,63.5,62.99,63.88,60.51,58.26,58.55,60.1,59.91,60.09,61.55,60.81,59.7,59.65,59.41,60.25,60.23,60.57,61.01,61.32,60.93,60.15,60.13,60.61,59.71,60.98,56.13,53.36,54.02,56.44,56.86,56.93,57.55,57.43,56.31,54.7,54.6,55.33,54.45,53.39,53.01,52.82,52.25,50.93,51.77,53.37],
  "contact_probs": [[1.0,1.0,0.27,0.01,0.01,0.01,0.03,0.25,0.29,0.56,0.53,0.12,0.65,0.65,0.52,0.2,0.02,0.07,0.14,0.06,0.02,0.02,0.01,0.0],[1.0,1.0,0.99,0.12,0.12,0.1,0.13,0.25,0.19,0.33,0.5,0.04,0.15,0.21,0.42,0.3,0.01,0.04,0.03,0.04,0.04,0.04,0.03,0.01],[0.27,0.99,1.0,0.64,0.56,0.43,0.25,0.17,0.07,0.16,0.21,0.02,0.02,0.05,0.21,0.21,0.02,0.03,0.01,0.03,0.07,0.09,0.08,0.09],[0.01,0.12,0.64,1.0,0.68,0.28,0.1,0.03,0.01,0.01,0.02,0.01,0.01,0.01,0.03,0.07,0.03,0.04,0.01,0.01,0.01,0.05,0.14,0.21],[0.01,0.12,0.56,0.68,1.0,0.77,0.25,0.05,0.01,0.01,0.02,0.01,0.0,0.01,0.03,0.14,0.07,0.07,0.01,0.01,0.05,0.16,0.24,0.24],[0.01,0.1,0.43,0.28,0.77,1.0,0.7,0.24,0.02,0.02,0.03,0.01,0.0,0.01,0.05,0.25,0.08,0.11,0.02,0.05,0.25,0.45,0.42,0.26],[0.03,0.13,0.25,0.1,0.25,0.7,1.0,0.72,0.11,0.05,0.03,0.01,0.01,0.01,0.03,0.1,0.03,0.04,0.02,0.1,0.34,0.47,0.3,0.11],[0.25,0.25,0.17,0.03,0.05,0.24,0.72,1.0,0.88,0.38,0.03,0.01,0.03,0.03,0.03,0.04,0.01,0.04,0.16,0.52,0.66,0.52,0.13,0.03],[0.29,0.19,0.07,0.01,0.01,0.02,0.11,0.88,1.0,0.97,0.29,0.05,0.22,0.09,0.04,0.02,0.01,0.02,0.32,0.46,0.61,0.42,0.09,0.02],[0.56,0.33,0.16,0.01,0.01,0.02,0.05,0.38,0.97,1.0,0.98,0.2,0.46,0.14,0.05,0.03,0.01,0.02,0.11,0.13,0.37,0.39,0.42,0.11],[0.53,0.5,0.21,0.02,0.02,0.03,0.03,0.03,0.29,0.98,1.0,0.43,0.47,0.18,0.1,0.04,0.01,0.02,0.04,0.04,0.06,0.15,0.25,0.19],[0.12,0.04,0.02,0.01,0.01,0.01,0.01,0.01,0.05,0.2,0.43,1.0,0.45,0.18,0.04,0.02,0.01,0.02,0.03,0.01,0.01,0.01,0.02,0.06],[0.65,0.15,0.02,0.01,0.0,0.0,0.01,0.03,0.22,0.46,0.47,0.45,1.0,0.84,0.25,0.06,0.02,0.06,0.23,0.07,0.03,0.01,0.01,0.01],[0.65,0.21,0.05,0.01,0.01,0.01,0.01,0.03,0.09,0.14,0.18,0.18,0.84,1.0,0.83,0.26,0.04,0.21,0.33,0.17,0.05,0.02,0.01,0.01],[0.52,0.42,0.21,0.03,0.03,0.05,0.03,0.03,0.04,0.05,0.1,0.04,0.25,0.83,1.0,0.96,0.18,0.44,0.25,0.31,0.19,0.07,0.02,0.01],[0.2,0.3,0.21,0.07,0.14,0.25,0.1,0.04,0.02,0.03,0.04,0.02,0.06,0.26,0.96,1.0,0.4,0.6,0.18,0.53,0.4,0.16,0.04,0.01],[0.02,0.01,0.02,0.03,0.07,0.08,0.03,0.01,0.01,0.01,0.01,0.01,0.02,0.04,0.18,0.4,1.0,0.54,0.1,0.08,0.04,0.02,0.01,0.01],[0.07,0.04,0.03,0.04,0.07,0.11,0.04,0.04,0.02,0.02,0.02,0.02,0.06,0.21,0.44,0.6,0.54,1.0,0.54,0.42,0.17,0.05,0.01,0.01],[0.14,0.03,0.01,0.01,0.01,0.02,0.02,0.16,0.32,0.11,0.04,0.03,0.23,0.33,0.25,0.18,0.1,0.54,1.0,0.79,0.21,0.01,0.0,0.0],[0.06,0.04,0.03,0.01,0.01,0.05,0.1,0.52,0.46,0.13,0.04,0.01,0.07,0.17,0.31,0.53,0.08,0.42,0.79,1.0,0.99,0.24,0.01,0.0],[0.02,0.04,0.07,0.01,0.05,0.25,0.34,0.66,0.61,0.37,0.06,0.01,0.03,0.05,0.19,0.4,0.04,0.17,0.21,0.99,1.0,0.99,0.22,0.01],[0.02,0.04,0.09,0.05,0.16,0.45,0.47,0.52,0.42,0.39,0.15,0.01,0.01,0.02,0.07,0.16,0.02,0.05,0.01,0.24,0.99,1.0,0.99,0.31],[0.01,0.03,0.08,0.14,0.24,0.42,0.3,0.13,0.09,0.42,0.25,0.02,0.01,0.01,0.02,0.04,0.01,0.01,0.0,0.01,0.22,0.99,1.0,0.85],[0.0,0.01,0.09,0.21,0.24,0.26,0.11,0.03,0.02,0.11,0.19,0.06,0.01,0.01,0.01,0.01,0.01,0.01,0.0,0.0,0.01,0.31,0.85,1.0]],
  "pae": [[1.1,3.2,4.4,12.1,10.7,9.3,9.5,8.5,6.9,6.5,6.8,9.3,7.2,7.5,6.7,6.3,12.4,12.0,10.2,8.0,7.7,7.6,7.7,10.2],[2.8,1.0,2.7,10.4,9.8,8.9,8.8,7.5,6.2,5.9,6.4,8.9,7.1,7.6,6.0,6.3,11.6,11.2,9.4,7.7,6.9,6.6,6.8,8.0],[4.1,2.5,1.0,10.3,10.1,8.1,8.8,8.2,7.4,6.8,6.4,9.6,7.8,8.4,6.6,6.4,12.4,11.4,10.2,8.2,7.5,7.2,7.6,10.0],[17.3,12.0,13.5,1.9,11.6,13.1,14.1,16.8,18.0,18.1,19.2,20.1,19.5,19.0,18.7,17.4,20.0,19.8,18.2,18.9,18.3,18.5,18.6,18.1],[14.0,11.2,9.2,8.5,1.3,7.4,7.0,9.8,13.1,14.8,15.3,18.2,17.0,17.2,16.1,14.0,15.6,16.3,14.9,14.0,13.2,13.8,15.4,15.5],[13.3,12.2,9.9,10.1,7.3,1.4,5.2,7.4,10.7,12.8,14.3,16.3,15.5,15.3,14.6,12.6,15.0,14.4,12.6,11.8,10.9,11.6,12.4,14.9],[10.6,10.4,10.3,11.2,7.8,4.9,1.4,4.6,6.8,8.7,11.6,13.2,11.7,11.8,11.2,10.4,13.9,12.3,10.1,8.1,6.5,7.5,10.0,12.9],[8.0,7.9,7.3,11.7,8.5,5.7,3.8,1.2,3.5,5.3,6.6,9.5,8.2,9.0,7.9,7.2,11.1,9.9,8.2,5.1,4.7,5.8,6.9,9.1],[5.8,5.8,6.0,10.6,8.0,5.8,3.9,2.9,1.0,2.6,4.2,7.1,6.6,7.8,6.1,6.1,10.5,9.9,7.7,4.8,3.9,4.3,5.4,7.3],[5.4,5.6,6.2,12.3,10.2,7.9,6.0,4.0,2.6,1.0,3.3,6.3,5.1,6.8,6.0,6.5,11.1,11.0,8.3,5.6,4.9,4.8,5.7,7.6],[5.9,6.0,6.6,14.2,11.9,8.9,7.7,5.1,4.4,2.9,1.0,6.2,4.6,6.4,6.9,7.4,13.0,11.8,9.7,6.5,5.7,5.6,6.3,8.0],[9.2,10.2,11.6,18.7,16.8,14.0,13.9,11.8,10.2,6.5,6.3,1.7,5.8,6.9,10.3,11.6,17.1,15.9,14.2,12.8,11.7,10.9,12.3,12.9],[7.3,8.9,10.1,15.7,14.0,11.9,11.3,10.0,8.6,6.7,6.2,5.1,1.3,4.5,5.9,7.9,14.0,13.1,11.2,10.0,10.3,10.1,10.7,11.2],[7.2,10.2,11.2,17.3,15.8,13.3,12.3,11.1,9.8,7.6,7.2,6.6,4.4,1.3,6.0,8.9,15.5,14.6,12.5,11.1,11.8,11.3,12.0,13.4],[6.5,8.0,8.6,14.8,12.4,10.8,10.4,8.9,8.0,7.4,8.2,8.3,5.6,4.5,1.1,3.9,11.1,12.0,10.2,7.6,8.5,9.4,10.7,11.0],[6.3,7.1,7.9,14.4,11.9,10.0,9.4,8.3,8.1,8.1,9.5,10.2,7.7,6.1,4.1,1.0,7.7,8.4,7.8,7.7,8.3,9.1,10.5,11.0],[15.8,15.5,15.5,17.9,15.7,13.7,13.8,13.9,16.3,17.2,17.9,19.5,17.2,16.7,14.0,11.8,1.6,8.8,9.5,13.3,15.0,15.4,18.1,17.7],[15.0,15.2,15.2,19.2,16.8,13.3,12.3,11.9,14.0,14.4,16.5,18.2,15.7,14.8,13.1,10.9,6.4,1.3,7.9,8.8,12.5,15.2,17.6,17.4],[12.7,13.3,12.6,15.9,13.9,11.1,10.0,8.9,9.8,12.7,14.1,15.3,13.8,13.1,12.6,9.9,9.6,6.7,1.4,6.3,7.9,10.8,13.3,13.8],[7.1,6.9,7.5,12.6,10.5,8.4,6.9,5.3,4.7,6.2,7.8,10.4,8.4,8.8,7.2,6.7,9.0,8.6,5.0,1.0,2.7,4.8,5.7,8.6],[5.8,5.5,6.1,12.1,10.0,8.1,5.9,4.2,4.0,4.5,5.6,9.3,6.6,7.5,5.8,5.7,9.5,9.0,5.1,2.6,0.9,2.3,3.3,5.8],[6.0,5.6,6.1,12.6,10.2,8.3,6.2,4.5,4.3,4.9,5.8,9.4,6.7,7.7,5.9,6.1,11.0,10.2,6.6,3.8,2.4,0.9,2.2,4.9],[6.9,6.4,6.8,13.2,11.0,9.1,7.0,5.5,4.9,5.5,6.4,9.7,8.1,9.0,7.5,7.5,12.5,11.8,7.7,5.6,3.8,2.4,1.0,3.7],[8.6,8.0,7.8,15.2,13.1,11.1,9.7,8.2,7.9,7.7,8.2,12.0,10.1,11.8,9.5,9.6,15.2,14.6,11.2,9.6,7.6,4.8,3.9,2.0]],
  "token_chain_ids": ["A","A","A","A","A","A","A","A","A","A","A","A","A","A","A","A","A","A","A","A","A","A","A","A"],
  "token_res_ids": [1,2,3,4,5,6,7,8,9,10,11,12,13,14,15,16,17,18,19,20,21,22,23,24]
}