{
  "atom_chain_ids": ["A","A","A","A","A","A","A","A","A","A","A","A","A","A","A","A","A","A","A","A","A","A","A","A","A","A","A","A","A","A","A","A","A","A","A","A","A","A","A","A","A","A","A","A","A","A","A","A","A","A","A","A","A","A","A","A","A","A","A","A","A","A","A","A","A","A","A","A","A","A","A","A","A","A","A","A","A","A","A","A","A","A","A","A","A","A","A","A","A","A","A","A","A","A","A","A","A","A","A","A","A","A","A","A","A","A","A","A","A","A","A","A","A","A","A","A","A","A","A","A","A","A","A","A","A","A","A","A","A","A","A","A","A","A","A","A","A","A","A","A","A","A","A","A","A","A","A","A","A","A","A","A","A","A","A","A","A","A","A","A","A","A","A","A","A","A","A","A","A","A","A","A","A","A","A","A","A","A","A","A","A","A","A","A","A","A","A","A","A","A","A","A","A","A","A","A","A","A","A","A","A","A","A","A","A","A","A","A","A","A","A","A","A","A","A","A","A","A","A","A","A","A","A","A","A","A","A","A","A","A","A","A","A","A","A","A","A","A","A","A","A","A","A","A","A","A","A","A","A","A","A","A","A","A","A","A","A","A","A","A","A","A","A","A","A","A","A","A","A","A","A","A","A","A","A","A","A","A","A","A","A","A","A","A","A","A","A","A","A","A","A","A","A","A","A","A","A","A","A","A","A","A","A","A","A","A","A","A","A","A","A","A","A","A","A","A","A","A","A","A","A","A","A","A","A","A","A","A","A","A","A","A","A","A","A","A","A","A","A","A","A","A","A","A","A","A","A","A","A","A","A","A","A","A","A","A","A","A","A","A","A","A","A","A","A","A","A","A","A","A","A","A","A","A","A","A","A","A","A","A","A","A","A","A","A","A","A","A","A","A","A","A","A","A","A","A","A","A","A","A","A","A","A","A","A","A","A","A","A","A","A","A","A","A","A","A","A","A","A","A","A","A","A","A","A","A","A","A","A","A","A","A","A","A","A","A","A","A","A","A","A","A","A","A","A","A","A","A","A","A","A","A","A","A","A","A","A","A","A","A","A","A","A","A","A","A","A","A","A","A","A","A","A","A","A","A","A","A","A","A","A","A","A","A","A","A","A","A","A","A","A","A","A","A","A","A","A","A","A","A","A","A","A","A","A","A","A"],
  "atom_plddts": [56.94,57.69,52.57,54.15,57.51,61.17,62.88,64.63,64.11,62.86,63.18,63.64,63.64,63.85,63.4,63.91,64.68,64.32,63.24,62.74,63.09,63.65,65.45,58.5,55.8,56.4,58.64,59.95,60.99,63.5,62.34,61.17,61.36,61.78,61.63,62.31,62.01,62.52,63.43,63.22,62.57,62.05,62.12,61.82,63.0,58.76,56.75,57.09,58.39,58.81,58.74,59.9,59.18,58.02,57.96,57.32,58.15,58.02,58.31,58.77,59.21,58.83,57.89,57.71,58.11,57.03,58.61,54.74,52.42,52.9,55.58,55.6,55.59,55.32,56.05,54.92,53.55,53.62,53.99,52.33,49.99,49.58,48.78,48.19,46.99,48.2,50.37,52.07,49.14,49.31,51.88,52.32,53.22,52.23,54.02,52.7,52.13,51.24,51.9,50.47,48.47,48.57,47.78,46.56,45.49,46.07,47.72,47.97,50.84,47.33,47.55,50.71,51.23,51.9,53.71,53.47,52.77,52.14,52.2,51.99,51.64,50.55,50.27,50.16,49.96,48.91,49.73,55.0,50.94,51.9,55.69,55.63,56.9,59.8,59.14,58.3,57.67,57.98,58.59,58.26,57.08,57.08,57.09,56.85,55.85,56.52,56.55,52.79,54.14,57.37,56.76,58.42,61.64,60.36,59.66,59.42,59.76,60.3,60.54,60.25,60.53,60.78,60.7,60.0,60.15,60.85,57.52,58.39,61.15,61.9,62.37,64.33,63.59,62.39,62.22,61.87,62.69,62.7,61.92,62.24,62.99,62.49,61.61,61.38,61.91,61.17,62.77,60.76,58.47,58.75,60.4,61.78,62.35,64.26,63.15,61.59,61.93,62.21,62.28,62.83,62.77,63.15,64.04,63.81,63.28,62.76,62.86,62.5,63.46,59.05,56.81,57.01,58.44,59.04,59.29,60.86,59.86,58.62,58.56,58.12,58.81,58.92,59.36,59.84,60.45,60.13,59.37,59.05,59.28,58.53,59.8,54.39,52.86,53.47,54.72,53.23,53.69,53.15,54.01,52.76,51.37,50.75,51.54,50.2,48.1,47.79,46.93,46.2,45.11,46.39,48.31,50.55,44.6,43.75,50.74,52.06,54.03,55.45,56.02,54.7,54.31,53.43,54.57,53.7,52.04,52.47,52.14,50.83,49.4,50.14,51.95,51.68,54.25,53.31,49.04,48.69,53.31,52.2,54.78,54.98,56.37,54.75,54.28,52.81,54.54,53.21,51.18,51.22,51.07,49.51,48.19,48.71,50.13,50.7,54.84,50.55,51.07,54.97,56.08,58.08,60.48,59.52,57.98,57.95,58.69,58.82,59.35,59.25,59.88,60.52,60.11,59.46,59.18,59.41,59.27,60.5,57.05,54.31,54.7,56.42,57.87,58.96,60.56,59.6,58.31,57.93,58.27,58.62,59.05,59.6,60.08,60.86,60.57,60.02,59.54,59.71,59.23,60.34,52.53,49.44,48.94,52.76,52.35,53.29,52.39,53.94,52.73,51.43,50.61,51.82,49.94,47.37,47.14,46.23,45.36,44.24,45.72,48.25,50.54,44.72,44.05,51.13,51.67,53.51,54.46,55.3,54.2,53.37,52.72,53.86,52.57,51.3,52.0,51.51,50.33,49.13,49.68,51.5,50.37,52.82,54.57,50.12,50.86,55.74,55.56,57.81,59.56,59.43,58.64,57.37,57.46,57.97,57.09,55.0,54.57,54.6,54.04,52.72,53.71,57.14,52.71,53.53,57.72,59.14,60.19,63.24,61.85,60.96,60.9,61.36,61.57,62.14,61.58,62.45,62.97,62.47,61.72,61.52,61.87,61.8,63.01,59.64,57.05,57.81,59.93,60.95,61.97,64.79,62.79,61.84,61.9,62.75,62.73,63.55,63.37,64.06,64.85,64.64,64.11,63.7,63.79,63.68,64.47,60.11,58.21,58.96,59.97,60.05,61.02,63.42,61.95,60.74,60.72,61.41,61.66,62.26,62.38,62.99,63.55,63.33,62.86,62.49,62.67,62.25,63.01,60.06,57.74,58.18,59.66,59.66,59.9,61.43,60.72,59.59,59.53,59.55,60.25,60.29,60.69,61.26,61.5,61.09,60.4,60.34,60.8,60.06,61.2,56.14,53.08,53.8,56.55,57.09,57.36,58.13,58.03,56.91,55.4,55.59,56.28,55.5,54.43,54.23,54.05,53.53,52.3,53.01,54.56],
  "contact_probs": [[1.0,1.0,0.27,0.01,0.01,0.01,0.03,0.25,0.29,0.56,0.53,0.12,0.65,0.65,0.52,0.2,0.02,0.07,0.14,0.06,0.02,0.02,0.01,0.0],[1.0,1.0,0.99,0.12,0.12,0.1,0.13,0.25,0.19,0.33,0.5,0.04,0.15,0.21,0.42,0.3,0.01,0.04,0.03,0.04,0.04,0.04,0.03,0.01],[0.27,0.99,1.0,0.64,0.56,0.43,0.25,0.17,0.07,0.16,0.21,0.02,0.02,0.05,0.21,0.21,0.02,0.03,0.01,0.03,0.07,0.09,0.08,0.09],[0.01,0.12,0.64,1.0,0.68,0.28,0.1,0.03,0.01,0.01,0.02,0.01,0.01,0.01,0.03,0.07,0.03,0.04,0.01,0.01,0.01,0.05,0.14,0.21],[0.01,0.12,0.56,0.68,1.0,0.77,0.25,0.05,0.01,0.01,0.02,0.01,0.0,0.01,0.03,0.14,0.07,0.07,0.01,0.01,0.05,0.16,0.24,0.24],[0.01,0.1,0.43,0.28,0.77,1.0,0.7,0.24,0.02,0.02,0.03,0.01,0.0,0.01,0.05,0.25,0.08,0.11,0.02,0.05,0.25,0.45,0.42,0.26],[0.03,0.13,0.25,0.1,0.25,0.7,1.0,0.72,0.11,0.05,0.03,0.01,0.01,0.01,0.03,0.1,0.03,0.04,0.02,0.1,0.34,0.47,0.3,0.11],[0.25,0.25,0.17,0.03,0.05,0.24,0.72,1.0,0.88,0.38,0.03,0.01,0.03,0.03,0.03,0.04,0.01,0.04,0.16,0.52,0.66,0.52,0.13,0.03],[0.29,0.19,0.07,0.01,0.01,0.02,0.11,0.88,1.0,0.97,0.29,0.05,0.22,0.09,0.04,0.02,0.01,0.02,0.32,0.46,0.61,0.42,0.09,0.02],[0.56,0.33,0.16,0.01,0.01,0.02,0.05,0.38,0.97,1.0,0.98,0.2,0.46,0.14,0.05,0.03,0.01,0.02,0.11,0.13,0.37,0.39,0.42,0.11],[0.53,0.5,0.21,0.02,0.02,0.03,0.03,0.03,0.29,0.98,1.0,0.43,0.47,0.18,0.1,0.04,0.01,0.02,0.04,0.04,0.06,0.15,0.25,0.19],[0.12,0.04,0.02,0.01,0.01,0.01,0.01,0.01,0.05,0.2,0.43,1.0,0.45,0.18,0.04,0.02,0.01,0.02,0.03,0.01,0.01,0.01,0.02,0.06],[0.65,0.15,0.02,0.01,0.0,0.0,0.01,0.03,0.22,0.46,0.47,0.45,1.0,0.84,0.25,0.06,0.02,0.06,0.23,0.07,0.03,0.01,0.01,0.01],[0.65,0.21,0.05,0.01,0.01,0.01,0.01,0.03,0.09,0.14,0.18,0.18,0.84,1.0,0.83,0.26,0.04,0.21,0.33,0.17,0.05,0.02,0.01,0.01],[0.52,0.42,0.21,0.03,0.03,0.05,0.03,0.03,0.04,0.05,0.1,0.04,0.25,0.83,1.0,0.96,0.18,0.44,0.25,0.31,0.19,0.07,0.02,0.01],[0.2,0.3,0.21,0.07,0.14,0.25,0.1,0.04,0.02,0.03,0.04,0.02,0.06,0.26,0.96,1.0,0.4,0.6,0.18,0.53,0.4,0.16,0.04,0.01],[0.02,0.01,0.02,0.03,0.07,0.08,0.03,0.01,0.01,0.01,0.01,0.01,0.02,0.04,0.18,0.4,1.0,0.54,0.1,0.08,0.04,0.02,0.01,0.01],[0.07,0.04,0.03,0.04,0.07,0.11,0.04,0.04,0.02,0.02,0.02,0.02,0.06,0.21,0.44,0.6,0.54,1.0,0.54,0.42,0.17,0.05,0.01,0.01],[0.14,0.03,0.01,0.01,0.01,0.02,0.02,0.16,0.32,0.11,0.04,0.03,0.23,0.33,0.25,0.18,0.1,0.54,1.0,0.79,0.21,0.01,0.0,0.0],[0.06,0.04,0.03,0.01,0.01,0.05,0.1,0.52,0.46,0.13,0.04,0.01,0.07,0.17,0.31,0.53,0.08,0.42,0.79,1.0,0.99,0.24,0.01,0.0],[0.02,0.04,0.07,0.01,0.05,0.25,0.34,0.66,0.61,0.37,0.06,0.01,0.03,0.05,0.19,0.4,0.04,0.17,0.21,0.99,1.0,0.99,0.22,0.01],[0.02,0.04,0.09,0.05,0.16,0.45,0.47,0.52,0.42,0.39,0.15,0.01,0.01,0.02,0.07,0.16,0.02,0.05,0.01,0.24,0.99,1.0,0.99,0.31],[0.01,0.03,0.08,0.14,0.24,0.42,0.3,0.13,0.09,0.42,0.25,0.02,0.01,0.01,0.02,0.04,0.01,0.01,0.0,0.01,0.22,0.99,1.0,0.85],[0.0,0.01,0.09,0.21,0.24,0.26,0.11,0.03,0.02,0.11,0.19,0.06,0.01,0.01,0.01,0.01,0.01,0.01,0.0,0.0,0.01,0.31,0.85,1.0]],
  "pae": [[1.1,2.9,5.0,10.2,12.0,10.1,9.9,7.8,5.6,6.4,6.2,9.4,6.5,6.4,6.3,6.7,11.9,9.2,8.8,6.6,7.3,7.4,7.8,10.1],[3.0,1.0,3.2,9.9,9.7,9.8,9.6,8.3,5.9,5.6,6.0,9.0,7.1,6.7,5.7,6.3,10.2,8.3,8.2,7.0,6.8,6.6,7.3,8.6],[6.0,3.9,1.0,9.0,8.6,8.3,9.1,9.1,8.5,8.3,8.5,12.2,9.2,7.8,6.5,7.0,12.0,9.8,10.0,7.7,8.5,9.1,9.9,11.9],[15.0,11.3,8.3,1.7,7.1,8.0,10.9,13.3,16.3,16.7,15.9,19.2,17.6,16.5,14.1,11.8,15.3,13.7,14.7,15.6,15.6,16.4,17.6,16.6],[13.4,11.4,7.6,6.1,1.1,5.6,6.8,10.2,14.4,14.7,14.7,17.9,16.1,15.4,13.0,10.7,12.1,11.7,13.1,11.1,11.3,11.8,13.8,15.2],[13.7,13.4,8.9,8.2,6.3,1.3,6.8,9.1,12.8,13.6,14.6,16.7,16.4,14.3,13.0,11.2,12.7,11.1,12.7,11.1,9.5,11.3,13.4,15.3],[12.3,12.1,11.3,10.4,9.2,6.1,1.5,5.8,8.1,9.1,12.1,14.6,13.6,12.2,11.3,9.8,12.4,9.6,10.5,7.3,5.9,7.3,10.1,13.7],[9.1,8.8,9.7,11.8,9.3,7.0,6.1,1.2,5.3,5.6,7.2,12.0,10.7,10.3,9.5,8.7,11.6,8.9,7.8,5.9,5.3,6.1,6.9,10.1],[6.9,7.4,9.5,12.7,11.9,9.4,6.2,4.3,1.1,2.6,5.0,8.8,8.0,7.9,7.3,7.0,10.7,8.3,7.2,5.3,4.9,5.2,7.0,8.7],[5.7,6.1,8.1,13.7,12.8,10.4,7.3,4.8,3.0,0.9,3.3,7.2,6.5,7.1,6.8,7.4,10.9,8.2,7.1,5.5,4.9,5.1,6.4,7.9],[6.0,6.5,9.5,14.7,14.8,11.2,9.0,5.8,4.9,3.4,1.0,6.5,5.6,7.2,8.2,8.8,13.7,10.1,8.7,7.3,6.3,6.0,8.1,9.8],[9.5,11.0,14.2,18.6,18.0,14.5,13.7,12.0,9.9,7.6,7.2,1.6,4.6,7.2,11.5,13.7,15.6,14.6,12.2,13.7,12.4,11.7,12.8,15.4],[6.9,9.1,11.6,15.8,15.7,13.2,12.0,10.5,8.8,7.6,6.0,4.3,1.2,5.1,6.5,10.2,13.6,10.7,9.4,10.4,10.5,10.5,11.4,13.2],[6.8,8.0,10.1,14.6,14.3,12.4,11.4,10.5,8.5,8.0,7.5,5.3,3.3,1.3,4.4,7.6,11.7,9.8,9.4,9.7,10.2,10.5,11.3,12.6],[5.8,6.0,7.3,13.1,12.9,10.3,9.3,8.1,6.7,7.2,7.0,7.3,5.2,3.7,1.0,3.6,9.1,5.4,7.6,6.3,6.5,8.6,9.3,10.4],[6.0,5.6,7.1,12.6,12.2,9.7,8.8,7.8,7.0,7.2,7.9,9.4,6.7,5.0,3.1,1.0,7.5,4.6,6.9,5.8,6.3,8.2,9.1,10.7],[13.9,12.6,12.7,15.8,12.9,9.9,11.7,12.0,13.9,14.4,15.8,17.5,15.0,12.7,10.0,9.0,1.4,8.8,11.2,10.5,12.1,14.4,15.1,17.6],[11.2,10.8,11.0,15.3,13.7,11.2,9.7,9.6,9.8,11.8,13.3,15.9,13.3,9.7,7.3,6.1,6.0,1.3,8.1,5.0,6.4,11.1,12.2,14.2],[10.2,10.2,10.8,14.8,13.9,11.1,10.0,8.4,8.3,9.7,11.1,14.4,11.5,9.4,9.3,7.6,9.6,6.6,1.4,4.6,6.2,8.9,10.5,11.9],[6.8,6.8,8.1,12.3,11.3,8.9,7.5,6.3,5.1,6.3,7.2,10.3,7.9,7.4,6.7,5.7,8.3,5.3,3.6,1.0,2.6,4.4,5.7,8.1],[6.0,5.6,7.1,13.0,12.2,9.7,7.1,4.9,4.6,4.7,5.9,9.8,7.3,7.1,6.0,5.8,9.9,6.4,4.5,2.2,0.9,2.3,3.8,5.7],[6.2,5.6,7.1,13.6,12.7,10.0,7.4,4.9,4.7,5.0,6.0,10.0,7.6,7.0,6.2,6.2,11.1,7.2,5.5,3.5,2.3,0.9,2.7,5.1],[7.1,7.0,8.1,14.4,13.7,11.3,8.5,5.9,6.0,6.8,6.8,12.2,10.1,9.3,7.5,6.8,12.7,9.0,7.4,5.8,3.6,2.4,1.0,4.3],[9.0,8.3,9.2,16.9,14.1,13.0,10.3,8.2,9.8,8.7,8.1,15.2,12.9,11.5,10.0,9.3,15.4,11.4,10.4,9.6,7.5,5.4,4.5,1.9]],
  "token_chain_ids": ["A","A","A","A","A","A","A","A","A","A","A","A","A","A","A","A","A","A","A","A","A","A","A","A"],
  "token_res_ids": [1,2,3,4,5,6,7,8,9,10,11,12,13,14,15,16,17,18,19,20,21,22,23,24]
}