{
  "atom_chain_ids": ["A","A","A","A","A","A","A","A","A","A","A","A","A","A","A","A","A","A","A","A","A","A","A","A","A","A","A","A","A","A","A","A","A","A","A","A","A","A","A","A","A","A","A","A","A","A","A","A","A","A","A","A","A","A","A","A","A","A","A","A","A","A","A","A","A","A","A","A","A","A","A","A","A","A","A","A","A","A","A","A","A","A","A","A","A","A","A","A","A","A","A","A","A","A","A","A","A","A","A","A","A","A","A","A","A","A","A","A","A","A","A","A","A","A","A","A","A","A","A","A","A","A","A","A","A","A","A","A","A","A","A","A","A","A","A","A","A","A","A","A","A","A","A","A","A","A","A","A","A","A","A","A","A","A","A","A","A","A","A","A","A","A","A","A","A","A","A","A","A","A","A","A","A","A","A","A","A","A","A","A","A","A","A","A","A","A","A","A","A","A","A","A","A","A","A","A","A","A","A","A","A","A","A","A","A","A","A","A","A","A","A","A","A","A","A","A","A","A","A","A","A","A","A","A","A","A","A","A","A","A","A","A","A","A","A","A","A","A","A","A","A","A","A","A","A","A","A","A","A","A","A","A","A","A","A","A","A","A","A","A","A","A","A","A","A","A","A","A","A","A","A","A","A","A","A","A","A","A","A","A","A","A","A","A","A","A","A","A","A","A","A","A","A","A","A","A","A","A","A","A","A","A","A","A","A","A","A","A","A","A","A","A","A","A","A","A","A","A","A","A","A","A","A","A","A","A","A","A","A","A","A","A","A","A","A","A","A","A","A","A","A","A","A","A","A","A","A","A","A","A","A","A","A","A","A","A","A","A","A","A","A","A","A","A","A","A","A","A","A","A","A","A","A","A","A","A","A","A","A","A","A","A","A","A","A","A","A","A","A","A","A","A","A","A","A","A","A","A","A","A","A","A","A","A","A","A","A","A","A","A","A","A","A","A","A","A","A","A","A","A","A","A","A","A","A","A","A","A","A","A","A","A","A","A","A","A","A","A","A","A","A","A","A","A","A","A","A","A","A","A","A","A","A","A","A","A","A","A","A","A","A","A","A","A","A","A","A","A","A","A","A","A","A","A","A","A","A","A","A","A","A","A","A","A","A","A","A","A","A","A","A","A","A","A","A","A","A","A","A","A","A","A","A","A","A","A","A"],
  "atom_plddts": [55.95,56.37,50.81,52.44,56.46,60.38,62.29,64.05,63.54,62.31,62.75,63.31,63.08,63.31,62.74,63.2,63.98,63.63,62.49,62.04,62.4,63.02,64.87,56.96,54.29,54.97,57.12,58.55,59.52,61.95,60.8,59.65,59.68,60.13,59.98,60.66,60.35,60.86,61.74,61.51,60.88,60.35,60.41,60.09,61.26,56.43,54.29,54.71,56.17,56.87,56.89,58.07,57.29,56.1,55.93,55.42,56.18,56.16,56.36,56.89,57.33,57.01,56.14,55.86,56.24,55.2,56.61,52.38,50.37,50.69,53.14,53.21,53.21,53.01,53.98,52.8,51.69,51.68,52.0,50.55,48.28,48.03,47.3,46.81,45.71,46.71,48.71,50.72,46.95,47.12,50.93,51.05,52.18,51.62,53.71,52.39,51.8,51.04,51.77,50.55,48.53,48.8,48.13,46.99,45.94,46.42,48.06,48.36,50.63,46.83,46.89,50.57,51.09,51.8,53.74,53.68,53.05,52.56,52.62,52.25,51.9,50.64,50.32,50.22,50.1,49.0,49.88,53.71,49.44,50.36,54.28,54.48,55.57,58.16,57.26,56.44,55.93,56.29,56.95,56.84,55.96,56.14,56.11,55.87,55.01,55.51,55.29,51.48,52.8,55.92,55.93,57.5,60.57,59.2,58.55,58.41,58.72,59.09,59.43,59.08,59.26,59.47,59.36,58.65,58.87,59.89,56.92,57.79,60.05,60.76,61.1,63.16,62.21,61.1,60.86,60.59,61.5,61.57,60.91,61.22,61.85,61.38,60.55,60.35,60.9,60.15,61.6,59.34,56.83,57.36,59.1,60.82,61.27,63.36,62.05,60.6,60.89,61.5,61.4,62.03,62.01,62.39,63.21,62.95,62.43,61.98,62.13,61.84,62.72,57.27,55.08,55.5,56.84,57.72,57.87,59.41,58.28,57.16,56.97,56.7,57.36,57.55,57.89,58.41,59.02,58.74,58.02,57.64,57.83,57.08,58.32,52.0,50.88,51.28,51.99,50.83,51.03,50.69,51.84,50.56,49.58,48.83,49.52,48.38,46.19,45.9,45.05,44.44,43.46,44.62,46.43,46.65,41.32,40.33,46.92,47.72,49.99,50.81,51.49,50.09,49.66,48.42,49.81,48.98,47.11,47.44,47.32,46.19,45.0,45.32,46.94,46.62,48.99,48.24,44.42,43.84,48.17,47.02,49.19,49.01,51.51,49.87,49.26,47.8,49.44,47.89,45.63,45.62,45.27,43.82,42.74,43.08,44.46,45.25,51.66,47.96,48.5,51.49,52.74,54.69,56.95,56.0,54.39,54.21,54.7,54.99,55.53,55.49,56.09,56.59,56.18,55.61,55.29,55.52,55.25,56.4,52.41,50.21,50.71,51.7,53.26,54.44,55.8,55.13,53.71,53.25,53.22,53.71,54.12,54.47,54.92,55.66,55.34,54.77,54.27,54.35,53.69,55.01,47.26,44.78,43.92,47.07,46.92,47.68,46.9,48.91,47.55,47.01,45.89,46.86,45.21,42.58,42.42,41.66,40.91,40.04,41.19,43.34,47.08,41.87,40.79,47.28,47.73,49.57,50.13,51.09,49.86,49.48,48.4,49.72,48.41,46.96,47.59,47.2,46.12,45.02,45.29,47.05,46.06,48.49,49.15,45.28,45.56,49.77,49.78,51.88,53.38,53.63,52.86,51.72,51.89,52.11,51.46,49.3,49.15,49.05,48.61,47.53,48.2,52.9,48.78,49.66,53.25,54.94,56.09,58.95,57.43,56.7,56.41,56.77,57.03,57.6,57.03,57.91,58.17,57.71,57.03,56.82,57.19,57.04,58.16,56.09,53.43,54.47,56.4,57.86,59.02,61.87,59.97,59.13,58.97,59.78,59.64,60.51,60.27,60.95,61.63,61.37,60.87,60.49,60.58,60.41,61.22,57.73,55.57,56.55,57.69,58.07,58.9,61.4,59.84,58.73,58.49,59.1,59.29,59.93,60.08,60.63,61.24,61.02,60.52,60.12,60.25,59.77,60.6,56.61,54.53,55.02,56.15,56.54,56.64,58.0,57.25,56.26,55.96,56.0,56.62,56.61,56.91,57.58,57.71,57.33,56.7,56.5,56.96,56.16,57.36,52.86,50.25,50.93,53.37,53.84,53.88,54.52,54.73,53.57,52.24,52.29,52.76,52.0,50.83,50.72,50.41,50.0,48.86,49.49,50.99],
  "contact_probs": [[1.0,1.0,0.27,0.01,0.01,0.01,0.03,0.25,0.29,0.56,0.53,0.12,0.65,0.65,0.52,0.2,0.02,0.07,0.14,0.06,0.02,0.02,0.01,0.0],[1.0,1.0,0.99,0.12,0.12,0.1,0.13,0.25,0.19,0.33,0.5,0.04,0.15,0.21,0.42,0.3,0.01,0.04,0.03,0.04,0.04,0.04,0.03,0.01],[0.27,0.99,1.0,0.64,0.56,0.43,0.25,0.17,0.07,0.16,0.21,0.02,0.02,0.05,0.21,0.21,0.02,0.03,0.01,0.03,0.07,0.09,0.08,0.09],[0.01,0.12,0.64,1.0,0.68,0.28,0.1,0.03,0.01,0.01,0.02,0.01,0.01,0.01,0.03,0.07,0.03,0.04,0.01,0.01,0.01,0.05,0.14,0.21],[0.01,0.12,0.56,0.68,1.0,0.77,0.25,0.05,0.01,0.01,0.02,0.01,0.0,0.01,0.03,0.14,0.07,0.07,0.01,0.01,0.05,0.16,0.24,0.24],[0.01,0.1,0.43,0.28,0.77,1.0,0.7,0.24,0.02,0.02,0.03,0.01,0.0,0.01,0.05,0.25,0.08,0.11,0.02,0.05,0.25,0.45,0.42,0.26],[0.03,0.13,0.25,0.1,0.25,0.7,1.0,0.72,0.11,0.05,0.03,0.01,0.01,0.01,0.03,0.1,0.03,0.04,0.02,0.1,0.34,0.47,0.3,0.11],[0.25,0.25,0.17,0.03,0.05,0.24,0.72,1.0,0.88,0.38,0.03,0.01,0.03,0.03,0.03,0.04,0.01,0.04,0.16,0.52,0.66,0.52,0.13,0.03],[0.29,0.19,0.07,0.01,0.01,0.02,0.11,0.88,1.0,0.97,0.29,0.05,0.22,0.09,0.04,0.02,0.01,0.02,0.32,0.46,0.61,0.42,0.09,0.02],[0.56,0.33,0.16,0.01,0.01,0.02,0.05,0.38,0.97,1.0,0.98,0.2,0.46,0.14,0.05,0.03,0.01,0.02,0.11,0.13,0.37,0.39,0.42,0.11],[0.53,0.5,0.21,0.02,0.02,0.03,0.03,0.03,0.29,0.98,1.0,0.43,0.47,0.18,0.1,0.04,0.01,0.02,0.04,0.04,0.06,0.15,0.25,0.19],[0.12,0.04,0.02,0.01,0.01,0.01,0.01,0.01,0.05,0.2,0.43,1.0,0.45,0.18,0.04,0.02,0.01,0.02,0.03,0.01,0.01,0.01,0.02,0.06],[0.65,0.15,0.02,0.01,0.0,0.0,0.01,0.03,0.22,0.46,0.47,0.45,1.0,0.84,0.25,0.06,0.02,0.06,0.23,0.07,0.03,0.01,0.01,0.01],[0.65,0.21,0.05,0.01,0.01,0.01,0.01,0.03,0.09,0.14,0.18,0.18,0.84,1.0,0.83,0.26,0.04,0.21,0.33,0.17,0.05,0.02,0.01,0.01],[0.52,0.42,0.21,0.03,0.03,0.05,0.03,0.03,0.04,0.05,0.1,0.04,0.25,0.83,1.0,0.96,0.18,0.44,0.25,0.31,0.19,0.07,0.02,0.01],[0.2,0.3,0.21,0.07,0.14,0.25,0.1,0.04,0.02,0.03,0.04,0.02,0.06,0.26,0.96,1.0,0.4,0.6,0.18,0.53,0.4,0.16,0.04,0.01],[0.02,0.01,0.02,0.03,0.07,0.08,0.03,0.01,0.01,0.01,0.01,0.01,0.02,0.04,0.18,0.4,1.0,0.54,0.1,0.08,0.04,0.02,0.01,0.01],[0.07,0.04,0.03,0.04,0.07,0.11,0.04,0.04,0.02,0.02,0.02,0.02,0.06,0.21,0.44,0.6,0.54,1.0,0.54,0.42,0.17,0.05,0.01,0.01],[0.14,0.03,0.01,0.01,0.01,0.02,0.02,0.16,0.32,0.11,0.04,0.03,0.23,0.33,0.25,0.18,0.1,0.54,1.0,0.79,0.21,0.01,0.0,0.0],[0.06,0.04,0.03,0.01,0.01,0.05,0.1,0.52,0.46,0.13,0.04,0.01,0.07,0.17,0.31,0.53,0.08,0.42,0.79,1.0,0.99,0.24,0.01,0.0],[0.02,0.04,0.07,0.01,0.05,0.25,0.34,0.66,0.61,0.37,0.06,0.01,0.03,0.05,0.19,0.4,0.04,0.17,0.21,0.99,1.0,0.99,0.22,0.01],[0.02,0.04,0.09,0.05,0.16,0.45,0.47,0.52,0.42,0.39,0.15,0.01,0.01,0.02,0.07,0.16,0.02,0.05,0.01,0.24,0.99,1.0,0.99,0.31],[0.01,0.03,0.08,0.14,0.24,0.42,0.3,0.13,0.09,0.42,0.25,0.02,0.01,0.01,0.02,0.04,0.01,0.01,0.0,0.01,0.22,0.99,1.0,0.85],[0.0,0.01,0.09,0.21,0.24,0.26,0.11,0.03,0.02,0.11,0.19,0.06,0.01,0.01,0.01,0.01,0.01,0.01,0.0,0.0,0.01,0.31,0.85,1.0]],
  "pae": [[1.1,3.0,4.4,10.8,10.1,9.9,10.1,9.1,7.3,6.2,6.6,10.4,7.5,9.3,6.9,8.4,13.5,11.6,11.1,8.9,8.1,7.8,8.9,11.9],[2.6,1.0,3.3,9.8,8.7,9.7,9.9,8.8,7.1,5.5,6.4,10.1,8.1,9.1,7.2,8.2,13.0,11.3,10.3,8.7,8.0,7.1,8.1,10.1],[4.4,3.3,0.9,9.2,6.9,7.8,9.0,8.9,8.3,6.6,7.1,11.4,9.0,9.9,8.7,9.3,14.3,11.9,11.6,9.3,9.3,8.6,9.8,12.2],[13.5,9.3,8.1,1.6,8.1,9.9,14.0,14.5,15.8,14.4,14.3,16.1,17.2,16.4,17.6,17.9,21.4,20.1,19.7,17.9,17.1,17.0,17.4,16.8],[10.9,9.4,6.1,7.0,1.1,5.6,7.9,9.3,13.0,11.2,12.0,15.7,15.3,15.4,14.7,15.2,18.8,17.5,16.9,14.8,13.0,12.3,13.1,13.2],[11.7,10.4,6.8,10.3,6.5,1.4,6.3,7.8,11.5,11.0,12.6,15.9,15.3,15.4,15.0,15.3,18.3,18.0,17.1,14.8,11.7,11.1,11.6,13.6],[11.7,11.5,10.4,14.2,8.7,6.8,1.5,5.2,8.5,9.6,11.6,13.9,13.4,14.6,13.0,13.8,17.2,14.8,13.8,11.1,8.6,7.6,9.3,13.0],[11.0,10.4,9.2,13.7,10.2,7.3,5.5,1.3,5.2,6.6,8.2,13.5,11.8,13.1,11.3,12.0,15.4,13.4,12.2,9.3,8.0,7.7,9.3,12.0],[7.8,7.1,6.8,12.8,9.4,7.8,5.6,5.1,1.1,2.7,5.1,9.6,9.3,11.6,7.7,8.0,12.8,9.8,8.9,6.7,6.0,6.2,7.0,10.3],[5.6,5.5,7.2,12.0,10.4,9.6,7.3,5.1,2.9,1.0,3.1,8.7,8.3,9.8,7.1,7.6,11.6,9.9,8.9,6.6,6.0,6.2,8.4,10.9],[6.7,6.4,8.7,15.1,13.0,12.0,9.7,6.8,5.5,3.7,1.0,8.9,7.1,10.2,8.4,9.9,14.7,12.0,10.5,7.9,7.5,8.4,9.8,14.1],[12.6,11.4,12.2,17.4,16.7,16.4,14.9,14.4,13.9,10.2,8.0,2.0,9.0,8.6,13.8,14.9,18.7,16.7,15.1,15.9,15.0,15.4,16.4,19.3],[10.1,11.8,13.2,16.8,15.1,15.2,15.7,14.8,12.9,11.2,7.8,8.5,1.7,9.1,9.1,12.7,16.6,13.1,13.7,14.0,14.9,15.8,17.4,17.7],[10.1,11.0,12.3,17.7,14.6,15.4,16.7,16.4,15.5,13.1,10.5,8.3,6.7,1.3,10.2,13.0,17.8,13.8,14.5,15.8,15.1,16.2,17.1,18.7],[7.6,8.8,10.5,15.7,14.6,13.1,11.4,10.4,9.9,9.1,8.9,10.9,7.4,7.8,1.1,3.2,11.3,8.0,9.9,8.0,8.4,8.6,10.7,13.8],[8.4,9.5,11.2,17.2,15.9,15.2,13.2,11.4,9.2,9.8,9.8,12.2,9.1,7.2,3.2,1.0,8.8,6.7,8.0,8.5,8.0,9.8,11.2,15.3],[17.4,17.6,18.6,22.4,20.4,20.2,18.5,18.2,18.1,18.6,19.3,20.1,16.0,17.8,12.1,12.1,1.7,10.7,10.5,11.7,13.9,15.4,18.1,20.4],[13.7,14.1,15.6,20.5,18.7,18.5,16.4,15.2,14.2,15.7,14.4,18.1,12.0,15.5,8.9,8.8,8.5,1.4,7.8,6.6,10.0,12.8,14.8,18.9],[15.3,15.6,17.4,20.7,18.4,17.6,16.2,14.7,12.7,13.9,14.7,18.2,10.4,15.5,12.5,10.7,11.9,8.1,1.5,6.2,8.5,12.8,14.8,17.2],[9.0,10.5,11.8,15.5,14.6,13.5,11.4,10.2,9.3,8.1,9.7,12.7,9.4,12.9,8.4,7.9,11.0,7.5,4.1,1.1,3.5,6.3,7.7,10.8],[8.0,8.5,9.2,14.3,12.5,11.4,8.8,7.5,6.5,6.2,8.1,12.5,9.4,11.6,7.3,7.2,12.3,8.0,5.1,3.2,0.9,2.8,5.2,8.4],[7.2,7.3,8.4,14.6,12.0,10.7,7.8,6.9,5.9,5.9,8.1,12.0,9.2,10.8,6.2,6.8,12.6,9.1,6.9,4.4,2.9,0.9,3.2,6.9],[7.5,8.6,8.3,15.3,11.8,10.7,8.5,7.5,6.9,7.1,9.5,14.2,11.5,12.5,7.3,7.6,14.2,10.7,8.9,6.4,4.3,2.7,1.0,6.1],[11.2,10.2,9.7,17.1,12.5,12.0,9.5,10.0,10.0,10.5,11.7,17.6,15.1,14.9,10.4,11.1,17.1,14.2,12.6,11.4,9.4,6.7,5.6,1.9]],
  "token_chain_ids": ["A","A","A","A","A","A","A","A","A","A","A","A","A","A","A","A","A","A","A","A","A","A","A","A"],
  "token_res_ids": [1,2,3,4,5,6,7,8,9,10,11,12,13,14,15,16,17,18,19,20,21,22,23,24]
}