{
  "atom_chain_ids": ["A","B","C","D","E","F","G","H","I","J","J","J","J","J","J","J","J","J","J","J","J","J","J","J","J","J","J","J","J","J","J","J","J","J","J","J","J","J","J","J","J","J","J","J","J","J","J","J","J","J","J","J","J","J","J","J","J","J","J","J","J","J","J","J","J","J","J","J","J","J","J","J","J","J","J","J","J","J","J","J","J","J","J","J","J","J","J","J","J","J","J","J","J","J","J","J","J","J","J","J","J","J","J","J","J","J","J","J","J","J","J","J","J","J","J","J","J","J","J","J","J","J","J","J","J","J","J","J","J","J","J","J","J","J","J","J","J","J","J","J","J","J","J","J","J","J","J","J","J","J","J","J","J","J","J","J","J","J","J","J","J","J","J","J","J","J","J","J","J","J","J","J","J","J","J","J","J","J","J","J","J","J","J","J","J","J","J","J","J","J","J","J","J","J","J","J","J","J","J","J","J","J","J","J","J","J","J","J","J","J"],
  "atom_plddts": [83.36,81.98,75.41,69.92,69.5,68.25,61.48,57.21,49.78,87.44,93.0,91.39,90.17,91.89,93.97,95.86,96.57,96.41,96.14,96.54,96.64,97.07,96.88,96.7,97.12,97.05,96.48,96.77,96.68,96.95,97.17,95.52,93.6,93.27,94.92,94.77,96.17,96.54,96.38,95.95,96.16,96.32,96.9,96.9,96.74,96.95,97.06,96.69,96.83,96.37,96.95,95.49,94.44,94.38,94.72,94.39,95.1,95.29,95.26,94.52,94.72,94.69,95.07,94.63,92.86,92.53,92.93,91.89,92.34,90.86,92.69,94.15,92.26,91.84,93.68,94.58,95.86,95.98,95.97,95.56,95.76,95.99,96.47,96.35,95.59,95.74,95.67,94.81,94.91,95.46,95.03,92.63,92.08,94.31,93.85,95.03,95.15,95.22,94.43,94.63,94.67,95.12,94.52,92.4,92.47,92.68,91.18,91.87,90.36,92.98,94.09,92.18,91.43,93.38,94.46,95.84,96.44,96.16,95.79,96.32,96.46,96.92,96.74,96.63,97.02,97.04,96.59,96.81,96.82,96.97,97.16,95.85,94.36,94.57,95.35,95.1,96.35,96.56,96.43,96.0,96.19,96.45,97.0,96.98,96.79,96.99,97.08,96.71,96.88,96.49,97.03,95.67,94.52,94.21,94.93,94.49,95.26,95.3,95.41,94.61,94.79,94.93,95.19,94.66,92.8,92.52,92.81,91.65,92.26,90.81,92.83,94.64,93.11,92.77,94.53,95.27,96.23,96.44,96.44,96.16,96.34,96.54,96.89,96.76,95.88,96.08,95.96,95.17,95.3,95.8,93.95,91.34,90.1,93.21,92.68,94.27,94.76,94.75,93.73,94.17,94.58,94.95,94.51,93.05,93.59,93.74,92.32,93.05,91.84,93.83],
  "contact_probs": [[1.0,0.18,0.2,0.09,0.48,0.06,0.41,0.09,0.18,0.02,0.14,0.7,0.1,0.18,0.43,0.37,0.81,0.44,0.04],[0.18,1.0,0.02,0.45,0.06,0.22,0.11,0.14,0.16,0.04,0.1,0.45,0.04,0.02,0.01,0.03,0.38,0.31,0.39],[0.2,0.02,1.0,0.06,0.4,0.07,0.17,0.14,0.14,0.02,0.04,0.07,0.26,0.64,0.42,0.06,0.07,0.02,0.02],[0.09,0.45,0.06,1.0,0.14,0.3,0.11,0.19,0.16,0.17,0.17,0.22,0.12,0.03,0.05,0.08,0.17,0.17,0.24],[0.48,0.06,0.4,0.14,1.0,0.13,0.5,0.13,0.2,0.06,0.11,0.29,0.13,0.34,0.42,0.28,0.4,0.19,0.06],[0.06,0.22,0.07,0.3,0.13,1.0,0.1,0.34,0.13,0.36,0.38,0.25,0.34,0.06,0.06,0.07,0.11,0.09,0.39],[0.41,0.11,0.17,0.11,0.5,0.1,1.0,0.17,0.21,0.08,0.11,0.26,0.09,0.21,0.25,0.29,0.48,0.29,0.12],[0.09,0.14,0.14,0.19,0.13,0.34,0.17,1.0,0.21,0.29,0.34,0.28,0.39,0.14,0.17,0.15,0.14,0.13,0.26],[0.18,0.16,0.14,0.16,0.2,0.13,0.21,0.21,1.0,0.16,0.17,0.24,0.16,0.18,0.18,0.19,0.24,0.22,0.19],[0.02,0.04,0.02,0.17,0.06,0.36,0.08,0.29,0.16,1.0,1.0,0.0,0.92,0.03,0.56,0.99,0.03,0.96,0.47],[0.14,0.1,0.04,0.17,0.11,0.38,0.11,0.34,0.17,1.0,1.0,0.46,1.0,0.09,1.0,1.0,0.1,0.99,0.2],[0.7,0.45,0.07,0.22,0.29,0.25,0.26,0.28,0.24,0.0,0.46,1.0,0.16,0.04,0.03,0.05,0.51,0.27,0.06],[0.1,0.04,0.26,0.12,0.13,0.34,0.09,0.39,0.16,0.92,1.0,0.16,1.0,0.24,0.97,0.2,0.01,0.03,0.02],[0.18,0.02,0.64,0.03,0.34,0.06,0.21,0.14,0.18,0.03,0.09,0.04,0.24,1.0,0.5,0.08,0.04,0.01,0.01],[0.43,0.01,0.42,0.05,0.42,0.06,0.25,0.17,0.18,0.56,1.0,0.03,0.97,0.5,1.0,1.0,0.1,0.97,0.01],[0.37,0.03,0.06,0.08,0.28,0.07,0.29,0.15,0.19,0.99,1.0,0.05,0.2,0.08,1.0,1.0,0.54,1.0,0.05],[0.81,0.38,0.07,0.17,0.4,0.11,0.48,0.14,0.24,0.03,0.1,0.51,0.01,0.04,0.1,0.54,1.0,0.74,0.08],[0.44,0.31,0.02,0.17,0.19,0.09,0.29,0.13,0.22,0.96,0.99,0.27,0.03,0.01,0.97,1.0,0.74,1.0,0.22],[0.04,0.39,0.02,0.24,0.06,0.39,0.12,0.26,0.19,0.47,0.2,0.06,0.02,0.01,0.01,0.05,0.08,0.22,1.0]],
  "pae": [[1.2,9.8,9.4,12.2,9.4,14.9,8.6,13.6,14.0,11.1,9.1,8.7,9.6,10.4,8.3,8.2,8.0,9.6,15.2],[10.2,1.1,13.4,9.7,13.7,12.4,13.8,15.3,16.6,10.6,9.6,10.9,12.7,14.6,10.3,9.0,9.8,8.8,10.6],[10.8,17.4,1.5,15.2,11.7,15.5,13.8,16.2,19.1,13.1,10.8,13.5,10.4,10.6,10.0,10.9,13.9,13.7,19.0],[13.4,9.4,16.6,1.9,14.0,12.1,16.9,16.4,17.0,10.7,10.4,13.3,12.4,17.7,12.1,10.5,12.2,10.4,11.2],[12.3,15.8,12.3,17.4,1.7,16.3,12.6,17.9,18.2,14.8,11.9,13.5,12.6,12.4,9.8,10.5,12.5,12.7,19.3],[16.5,14.9,14.5,13.3,18.4,1.5,16.8,14.9,19.1,11.2,10.1,14.4,11.4,17.1,14.0,12.3,16.3,12.4,12.3],[9.7,17.9,12.2,17.4,12.2,20.1,2.0,16.1,18.1,16.0,12.3,13.0,12.6,13.9,10.2,11.3,12.4,13.4,20.1],[13.0,17.6,14.4,13.5,15.6,12.7,15.5,2.0,16.3,12.3,10.4,13.1,12.3,17.2,12.4,11.1,14.0,12.7,15.5],[16.2,18.8,21.9,16.3,17.1,17.1,16.4,17.4,1.3,15.3,15.2,16.8,16.3,19.1,15.1,13.1,16.5,13.6,19.1],[4.6,5.0,5.6,6.4,6.0,6.1,7.2,7.9,9.5,0.8,1.5,3.1,2.4,4.0,2.2,1.8,3.3,1.9,2.6],[4.1,4.5,4.9,5.9,5.3,5.8,6.5,7.5,9.3,1.1,0.8,2.2,1.3,2.7,1.4,1.4,2.7,1.7,2.9],[4.4,5.2,5.3,6.7,5.8,6.8,7.0,8.2,10.5,2.7,2.0,1.1,2.2,3.1,2.6,2.3,2.7,3.2,4.0],[4.3,5.0,5.0,6.1,5.2,5.9,6.3,7.4,9.8,1.8,1.2,2.0,0.9,2.3,1.5,1.7,2.7,2.0,3.1],[5.0,5.9,5.3,7.3,5.8,7.3,6.8,8.8,11.2,3.3,3.1,3.2,1.9,1.0,2.0,2.6,4.1,3.3,5.6],[3.8,4.4,4.6,5.7,5.0,6.0,6.0,7.7,9.2,1.7,1.6,2.3,1.4,1.7,0.8,1.1,2.4,1.7,3.2],[3.9,4.3,4.6,5.7,5.0,5.7,6.2,7.4,8.6,1.4,1.4,2.7,1.8,2.3,1.1,0.8,2.4,1.3,2.9],[4.8,5.2,6.2,6.7,6.2,7.4,7.1,9.1,10.8,3.3,3.1,3.1,3.5,3.8,2.3,1.9,1.1,2.5,4.5],[4.4,4.5,5.4,5.7,5.4,5.7,6.3,7.8,9.1,1.8,1.8,3.0,2.4,3.0,1.9,1.4,1.8,0.9,2.5],[6.1,5.8,7.8,6.9,7.7,7.0,9.0,9.0,10.8,4.0,3.6,5.5,4.1,7.2,4.3,3.9,4.4,2.7,1.2]],
  "token_chain_ids": ["A","B","C","D","E","F","G","H","I","J","J","J","J","J","J","J","J","J","J"],
  "token_res_ids": [1,1,1,1,1,1,1,1,1,1,2,3,4,5,6,7,8,9,10]
}