{
  "atom_chain_ids": ["A","B","C","D","E","F","G","H","I","J","J","J","J","J","J","J","J","J","J","J","J","J","J","J","J","J","J","J","J","J","J","J","J","J","J","J","J","J","J","J","J","J","J","J","J","J","J","J","J","J","J","J","J","J","J","J","J","J","J","J","J","J","J","J","J","J","J","J","J","J","J","J","J","J","J","J","J","J","J","J","J","J","J","J","J","J","J","J","J","J","J","J","J","J","J","J","J","J","J","J","J","J","J","J","J","J","J","J","J","J","J","J","J","J","J","J","J","J","J","J","J","J","J","J","J","J","J","J","J","J","J","J","J","J","J","J","J","J","J","J","J","J","J","J","J","J","J","J","J","J","J","J","J","J","J","J","J","J","J","J","J","J","J","J","J","J","J","J","J","J","J","J","J","J","J","J","J","J","J","J","J","J","J","J","J","J","J","J","J","J","J","J","J","J","J","J","J","J","J","J","J","J","J","J","J","J","J","J","J","J"],
  "atom_plddts": [82.68,80.27,72.87,67.94,68.27,69.74,61.24,57.02,48.74,87.9,92.75,91.07,89.83,91.62,93.64,95.56,96.27,96.09,95.8,96.21,96.31,96.78,96.57,96.38,96.82,96.75,96.14,96.44,96.35,96.65,96.86,95.13,93.08,92.71,94.51,94.42,95.92,96.31,96.14,95.69,95.91,96.09,96.7,96.7,96.53,96.76,96.88,96.51,96.65,96.16,96.78,95.21,94.04,93.96,94.39,93.98,94.73,94.9,94.87,94.04,94.18,94.12,94.59,94.01,92.03,91.68,92.1,90.98,91.5,89.83,91.89,93.99,92.03,91.58,93.42,94.32,95.67,95.77,95.76,95.31,95.5,95.72,96.25,96.11,95.34,95.49,95.42,94.54,94.63,95.19,94.87,92.4,91.86,94.09,93.63,94.86,94.99,95.05,94.23,94.41,94.43,94.92,94.29,92.15,92.22,92.45,90.96,91.67,90.08,92.73,93.94,92.02,91.27,93.21,94.3,95.7,96.3,96.0,95.63,96.15,96.28,96.78,96.59,96.49,96.88,96.91,96.45,96.68,96.69,96.84,97.03,95.5,93.99,94.19,94.95,94.69,96.0,96.23,96.09,95.62,95.83,96.1,96.69,96.68,96.47,96.69,96.79,96.4,96.59,96.14,96.73,95.21,93.83,93.46,94.42,93.94,94.78,94.78,94.89,93.97,94.09,94.27,94.56,93.87,91.73,91.45,91.72,90.45,91.12,89.52,91.81,94.43,92.93,92.58,94.23,94.95,95.93,96.11,96.1,95.8,95.96,96.15,96.55,96.38,95.44,95.64,95.5,94.68,94.79,95.32,93.71,91.02,89.78,92.94,92.4,94.06,94.55,94.52,93.47,93.89,94.29,94.71,94.22,92.71,93.26,93.4,91.95,92.69,91.44,93.49],
  "contact_probs": [[1.0,0.18,0.2,0.09,0.48,0.06,0.41,0.09,0.18,0.02,0.14,0.7,0.1,0.18,0.43,0.37,0.81,0.44,0.04],[0.18,1.0,0.02,0.45,0.06,0.22,0.11,0.14,0.16,0.04,0.1,0.45,0.04,0.02,0.01,0.03,0.38,0.31,0.39],[0.2,0.02,1.0,0.06,0.4,0.07,0.17,0.14,0.14,0.02,0.04,0.07,0.26,0.64,0.42,0.06,0.07,0.02,0.02],[0.09,0.45,0.06,1.0,0.14,0.3,0.11,0.19,0.16,0.17,0.17,0.22,0.12,0.03,0.05,0.08,0.17,0.17,0.24],[0.48,0.06,0.4,0.14,1.0,0.13,0.5,0.13,0.2,0.06,0.11,0.29,0.13,0.34,0.42,0.28,0.4,0.19,0.06],[0.06,0.22,0.07,0.3,0.13,1.0,0.1,0.34,0.13,0.36,0.38,0.25,0.34,0.06,0.06,0.07,0.11,0.09,0.39],[0.41,0.11,0.17,0.11,0.5,0.1,1.0,0.17,0.21,0.08,0.11,0.26,0.09,0.21,0.25,0.29,0.48,0.29,0.12],[0.09,0.14,0.14,0.19,0.13,0.34,0.17,1.0,0.21,0.29,0.34,0.28,0.39,0.14,0.17,0.15,0.14,0.13,0.26],[0.18,0.16,0.14,0.16,0.2,0.13,0.21,0.21,1.0,0.16,0.17,0.24,0.16,0.18,0.18,0.19,0.24,0.22,0.19],[0.02,0.04,0.02,0.17,0.06,0.36,0.08,0.29,0.16,1.0,1.0,0.0,0.92,0.03,0.56,0.99,0.03,0.96,0.47],[0.14,0.1,0.04,0.17,0.11,0.38,0.11,0.34,0.17,1.0,1.0,0.46,1.0,0.09,1.0,1.0,0.1,0.99,0.2],[0.7,0.45,0.07,0.22,0.29,0.25,0.26,0.28,0.24,0.0,0.46,1.0,0.16,0.04,0.03,0.05,0.51,0.27,0.06],[0.1,0.04,0.26,0.12,0.13,0.34,0.09,0.39,0.16,0.92,1.0,0.16,1.0,0.24,0.97,0.2,0.01,0.03,0.02],[0.18,0.02,0.64,0.03,0.34,0.06,0.21,0.14,0.18,0.03,0.09,0.04,0.24,1.0,0.5,0.08,0.04,0.01,0.01],[0.43,0.01,0.42,0.05,0.42,0.06,0.25,0.17,0.18,0.56,1.0,0.03,0.97,0.5,1.0,1.0,0.1,0.97,0.01],[0.37,0.03,0.06,0.08,0.28,0.07,0.29,0.15,0.19,0.99,1.0,0.05,0.2,0.08,1.0,1.0,0.54,1.0,0.05],[0.81,0.38,0.07,0.17,0.4,0.11,0.48,0.14,0.24,0.03,0.1,0.51,0.01,0.04,0.1,0.54,1.0,0.74,0.08],[0.44,0.31,0.02,0.17,0.19,0.09,0.29,0.13,0.22,0.96,0.99,0.27,0.03,0.01,0.97,1.0,0.74,1.0,0.22],[0.04,0.39,0.02,0.24,0.06,0.39,0.12,0.26,0.19,0.47,0.2,0.06,0.02,0.01,0.01,0.05,0.08,0.22,1.0]],
  "pae": [[1.2,11.1,7.0,13.8,9.0,15.0,11.3,13.7,14.5,11.5,9.6,9.6,9.9,10.4,8.3,8.6,9.1,10.2,16.0],[10.8,1.2,13.3,10.7,14.7,11.9,14.8,15.1,15.5,10.3,9.4,11.0,11.3,14.9,10.3,9.3,10.1,8.7,10.0],[8.0,17.6,1.5,16.5,12.3,17.5,15.5,18.0,20.3,14.9,12.1,14.2,11.7,11.9,10.9,12.2,14.2,14.1,20.2],[14.1,9.2,15.0,2.0,14.4,12.9,16.4,17.5,18.2,11.3,10.9,12.9,13.0,17.6,12.3,10.8,11.3,10.2,12.8],[11.3,17.4,11.4,18.2,1.6,17.0,12.0,17.8,20.1,15.7,12.6,13.6,12.6,12.2,10.1,11.0,13.1,13.3,19.8],[16.4,14.1,14.8,14.2,18.8,1.6,17.1,15.1,19.5,10.9,9.8,14.5,11.2,16.4,12.6,11.3,15.8,11.6,12.1],[12.7,16.7,13.7,14.4,12.0,19.2,1.7,16.2,17.8,15.6,11.8,12.8,13.5,14.0,10.2,10.1,11.7,11.4,19.9],[13.6,17.3,12.3,15.5,14.9,12.9,16.1,1.9,17.7,12.5,10.9,15.1,11.6,16.4,12.2,11.6,15.2,12.8,15.7],[18.3,16.4,20.6,16.3,18.6,16.3,15.5,17.5,1.3,14.9,14.8,17.3,16.9,20.4,15.7,13.9,16.4,13.4,18.1],[5.0,5.1,6.3,7.0,7.0,6.0,8.1,8.4,10.5,0.9,1.7,3.6,2.6,4.2,2.4,2.0,3.5,2.1,2.7],[4.3,4.8,5.6,6.4,6.2,5.6,7.2,7.8,10.3,1.1,0.8,2.6,1.4,2.9,1.5,1.4,3.0,1.8,3.2],[4.8,5.7,6.2,7.6,7.0,6.8,8.4,8.7,11.6,3.1,2.4,1.2,2.5,3.5,3.1,2.5,2.8,3.5,4.4],[4.6,5.1,5.7,6.5,5.9,5.6,7.1,7.9,10.5,1.9,1.3,2.4,0.9,2.5,1.6,1.8,3.0,2.1,3.4],[5.1,6.3,6.0,7.7,6.3,7.0,7.7,8.7,12.5,3.6,3.4,3.7,2.0,1.0,2.2,2.7,4.4,3.4,6.1],[4.0,4.5,5.2,6.0,5.7,5.7,6.9,7.6,10.3,1.8,1.7,2.7,1.5,1.7,0.8,1.2,2.6,1.8,3.4],[4.2,4.6,5.4,6.2,5.7,5.5,7.0,7.7,9.9,1.6,1.6,3.3,2.0,2.5,1.2,0.8,2.7,1.4,3.2],[5.2,5.7,7.0,7.6,7.4,7.6,8.0,9.7,12.1,3.5,3.7,3.7,3.8,4.3,2.7,2.3,1.2,2.9,4.6],[4.9,4.9,6.2,6.5,6.6,5.8,7.4,8.4,10.5,2.0,2.1,3.7,2.8,3.3,2.1,1.6,2.1,1.0,2.9],[6.9,6.3,8.6,7.8,8.7,7.0,10.1,9.9,12.1,4.3,4.0,5.6,4.6,7.8,4.8,4.6,4.8,3.2,1.2]],
  "token_chain_ids": ["A","B","C","D","E","F","G","H","I","J","J","J","J","J","J","J","J","J","J"],
  "token_res_ids": [1,1,1,1,1,1,1,1,1,1,2,3,4,5,6,7,8,9,10]
}