{
  "atom_chain_ids": ["A","B","C","D","E","F","G","H","I","J","J","J","J","J","J","J","J","J","J","J","J","J","J","J","J","J","J","J","J","J","J","J","J","J","J","J","J","J","J","J","J","J","J","J","J","J","J","J","J","J","J","J","J","J","J","J","J","J","J","J","J","J","J","J","J","J","J","J","J","J","J","J","J","J","J","J","J","J","J","J","J","J","J","J","J","J","J","J","J","J","J","J","J","J","J","J","J","J","J","J","J","J","J","J","J","J","J","J","J","J","J","J","J","J","J","J","J","J","J","J","J","J","J","J","J","J","J","J","J","J","J","J","J","J","J","J","J","J","J","J","J","J","J","J","J","J","J","J","J","J","J","J","J","J","J","J","J","J","J","J","J","J","J","J","J","J","J","J","J","J","J","J","J","J","J","J","J","J","J","J","J","J","J","J","J","J","J","J","J","J","J","J","J","J","J","J","J","J","J","J","J","J","J","J","J","J","J","J","J","J"],
  "atom_plddts": [84.22,79.3,74.42,68.1,69.1,67.65,60.77,56.63,47.4,87.74,93.25,91.69,90.51,92.17,94.1,95.93,96.61,96.44,96.18,96.56,96.65,97.08,96.89,96.71,97.12,97.05,96.49,96.77,96.68,96.95,97.16,95.49,93.57,93.26,94.89,94.74,96.15,96.52,96.37,95.94,96.15,96.32,96.89,96.89,96.72,96.93,97.04,96.68,96.81,96.36,96.93,95.35,94.12,94.02,94.53,94.21,95.0,95.21,95.17,94.4,94.61,94.57,94.98,94.54,92.81,92.52,92.95,91.91,92.36,90.85,92.68,94.28,92.38,91.98,93.72,94.57,95.91,96.02,96.0,95.56,95.75,95.96,96.49,96.35,95.62,95.77,95.71,94.84,94.94,95.47,95.08,92.73,92.13,94.31,93.83,95.06,95.19,95.25,94.44,94.63,94.65,95.15,94.55,92.45,92.48,92.74,91.28,91.96,90.42,93.0,94.06,92.16,91.48,93.31,94.37,95.78,96.39,96.1,95.71,96.25,96.37,96.87,96.69,96.59,96.99,97.03,96.59,96.82,96.81,96.94,97.15,95.59,94.01,94.18,95.06,94.85,96.14,96.36,96.23,95.79,96.0,96.25,96.82,96.82,96.62,96.83,96.93,96.56,96.73,96.32,96.87,95.56,94.25,93.88,94.79,94.38,95.2,95.28,95.38,94.58,94.81,94.93,95.2,94.73,92.99,92.74,93.07,91.97,92.51,91.16,93.06,94.66,93.09,92.75,94.47,95.19,96.17,96.36,96.36,96.06,96.24,96.42,96.81,96.67,95.81,96.01,95.91,95.12,95.24,95.73,94.11,91.51,90.28,93.37,92.88,94.52,94.99,94.97,93.98,94.36,94.75,95.15,94.69,93.25,93.76,93.93,92.54,93.26,92.04,94.02],
  "contact_probs": [[1.0,0.18,0.2,0.09,0.48,0.06,0.41,0.09,0.18,0.02,0.14,0.7,0.1,0.18,0.43,0.37,0.81,0.44,0.04],[0.18,1.0,0.02,0.45,0.06,0.22,0.11,0.14,0.16,0.04,0.1,0.45,0.04,0.02,0.01,0.03,0.38,0.31,0.39],[0.2,0.02,1.0,0.06,0.4,0.07,0.17,0.14,0.14,0.02,0.04,0.07,0.26,0.64,0.42,0.06,0.07,0.02,0.02],[0.09,0.45,0.06,1.0,0.14,0.3,0.11,0.19,0.16,0.17,0.17,0.22,0.12,0.03,0.05,0.08,0.17,0.17,0.24],[0.48,0.06,0.4,0.14,1.0,0.13,0.5,0.13,0.2,0.06,0.11,0.29,0.13,0.34,0.42,0.28,0.4,0.19,0.06],[0.06,0.22,0.07,0.3,0.13,1.0,0.1,0.34,0.13,0.36,0.38,0.25,0.34,0.06,0.06,0.07,0.11,0.09,0.39],[0.41,0.11,0.17,0.11,0.5,0.1,1.0,0.17,0.21,0.08,0.11,0.26,0.09,0.21,0.25,0.29,0.48,0.29,0.12],[0.09,0.14,0.14,0.19,0.13,0.34,0.17,1.0,0.21,0.29,0.34,0.28,0.39,0.14,0.17,0.15,0.14,0.13,0.26],[0.18,0.16,0.14,0.16,0.2,0.13,0.21,0.21,1.0,0.16,0.17,0.24,0.16,0.18,0.18,0.19,0.24,0.22,0.19],[0.02,0.04,0.02,0.17,0.06,0.36,0.08,0.29,0.16,1.0,1.0,0.0,0.92,0.03,0.56,0.99,0.03,0.96,0.47],[0.14,0.1,0.04,0.17,0.11,0.38,0.11,0.34,0.17,1.0,1.0,0.46,1.0,0.09,1.0,1.0,0.1,0.99,0.2],[0.7,0.45,0.07,0.22,0.29,0.25,0.26,0.28,0.24,0.0,0.46,1.0,0.16,0.04,0.03,0.05,0.51,0.27,0.06],[0.1,0.04,0.26,0.12,0.13,0.34,0.09,0.39,0.16,0.92,1.0,0.16,1.0,0.24,0.97,0.2,0.01,0.03,0.02],[0.18,0.02,0.64,0.03,0.34,0.06,0.21,0.14,0.18,0.03,0.09,0.04,0.24,1.0,0.5,0.08,0.04,0.01,0.01],[0.43,0.01,0.42,0.05,0.42,0.06,0.25,0.17,0.18,0.56,1.0,0.03,0.97,0.5,1.0,1.0,0.1,0.97,0.01],[0.37,0.03,0.06,0.08,0.28,0.07,0.29,0.15,0.19,0.99,1.0,0.05,0.2,0.08,1.0,1.0,0.54,1.0,0.05],[0.81,0.38,0.07,0.17,0.4,0.11,0.48,0.14,0.24,0.03,0.1,0.51,0.01,0.04,0.1,0.54,1.0,0.74,0.08],[0.44,0.31,0.02,0.17,0.19,0.09,0.29,0.13,0.22,0.96,0.99,0.27,0.03,0.01,0.97,1.0,0.74,1.0,0.22],[0.04,0.39,0.02,0.24,0.06,0.39,0.12,0.26,0.19,0.47,0.2,0.06,0.02,0.01,0.01,0.05,0.08,0.22,1.0]],
  "pae": [[1.2,10.0,9.2,12.8,9.0,13.7,11.1,14.2,14.4,11.0,9.0,8.4,9.7,10.7,8.0,7.7,7.7,9.9,15.4],[10.3,1.2,14.4,10.3,14.3,12.9,15.4,15.2,18.6,10.6,9.5,10.7,11.5,15.3,10.5,9.7,9.5,9.1,11.0],[10.9,16.8,1.5,15.0,11.2,14.6,14.8,16.3,19.9,13.5,11.0,13.2,10.5,10.7,10.0,11.2,13.5,13.6,19.0],[12.1,9.1,15.7,2.2,14.5,12.5,17.4,17.9,19.5,11.2,10.7,13.3,13.2,18.2,12.5,11.1,11.0,10.9,13.3],[10.3,16.5,11.4,18.0,1.7,15.9,12.5,18.5,20.7,15.0,12.2,13.5,12.3,12.6,10.0,11.0,12.5,13.6,19.9],[14.8,14.6,13.8,13.2,17.1,1.9,16.6,15.3,19.4,11.1,9.9,13.1,11.3,16.8,12.0,11.1,14.6,11.9,13.4],[12.3,16.2,13.6,14.8,12.2,18.0,1.6,17.6,18.9,15.8,12.1,13.5,13.7,14.6,10.1,10.2,11.5,12.2,20.0],[15.2,14.8,15.1,13.2,16.1,10.6,16.5,1.9,16.9,12.2,11.0,13.6,13.2,18.8,13.3,11.6,14.1,13.1,15.3],[17.1,18.4,20.8,16.3,18.8,15.6,15.8,16.6,1.4,15.0,14.8,17.0,17.0,19.8,15.5,14.0,15.7,13.9,18.8],[4.6,5.3,5.6,6.8,6.0,5.9,7.4,7.8,11.1,0.8,1.5,3.0,2.4,3.8,2.2,1.8,3.1,1.8,2.4],[4.0,5.2,4.9,6.2,5.3,5.6,6.7,7.5,11.0,1.1,0.8,2.0,1.3,2.6,1.4,1.3,2.6,1.6,2.7],[4.3,5.8,5.3,7.1,5.8,6.2,7.6,8.1,12.0,2.7,2.0,1.1,2.2,3.0,2.7,2.3,2.7,3.1,3.9],[4.3,5.5,5.0,6.3,5.3,5.5,6.8,7.4,11.0,1.8,1.2,1.8,0.9,2.3,1.5,1.6,2.5,1.9,3.0],[4.9,6.6,5.3,7.2,5.8,6.4,7.2,8.8,12.8,3.2,2.9,3.0,1.8,1.0,1.9,2.4,3.7,2.9,5.4],[3.8,4.9,4.6,5.8,5.1,5.4,6.5,7.3,10.8,1.6,1.6,2.2,1.4,1.6,0.8,1.1,2.2,1.6,3.1],[4.1,5.1,4.8,6.0,5.1,5.3,6.6,7.2,10.7,1.4,1.4,2.5,1.8,2.2,1.1,0.8,2.2,1.3,2.9],[4.6,5.6,6.1,6.9,6.2,6.5,7.5,8.6,12.3,2.7,2.6,3.1,2.9,3.3,2.1,1.6,1.1,2.0,3.9],[4.4,5.1,5.4,6.1,5.5,5.5,6.7,7.5,10.4,1.7,1.7,2.9,2.2,2.8,1.8,1.2,1.7,0.9,2.5],[6.1,6.5,7.7,7.3,7.8,6.9,9.6,8.9,12.3,3.9,3.6,6.3,4.0,7.1,4.2,3.8,4.3,2.7,1.2]],
  "token_chain_ids": ["A","B","C","D","E","F","G","H","I","J","J","J","J","J","J","J","J","J","J"],
  "token_res_ids": [1,1,1,1,1,1,1,1,1,1,2,3,4,5,6,7,8,9,10]
}