{
  "atom_chain_ids": ["A","B","C","D","E","F","G","H","I","J","J","J","J","J","J","J","J","J","J","J","J","J","J","J","J","J","J","J","J","J","J","J","J","J","J","J","J","J","J","J","J","J","J","J","J","J","J","J","J","J","J","J","J","J","J","J","J","J","J","J","J","J","J","J","J","J","J","J","J","J","J","J","J","J","J","J","J","J","J","J","J","J","J","J","J","J","J","J","J","J","J","J","J","J","J","J","J","J","J","J","J","J","J","J","J","J","J","J","J","J","J","J","J","J","J","J","J","J","J","J","J","J","J","J","J","J","J","J","J","J","J","J","J","J","J","J","J","J","J","J","J","J","J","J","J","J","J","J","J","J","J","J","J","J","J","J","J","J","J","J","J","J","J","J","J","J","J","J","J","J","J","J","J","J","J","J","J","J","J","J","J","J","J","J","J","J","J","J","J","J","J","J","J","J","J","J","J","J","J","J","J","J","J","J","J","J","J","J","J","J"],
  "atom_plddts": [83.38,79.92,73.43,68.88,68.06,69.37,59.34,57.17,46.43,87.88,93.3,91.74,90.55,92.18,94.07,95.88,96.55,96.4,96.12,96.5,96.58,97.02,96.83,96.65,97.06,97.0,96.44,96.71,96.62,96.89,97.1,95.3,93.34,93.03,94.69,94.54,96.0,96.37,96.22,95.78,95.99,96.17,96.76,96.77,96.58,96.8,96.91,96.54,96.68,96.21,96.81,95.55,94.44,94.36,94.75,94.38,95.13,95.3,95.28,94.51,94.71,94.67,95.09,94.64,92.89,92.57,93.01,91.95,92.41,90.88,92.75,94.32,92.48,92.08,93.73,94.5,95.87,95.96,95.95,95.49,95.67,95.88,96.43,96.28,95.52,95.66,95.6,94.7,94.81,95.35,95.13,92.81,92.23,94.34,93.84,95.08,95.17,95.25,94.42,94.58,94.6,95.11,94.46,92.21,92.25,92.49,90.96,91.67,90.04,92.79,94.02,92.08,91.35,93.28,94.35,95.76,96.36,96.09,95.71,96.25,96.37,96.85,96.68,96.58,96.97,97.01,96.56,96.78,96.79,96.93,97.13,95.73,94.18,94.36,95.21,94.98,96.26,96.47,96.35,95.92,96.12,96.39,96.93,96.92,96.72,96.93,97.03,96.65,96.83,96.42,96.97,95.48,94.22,93.86,94.7,94.28,95.09,95.14,95.26,94.43,94.63,94.77,95.04,94.51,92.64,92.37,92.67,91.53,92.11,90.71,92.71,94.78,93.23,92.87,94.6,95.3,96.25,96.43,96.43,96.15,96.32,96.49,96.86,96.73,95.89,96.07,95.97,95.2,95.31,95.8,94.24,91.71,90.5,93.47,92.9,94.49,94.95,94.93,93.9,94.29,94.68,95.11,94.63,93.18,93.7,93.86,92.44,93.19,91.93,93.95],
  "contact_probs": [[1.0,0.18,0.2,0.09,0.48,0.06,0.41,0.09,0.18,0.02,0.14,0.7,0.1,0.18,0.43,0.37,0.81,0.44,0.04],[0.18,1.0,0.02,0.45,0.06,0.22,0.11,0.14,0.16,0.04,0.1,0.45,0.04,0.02,0.01,0.03,0.38,0.31,0.39],[0.2,0.02,1.0,0.06,0.4,0.07,0.17,0.14,0.14,0.02,0.04,0.07,0.26,0.64,0.42,0.06,0.07,0.02,0.02],[0.09,0.45,0.06,1.0,0.14,0.3,0.11,0.19,0.16,0.17,0.17,0.22,0.12,0.03,0.05,0.08,0.17,0.17,0.24],[0.48,0.06,0.4,0.14,1.0,0.13,0.5,0.13,0.2,0.06,0.11,0.29,0.13,0.34,0.42,0.28,0.4,0.19,0.06],[0.06,0.22,0.07,0.3,0.13,1.0,0.1,0.34,0.13,0.36,0.38,0.25,0.34,0.06,0.06,0.07,0.11,0.09,0.39],[0.41,0.11,0.17,0.11,0.5,0.1,1.0,0.17,0.21,0.08,0.11,0.26,0.09,0.21,0.25,0.29,0.48,0.29,0.12],[0.09,0.14,0.14,0.19,0.13,0.34,0.17,1.0,0.21,0.29,0.34,0.28,0.39,0.14,0.17,0.15,0.14,0.13,0.26],[0.18,0.16,0.14,0.16,0.2,0.13,0.21,0.21,1.0,0.16,0.17,0.24,0.16,0.18,0.18,0.19,0.24,0.22,0.19],[0.02,0.04,0.02,0.17,0.06,0.36,0.08,0.29,0.16,1.0,1.0,0.0,0.92,0.03,0.56,0.99,0.03,0.96,0.47],[0.14,0.1,0.04,0.17,0.11,0.38,0.11,0.34,0.17,1.0,1.0,0.46,1.0,0.09,1.0,1.0,0.1,0.99,0.2],[0.7,0.45,0.07,0.22,0.29,0.25,0.26,0.28,0.24,0.0,0.46,1.0,0.16,0.04,0.03,0.05,0.51,0.27,0.06],[0.1,0.04,0.26,0.12,0.13,0.34,0.09,0.39,0.16,0.92,1.0,0.16,1.0,0.24,0.97,0.2,0.01,0.03,0.02],[0.18,0.02,0.64,0.03,0.34,0.06,0.21,0.14,0.18,0.03,0.09,0.04,0.24,1.0,0.5,0.08,0.04,0.01,0.01],[0.43,0.01,0.42,0.05,0.42,0.06,0.25,0.17,0.18,0.56,1.0,0.03,0.97,0.5,1.0,1.0,0.1,0.97,0.01],[0.37,0.03,0.06,0.08,0.28,0.07,0.29,0.15,0.19,0.99,1.0,0.05,0.2,0.08,1.0,1.0,0.54,1.0,0.05],[0.81,0.38,0.07,0.17,0.4,0.11,0.48,0.14,0.24,0.03,0.1,0.51,0.01,0.04,0.1,0.54,1.0,0.74,0.08],[0.44,0.31,0.02,0.17,0.19,0.09,0.29,0.13,0.22,0.96,0.99,0.27,0.03,0.01,0.97,1.0,0.74,1.0,0.22],[0.04,0.39,0.02,0.24,0.06,0.39,0.12,0.26,0.19,0.47,0.2,0.06,0.02,0.01,0.01,0.05,0.08,0.22,1.0]],
  "pae": [[1.3,9.6,7.7,12.2,9.0,13.9,10.7,14.1,13.0,11.0,9.1,8.3,9.8,10.7,8.1,7.9,7.6,9.3,14.5],[10.1,1.2,13.1,8.7,13.7,13.1,14.5,15.3,18.6,10.5,9.3,10.4,12.1,14.2,10.1,9.2,9.7,8.7,10.6],[8.5,16.6,1.5,14.7,11.9,15.3,14.3,17.2,17.9,13.6,11.2,12.4,11.4,11.5,9.9,11.5,13.2,13.4,19.2],[12.4,8.1,15.7,1.9,15.1,13.4,16.9,17.3,20.2,11.2,11.0,12.8,13.5,18.0,12.8,11.4,12.0,10.8,13.5],[10.5,16.1,11.0,17.1,1.6,14.8,12.6,18.3,18.6,14.7,12.0,12.9,12.0,12.1,9.9,10.8,12.3,13.2,19.7],[15.2,15.6,12.8,14.4,16.2,1.8,16.4,15.3,19.0,11.3,9.7,13.3,10.4,16.0,11.4,11.0,15.5,12.2,13.9],[12.7,15.3,14.2,14.3,13.1,18.6,1.6,17.1,17.4,16.1,12.3,12.6,13.7,15.4,10.6,10.7,11.9,12.0,19.7],[15.8,14.0,16.3,12.7,16.5,12.8,17.1,2.0,16.4,12.3,11.0,13.4,13.4,19.2,13.3,12.7,14.5,12.6,14.7],[17.0,19.8,18.4,17.7,17.9,16.7,16.1,17.3,1.2,14.7,14.7,17.3,16.6,19.7,16.3,14.4,16.7,15.6,22.7],[4.6,5.0,6.0,6.6,6.4,6.0,7.9,7.9,10.1,0.8,1.5,3.0,2.4,4.0,2.3,1.8,3.2,1.9,2.5],[4.0,4.5,5.3,5.8,5.6,5.5,7.1,7.5,10.1,1.1,0.8,2.0,1.4,2.7,1.5,1.3,2.7,1.7,2.7],[4.3,5.2,5.6,6.7,6.1,6.0,7.9,8.4,10.7,2.7,1.9,1.1,2.2,3.2,2.6,2.3,2.7,3.1,3.7],[4.3,5.0,5.3,6.2,5.6,5.5,7.5,7.7,10.7,1.8,1.3,1.9,0.9,2.3,1.6,1.7,2.7,2.0,3.1],[4.9,6.0,5.7,7.1,6.1,6.2,7.9,9.3,12.0,3.5,3.2,3.2,2.0,1.0,2.0,2.6,4.1,3.3,5.8],[3.7,4.4,5.0,5.7,5.5,5.6,7.0,7.7,10.3,1.7,1.6,2.2,1.5,1.6,0.8,1.2,2.3,1.6,3.1],[3.8,4.4,5.1,5.6,5.4,5.2,6.8,7.4,9.6,1.4,1.4,2.4,1.8,2.2,1.1,0.8,2.3,1.2,2.8],[4.7,5.3,6.3,6.6,6.5,6.9,7.7,8.9,11.6,3.1,2.7,3.1,3.3,3.6,2.3,1.8,1.1,2.1,4.1],[4.3,4.6,5.6,5.9,5.8,5.7,7.0,7.7,10.0,1.7,1.8,2.9,2.4,2.9,1.8,1.3,1.7,0.9,2.6],[6.0,5.9,7.7,7.0,8.0,7.3,9.7,8.6,11.9,3.9,3.6,5.2,4.2,6.8,4.0,3.7,4.2,2.9,1.3]],
  "token_chain_ids": ["A","B","C","D","E","F","G","H","I","J","J","J","J","J","J","J","J","J","J"],
  "token_res_ids": [1,1,1,1,1,1,1,1,1,1,2,3,4,5,6,7,8,9,10]
}