{
  "atom_chain_ids": ["A","A","A","A","A","A","A","A","A","A","A","A","A","A","A","A","A","A","A","A","A","A","A","A","A","A","A","A","A","A","A","A","A","A","A","A","A","A","A","A","A","A","A","A","A","A","A","A","A","A","A","A","A","A","A","A","A","A","A","A","A","A","A","A","A","A","A","A","A","A","A","A","A","A","A","A","A","A","A","A","A","A","A","A","A","A","A","A","A","A","A","A","A","A","A","A","A","A","A","A","A","A","A","A","A","A","A","A","A","A","A","A","A","A","A","A","A","A","A","A","A","A","A","A","A","A","A","A","A","A","A","A","A","A","A","A","A","A","A","A","A","A","A","A","A","A","A","A","A","A","A","A","A","A","A","A","A","A","A","A","A","A","A","A","A","A","A","A","A","A","A","A","A","A","A","A","A","A","A","A","A","A","A","A","A","A","A","A","A","A","A","A","A","A","A","A","A","A","A","A","A","A","A","A","A","A","A","A","A","A","A","A","A","A","A","A","A","A","A","A","A","A","A","A","A","A","A","A","A","A","A","A","A","A","A","A","A","A","A","A","A","A","A","A","A","A","A","A","A","A","A","A","A","A","A","A","A","A","A","A","A","A","A","A","A","A","A","A","A","A","A","A","A","A","A","A","A","A","A","A","A","A","A","A","A","A","A","A","A","A","A","A","A","A","A","A","A","A","A","A","A","A","A","A","A","A","A","A","A","A","A","A","A","A","A","A","A","A","A","A","A","A","A","A","A","A","A","A","A","A","A","A","A","A","A","A","A","A","A","A","A","A","A","A","A","A","A","A","A","A","A","A","A","A","A","A","A","A","A","A","A","A","A","A","A","A","A","A","A","A","A","A","A","A","A","A","A","A","A","A","A","A","A","A","A","A","A","A","A","A","A","A","A","A","A","A","A","A","A","A","A","A","A","A","A","A","A","A","A","A","A","A","A","A","A","A","A","A","A"],
  "atom_plddts": [68.65,70.19,65.31,66.23,70.39,75.32,78.06,78.26,78.57,76.97,78.46,78.67,79.51,79.69,79.16,79.99,80.2,79.57,79.34,79.48,79.66,79.73,80.8,71.35,69.06,68.93,71.5,72.48,73.99,74.17,73.69,71.86,73.5,73.24,73.96,74.31,74.2,74.68,75.33,74.94,74.71,74.42,74.2,73.86,75.08,70.4,67.62,67.47,69.93,68.58,70.41,69.53,69.15,67.77,66.33,65.19,67.95,66.6,64.71,63.58,64.61,64.02,62.36,62.92,64.33,68.61,64.49,64.49,68.85,68.35,70.45,70.02,70.15,68.8,67.53,65.99,68.4,66.85,63.82,62.48,63.74,62.79,60.75,61.6,63.34,64.99,59.84,60.38,65.67,67.47,69.66,70.55,71.03,69.55,69.5,68.74,69.98,68.77,65.91,64.98,66.15,65.35,63.38,64.09,66.04,64.14,59.15,59.7,65.02,65.62,68.14,68.06,68.41,67.23,66.54,65.21,67.16,65.76,62.78,61.7,62.81,61.88,59.76,60.68,62.59,68.47,63.97,64.07,69.28,71.52,73.55,74.33,74.04,72.55,74.38,74.69,75.15,75.42,74.58,75.29,76.24,75.78,75.34,75.16,75.26,75.39,76.6,72.99,71.16,70.98,72.72,74.14,75.64,75.71,75.29,73.79,75.16,74.89,76.07,76.38,75.86,76.37,77.06,76.63,76.47,76.15,76.01,75.57,76.87,65.34,63.38,64.11,66.33,64.34,65.82,65.25,64.83,63.21,62.15,60.85,61.72,59.53,57.91,56.62,56.52,56.26,54.46,56.31,63.91,59.91,59.61,64.45,64.41,66.12,65.73,66.92,65.1,65.24,62.14,63.54,61.2,58.21,58.02,57.72,55.44,53.68,54.41,56.2,56.7,69.38,65.1,65.86,70.57,72.37,74.35,75.16,74.83,73.44,74.55,74.94,75.43,75.64,74.83,75.39,76.07,75.71,75.15,75.19,75.3,75.01,76.3,73.61,72.15,72.46,73.74,74.05,75.53,75.86,75.36,74.1,75.02,75.33,75.81,76.2,76.06,76.67,77.06,76.73,76.73,76.38,76.1,75.7,76.55,72.32,70.72,71.0,71.89,71.37,73.1,73.17,72.74,71.09,71.88,71.36,72.69,72.67,72.68,73.1,73.67,73.24,72.88,72.63,72.49,71.7,73.06,69.74,66.18,66.58,69.83,68.85,70.68,70.3,70.09,68.83,67.48,66.52,68.61,67.15,65.36,64.43,65.31,64.68,63.11,63.68,65.19,68.81,64.8,65.04,68.85,68.63,70.61,70.32,69.98,68.55,67.56,65.91,68.57,67.22,64.87,63.7,65.11,64.31,62.38,62.94,64.42,67.36,62.2,62.48,67.47,69.58,70.9,72.49,72.38,70.86,71.63,71.4,72.61,72.11,70.02,69.56,70.81,70.45,68.99,69.35,70.53,69.39,65.17,65.5,69.26,69.46,71.48,71.89,71.63,70.19,69.78,68.18,70.88,69.95,67.41,66.26,68.0,67.39,65.43,65.79,67.21,71.21,68.34,68.04,71.51,73.29,74.68,75.08,74.45,72.9,74.87,74.73,75.38,75.75,75.38,75.98,76.75,76.51,76.36,76.0,75.82,75.66,76.69,74.24,72.96,72.54,73.8,74.59,75.78,75.7,75.29,73.68,74.99,74.47,75.58,75.79,75.48,75.76,76.45,76.26,76.08,75.8,75.55,74.88,76.2,68.66,65.31,65.81,68.53,68.56,70.46,69.8,69.75,68.24,67.29,66.0,68.29,66.89,65.18,64.14,64.77,64.03,62.32,63.13,64.76],
  "contact_probs": [[1.0,1.0,0.38,0.05,0.03,0.02,0.01,0.02,0.01,0.05,0.07,0.42,0.69,0.38,0.26,0.89,0.09,0.35,0.7,0.29],[1.0,1.0,0.96,0.55,0.28,0.06,0.02,0.01,0.01,0.03,0.36,0.62,0.3,0.05,0.02,0.31,0.01,0.04,0.3,0.4],[0.38,0.96,1.0,0.84,0.61,0.24,0.03,0.01,0.01,0.05,0.53,0.33,0.04,0.02,0.01,0.02,0.01,0.01,0.14,0.34],[0.05,0.55,0.84,1.0,0.74,0.64,0.17,0.02,0.0,0.07,0.32,0.06,0.01,0.01,0.01,0.01,0.01,0.03,0.34,0.44],[0.03,0.28,0.61,0.74,1.0,0.72,0.64,0.2,0.02,0.23,0.81,0.33,0.01,0.01,0.01,0.01,0.01,0.03,0.16,0.2],[0.02,0.06,0.24,0.64,0.72,1.0,0.87,0.15,0.01,0.13,0.2,0.04,0.01,0.01,0.01,0.02,0.02,0.16,0.6,0.43],[0.01,0.02,0.03,0.17,0.64,0.87,1.0,0.99,0.06,0.5,0.51,0.04,0.02,0.01,0.01,0.03,0.11,0.77,0.72,0.11],[0.02,0.01,0.01,0.02,0.2,0.15,0.99,1.0,0.2,0.81,0.85,0.25,0.1,0.05,0.12,0.16,0.47,0.73,0.18,0.03],[0.01,0.01,0.01,0.0,0.02,0.01,0.06,0.2,1.0,0.34,0.04,0.04,0.04,0.03,0.03,0.03,0.05,0.02,0.01,0.02],[0.05,0.03,0.05,0.07,0.23,0.13,0.5,0.81,0.34,1.0,0.67,0.3,0.16,0.12,0.17,0.17,0.24,0.14,0.06,0.09],[0.07,0.36,0.53,0.32,0.81,0.2,0.51,0.85,0.04,0.67,1.0,1.0,0.39,0.02,0.02,0.04,0.02,0.01,0.02,0.02],[0.42,0.62,0.33,0.06,0.33,0.04,0.04,0.25,0.04,0.3,1.0,1.0,1.0,0.54,0.15,0.33,0.03,0.01,0.01,0.01],[0.69,0.3,0.04,0.01,0.01,0.01,0.02,0.1,0.04,0.16,0.39,1.0,1.0,0.93,0.65,0.73,0.09,0.02,0.01,0.01],[0.38,0.05,0.02,0.01,0.01,0.01,0.01,0.05,0.03,0.12,0.02,0.54,0.93,1.0,0.8,0.61,0.3,0.02,0.01,0.01],[0.26,0.02,0.01,0.01,0.01,0.01,0.01,0.12,0.03,0.17,0.02,0.15,0.65,0.8,1.0,0.82,0.71,0.11,0.01,0.01],[0.89,0.31,0.02,0.01,0.01,0.02,0.03,0.16,0.03,0.17,0.04,0.33,0.73,0.61,0.82,1.0,0.77,0.71,0.23,0.06],[0.09,0.01,0.01,0.01,0.01,0.02,0.11,0.47,0.05,0.24,0.02,0.03,0.09,0.3,0.71,0.77,1.0,0.86,0.06,0.02],[0.35,0.04,0.01,0.03,0.03,0.16,0.77,0.73,0.02,0.14,0.01,0.01,0.02,0.02,0.11,0.71,0.86,1.0,1.0,0.27],[0.7,0.3,0.14,0.34,0.16,0.6,0.72,0.18,0.01,0.06,0.02,0.01,0.01,0.01,0.01,0.23,0.06,1.0,1.0,0.92],[0.29,0.4,0.34,0.44,0.2,0.43,0.11,0.03,0.02,0.09,0.02,0.01,0.01,0.01,0.01,0.06,0.02,0.27,0.92,1.0]],
  "pae": [[0.9,2.0,3.3,4.9,5.5,6.1,5.9,5.1,7.4,8.5,5.0,3.7,3.5,4.1,4.9,3.3,4.2,4.1,4.4,6.1],[1.7,0.9,2.4,3.6,4.8,5.1,4.9,5.0,7.9,7.0,4.6,3.7,3.6,4.2,4.8,3.8,4.5,3.9,4.0,6.0],[4.0,3.1,1.2,3.6,4.2,5.2,6.1,6.2,9.5,8.8,5.7,5.4,6.0,6.9,7.2,5.8,7.0,6.5,5.7,5.8],[5.2,4.7,3.8,1.2,3.9,4.2,5.4,6.4,9.2,7.7,5.8,6.6,7.6,8.8,8.7,7.2,8.2,7.5,6.1,6.0],[6.5,5.0,4.3,3.5,1.1,4.0,4.2,5.7,9.2,7.2,5.1,6.7,8.2,8.5,9.0,7.5,8.1,7.5,6.6,6.4],[7.8,7.3,5.6,4.2,4.2,1.2,4.2,5.2,7.6,7.5,5.7,7.8,9.3,9.9,10.3,8.4,8.7,7.2,5.5,6.8],[6.4,6.0,5.6,4.9,3.8,3.8,0.9,2.5,5.6,6.0,4.4,5.1,6.0,7.0,7.5,6.2,6.0,6.0,5.6,5.9],[6.8,6.1,6.1,5.3,4.8,4.0,2.5,1.0,5.5,5.3,4.2,4.6,5.7,7.1,7.2,6.1,5.8,5.3,4.6,6.5],[16.0,17.1,13.6,10.4,10.1,10.0,7.4,8.9,1.3,5.0,8.2,11.3,14.4,14.1,13.2,13.9,12.8,12.6,13.8,15.2],[14.0,13.4,11.6,9.6,8.6,8.7,6.7,8.1,4.2,1.1,7.0,8.7,11.1,13.2,14.6,13.7,13.1,12.4,12.1,12.6],[5.0,4.8,5.3,5.5,4.9,5.4,4.4,4.4,5.1,3.9,0.9,2.4,3.4,4.8,6.4,5.5,5.9,5.1,4.8,6.3],[3.3,3.6,4.8,4.6,4.7,5.3,3.8,3.2,6.8,4.8,1.7,0.8,1.8,3.3,4.8,3.8,4.7,4.2,4.0,5.9],[3.7,4.1,4.9,5.3,5.1,5.9,4.7,4.2,8.1,6.7,2.8,1.7,0.9,2.4,3.9,3.3,4.1,4.5,5.1,6.3],[5.0,6.4,7.0,7.8,7.5,8.5,7.5,6.2,10.3,9.6,5.9,4.2,3.1,1.1,3.6,3.8,4.2,6.2,5.9,7.8],[5.0,7.2,8.1,8.9,8.8,9.8,8.6,7.1,11.0,12.4,8.1,6.2,4.2,3.0,1.2,3.9,3.9,6.2,6.6,8.2],[3.8,5.4,6.3,7.4,7.4,8.2,7.1,5.9,10.3,9.4,6.8,5.6,4.2,3.3,3.0,1.0,3.2,4.6,5.3,6.9],[5.3,6.4,7.1,8.1,8.0,7.8,7.3,5.9,11.0,10.4,7.2,6.3,5.4,4.7,4.1,3.6,1.2,3.7,5.4,7.4],[3.5,3.8,4.9,5.0,5.3,5.1,4.0,3.9,7.9,6.2,5.0,4.4,4.3,4.6,4.4,2.9,2.6,0.9,1.6,4.6],[3.4,3.5,4.4,4.8,5.0,4.9,3.5,3.5,7.3,6.5,4.4,4.4,4.6,4.3,4.6,3.1,2.7,1.5,0.9,3.2],[7.0,6.5,6.3,6.6,7.7,7.5,6.4,6.8,11.3,10.6,8.5,8.1,8.2,8.8,9.2,8.0,7.7,5.5,5.3,1.5]],
  "token_chain_ids": ["A","A","A","A","A","A","A","A","A","A","A","A","A","A","A","A","A","A","A","A"],
  "token_res_ids": [1,2,3,4,5,6,7,8,9,10,11,12,13,14,15,16,17,18,19,20]
}