{
  "atom_chain_ids": ["A","A","A","A","A","A","A","A","A","A","A","A","A","A","A","A","A","A","A","A","A","A","A","A","A","A","A","A","A","A","A","A","A","A","A","A","A","A","A","A","A","A","A","A","A","A","A","A","A","A","A","A","A","A","A","A","A","A","A","A","A","A","A","A","A","A","A","A","A","A","A","A","A","A","A","A","A","A","A","A","A","A","A","A","A","A","A","A","A","A","A","A","A","A","A","A","A","A","A","A","A","A","A","A","A","A","A","A","A","A","A","A","A","A","A","A","A","A","A","A","A","A","A","A","A","A","A","A","A","A","A","A","A","A","A","A","A","A","A","A","A","A","A","A","A","A","A","A","A","A","A","A","A","A","A","A","A","A","A","A","A","A","A","A","A","A","A","A","A","A","A","A","A","A","A","A","A","A","A","A","A","A","A","A","A","A","A","A","A","A","A","A","A","A","A","A","A","A","A","A","A","A","A","A","A","A","A","A","A","A","A","A","A","A","A","A","A","A","A","A","A","A","A","A","A","A","A","A","A","A","A","A","A","A","A","A","A","A","A","A","A","A","A","A","A","A","A","A","A","A","A","A","A","A","A","A","A","A","A","A","A","A","A","A","A","A","A","A","A","A","A","A","A","A","A","A","A","A","A","A","A","A","A","A","A","A","A","A","A","A","A","A","A","A","A","A","A","A","A","A","A","A","A","A","A","A","A","A","A","A","A","A","A","A","A","A","A","A","A","A","A","A","A","A","A","A","A","A","A","A","A","A","A","A","A","A","A","A","A","A","A","A","A","A","A","A","A","A","A","A","A","A","A","A","A","A","A","A","A","A","A","A","A","A","A","A","A","A","A","A","A","A","A","A","A","A","A","A","A","A","A","A","A","A","A","A","A","A","A","A","A","A","A","A","A","A","A","A","A","A","A","A","A","A","A","A","A","A","A","A","A","A","A","A","A","A","A","A","A"],
  "atom_plddts": [69.02,70.38,65.31,66.21,70.54,75.41,78.2,78.42,78.72,77.13,78.59,78.79,79.67,79.85,79.47,80.36,80.59,79.95,79.8,79.89,80.03,80.12,81.13,72.66,70.19,70.2,72.77,73.8,75.53,75.52,75.23,73.39,75.02,74.84,75.66,75.99,75.88,76.43,77.04,76.63,76.54,76.22,75.95,75.66,76.82,71.01,68.18,67.98,70.45,69.03,70.87,69.81,69.54,68.03,66.42,65.41,68.19,66.71,64.65,63.51,64.51,63.79,62.15,62.69,64.27,67.78,63.77,63.84,67.97,67.64,69.74,69.09,69.18,67.8,66.53,65.27,67.44,65.91,63.16,61.99,63.1,62.21,60.35,61.08,62.83,65.08,59.6,60.08,65.78,67.97,70.3,71.19,71.98,70.29,70.34,69.72,70.8,69.46,66.62,65.81,66.89,66.09,64.22,64.82,66.97,63.04,58.2,58.69,63.9,64.69,67.19,66.97,67.44,66.23,65.46,64.23,65.94,64.47,61.59,60.61,61.52,60.62,58.61,59.53,61.51,70.27,65.93,65.95,71.01,73.16,75.24,75.75,75.58,74.08,75.82,76.01,76.74,76.96,76.11,76.81,77.71,77.21,76.89,76.7,76.76,76.84,78.02,73.72,71.77,71.57,73.48,74.93,76.38,76.42,76.05,74.57,75.99,75.77,76.94,77.25,76.8,77.34,78.0,77.56,77.46,77.19,77.03,76.66,77.85,67.85,65.65,66.47,68.94,66.83,68.52,67.86,67.3,65.56,64.57,63.24,64.35,62.02,60.44,59.0,59.01,58.61,56.77,58.67,67.44,63.52,63.27,67.93,67.91,69.98,69.7,70.64,68.83,69.04,66.01,67.62,65.04,61.6,61.3,61.15,58.52,56.74,57.43,59.31,60.07,70.72,66.62,67.31,71.63,73.04,75.15,75.9,75.68,74.24,75.31,75.62,76.29,76.46,75.72,76.3,76.95,76.55,76.06,76.1,76.13,75.72,77.1,74.35,72.46,72.69,74.51,74.77,76.38,76.67,76.29,75.0,75.86,76.16,76.66,77.02,76.97,77.61,78.02,77.7,77.76,77.38,77.05,76.69,77.53,74.08,72.5,72.75,73.52,72.85,74.84,74.61,74.48,72.76,73.42,72.88,74.4,74.26,74.09,74.53,75.03,74.46,74.16,73.95,73.79,72.92,74.45,71.68,68.14,68.41,71.6,70.57,72.54,72.07,71.98,70.62,69.39,68.41,70.65,69.13,67.15,66.22,67.12,66.38,64.9,65.43,67.05,69.83,65.88,65.95,69.79,69.56,71.53,71.19,70.99,69.54,68.58,66.88,69.51,68.03,65.51,64.3,65.66,64.81,62.86,63.48,65.1,68.99,63.97,63.99,68.96,70.88,72.25,73.71,73.76,72.12,72.84,72.52,73.84,73.21,70.97,70.48,71.73,71.32,69.92,70.23,71.54,70.39,66.16,66.36,70.11,70.33,72.28,72.58,72.43,70.87,70.39,68.82,71.56,70.6,68.04,66.97,68.73,68.1,66.24,66.45,67.95,71.68,68.55,68.33,72.09,74.05,75.7,76.04,75.63,74.02,76.06,76.04,76.79,77.18,76.66,77.33,78.08,77.75,77.65,77.35,77.18,77.09,78.1,74.8,73.17,73.03,74.53,75.55,77.04,76.96,76.76,75.13,76.45,76.12,77.29,77.54,77.08,77.42,78.1,77.87,77.74,77.54,77.26,76.7,78.0,67.78,64.33,65.0,67.83,67.84,69.68,68.95,69.03,67.45,66.37,65.36,67.52,65.99,64.25,63.33,63.83,63.07,61.42,62.2,63.95],
  "contact_probs": [[1.0,1.0,0.38,0.05,0.03,0.02,0.01,0.02,0.01,0.05,0.07,0.42,0.69,0.38,0.26,0.89,0.09,0.35,0.7,0.29],[1.0,1.0,0.96,0.55,0.28,0.06,0.02,0.01,0.01,0.03,0.36,0.62,0.3,0.05,0.02,0.31,0.01,0.04,0.3,0.4],[0.38,0.96,1.0,0.84,0.61,0.24,0.03,0.01,0.01,0.05,0.53,0.33,0.04,0.02,0.01,0.02,0.01,0.01,0.14,0.34],[0.05,0.55,0.84,1.0,0.74,0.64,0.17,0.02,0.0,0.07,0.32,0.06,0.01,0.01,0.01,0.01,0.01,0.03,0.34,0.44],[0.03,0.28,0.61,0.74,1.0,0.72,0.64,0.2,0.02,0.23,0.81,0.33,0.01,0.01,0.01,0.01,0.01,0.03,0.16,0.2],[0.02,0.06,0.24,0.64,0.72,1.0,0.87,0.15,0.01,0.13,0.2,0.04,0.01,0.01,0.01,0.02,0.02,0.16,0.6,0.43],[0.01,0.02,0.03,0.17,0.64,0.87,1.0,0.99,0.06,0.5,0.51,0.04,0.02,0.01,0.01,0.03,0.11,0.77,0.72,0.11],[0.02,0.01,0.01,0.02,0.2,0.15,0.99,1.0,0.2,0.81,0.85,0.25,0.1,0.05,0.12,0.16,0.47,0.73,0.18,0.03],[0.01,0.01,0.01,0.0,0.02,0.01,0.06,0.2,1.0,0.34,0.04,0.04,0.04,0.03,0.03,0.03,0.05,0.02,0.01,0.02],[0.05,0.03,0.05,0.07,0.23,0.13,0.5,0.81,0.34,1.0,0.67,0.3,0.16,0.12,0.17,0.17,0.24,0.14,0.06,0.09],[0.07,0.36,0.53,0.32,0.81,0.2,0.51,0.85,0.04,0.67,1.0,1.0,0.39,0.02,0.02,0.04,0.02,0.01,0.02,0.02],[0.42,0.62,0.33,0.06,0.33,0.04,0.04,0.25,0.04,0.3,1.0,1.0,1.0,0.54,0.15,0.33,0.03,0.01,0.01,0.01],[0.69,0.3,0.04,0.01,0.01,0.01,0.02,0.1,0.04,0.16,0.39,1.0,1.0,0.93,0.65,0.73,0.09,0.02,0.01,0.01],[0.38,0.05,0.02,0.01,0.01,0.01,0.01,0.05,0.03,0.12,0.02,0.54,0.93,1.0,0.8,0.61,0.3,0.02,0.01,0.01],[0.26,0.02,0.01,0.01,0.01,0.01,0.01,0.12,0.03,0.17,0.02,0.15,0.65,0.8,1.0,0.82,0.71,0.11,0.01,0.01],[0.89,0.31,0.02,0.01,0.01,0.02,0.03,0.16,0.03,0.17,0.04,0.33,0.73,0.61,0.82,1.0,0.77,0.71,0.23,0.06],[0.09,0.01,0.01,0.01,0.01,0.02,0.11,0.47,0.05,0.24,0.02,0.03,0.09,0.3,0.71,0.77,1.0,0.86,0.06,0.02],[0.35,0.04,0.01,0.03,0.03,0.16,0.77,0.73,0.02,0.14,0.01,0.01,0.02,0.02,0.11,0.71,0.86,1.0,1.0,0.27],[0.7,0.3,0.14,0.34,0.16,0.6,0.72,0.18,0.01,0.06,0.02,0.01,0.01,0.01,0.01,0.23,0.06,1.0,1.0,0.92],[0.29,0.4,0.34,0.44,0.2,0.43,0.11,0.03,0.02,0.09,0.02,0.01,0.01,0.01,0.01,0.06,0.02,0.27,0.92,1.0]],
  "pae": [[0.9,2.0,3.3,4.8,5.3,5.9,5.9,4.9,7.5,8.7,4.6,3.4,3.3,4.0,4.9,3.4,4.2,4.0,4.3,5.8],[1.7,0.9,2.7,3.6,4.5,4.7,4.7,4.8,7.5,7.4,4.3,3.3,3.4,4.0,4.8,3.8,4.5,3.8,3.6,5.2],[4.5,3.7,1.2,3.6,4.0,5.0,6.2,6.4,9.2,9.0,5.7,5.9,6.4,7.0,7.4,6.2,7.6,6.8,5.9,5.1],[5.6,5.0,4.5,1.2,4.8,4.3,5.6,6.6,9.8,8.4,6.2,7.7,8.4,9.0,9.3,8.7,9.4,7.9,6.7,5.5],[7.0,6.1,4.4,3.3,1.1,4.5,4.5,6.3,9.0,7.0,5.9,7.7,9.4,8.8,9.7,8.3,9.3,7.5,6.5,6.2],[8.9,8.1,6.4,4.4,4.8,1.2,5.5,6.0,8.3,7.5,6.8,9.5,10.9,11.3,11.7,10.3,10.7,8.2,6.4,6.9],[5.8,5.8,5.4,4.3,3.6,3.6,0.9,2.5,5.3,5.1,4.2,4.9,6.1,6.5,7.1,6.3,6.0,5.4,5.1,5.7],[6.1,5.8,5.5,4.6,4.1,3.8,2.2,0.9,4.8,4.8,4.0,4.4,5.5,6.5,6.4,6.2,5.5,5.1,4.3,5.8],[13.7,14.1,11.8,9.2,9.0,9.2,6.8,8.4,1.3,4.4,7.6,11.0,13.0,12.6,11.3,13.2,11.2,12.1,12.5,13.8],[12.2,11.9,10.5,8.4,8.4,7.9,6.7,7.6,3.7,1.2,6.4,8.1,11.3,12.5,12.2,12.9,13.0,11.7,10.4,12.3],[5.2,5.2,5.0,4.9,5.1,5.0,4.4,4.5,4.6,3.7,0.9,2.7,4.1,4.8,6.5,5.7,6.4,5.4,5.2,6.1],[3.4,3.4,4.6,4.4,4.3,5.0,3.7,3.1,6.4,4.4,1.8,0.8,2.0,3.2,4.5,3.8,4.5,4.1,3.9,5.5],[3.5,4.2,4.7,5.3,4.9,6.2,4.6,4.1,8.2,7.1,3.0,1.8,0.9,2.3,3.9,3.2,4.3,4.4,4.8,6.0],[4.8,5.9,6.6,7.6,7.0,8.2,7.0,5.8,10.1,9.8,5.2,3.6,2.8,1.0,3.4,3.3,4.2,5.5,5.6,7.4],[5.3,7.3,8.2,9.0,9.1,9.8,8.7,7.0,12.0,11.6,7.4,5.7,4.5,3.6,1.2,4.3,4.0,6.2,7.2,8.7],[3.8,5.5,6.4,7.4,7.3,8.1,7.0,5.6,9.9,9.6,6.2,5.3,4.1,3.1,2.9,1.0,3.4,4.2,5.2,7.1],[5.6,6.8,7.5,8.5,8.1,8.6,8.7,6.6,11.2,11.3,7.1,6.5,6.0,5.1,4.0,3.8,1.2,3.8,5.3,8.1],[3.7,4.0,4.6,5.1,4.9,5.1,4.2,3.9,7.6,6.9,5.1,4.5,4.2,4.3,4.2,3.1,2.7,0.9,1.8,4.4],[3.5,3.7,4.4,4.8,4.6,5.1,3.8,3.7,7.5,6.8,4.4,4.5,4.9,4.3,4.5,3.3,3.0,1.7,0.9,3.3],[7.2,7.3,6.7,6.6,7.5,6.7,7.3,7.3,10.9,10.4,9.0,8.7,9.0,9.3,9.5,8.2,8.9,6.6,6.1,1.5]],
  "token_chain_ids": ["A","A","A","A","A","A","A","A","A","A","A","A","A","A","A","A","A","A","A","A"],
  "token_res_ids": [1,2,3,4,5,6,7,8,9,10,11,12,13,14,15,16,17,18,19,20]
}