{
  "atom_chain_ids": ["A","A","A","A","A","A","A","A","A","A","A","A","A","A","A","A","A","A","A","A","A","A","A","A","A","A","A","A","A","A","A","A","A","A","A","A","A","A","A","A","A","A","A","A","A","A","A","A","A","A","A","A","A","A","A","A","A","A","A","A","A","A","A","A","A","A","A","A","A","A","A","A","A","A","A","A","A","A","A","A","A","A","A","A","A","A","A","A","A","A","A","A","A","A","A","A","A","A","A","A","A","A","A","A","A","A","A","A","A","A","A","A","A","A","A","A","A","A","A","A","A","A","A","A","A","A","A","A","A","A","A","A","A","A","A","A","A","A","A","A","A","A","A","A","A","A","A","A","A","A","A","A","A","A","A","A","A","A","A","A","A","A","A","A","A","A","A","A","A","A","A","A","A","A","A","A","A","A","A","A","A","A","A","A","A","A","A","A","A","A","A","A","A","A","A","A","A","A","A","A","A","A","A","A","A","A","A","A","A","A","A","A","A","A","A","A","A","A","A","A","A","A","A","A","A","A","A","A","A","A","A","A","A","A","A","A","A","A","A","A","A","A","A","A","A","A","A","A","A","A","A","A","A","A","A","A","A","A","A","A","A","A","A","A","A","A","A","A","A","A","A","A","A","A","A","A","A","A","A","A","A","A","A","A","A","A","A","A","A","A","A","A","A","A","A","A","A","A","A","A","A","A","A","A","A","A","A","A","A","A","A","A","A","A","A","A","A","A","A","A","A","A","A","A","A","A","A","A","A","A","A","A","A","A","A","A","A","A","A","A","A","A","A","A","A","A","A","A","A","A","A","A","A","A","A","A","A","A","A","A","A","A","A","A","A","A","A","A","A","A","A","A","A","A","A","A","A","A","A","A","A","A","A","A","A","A","A","A","A","A","A","A","A","A","A","A","A","A","A","A","A","A","A","A","A","A","A","A","A","A","A","A","A","A","A","A","A","A","A"],
  "atom_plddts": [70.47,71.86,67.01,67.92,72.12,76.93,79.6,79.67,80.08,78.55,79.96,80.23,81.18,81.38,80.88,81.7,81.9,81.24,81.14,81.28,81.45,81.49,82.4,73.89,71.03,71.04,74.19,75.24,77.07,76.91,76.83,75.06,76.76,76.78,77.71,78.04,77.75,78.34,78.92,78.44,78.39,78.15,77.93,77.81,78.83,72.37,69.41,69.26,71.81,70.45,72.36,71.7,71.38,69.9,68.67,67.69,70.58,69.35,67.33,66.31,67.54,66.93,65.4,65.71,67.1,71.14,67.14,67.01,71.02,70.41,72.47,72.16,72.22,70.83,69.76,68.19,70.87,69.48,66.53,65.25,66.77,65.88,63.91,64.49,66.12,67.15,61.44,62.01,67.89,69.93,72.31,73.3,73.8,72.24,72.5,71.8,73.24,72.13,69.24,68.51,69.82,69.06,67.26,67.7,69.58,66.78,61.83,62.24,67.49,68.11,70.54,70.53,70.73,69.44,68.76,67.29,69.55,68.24,65.2,64.09,65.51,64.62,62.51,63.19,65.0,71.73,67.11,67.08,72.57,74.66,76.96,77.31,77.38,75.94,77.58,77.81,78.69,78.87,77.92,78.66,79.49,78.92,78.65,78.54,78.62,78.83,79.9,75.65,73.42,73.37,75.51,76.84,78.36,78.23,78.05,76.62,77.95,77.75,79.09,79.34,78.82,79.31,79.92,79.47,79.4,79.21,79.06,78.73,79.87,67.06,64.51,65.43,68.3,66.06,67.76,67.39,66.62,65.06,64.15,62.79,64.11,61.86,60.26,58.82,58.95,58.43,56.51,58.42,63.54,58.71,58.47,64.46,64.98,66.95,66.9,67.96,66.21,66.57,63.49,64.72,62.21,58.78,58.45,58.22,55.63,53.81,54.62,56.57,57.51,71.75,67.23,68.03,72.88,74.38,76.72,77.44,77.42,76.02,77.02,77.4,78.21,78.34,77.37,77.98,78.6,78.12,77.66,77.77,77.85,77.59,78.93,76.23,74.46,74.85,76.16,76.25,78.05,78.07,77.93,76.61,77.42,77.62,78.55,78.9,78.66,79.24,79.66,79.26,79.32,79.02,78.69,78.3,79.2,74.58,72.57,72.91,74.19,73.74,75.89,75.73,75.7,73.96,74.77,74.37,75.92,75.88,75.55,76.03,76.61,76.03,75.74,75.54,75.38,74.71,76.18,72.4,68.44,68.77,72.49,71.75,73.81,73.51,73.49,72.06,71.03,70.18,72.33,70.86,68.73,67.83,68.87,68.12,66.7,67.1,68.72,71.77,67.17,67.35,71.9,72.31,74.45,74.54,74.52,72.92,72.54,71.03,73.55,72.3,69.52,68.51,70.07,69.31,67.55,67.87,69.42,71.74,66.64,66.51,71.77,73.8,75.28,76.58,76.72,75.07,75.88,75.54,77.02,76.51,74.1,73.72,75.01,74.56,73.38,73.52,74.82,71.68,67.43,67.63,71.41,71.9,73.87,74.27,74.25,72.63,72.29,70.72,73.57,72.7,69.97,68.91,70.77,70.14,68.32,68.44,69.92,73.05,69.66,69.47,73.6,75.59,77.37,77.52,77.29,75.78,77.67,77.77,78.57,78.91,78.29,78.95,79.64,79.29,79.23,79.01,78.87,78.82,79.75,76.03,74.46,74.34,75.69,76.45,77.79,77.59,77.44,75.84,77.17,76.94,78.18,78.46,78.13,78.47,79.12,78.89,78.83,78.63,78.34,77.78,78.94,69.42,65.98,66.52,69.33,69.31,71.27,70.75,70.65,69.13,68.3,67.08,69.51,68.22,66.43,65.41,66.21,65.42,63.74,64.44,66.01],
  "contact_probs": [[1.0,1.0,0.38,0.05,0.03,0.02,0.01,0.02,0.01,0.05,0.07,0.42,0.69,0.38,0.26,0.89,0.09,0.35,0.7,0.29],[1.0,1.0,0.96,0.55,0.28,0.06,0.02,0.01,0.01,0.03,0.36,0.62,0.3,0.05,0.02,0.31,0.01,0.04,0.3,0.4],[0.38,0.96,1.0,0.84,0.61,0.24,0.03,0.01,0.01,0.05,0.53,0.33,0.04,0.02,0.01,0.02,0.01,0.01,0.14,0.34],[0.05,0.55,0.84,1.0,0.74,0.64,0.17,0.02,0.0,0.07,0.32,0.06,0.01,0.01,0.01,0.01,0.01,0.03,0.34,0.44],[0.03,0.28,0.61,0.74,1.0,0.72,0.64,0.2,0.02,0.23,0.81,0.33,0.01,0.01,0.01,0.01,0.01,0.03,0.16,0.2],[0.02,0.06,0.24,0.64,0.72,1.0,0.87,0.15,0.01,0.13,0.2,0.04,0.01,0.01,0.01,0.02,0.02,0.16,0.6,0.43],[0.01,0.02,0.03,0.17,0.64,0.87,1.0,0.99,0.06,0.5,0.51,0.04,0.02,0.01,0.01,0.03,0.11,0.77,0.72,0.11],[0.02,0.01,0.01,0.02,0.2,0.15,0.99,1.0,0.2,0.81,0.85,0.25,0.1,0.05,0.12,0.16,0.47,0.73,0.18,0.03],[0.01,0.01,0.01,0.0,0.02,0.01,0.06,0.2,1.0,0.34,0.04,0.04,0.04,0.03,0.03,0.03,0.05,0.02,0.01,0.02],[0.05,0.03,0.05,0.07,0.23,0.13,0.5,0.81,0.34,1.0,0.67,0.3,0.16,0.12,0.17,0.17,0.24,0.14,0.06,0.09],[0.07,0.36,0.53,0.32,0.81,0.2,0.51,0.85,0.04,0.67,1.0,1.0,0.39,0.02,0.02,0.04,0.02,0.01,0.02,0.02],[0.42,0.62,0.33,0.06,0.33,0.04,0.04,0.25,0.04,0.3,1.0,1.0,1.0,0.54,0.15,0.33,0.03,0.01,0.01,0.01],[0.69,0.3,0.04,0.01,0.01,0.01,0.02,0.1,0.04,0.16,0.39,1.0,1.0,0.93,0.65,0.73,0.09,0.02,0.01,0.01],[0.38,0.05,0.02,0.01,0.01,0.01,0.01,0.05,0.03,0.12,0.02,0.54,0.93,1.0,0.8,0.61,0.3,0.02,0.01,0.01],[0.26,0.02,0.01,0.01,0.01,0.01,0.01,0.12,0.03,0.17,0.02,0.15,0.65,0.8,1.0,0.82,0.71,0.11,0.01,0.01],[0.89,0.31,0.02,0.01,0.01,0.02,0.03,0.16,0.03,0.17,0.04,0.33,0.73,0.61,0.82,1.0,0.77,0.71,0.23,0.06],[0.09,0.01,0.01,0.01,0.01,0.02,0.11,0.47,0.05,0.24,0.02,0.03,0.09,0.3,0.71,0.77,1.0,0.86,0.06,0.02],[0.35,0.04,0.01,0.03,0.03,0.16,0.77,0.73,0.02,0.14,0.01,0.01,0.02,0.02,0.11,0.71,0.86,1.0,1.0,0.27],[0.7,0.3,0.14,0.34,0.16,0.6,0.72,0.18,0.01,0.06,0.02,0.01,0.01,0.01,0.01,0.23,0.06,1.0,1.0,0.92],[0.29,0.4,0.34,0.44,0.2,0.43,0.11,0.03,0.02,0.09,0.02,0.01,0.01,0.01,0.01,0.06,0.02,0.27,0.92,1.0]],
  "pae": [[0.9,1.8,2.8,4.0,4.5,4.9,5.1,4.3,7.1,8.0,4.3,2.9,2.7,3.4,3.6,2.5,3.6,3.5,3.5,5.2],[1.5,0.9,2.1,2.9,3.6,4.0,4.1,4.0,7.0,6.8,3.6,2.7,2.8,3.6,3.7,3.0,3.7,3.1,3.0,4.9],[3.2,2.5,1.1,2.9,3.2,3.9,5.1,4.7,8.3,8.1,4.5,4.2,4.4,5.5,5.6,4.7,6.0,5.3,4.4,4.9],[4.3,4.2,3.1,1.2,3.3,3.2,4.5,4.9,8.0,7.1,4.9,5.3,6.0,6.9,6.9,5.8,7.1,5.8,5.2,4.6],[5.3,4.4,3.6,2.6,1.1,3.4,3.6,4.6,7.9,6.8,4.0,4.9,6.0,6.6,6.8,5.8,6.8,5.6,5.4,5.2],[6.4,5.9,4.6,3.4,3.6,1.1,3.9,4.5,7.2,7.3,4.8,6.1,7.2,8.3,8.2,7.2,7.3,5.8,4.8,5.1],[5.3,5.1,4.8,3.9,3.2,3.2,0.9,1.9,5.4,5.9,3.7,4.1,5.1,6.2,5.8,5.2,4.8,4.5,4.4,5.1],[5.4,5.0,4.9,4.1,3.7,3.3,2.0,0.9,5.2,5.3,3.5,3.6,4.7,5.9,5.4,4.9,4.6,4.1,3.8,5.5],[13.9,15.2,12.8,11.0,9.5,10.2,7.5,8.7,1.4,5.6,8.0,12.7,13.1,12.9,11.8,12.1,11.1,12.0,12.9,13.8],[12.7,11.9,10.5,9.8,8.6,9.1,7.5,7.8,5.2,1.3,7.6,7.7,10.0,13.4,12.6,12.8,14.0,12.5,11.3,12.1],[4.5,4.1,4.5,4.5,4.3,4.3,3.9,3.9,4.9,4.1,0.9,2.3,3.6,4.4,5.5,4.8,5.8,4.7,4.2,5.5],[3.1,3.1,3.9,3.8,3.8,4.3,3.3,2.8,6.4,4.8,1.5,0.8,1.8,3.1,3.9,3.3,4.1,3.7,3.6,5.1],[3.0,3.3,3.9,4.4,4.1,4.8,4.1,3.7,7.5,7.2,2.4,1.5,0.9,2.0,3.0,2.7,3.5,3.8,4.5,5.5],[4.2,4.7,5.3,6.2,5.7,6.5,5.8,4.6,9.5,9.2,4.5,3.0,2.2,1.1,2.9,2.8,3.8,4.7,4.6,6.5],[3.9,5.2,5.9,6.9,6.3,7.4,6.4,4.9,9.5,10.0,5.9,4.2,2.9,2.4,1.1,2.8,3.0,4.4,4.9,6.6],[2.8,4.1,5.0,6.0,5.8,6.4,5.2,4.5,8.8,8.9,5.3,4.2,3.1,2.8,2.3,1.0,2.8,3.3,3.9,6.0],[4.4,5.2,5.9,7.0,6.5,6.6,6.2,5.0,9.5,9.9,6.1,5.3,4.6,4.1,3.0,2.9,1.1,3.0,4.3,6.5],[3.2,3.6,4.4,4.3,4.5,4.1,3.6,3.4,7.1,6.6,4.5,4.0,3.8,4.1,3.4,2.7,2.4,0.9,1.5,4.2],[3.2,3.1,4.0,4.0,4.1,4.2,3.2,3.2,6.9,6.9,4.0,4.0,4.1,4.2,3.9,2.9,2.5,1.4,0.9,3.2],[6.6,7.3,6.0,5.4,6.6,5.6,6.4,6.4,10.4,10.2,8.2,8.1,8.0,8.8,8.9,7.4,7.6,5.7,5.6,1.5]],
  "token_chain_ids": ["A","A","A","A","A","A","A","A","A","A","A","A","A","A","A","A","A","A","A","A"],
  "token_res_ids": [1,2,3,4,5,6,7,8,9,10,11,12,13,14,15,16,17,18,19,20]
}