{
  "atom_chain_ids": ["A","A","A","A","A","A","A","A","A","A","A","A","A","A","A","A","A","A","A","A","A","A","A","A","A","A","A","A","A","A","A","A","A","A","A","A","A","A","A","A","A","A","A","A","A","A","A","A","A","A","A","A","A","A","A","A","A","A","A","A","A","A","A","A","A","A","A","A","A","A","A","A","A","A","A","A","A","A","A","A","A","A","A","A","A","A","A","A","A","A","A","A","A","A","A","A","A","A","A","A","A","A","A","A","A","A","A","A","A","A","A","A","A","A","A","A","A","A","A","A","A","A","A","A","A","A","A","A","A","A","A","A","A","A","A","A","A","A","A","A","A","A","A","A","A","A","A","A","A","A","A","A","A","A","A","A","A","A","A","A","A","A","A","A","A","A","A","A","A","A","A","A","A","A","A","A","A","A","A","A","A","A","A","A","A","A","A","A","A","A","A","A","A","A","A","A","A","A","A","A","A","A","A","A","A","A","A","A","A","A","A","A","A","A","A","A","A","A","A","A","A","A","A","A","A","A","A","A","A","A","A","A","A","A","A","A","A","A","A","A","A","A","A","A","A","A","A","A","A","A","A","A","A","A","A","A","A","A","A","A","A","A","A","A","A","A","A","A","A","A","A","A","A","A","A","A","A","A","A","A","A","A","A","A","A","A","A","A","A","A","A","A","A","A","A","A","A","A","A","A","A","A","A","A","A","A","A","A","A","A","A","A","A","A","A","A","A","A","A","A","A","A","A","A","A","A","A","A","A","A","A","A","A","A","A","A","A","A","A","A","A","A","A","A","A","A","A","A","A","A","A","A","A","A","A","A","A","A","A","A","A","A","A","A","A","A","A","A","A","A","A","A","A","A","A","A","A","A","A","A","A","A","A","A","A","A","A","A","A","A","A","A","A","A","A","A","A","A","A","A","A","A","A","A","A","A","A","A","A","A","A","A","A","A","A","A","A","A","A","A","A","A","A","A","A","A","A","A","A","A","A","A","A","A","A","A","A","A","A","A","A","A","A","A","A","A","A","A","A","A","A","A","A","A","A","A","A","A","A","A","A","A","A","A","A","A","A","A","A","A","A","A","A","A","A","A","A","A","A","A","A","A","A","A","A","A","A","A","A"],
  "atom_plddts": [42.5,43.2,38.77,37.2,44.0,43.95,44.15,44.03,46.85,46.94,45.87,45.05,44.98,43.42,41.66,40.72,40.52,39.77,38.67,39.86,41.91,52.0,46.7,46.22,51.62,52.66,54.01,53.9,55.53,54.26,54.49,51.88,53.75,52.98,50.94,51.04,50.72,49.4,47.74,48.47,50.08,50.7,62.09,58.67,59.02,62.44,63.48,64.03,66.18,65.5,64.3,65.55,64.99,65.13,65.64,65.34,65.74,66.64,66.47,65.57,65.33,65.49,65.22,66.43,66.22,64.38,64.39,66.17,67.03,67.92,69.15,68.4,67.19,68.13,67.92,68.35,69.03,68.55,68.92,69.88,69.86,69.26,68.78,68.82,68.51,69.53,66.23,63.87,63.59,65.61,65.49,65.88,67.07,66.68,65.41,66.02,64.5,65.99,66.15,65.68,65.72,66.87,66.69,65.71,65.35,65.55,64.6,66.24,56.62,54.0,53.59,56.65,55.43,55.64,53.73,55.32,54.67,53.09,51.41,53.22,51.12,48.84,48.12,47.2,46.34,44.83,46.71,49.32,51.8,46.75,45.72,52.36,52.9,54.21,54.16,56.03,55.14,54.38,53.16,54.38,52.94,49.84,49.07,48.66,47.67,46.07,47.88,50.31,55.78,51.11,50.28,55.05,55.26,56.87,56.12,57.94,56.47,56.73,53.23,55.75,53.92,51.28,50.83,50.48,48.53,46.82,47.91,49.82,49.99,58.82,53.62,54.4,58.99,60.63,61.81,64.55,63.98,62.69,63.64,63.61,63.78,64.38,64.05,64.53,65.44,65.23,64.18,64.05,64.27,64.01,65.57,63.56,60.97,61.16,63.51,65.2,66.12,68.08,67.31,66.15,67.21,67.17,67.21,67.95,67.43,67.85,68.8,68.75,68.03,67.7,67.76,67.62,68.69,64.96,63.31,62.95,63.93,63.49,63.64,64.91,64.38,63.0,63.54,61.88,63.42,63.69,64.14,64.21,65.14,65.09,64.11,63.93,63.98,62.97,64.44,58.27,55.43,55.1,57.91,56.51,56.51,55.74,56.69,55.66,54.35,52.72,54.84,53.09,52.08,51.16,50.67,50.05,48.27,50.04,52.29,52.75,48.34,47.78,53.31,53.24,53.67,53.53,55.04,54.09,53.25,51.65,53.48,52.15,50.12,49.35,48.91,48.07,46.32,48.09,50.36,59.1,54.46,53.41,58.02,59.39,60.12,60.82,61.33,60.05,60.87,57.51,59.5,58.77,56.98,56.61,57.02,55.68,53.49,54.47,55.79,56.03,64.03,60.68,60.92,64.0,65.34,66.13,68.15,67.41,66.14,67.68,67.06,67.4,67.99,67.74,68.01,68.95,68.82,67.9,67.79,67.94,67.65,68.98,65.69,63.49,63.46,65.68,66.99,67.97,69.38,68.51,67.57,68.43,68.13,68.54,69.22,68.79,69.17,70.1,70.05,69.42,69.03,69.06,68.81,69.91,65.55,63.5,62.92,64.67,64.32,64.53,65.71,64.92,63.79,64.09,62.26,63.74,63.78,63.99,64.02,65.16,64.91,63.82,63.51,63.57,62.42,64.37,56.71,53.82,53.5,56.75,56.22,56.29,55.21,56.17,55.35,53.98,52.24,53.91,51.89,49.47,48.58,47.62,46.62,45.0,47.15,49.83,53.38,48.32,47.63,54.09,54.3,55.8,56.27,57.88,57.04,56.12,54.8,56.22,54.91,51.97,51.18,50.82,49.74,48.04,49.95,52.34,58.17,53.63,52.83,57.62,58.11,59.09,58.99,60.11,58.85,59.37,55.51,57.62,56.04,53.46,52.77,52.88,51.03,49.03,50.19,51.89,51.91,62.6,59.67,59.71,62.65,63.2,64.02,65.9,65.2,64.05,64.81,63.53,64.23,64.73,64.66,64.94,66.05,65.91,64.89,64.58,64.62,63.98,65.62,64.18,62.13,61.77,64.11,65.23,65.89,67.62,66.74,65.84,66.39,65.75,65.91,66.62,66.34,66.63,67.77,67.76,66.91,66.52,66.5,66.16,67.44,64.66,62.45,61.57,63.04,64.08,64.05,65.16,64.35,63.06,63.86,62.1,63.16,63.31,63.85,63.64,64.94,64.89,63.63,63.39,63.46,62.61,64.48],
  "contact_probs": [[1.0,0.81,0.17,0.02,0.01,0.01,0.0,0.01,0.0,0.01,0.05,0.15,0.29,0.53,0.12,0.02,0.01,0.02,0.03,0.03,0.05,0.24,0.55],[0.81,1.0,0.82,0.13,0.01,0.01,0.01,0.01,0.01,0.04,0.16,0.25,0.32,0.45,0.13,0.03,0.01,0.01,0.03,0.05,0.11,0.42,0.62],[0.17,0.82,1.0,0.99,0.23,0.02,0.02,0.03,0.13,0.23,0.34,0.19,0.14,0.14,0.04,0.05,0.03,0.01,0.02,0.08,0.41,0.65,0.46],[0.02,0.13,0.99,1.0,0.99,0.17,0.18,0.18,0.39,0.42,0.45,0.08,0.03,0.03,0.04,0.04,0.05,0.01,0.02,0.19,0.43,0.27,0.18],[0.01,0.01,0.23,0.99,1.0,0.52,0.45,0.54,0.61,0.57,0.23,0.02,0.01,0.01,0.02,0.04,0.06,0.05,0.1,0.28,0.18,0.09,0.07],[0.01,0.01,0.02,0.17,0.52,1.0,0.51,0.31,0.14,0.04,0.02,0.01,0.01,0.0,0.0,0.01,0.05,0.07,0.11,0.17,0.06,0.01,0.01],[0.0,0.01,0.02,0.18,0.45,0.51,1.0,0.69,0.25,0.06,0.01,0.01,0.0,0.0,0.0,0.02,0.12,0.1,0.22,0.35,0.12,0.02,0.01],[0.01,0.01,0.03,0.18,0.54,0.31,0.69,1.0,0.77,0.17,0.03,0.01,0.01,0.01,0.02,0.16,0.41,0.21,0.37,0.44,0.15,0.04,0.02],[0.0,0.01,0.13,0.39,0.61,0.14,0.25,0.77,1.0,0.98,0.22,0.02,0.01,0.02,0.33,0.55,0.51,0.13,0.16,0.19,0.05,0.06,0.03],[0.01,0.04,0.23,0.42,0.57,0.04,0.06,0.17,0.98,1.0,0.99,0.19,0.12,0.21,0.65,0.37,0.16,0.02,0.02,0.03,0.05,0.03,0.08],[0.05,0.16,0.34,0.45,0.23,0.02,0.01,0.03,0.22,0.99,1.0,0.7,0.39,0.58,0.55,0.16,0.05,0.01,0.01,0.01,0.03,0.07,0.11],[0.15,0.25,0.19,0.08,0.02,0.01,0.01,0.01,0.02,0.19,0.7,1.0,0.57,0.39,0.14,0.02,0.01,0.0,0.0,0.0,0.01,0.03,0.17],[0.29,0.32,0.14,0.03,0.01,0.01,0.0,0.01,0.01,0.12,0.39,0.57,1.0,0.75,0.22,0.02,0.01,0.0,0.0,0.01,0.01,0.05,0.28],[0.53,0.45,0.14,0.03,0.01,0.0,0.0,0.01,0.02,0.21,0.58,0.39,0.75,1.0,0.87,0.11,0.01,0.0,0.0,0.01,0.02,0.25,0.65],[0.12,0.13,0.04,0.04,0.02,0.0,0.0,0.02,0.33,0.65,0.55,0.14,0.22,0.87,1.0,0.99,0.21,0.02,0.02,0.02,0.21,0.48,0.44],[0.02,0.03,0.05,0.04,0.04,0.01,0.02,0.16,0.55,0.37,0.16,0.02,0.02,0.11,0.99,1.0,0.99,0.19,0.19,0.27,0.59,0.4,0.21],[0.01,0.01,0.03,0.05,0.06,0.05,0.12,0.41,0.51,0.16,0.05,0.01,0.01,0.01,0.21,0.99,1.0,0.58,0.55,0.67,0.6,0.25,0.08],[0.02,0.01,0.01,0.01,0.05,0.07,0.1,0.21,0.13,0.02,0.01,0.0,0.0,0.0,0.02,0.19,0.58,1.0,0.51,0.29,0.12,0.02,0.01],[0.03,0.03,0.02,0.02,0.1,0.11,0.22,0.37,0.16,0.02,0.01,0.0,0.0,0.0,0.02,0.19,0.55,0.51,1.0,0.72,0.24,0.03,0.01],[0.03,0.05,0.08,0.19,0.28,0.17,0.35,0.44,0.19,0.03,0.01,0.0,0.01,0.01,0.02,0.27,0.67,0.29,0.72,1.0,0.83,0.13,0.01],[0.05,0.11,0.41,0.43,0.18,0.06,0.12,0.15,0.05,0.05,0.03,0.01,0.01,0.02,0.21,0.59,0.6,0.12,0.24,0.83,1.0,0.99,0.12],[0.24,0.42,0.65,0.27,0.09,0.01,0.02,0.04,0.06,0.03,0.07,0.03,0.05,0.25,0.48,0.4,0.25,0.02,0.03,0.13,0.99,1.0,0.99],[0.55,0.62,0.46,0.18,0.07,0.01,0.01,0.02,0.03,0.08,0.11,0.17,0.28,0.65,0.44,0.21,0.08,0.01,0.01,0.01,0.12,0.99,1.0]],
  "pae": [[1.5,8.4,12.1,12.9,16.2,17.4,18.4,17.8,16.9,14.9,14.7,13.8,11.5,11.4,13.6,15.5,18.0,18.8,19.5,17.7,16.4,13.6,10.9],[6.8,1.3,6.8,7.8,11.5,13.1,13.8,12.7,12.1,12.3,10.4,11.0,9.9,8.9,8.6,11.1,11.9,13.3,13.7,13.2,10.7,9.1,7.2],[9.1,5.2,1.0,2.3,5.4,6.7,7.1,7.3,6.1,5.6,5.6,8.7,8.7,6.4,5.0,5.7,6.3,8.6,8.0,7.9,5.8,5.4,5.3],[9.9,4.9,2.2,0.9,2.5,5.7,5.5,6.2,4.8,4.4,5.3,8.1,7.8,5.7,5.0,4.7,5.3,7.7,7.0,6.2,4.9,4.2,4.9],[10.9,6.9,4.1,2.8,0.9,5.4,4.6,6.5,5.0,5.3,6.6,9.2,8.8,6.7,6.2,6.1,5.9,8.7,7.2,6.2,5.4,5.6,6.6],[15.7,12.8,9.0,7.3,6.1,1.4,7.1,8.0,9.2,9.5,9.5,13.2,14.4,13.1,11.4,11.6,11.9,14.0,12.4,10.7,10.7,11.3,12.3],[13.9,11.2,8.7,7.0,4.9,6.2,1.2,5.2,5.2,7.2,9.2,11.6,12.6,11.0,9.6,8.5,7.0,10.5,6.7,6.5,7.5,8.7,9.9],[14.8,12.3,8.6,7.5,6.1,5.7,5.3,1.2,5.3,6.0,9.4,11.7,12.5,10.9,9.2,7.7,6.3,9.2,6.7,6.0,6.5,8.3,10.5],[12.2,9.6,7.4,6.7,5.2,6.8,5.4,4.6,1.0,2.2,4.8,8.1,8.9,7.7,6.4,5.9,5.4,8.1,6.8,6.1,5.4,6.2,7.2],[11.6,8.2,5.9,5.6,4.7,6.8,5.6,4.7,2.3,0.9,2.6,6.9,8.5,6.5,5.8,5.0,5.2,7.9,6.9,6.4,5.5,5.4,6.1],[11.8,9.4,6.4,5.9,5.1,7.5,6.9,6.6,4.4,2.4,0.9,6.1,8.2,6.3,5.5,6.7,7.1,9.4,9.0,7.7,6.8,7.0,6.9],[14.1,12.2,10.4,10.1,11.7,12.5,13.4,13.6,10.5,8.0,7.1,1.5,8.7,7.6,9.0,12.2,13.3,14.7,14.2,13.9,13.4,13.2,11.9],[12.4,9.3,10.2,10.4,12.5,12.8,14.1,13.6,11.5,9.9,7.3,7.1,1.4,5.9,8.2,11.2,12.2,14.1,14.0,13.7,12.6,11.9,9.7],[11.8,7.8,6.5,7.0,8.3,10.2,10.3,10.0,7.5,6.2,5.6,6.8,4.6,1.2,4.9,5.7,8.0,10.2,10.4,10.0,9.0,7.6,6.7],[10.4,7.2,5.1,5.8,6.5,8.2,7.3,6.7,5.8,5.4,5.5,7.4,6.1,4.2,1.0,2.5,4.7,7.2,7.5,7.2,5.7,5.3,5.4],[10.0,6.8,5.3,5.1,5.1,7.4,6.4,5.5,4.5,4.4,5.3,7.9,7.4,4.3,2.5,0.9,2.1,5.7,5.0,5.5,4.2,4.3,5.2],[11.3,8.4,6.4,5.9,6.0,8.5,6.9,5.9,5.0,5.3,6.5,9.5,8.7,5.8,4.2,2.6,0.9,4.7,4.0,5.6,4.9,5.3,6.5],[15.7,13.5,11.9,10.9,10.6,12.7,9.7,8.9,9.7,10.8,12.1,13.6,14.4,12.2,9.1,6.9,5.7,1.4,6.0,7.0,7.9,8.8,10.2],[14.0,11.3,9.3,8.4,7.9,9.9,7.3,6.4,6.9,8.2,9.4,11.7,12.1,10.3,8.4,6.8,4.3,5.3,1.2,4.2,5.2,7.2,8.0],[14.7,11.8,8.5,7.3,6.2,8.5,6.3,5.7,5.9,7.1,8.8,11.4,11.8,10.2,8.1,6.0,5.0,5.4,3.4,1.1,4.1,4.9,8.0],[11.6,8.3,7.0,6.4,5.6,7.7,6.2,5.5,5.3,6.2,6.7,9.3,9.0,7.2,5.8,5.8,5.0,6.4,4.5,4.1,1.0,2.5,5.1],[11.7,7.5,5.8,5.3,6.0,7.9,7.0,6.7,5.5,5.6,6.1,8.7,8.4,6.6,5.2,4.9,4.8,7.2,6.0,4.7,2.6,0.9,3.0],[11.7,7.7,6.0,6.4,7.6,9.2,8.8,8.3,6.9,7.2,6.9,9.7,8.9,7.0,5.6,5.5,5.7,8.4,8.3,7.2,4.4,2.7,1.1]],
  "token_chain_ids": ["A","A","A","A","A","A","A","A","A","A","A","A","A","A","A","A","A","A","A","A","A","A","A"],
  "token_res_ids": [1,2,3,4,5,6,7,8,9,10,11,12,13,14,15,16,17,18,19,20,21,22,23]
}