{
  "atom_chain_ids": ["A","A","A","A","A","A","A","A","A","A","A","A","A","A","A","A","A","A","A","A","A","A","A","A","A","A","A","A","A","A","A","A","A","A","A","A","A","A","A","A","A","A","A","A","A","A","A","A","A","A","A","A","A","A","A","A","A","A","A","A","A","A","A","A","A","A","A","A","A","A","A","A","A","A","A","A","A","A","A","A","A","A","A","A","A","A","A","A","A","A","A","A","A","A","A","A","A","A","A","A","A","A","A","A","A","A","A","A","A","A","A","A","A","A","A","A","A","A","A","A","A","A","A","A","A","A","A","A","A","A","A","A","A","A","A","A","A","A","A","A","A","A","A","A","A","A","A","A","A","A","A","A","A","A","A","A","A","A","A","A","A","A","A","A","A","A","A","A","A","A","A","A","A","A","A","A","A","A","A","A","A","A","A","A","A","A","A","A","A","A","A","A","A","A","A","A","A","A","A","A","A","A","A","A","A","A","A","A","A","A","A","A","A","A","A","A","A","A","A","A","A","A","A","A","A","A","A","A","A","A","A","A","A","A","A","A","A","A","A","A","A","A","A","A","A","A","A","A","A","A","A","A","A","A","A","A","A","A","A","A","A","A","A","A","A","A","A","A","A","A","A","A","A","A","A","A","A","A","A","A","A","A","A","A","A","A","A","A","A","A","A","A","A","A","A","A","A","A","A","A","A","A","A","A","A","A","A","A","A","A","A","A","A","A","A","A","A","A","A","A","A","A","A","A","A","A","A","A","A","A","A","A","A","A","A","A","A","A","A","A","A","A","A","A","A","A","A","A","A","A","A","A","A","A","A","A","A","A","A","A","A","A","A","A","A","A","A","A","A","A","A","A","A","A","A","A","A","A","A","A","A","A","A","A","A","A","A","A","A","A","A","A","A","A","A","A","A","A","A","A","A","A","A","A","A","A","A","A","A","A","A","A","A","A","A","A","A","A","A","A","A","A","A","A","A","A","A","A","A","A","A","A","A","A","A","A","A","A","A","A","A","A","A","A","A","A","A","A","A","A","A","A","A","A","A","A","A","A","A","A","A","A","A","A","A","A","A","A","A","A","A","A","A","A","A","A","A","A","A","A","A","A","A","A","A","A","A","A","A"],
  "atom_plddts": [42.66,43.32,38.84,37.24,44.2,44.12,44.23,44.19,46.98,47.08,46.02,44.99,44.94,43.45,41.57,40.53,40.41,39.73,38.63,39.85,41.79,52.34,47.18,46.65,51.95,52.87,54.03,54.13,55.93,54.67,54.95,51.96,53.84,52.95,50.65,50.54,50.34,48.98,47.24,48.02,49.61,50.21,61.19,57.65,58.16,61.69,62.65,63.3,65.57,65.05,63.84,64.93,64.28,64.43,64.95,64.47,64.85,65.84,65.68,64.66,64.38,64.49,64.13,65.59,65.21,63.33,63.33,65.12,65.9,66.78,68.23,67.45,66.22,66.95,66.75,67.22,67.91,67.38,67.75,68.82,68.79,68.14,67.58,67.6,67.25,68.36,65.55,63.69,63.23,64.67,64.25,64.31,65.5,65.15,63.85,64.15,62.4,64.02,64.06,63.71,63.67,64.86,64.68,63.61,63.24,63.43,62.27,64.02,54.16,52.13,51.51,54.05,52.92,52.73,50.55,52.41,51.61,50.38,48.49,50.19,47.96,45.55,44.77,43.79,42.97,41.56,43.42,45.98,50.18,45.38,44.02,50.64,51.05,52.06,51.76,54.13,53.31,52.67,51.28,52.5,50.94,47.63,46.83,46.28,45.31,43.73,45.64,48.14,54.44,49.8,48.96,53.82,53.88,55.37,54.4,56.47,55.07,55.11,51.53,54.12,52.21,49.53,49.02,48.59,46.66,44.94,46.06,48.04,48.17,57.66,53.05,53.95,57.89,59.45,60.48,63.11,62.56,61.24,61.89,61.81,61.95,62.51,62.13,62.61,63.46,63.27,62.26,62.03,62.31,61.89,63.39,63.5,61.1,61.16,63.28,64.51,65.24,67.23,66.46,65.26,66.03,65.7,65.97,66.69,66.34,66.67,67.67,67.62,66.84,66.48,66.54,66.22,67.36,64.49,62.77,62.48,63.48,63.13,63.25,64.63,63.98,62.59,63.11,61.49,63.04,63.3,63.8,63.85,64.78,64.72,63.74,63.56,63.61,62.63,64.11,55.66,53.19,52.72,55.38,54.33,53.89,52.61,54.26,53.08,51.9,50.01,51.65,49.5,47.74,46.53,45.84,45.19,43.43,45.45,47.91,52.64,48.25,47.68,53.3,53.25,53.52,53.38,55.13,54.23,53.35,51.69,53.46,52.11,49.81,48.93,48.48,47.63,45.81,47.7,50.02,60.92,56.51,55.37,59.92,61.3,62.07,62.95,63.2,61.89,62.77,59.46,61.39,60.75,58.84,58.46,59.11,57.76,55.57,56.5,57.69,57.87,64.15,60.74,60.91,64.22,65.51,66.48,68.42,67.85,66.61,68.1,67.37,67.77,68.32,67.81,68.07,69.04,68.9,67.93,67.82,67.99,67.69,69.12,65.28,63.31,63.19,65.11,66.2,67.07,68.53,67.63,66.69,67.3,66.76,67.27,67.91,67.6,67.87,68.88,68.86,68.13,67.71,67.75,67.35,68.54,64.98,63.2,62.69,63.93,63.64,63.69,64.95,63.96,62.81,63.03,61.21,62.73,62.76,63.25,63.2,64.3,64.09,62.98,62.71,62.8,61.59,63.47,53.97,51.47,51.03,53.74,53.6,53.42,52.15,53.42,52.37,51.43,49.52,50.95,49.01,46.31,45.35,44.34,43.4,41.85,43.98,46.62,51.76,46.56,45.72,52.47,52.74,54.06,54.45,56.25,55.42,54.61,53.19,54.54,53.21,50.18,49.37,48.91,47.79,46.08,48.04,50.49,59.38,54.5,53.68,58.83,59.29,60.52,60.94,61.5,60.24,60.77,57.17,59.53,58.39,56.0,55.43,55.9,54.14,51.96,53.1,54.64,54.7,63.27,60.34,60.43,63.38,64.14,65.13,66.9,66.26,65.09,65.88,64.66,65.42,65.95,65.69,65.92,67.08,66.94,65.9,65.61,65.64,65.0,66.74,64.48,62.38,62.05,64.43,65.65,66.44,68.06,67.22,66.3,66.84,66.21,66.42,67.13,66.76,67.04,68.21,68.21,67.34,66.93,66.89,66.54,67.89,64.67,62.56,61.67,63.08,63.92,63.96,64.9,64.2,62.88,63.51,61.63,62.83,62.91,63.35,63.13,64.51,64.47,63.14,62.84,62.88,61.94,64.01],
  "contact_probs": [[1.0,0.81,0.17,0.02,0.01,0.01,0.0,0.01,0.0,0.01,0.05,0.15,0.29,0.53,0.12,0.02,0.01,0.02,0.03,0.03,0.05,0.24,0.55],[0.81,1.0,0.82,0.13,0.01,0.01,0.01,0.01,0.01,0.04,0.16,0.25,0.32,0.45,0.13,0.03,0.01,0.01,0.03,0.05,0.11,0.42,0.62],[0.17,0.82,1.0,0.99,0.23,0.02,0.02,0.03,0.13,0.23,0.34,0.19,0.14,0.14,0.04,0.05,0.03,0.01,0.02,0.08,0.41,0.65,0.46],[0.02,0.13,0.99,1.0,0.99,0.17,0.18,0.18,0.39,0.42,0.45,0.08,0.03,0.03,0.04,0.04,0.05,0.01,0.02,0.19,0.43,0.27,0.18],[0.01,0.01,0.23,0.99,1.0,0.52,0.45,0.54,0.61,0.57,0.23,0.02,0.01,0.01,0.02,0.04,0.06,0.05,0.1,0.28,0.18,0.09,0.07],[0.01,0.01,0.02,0.17,0.52,1.0,0.51,0.31,0.14,0.04,0.02,0.01,0.01,0.0,0.0,0.01,0.05,0.07,0.11,0.17,0.06,0.01,0.01],[0.0,0.01,0.02,0.18,0.45,0.51,1.0,0.69,0.25,0.06,0.01,0.01,0.0,0.0,0.0,0.02,0.12,0.1,0.22,0.35,0.12,0.02,0.01],[0.01,0.01,0.03,0.18,0.54,0.31,0.69,1.0,0.77,0.17,0.03,0.01,0.01,0.01,0.02,0.16,0.41,0.21,0.37,0.44,0.15,0.04,0.02],[0.0,0.01,0.13,0.39,0.61,0.14,0.25,0.77,1.0,0.98,0.22,0.02,0.01,0.02,0.33,0.55,0.51,0.13,0.16,0.19,0.05,0.06,0.03],[0.01,0.04,0.23,0.42,0.57,0.04,0.06,0.17,0.98,1.0,0.99,0.19,0.12,0.21,0.65,0.37,0.16,0.02,0.02,0.03,0.05,0.03,0.08],[0.05,0.16,0.34,0.45,0.23,0.02,0.01,0.03,0.22,0.99,1.0,0.7,0.39,0.58,0.55,0.16,0.05,0.01,0.01,0.01,0.03,0.07,0.11],[0.15,0.25,0.19,0.08,0.02,0.01,0.01,0.01,0.02,0.19,0.7,1.0,0.57,0.39,0.14,0.02,0.01,0.0,0.0,0.0,0.01,0.03,0.17],[0.29,0.32,0.14,0.03,0.01,0.01,0.0,0.01,0.01,0.12,0.39,0.57,1.0,0.75,0.22,0.02,0.01,0.0,0.0,0.01,0.01,0.05,0.28],[0.53,0.45,0.14,0.03,0.01,0.0,0.0,0.01,0.02,0.21,0.58,0.39,0.75,1.0,0.87,0.11,0.01,0.0,0.0,0.01,0.02,0.25,0.65],[0.12,0.13,0.04,0.04,0.02,0.0,0.0,0.02,0.33,0.65,0.55,0.14,0.22,0.87,1.0,0.99,0.21,0.02,0.02,0.02,0.21,0.48,0.44],[0.02,0.03,0.05,0.04,0.04,0.01,0.02,0.16,0.55,0.37,0.16,0.02,0.02,0.11,0.99,1.0,0.99,0.19,0.19,0.27,0.59,0.4,0.21],[0.01,0.01,0.03,0.05,0.06,0.05,0.12,0.41,0.51,0.16,0.05,0.01,0.01,0.01,0.21,0.99,1.0,0.58,0.55,0.67,0.6,0.25,0.08],[0.02,0.01,0.01,0.01,0.05,0.07,0.1,0.21,0.13,0.02,0.01,0.0,0.0,0.0,0.02,0.19,0.58,1.0,0.51,0.29,0.12,0.02,0.01],[0.03,0.03,0.02,0.02,0.1,0.11,0.22,0.37,0.16,0.02,0.01,0.0,0.0,0.0,0.02,0.19,0.55,0.51,1.0,0.72,0.24,0.03,0.01],[0.03,0.05,0.08,0.19,0.28,0.17,0.35,0.44,0.19,0.03,0.01,0.0,0.01,0.01,0.02,0.27,0.67,0.29,0.72,1.0,0.83,0.13,0.01],[0.05,0.11,0.41,0.43,0.18,0.06,0.12,0.15,0.05,0.05,0.03,0.01,0.01,0.02,0.21,0.59,0.6,0.12,0.24,0.83,1.0,0.99,0.12],[0.24,0.42,0.65,0.27,0.09,0.01,0.02,0.04,0.06,0.03,0.07,0.03,0.05,0.25,0.48,0.4,0.25,0.02,0.03,0.13,0.99,1.0,0.99],[0.55,0.62,0.46,0.18,0.07,0.01,0.01,0.02,0.03,0.08,0.11,0.17,0.28,0.65,0.44,0.21,0.08,0.01,0.01,0.01,0.12,0.99,1.0]],
  "pae": [[1.4,8.8,11.8,12.8,15.3,16.4,17.8,17.7,15.9,13.7,13.6,13.9,8.7,10.1,12.5,14.9,17.0,18.6,19.0,18.0,15.3,13.1,10.1],[7.0,1.2,7.1,8.2,12.0,13.5,13.7,13.1,12.3,12.2,9.8,11.9,7.8,8.5,8.9,10.7,11.1,13.4,13.5,12.5,10.3,8.7,7.1],[9.1,4.4,1.0,2.4,4.8,7.7,8.0,7.5,6.0,5.5,5.7,9.6,8.6,5.7,5.0,6.1,6.0,8.4,7.8,5.9,5.2,5.6,5.4],[9.6,4.4,2.1,0.9,2.2,6.6,6.7,6.6,4.7,4.3,5.0,9.0,7.8,5.6,5.0,4.8,5.4,7.8,6.7,5.1,4.5,4.3,5.0],[10.8,6.5,3.9,2.5,1.0,6.9,6.1,7.5,5.4,5.1,6.2,10.4,9.6,6.5,6.1,6.2,6.5,9.7,7.6,5.6,5.5,5.7,6.6],[17.6,15.8,11.8,10.6,9.5,1.5,9.7,10.5,11.5,11.6,11.5,15.4,16.9,15.9,14.6,14.9,14.8,17.5,15.3,13.0,13.6,14.0,15.7],[14.7,13.1,10.2,9.6,6.9,8.0,1.4,6.5,6.9,8.8,10.1,13.9,14.4,12.6,10.8,10.3,8.9,13.1,8.0,7.6,9.4,11.3,11.9],[14.3,13.2,10.4,9.2,7.9,7.1,5.9,1.2,5.8,6.7,10.4,13.1,13.7,11.1,10.5,9.2,7.3,10.8,7.5,7.5,8.3,9.7,11.7],[12.1,10.6,8.4,7.2,5.9,8.3,6.0,5.1,1.0,2.5,5.1,9.2,10.4,8.2,6.3,6.3,5.9,8.9,6.5,5.7,6.1,7.1,8.5],[10.4,7.8,6.2,5.5,5.2,8.2,6.9,5.3,2.5,0.9,2.8,7.6,8.8,6.2,5.9,5.1,5.6,8.9,6.9,5.9,5.6,5.6,6.5],[10.8,9.3,6.6,5.6,5.2,8.9,7.7,6.4,4.3,2.5,0.9,8.0,8.3,5.5,5.9,6.7,6.6,9.9,8.4,6.6,6.6,6.9,7.0],[13.2,12.4,10.9,11.2,12.1,13.7,15.4,14.0,11.4,9.4,7.8,1.5,10.8,8.8,11.3,12.9,15.0,16.6,15.4,15.5,14.1,13.3,14.1],[10.2,8.2,10.3,10.2,12.5,13.7,14.1,12.7,12.5,11.1,8.4,8.6,1.4,6.0,8.7,11.0,11.5,13.1,13.4,13.5,13.1,11.6,9.6],[10.3,7.5,6.3,6.8,7.9,10.7,9.5,9.1,6.7,5.9,5.3,7.2,4.5,1.1,3.7,5.5,6.8,9.5,9.0,7.9,6.8,6.0,6.0],[9.5,7.4,5.4,6.1,6.8,9.4,8.2,7.0,5.4,5.7,5.5,7.9,6.2,3.1,1.0,2.2,4.3,7.3,7.0,6.1,5.1,4.9,5.5],[9.5,6.7,5.2,5.2,5.4,8.6,6.8,5.9,4.6,4.6,5.1,8.3,7.3,3.7,2.3,0.9,2.0,5.8,5.0,4.9,4.1,4.1,5.0],[10.6,8.4,6.5,6.2,6.5,9.6,7.7,6.8,5.4,5.7,6.2,10.0,8.7,5.1,4.1,2.5,0.9,5.6,4.2,5.0,4.9,5.1,7.0],[15.2,14.1,13.4,13.3,13.7,15.4,12.2,11.5,11.5,13.5,14.2,15.5,15.1,12.7,10.6,7.8,5.5,1.4,6.5,8.3,9.1,10.4,11.2],[13.5,11.7,9.4,8.7,9.6,11.9,7.7,7.1,7.6,9.2,9.8,11.9,12.9,9.9,8.4,6.5,4.0,5.1,1.2,4.9,5.4,6.8,7.9],[11.8,8.6,6.8,6.8,5.8,9.4,6.3,6.6,5.3,6.8,7.2,10.4,9.9,7.7,6.8,6.0,4.4,5.3,3.6,1.1,3.3,5.3,6.0],[10.4,7.3,5.5,5.5,5.3,8.4,6.6,5.6,4.8,5.9,6.4,9.4,8.6,6.0,5.0,5.0,4.5,6.4,4.8,3.4,1.0,1.9,4.2],[10.1,6.7,4.8,4.7,5.6,8.5,7.1,6.3,5.5,5.1,5.5,8.6,7.4,5.2,4.3,4.3,4.5,6.7,5.6,3.7,2.3,0.9,2.2],[10.3,7.1,5.2,5.9,6.8,9.7,9.3,8.2,6.6,7.0,6.1,10.2,8.6,5.3,4.8,5.1,5.5,8.6,7.4,5.2,3.8,2.3,1.0]],
  "token_chain_ids": ["A","A","A","A","A","A","A","A","A","A","A","A","A","A","A","A","A","A","A","A","A","A","A"],
  "token_res_ids": [1,2,3,4,5,6,7,8,9,10,11,12,13,14,15,16,17,18,19,20,21,22,23]
}