{
  "atom_chain_ids": ["A","A","A","A","A","A","A","A","A","A","A","A","A","A","A","A","A","A","A","A","A","A","A","A","A","A","A","A","A","A","A","A","A","A","A","A","A","A","A","A","A","A","A","A","A","A","A","A","A","A","A","A","A","A","A","A","A","A","A","A","A","A","A","A","A","A","A","A","A","A","A","A","A","A","A","A","A","A","A","A","A","A","A","A","A","A","A","A","A","A","A","A","A","A","A","A","A","A","A","A","A","A","A","A","A","A","A","A","A","A","A","A","A","A","A","A","A","A","A","A","A","A","A","A","A","A","A","A","A","A","A","A","A","A","A","A","A","A","A","A","A","A","A","A","A","A","A","A","A","A","A","A","A","A","A","A","A","A","A","A","A","A","A","A","A","A","A","A","A","A","A","A","A","A","A","A","A","A","A","A","A","A","A","A","A","A","A","A","A","A","A","A","A","A","A","A","A","A","A","A","A","A","A","A","A","A","A","A","A","A","A","A","A","A","A","A","A","A","A","A","A","A","A","A","A","A","A","A","A","A","A","A","A","A","A","A","A","A","A","A","A","A","A","A","A","A","A","A","A","A","A","A","A","A","A","A","A","A","A","A","A","A","A","A","A","A","A","A","A","A","A","A","A","A","A","A","A","A","A","A","A","A","A","A","A","A","A","A","A","A","A","A","A","A","A","A","A","A","A","A","A","A","A","A","A","A","A","A","A","A","A","A","A","A","A","A","A","A","A","A","A","A","A","A","A","A","A","A","A","A","A","A","A","A","A","A","A","A","A","A","A","A","A","A","A","A","A","A","A","A","A","A","A","A","A","A","A","A","A","A","A","A","A","A","A","A","A","A","A","A","A","A","A","A","A","A","A","A","A","A","A","A","A","A","A","A","A","A","A","A","A","A","A","A","A","A","A","A","A","A","A","A","A","A","A","A","A","A","A","A","A","A","A","A","A","A","A","A","A","A","A","A","A","A","A","A","A","A","A","A","A","A","A","A","A","A","A","A","A","A","A","A","A","A","A","A","A","A","A","A","A","A","A","A","A","A","A","A","A","A","A","A","A","A","A","A","A","A","A","A","A","A","A","A","A","A","A","A","A","A","A","A","A","A","A","A","A","A","A"],
  "atom_plddts": [43.09,43.58,39.1,37.58,44.49,44.67,45.26,45.4,47.6,47.54,46.55,45.59,45.86,44.6,42.83,42.09,41.99,41.33,40.32,41.26,43.14,52.56,47.47,46.93,52.11,52.99,53.96,54.04,55.66,54.47,54.74,51.75,53.79,52.89,50.69,50.61,50.41,49.09,47.34,48.11,49.64,50.2,59.46,55.7,56.4,60.0,61.23,61.84,64.3,63.66,62.5,63.46,62.92,62.93,63.49,63.05,63.46,64.45,64.28,63.28,62.96,63.07,62.76,64.19,63.69,61.89,61.91,63.66,64.57,65.37,67.08,66.18,64.95,65.55,65.41,65.76,66.47,65.94,66.31,67.43,67.4,66.73,66.1,66.15,65.8,66.93,64.28,62.5,62.11,63.36,62.88,62.88,64.08,63.69,62.43,62.61,60.94,62.58,62.59,62.39,62.4,63.5,63.28,62.28,61.88,62.1,60.92,62.57,53.87,51.17,50.72,53.98,53.26,53.43,51.65,53.37,52.64,51.39,49.75,51.46,49.55,47.21,46.6,45.72,44.91,43.48,45.22,47.76,50.33,45.54,44.45,50.9,51.45,52.72,52.48,54.38,53.42,52.73,51.52,52.92,51.6,48.66,48.1,47.67,46.73,45.22,46.82,49.12,54.99,49.91,49.08,54.3,54.5,56.08,55.48,57.21,55.83,56.04,52.82,55.41,53.8,51.44,51.11,50.77,48.98,47.21,48.28,50.16,50.41,58.26,53.88,54.76,58.44,60.15,61.1,63.69,62.98,61.69,62.35,62.16,62.37,62.94,62.63,62.99,63.86,63.67,62.65,62.45,62.71,62.21,63.73,62.21,59.85,59.97,62.09,63.63,64.34,66.57,65.66,64.51,65.28,65.12,65.13,65.85,65.43,65.78,66.78,66.76,66.0,65.57,65.65,65.43,66.48,63.28,61.96,61.56,62.11,61.61,61.49,62.79,62.12,60.73,61.01,59.29,60.91,61.07,61.77,61.81,62.67,62.61,61.66,61.47,61.56,60.5,61.88,52.53,50.27,49.61,52.34,51.67,51.18,49.62,51.7,50.37,49.49,47.51,48.81,46.64,44.65,43.52,42.82,42.11,40.5,42.42,44.86,48.63,44.66,43.77,49.18,49.33,49.64,49.23,51.35,50.27,49.85,48.2,49.82,48.57,46.33,45.76,45.29,44.51,43.0,44.46,46.64,58.66,54.51,53.56,57.62,58.87,59.49,59.91,60.56,59.3,59.98,56.4,58.51,57.66,55.76,55.32,55.66,54.3,52.14,53.09,54.43,54.54,62.7,59.3,59.66,62.73,64.17,64.93,67.05,66.3,65.02,66.46,65.68,65.99,66.56,66.33,66.54,67.52,67.43,66.42,66.28,66.46,66.09,67.48,64.7,62.84,62.71,64.51,65.59,66.35,67.88,66.92,65.96,66.55,66.05,66.48,67.13,66.9,67.18,68.17,68.16,67.45,66.98,67.03,66.62,67.76,64.12,62.19,61.61,63.17,62.96,62.94,64.15,63.22,62.07,62.26,60.36,61.76,61.75,62.21,62.14,63.24,62.99,61.85,61.58,61.67,60.45,62.41,53.7,51.19,50.71,53.34,53.15,52.91,51.91,52.91,51.77,50.94,49.02,50.58,48.92,46.7,45.9,45.04,44.16,42.64,44.53,46.93,51.87,47.44,46.78,52.43,52.59,53.59,53.78,55.28,54.43,53.54,52.07,53.58,52.29,49.6,48.86,48.39,47.35,45.72,47.52,49.78,59.03,54.51,53.65,58.42,58.85,59.75,59.96,60.61,59.5,60.02,56.56,58.86,57.73,55.52,55.07,55.37,53.74,51.71,52.78,54.27,54.3,60.57,57.53,57.8,60.69,61.64,62.31,64.34,63.52,62.29,63.04,62.0,62.46,63.03,63.03,63.34,64.4,64.26,63.3,62.95,63.01,62.45,63.94,62.74,60.71,60.47,62.67,63.86,64.27,66.2,65.14,64.2,64.62,64.03,64.16,64.89,64.77,65.03,66.23,66.24,65.39,64.91,64.9,64.55,65.77,63.53,61.49,60.68,61.88,62.52,62.42,63.39,62.66,61.37,61.92,60.1,61.29,61.36,61.95,61.75,63.12,63.12,61.83,61.49,61.55,60.65,62.48],
  "contact_probs": [[1.0,0.81,0.17,0.02,0.01,0.01,0.0,0.01,0.0,0.01,0.05,0.15,0.29,0.53,0.12,0.02,0.01,0.02,0.03,0.03,0.05,0.24,0.55],[0.81,1.0,0.82,0.13,0.01,0.01,0.01,0.01,0.01,0.04,0.16,0.25,0.32,0.45,0.13,0.03,0.01,0.01,0.03,0.05,0.11,0.42,0.62],[0.17,0.82,1.0,0.99,0.23,0.02,0.02,0.03,0.13,0.23,0.34,0.19,0.14,0.14,0.04,0.05,0.03,0.01,0.02,0.08,0.41,0.65,0.46],[0.02,0.13,0.99,1.0,0.99,0.17,0.18,0.18,0.39,0.42,0.45,0.08,0.03,0.03,0.04,0.04,0.05,0.01,0.02,0.19,0.43,0.27,0.18],[0.01,0.01,0.23,0.99,1.0,0.52,0.45,0.54,0.61,0.57,0.23,0.02,0.01,0.01,0.02,0.04,0.06,0.05,0.1,0.28,0.18,0.09,0.07],[0.01,0.01,0.02,0.17,0.52,1.0,0.51,0.31,0.14,0.04,0.02,0.01,0.01,0.0,0.0,0.01,0.05,0.07,0.11,0.17,0.06,0.01,0.01],[0.0,0.01,0.02,0.18,0.45,0.51,1.0,0.69,0.25,0.06,0.01,0.01,0.0,0.0,0.0,0.02,0.12,0.1,0.22,0.35,0.12,0.02,0.01],[0.01,0.01,0.03,0.18,0.54,0.31,0.69,1.0,0.77,0.17,0.03,0.01,0.01,0.01,0.02,0.16,0.41,0.21,0.37,0.44,0.15,0.04,0.02],[0.0,0.01,0.13,0.39,0.61,0.14,0.25,0.77,1.0,0.98,0.22,0.02,0.01,0.02,0.33,0.55,0.51,0.13,0.16,0.19,0.05,0.06,0.03],[0.01,0.04,0.23,0.42,0.57,0.04,0.06,0.17,0.98,1.0,0.99,0.19,0.12,0.21,0.65,0.37,0.16,0.02,0.02,0.03,0.05,0.03,0.08],[0.05,0.16,0.34,0.45,0.23,0.02,0.01,0.03,0.22,0.99,1.0,0.7,0.39,0.58,0.55,0.16,0.05,0.01,0.01,0.01,0.03,0.07,0.11],[0.15,0.25,0.19,0.08,0.02,0.01,0.01,0.01,0.02,0.19,0.7,1.0,0.57,0.39,0.14,0.02,0.01,0.0,0.0,0.0,0.01,0.03,0.17],[0.29,0.32,0.14,0.03,0.01,0.01,0.0,0.01,0.01,0.12,0.39,0.57,1.0,0.75,0.22,0.02,0.01,0.0,0.0,0.01,0.01,0.05,0.28],[0.53,0.45,0.14,0.03,0.01,0.0,0.0,0.01,0.02,0.21,0.58,0.39,0.75,1.0,0.87,0.11,0.01,0.0,0.0,0.01,0.02,0.25,0.65],[0.12,0.13,0.04,0.04,0.02,0.0,0.0,0.02,0.33,0.65,0.55,0.14,0.22,0.87,1.0,0.99,0.21,0.02,0.02,0.02,0.21,0.48,0.44],[0.02,0.03,0.05,0.04,0.04,0.01,0.02,0.16,0.55,0.37,0.16,0.02,0.02,0.11,0.99,1.0,0.99,0.19,0.19,0.27,0.59,0.4,0.21],[0.01,0.01,0.03,0.05,0.06,0.05,0.12,0.41,0.51,0.16,0.05,0.01,0.01,0.01,0.21,0.99,1.0,0.58,0.55,0.67,0.6,0.25,0.08],[0.02,0.01,0.01,0.01,0.05,0.07,0.1,0.21,0.13,0.02,0.01,0.0,0.0,0.0,0.02,0.19,0.58,1.0,0.51,0.29,0.12,0.02,0.01],[0.03,0.03,0.02,0.02,0.1,0.11,0.22,0.37,0.16,0.02,0.01,0.0,0.0,0.0,0.02,0.19,0.55,0.51,1.0,0.72,0.24,0.03,0.01],[0.03,0.05,0.08,0.19,0.28,0.17,0.35,0.44,0.19,0.03,0.01,0.0,0.01,0.01,0.02,0.27,0.67,0.29,0.72,1.0,0.83,0.13,0.01],[0.05,0.11,0.41,0.43,0.18,0.06,0.12,0.15,0.05,0.05,0.03,0.01,0.01,0.02,0.21,0.59,0.6,0.12,0.24,0.83,1.0,0.99,0.12],[0.24,0.42,0.65,0.27,0.09,0.01,0.02,0.04,0.06,0.03,0.07,0.03,0.05,0.25,0.48,0.4,0.25,0.02,0.03,0.13,0.99,1.0,0.99],[0.55,0.62,0.46,0.18,0.07,0.01,0.01,0.02,0.03,0.08,0.11,0.17,0.28,0.65,0.44,0.21,0.08,0.01,0.01,0.01,0.12,0.99,1.0]],
  "pae": [[1.4,6.3,10.3,10.8,13.5,15.5,15.5,17.2,14.3,12.7,11.6,11.9,9.7,9.9,12.1,14.9,16.7,18.3,19.5,17.6,15.4,12.1,9.5],[6.6,1.2,5.8,6.3,9.9,12.5,12.4,11.9,11.0,10.8,9.5,11.9,9.5,9.0,8.4,10.8,11.5,13.7,14.3,11.9,10.6,8.7,6.6],[8.8,5.0,1.0,2.3,5.0,7.2,7.3,7.1,5.9,5.6,5.3,10.3,10.5,6.6,5.2,6.0,6.7,8.9,9.1,7.4,6.1,5.8,5.5],[9.1,4.4,2.1,0.9,2.1,6.0,6.0,6.2,4.6,4.3,4.9,9.6,9.1,5.6,4.9,4.8,5.5,7.8,7.3,5.8,4.9,4.4,5.0],[10.3,6.1,3.6,2.4,0.9,6.0,5.2,6.6,5.0,5.5,6.2,10.9,10.4,6.8,6.1,6.3,6.5,8.6,8.1,6.5,5.6,5.9,6.6],[17.2,14.4,10.7,8.9,8.0,1.5,8.4,9.6,10.5,11.4,10.8,16.0,17.2,14.2,14.1,13.3,13.5,14.6,14.5,12.3,12.7,13.4,14.3],[14.1,12.1,9.6,7.3,5.5,6.2,1.3,6.7,5.7,7.0,9.7,13.6,13.7,11.5,9.9,8.9,8.6,9.3,8.9,7.5,7.7,9.1,11.1],[12.8,11.2,8.4,7.3,6.2,5.0,4.4,1.1,4.6,6.3,9.2,12.5,12.3,9.9,9.1,7.4,6.5,7.3,6.7,5.9,5.8,8.2,9.4],[11.6,10.0,7.9,6.5,5.2,7.1,5.6,4.4,1.0,2.2,4.7,9.3,10.8,7.4,6.0,6.1,5.7,7.0,6.9,5.7,5.4,6.7,7.4],[10.3,8.3,5.7,5.2,4.9,7.5,6.0,4.6,2.4,0.9,2.5,9.1,9.6,5.7,5.1,4.9,5.3,7.9,7.6,5.8,5.6,5.6,6.2],[11.2,9.9,6.2,5.6,5.1,8.6,7.0,6.2,4.8,2.5,0.9,8.6,10.3,5.9,5.9,6.9,7.0,9.6,9.2,7.5,7.1,7.2,7.0],[14.3,13.3,11.9,12.5,13.5,13.6,15.8,16.5,13.0,9.8,8.6,1.5,9.5,7.7,11.2,13.9,16.3,17.4,17.6,16.7,16.1,15.2,14.0],[11.4,10.5,12.5,12.3,14.1,14.7,15.5,15.2,13.5,11.5,8.9,7.3,1.3,7.2,10.3,13.8,14.2,15.1,15.6,15.6,15.0,14.7,10.8],[11.3,9.2,7.2,7.6,8.8,10.7,9.9,9.9,7.2,5.7,5.8,8.9,5.9,1.1,5.6,6.8,9.0,11.0,11.2,9.9,9.5,8.2,7.4],[10.6,9.2,5.9,6.4,7.0,9.2,7.8,7.2,5.9,5.9,5.8,10.1,9.1,4.6,1.0,2.7,5.0,7.3,7.9,7.9,5.6,5.8,6.3],[10.2,8.0,5.6,5.6,5.7,8.2,7.2,6.2,4.9,5.2,5.6,9.7,9.5,5.0,2.8,0.9,2.3,5.4,6.2,5.9,4.8,4.9,5.9],[11.4,9.4,6.6,6.3,6.2,9.1,7.3,6.3,4.8,5.7,6.4,11.0,10.8,6.5,4.4,2.8,0.9,4.1,4.2,5.3,5.2,6.0,7.4],[15.8,14.5,12.2,11.5,10.1,14.0,9.3,7.9,8.5,10.5,13.1,15.1,15.5,12.4,9.9,7.0,4.7,1.3,5.0,5.4,7.6,9.8,11.7],[14.7,13.6,10.3,9.0,8.8,12.1,9.2,7.3,7.3,8.7,10.4,13.6,14.6,11.7,8.0,6.9,4.4,3.5,1.1,6.1,5.4,8.0,9.6],[12.9,10.4,7.6,7.3,6.1,8.7,6.8,5.9,5.7,7.2,8.2,11.7,11.7,8.5,7.4,6.3,5.2,4.4,3.6,1.1,3.4,5.6,7.3],[11.3,8.3,6.6,6.2,5.5,8.0,6.7,5.6,5.3,6.2,7.0,10.9,10.3,7.0,5.8,5.4,5.0,5.8,4.8,3.5,0.9,2.2,4.9],[11.4,7.3,5.3,4.9,5.8,8.4,7.3,6.4,5.6,5.6,5.7,10.2,9.9,6.5,5.1,4.9,5.0,7.0,6.4,4.5,2.5,0.9,2.6],[11.4,7.4,5.9,5.9,7.1,9.6,8.8,8.2,7.4,7.0,6.0,11.4,10.9,7.0,5.5,5.6,6.6,9.1,8.7,6.5,4.1,2.6,1.1]],
  "token_chain_ids": ["A","A","A","A","A","A","A","A","A","A","A","A","A","A","A","A","A","A","A","A","A","A","A"],
  "token_res_ids": [1,2,3,4,5,6,7,8,9,10,11,12,13,14,15,16,17,18,19,20,21,22,23]
}