{
  "atom_chain_ids": ["A","A","A","A","A","A","A","A","A","A","A","A","A","A","A","A","A","A","A","A","A","A","A","A","A","A","A","A","A","A","A","A","A","A","A","A","A","A","A","A","A","A","A","A","A","A","A","A","A","A","A","A","A","A","A","A","A","A","A","A","A","A","A","A","A","A","A","A","A","A","A","A","A","A","A","A","A","A","A","A","A","A","A","A","A","A","A","A","A","A","A","A","A","A","A","A","A","A","A","A","A","A","A","A","A","A","A","A","A","A","A","A","A","A","A","A","A","A","A","A","A","A","A","A","A","A","A","A","A","A","A","A","A","A","A","A","A","A","A","A","A","A","A","A","A","A","A","A","A","A","A","A","A","A","A","A","A","A","A","A","A","A","A","A","A","A","A","A","A","A","A","A","A","A","A","A","A","A","A","A","A","A","A","A","A","A","A","A","A","A","A","A","A","A","A","A","A","A","A","A","A","A","A","A","A","A","A","A","A","A","A","A","A","A","A","A","A","A","A","A","A","A","A","A","A","A","A","A","A","A","A","A","A","A","A","A","A","A","A","A","A","A","A","A","A","A","A","A","A","A","A","A","A","A","A","A","A","A","A","A","A","A","A","A","A","A","A","A","A","A","A","A","A","A","A","A","A","A","A","A","A","A","A","A","A","A","A","A","A","A","A","A","A","A","A","A","A","A","A","A","A","A","A","A","A","A","A","A","A","A","A","A","A","A","A","A","A","A","A","A","A","A","A","A","A","A","A","A","A","A","A","A","A","A","A","A","A","A","A","A","A","A","A","A","A","A","A","A","A","A","A","A","A","A","A","A","A","A","A","A","A","A","A","A","A","A","A","A","A","A","A","A","A","A","A","A","A","A","A","A","A","A","A","A","A","A","A","A","A","A","A","A","A","A","A","A","A","A","A","A","A","A","A","A","A","A","A","A","A","A","A","A","A","A","A","A","A","A","A","A","A","A","A","A","A","A","A","A","A","A","A","A","A","A","A","A","A","A","A","A","A","A","A","A","A","A","A","A","A","A","A","A","A","A","A","A","A","A","A","A","A","A","A","A","A","A","A","A","A","A","A","A","A","A","A","A","A","A","A","A","A","A","A","A","A","A","A","A","A"],
  "atom_plddts": [45.69,46.37,40.95,39.38,47.08,47.32,47.72,48.2,50.99,51.13,49.61,48.67,48.77,47.12,45.13,44.0,43.79,43.02,41.73,43.21,45.41,52.34,47.88,47.39,51.85,53.03,53.98,53.46,55.39,54.08,54.11,51.03,52.89,51.7,49.35,49.05,48.75,47.32,45.68,46.47,48.06,48.65,57.33,54.09,54.91,57.92,59.07,59.41,61.88,61.07,60.0,60.57,59.86,60.03,60.61,60.29,60.66,61.63,61.48,60.52,60.14,60.26,59.78,61.16,60.92,59.18,59.31,60.71,61.2,61.63,63.83,62.78,61.54,61.71,61.52,61.94,62.67,62.5,62.85,64.02,64.0,63.33,62.64,62.65,62.17,63.25,58.47,56.78,56.71,57.5,57.51,57.2,58.42,57.93,56.71,56.45,54.96,56.5,56.33,56.48,56.6,57.5,57.28,56.34,55.94,56.14,54.97,56.56,45.31,43.32,42.15,44.79,44.92,45.18,43.4,45.77,44.3,44.41,42.46,43.75,42.04,39.52,38.98,38.45,37.78,36.77,37.98,40.0,41.77,38.51,36.77,41.65,42.36,43.54,42.39,45.46,44.0,44.22,42.5,43.5,42.13,39.06,38.54,38.28,37.46,36.41,37.54,39.48,50.29,45.65,44.91,49.8,50.01,51.48,50.24,52.64,51.28,51.08,48.13,50.86,49.2,46.73,46.53,46.09,44.53,43.09,43.82,45.66,45.99,55.33,50.96,51.99,55.39,56.99,57.77,60.6,59.82,58.52,58.73,58.72,58.85,59.46,59.19,59.64,60.42,60.23,59.24,58.98,59.26,58.8,60.2,60.51,58.25,58.55,60.42,61.85,62.19,64.72,63.64,62.47,63.04,63.21,63.15,63.92,63.73,64.15,65.04,65.0,64.31,63.89,64.0,63.82,64.7,62.35,60.68,60.37,61.39,61.0,60.89,62.48,61.85,60.57,60.9,59.27,60.79,61.01,61.51,61.65,62.52,62.46,61.51,61.29,61.37,60.42,61.79,58.32,55.38,55.22,58.27,57.11,57.17,56.41,57.46,56.44,55.0,53.34,55.36,53.64,52.08,50.99,50.55,49.85,48.02,49.95,52.19,52.83,48.54,48.07,53.42,53.33,53.53,53.29,54.77,53.82,52.81,51.21,53.14,51.66,49.59,48.81,48.3,47.42,45.71,47.49,49.73,60.3,56.29,55.13,59.2,60.27,60.71,61.27,61.82,60.56,61.28,57.81,59.95,59.1,57.21,56.81,57.23,55.88,53.67,54.64,55.94,56.09,62.44,59.39,59.62,62.39,63.52,64.08,66.34,65.56,64.3,65.56,64.71,65.08,65.64,65.42,65.61,66.61,66.51,65.48,65.33,65.51,65.07,66.48,63.94,62.18,61.96,63.61,64.33,64.84,66.67,65.62,64.72,65.11,64.51,65.06,65.74,65.63,65.86,66.89,66.9,66.11,65.69,65.74,65.25,66.4,60.94,59.59,58.92,59.67,59.16,58.74,59.98,59.12,58.07,57.84,56.06,57.54,57.42,58.11,58.2,59.06,58.88,57.78,57.55,57.7,56.49,58.21,42.2,40.36,39.01,41.09,41.84,41.92,40.47,43.31,41.43,42.11,39.72,40.44,38.8,35.8,34.94,34.56,33.85,32.88,34.23,36.26,43.07,39.49,37.94,42.92,43.44,44.37,43.56,46.65,45.36,45.47,43.45,44.44,42.95,39.77,38.96,38.57,37.6,36.38,37.85,39.99,55.47,51.09,50.48,54.87,55.22,56.0,55.7,56.96,55.85,55.84,52.42,54.71,53.28,51.06,50.52,50.46,48.83,46.99,48.04,49.7,49.69,59.84,56.72,56.98,59.75,60.5,61.06,63.23,62.41,61.2,61.85,60.76,61.32,61.87,62.04,62.3,63.34,63.24,62.19,61.93,62.02,61.41,62.92,60.31,58.27,58.24,60.32,61.43,61.65,63.95,62.84,61.99,62.19,61.77,61.77,62.56,62.53,62.86,64.0,63.98,63.18,62.68,62.69,62.37,63.48,61.96,59.74,58.98,60.52,61.53,61.47,62.49,61.81,60.54,61.06,59.35,60.37,60.48,60.86,60.69,62.03,62.0,60.7,60.35,60.43,59.59,61.45],
  "contact_probs": [[1.0,0.81,0.17,0.02,0.01,0.01,0.0,0.01,0.0,0.01,0.05,0.15,0.29,0.53,0.12,0.02,0.01,0.02,0.03,0.03,0.05,0.24,0.55],[0.81,1.0,0.82,0.13,0.01,0.01,0.01,0.01,0.01,0.04,0.16,0.25,0.32,0.45,0.13,0.03,0.01,0.01,0.03,0.05,0.11,0.42,0.62],[0.17,0.82,1.0,0.99,0.23,0.02,0.02,0.03,0.13,0.23,0.34,0.19,0.14,0.14,0.04,0.05,0.03,0.01,0.02,0.08,0.41,0.65,0.46],[0.02,0.13,0.99,1.0,0.99,0.17,0.18,0.18,0.39,0.42,0.45,0.08,0.03,0.03,0.04,0.04,0.05,0.01,0.02,0.19,0.43,0.27,0.18],[0.01,0.01,0.23,0.99,1.0,0.52,0.45,0.54,0.61,0.57,0.23,0.02,0.01,0.01,0.02,0.04,0.06,0.05,0.1,0.28,0.18,0.09,0.07],[0.01,0.01,0.02,0.17,0.52,1.0,0.51,0.31,0.14,0.04,0.02,0.01,0.01,0.0,0.0,0.01,0.05,0.07,0.11,0.17,0.06,0.01,0.01],[0.0,0.01,0.02,0.18,0.45,0.51,1.0,0.69,0.25,0.06,0.01,0.01,0.0,0.0,0.0,0.02,0.12,0.1,0.22,0.35,0.12,0.02,0.01],[0.01,0.01,0.03,0.18,0.54,0.31,0.69,1.0,0.77,0.17,0.03,0.01,0.01,0.01,0.02,0.16,0.41,0.21,0.37,0.44,0.15,0.04,0.02],[0.0,0.01,0.13,0.39,0.61,0.14,0.25,0.77,1.0,0.98,0.22,0.02,0.01,0.02,0.33,0.55,0.51,0.13,0.16,0.19,0.05,0.06,0.03],[0.01,0.04,0.23,0.42,0.57,0.04,0.06,0.17,0.98,1.0,0.99,0.19,0.12,0.21,0.65,0.37,0.16,0.02,0.02,0.03,0.05,0.03,0.08],[0.05,0.16,0.34,0.45,0.23,0.02,0.01,0.03,0.22,0.99,1.0,0.7,0.39,0.58,0.55,0.16,0.05,0.01,0.01,0.01,0.03,0.07,0.11],[0.15,0.25,0.19,0.08,0.02,0.01,0.01,0.01,0.02,0.19,0.7,1.0,0.57,0.39,0.14,0.02,0.01,0.0,0.0,0.0,0.01,0.03,0.17],[0.29,0.32,0.14,0.03,0.01,0.01,0.0,0.01,0.01,0.12,0.39,0.57,1.0,0.75,0.22,0.02,0.01,0.0,0.0,0.01,0.01,0.05,0.28],[0.53,0.45,0.14,0.03,0.01,0.0,0.0,0.01,0.02,0.21,0.58,0.39,0.75,1.0,0.87,0.11,0.01,0.0,0.0,0.01,0.02,0.25,0.65],[0.12,0.13,0.04,0.04,0.02,0.0,0.0,0.02,0.33,0.65,0.55,0.14,0.22,0.87,1.0,0.99,0.21,0.02,0.02,0.02,0.21,0.48,0.44],[0.02,0.03,0.05,0.04,0.04,0.01,0.02,0.16,0.55,0.37,0.16,0.02,0.02,0.11,0.99,1.0,0.99,0.19,0.19,0.27,0.59,0.4,0.21],[0.01,0.01,0.03,0.05,0.06,0.05,0.12,0.41,0.51,0.16,0.05,0.01,0.01,0.01,0.21,0.99,1.0,0.58,0.55,0.67,0.6,0.25,0.08],[0.02,0.01,0.01,0.01,0.05,0.07,0.1,0.21,0.13,0.02,0.01,0.0,0.0,0.0,0.02,0.19,0.58,1.0,0.51,0.29,0.12,0.02,0.01],[0.03,0.03,0.02,0.02,0.1,0.11,0.22,0.37,0.16,0.02,0.01,0.0,0.0,0.0,0.02,0.19,0.55,0.51,1.0,0.72,0.24,0.03,0.01],[0.03,0.05,0.08,0.19,0.28,0.17,0.35,0.44,0.19,0.03,0.01,0.0,0.01,0.01,0.02,0.27,0.67,0.29,0.72,1.0,0.83,0.13,0.01],[0.05,0.11,0.41,0.43,0.18,0.06,0.12,0.15,0.05,0.05,0.03,0.01,0.01,0.02,0.21,0.59,0.6,0.12,0.24,0.83,1.0,0.99,0.12],[0.24,0.42,0.65,0.27,0.09,0.01,0.02,0.04,0.06,0.03,0.07,0.03,0.05,0.25,0.48,0.4,0.25,0.02,0.03,0.13,0.99,1.0,0.99],[0.55,0.62,0.46,0.18,0.07,0.01,0.01,0.02,0.03,0.08,0.11,0.17,0.28,0.65,0.44,0.21,0.08,0.01,0.01,0.01,0.12,0.99,1.0]],
  "pae": [[1.5,8.0,7.8,10.6,12.3,14.6,16.2,14.6,12.5,11.6,11.0,9.3,9.6,8.1,10.8,12.2,14.4,18.2,17.9,14.9,12.3,9.1,8.1],[6.3,1.2,6.8,7.4,11.3,14.1,15.4,13.2,12.0,10.4,8.8,7.5,7.5,8.3,8.9,11.5,11.6,16.7,17.1,13.8,11.2,9.1,7.5],[7.1,6.7,1.1,2.8,5.7,10.1,10.8,8.9,7.1,7.2,6.5,8.4,9.6,7.3,6.1,8.1,8.5,12.5,12.4,8.9,7.5,6.2,5.9],[9.1,6.4,2.9,1.0,3.0,8.8,9.6,7.6,6.2,5.9,6.2,7.8,8.6,6.9,6.1,6.3,7.3,11.5,11.1,8.0,6.9,5.5,5.7],[9.8,9.2,5.4,3.8,1.0,8.0,10.1,7.9,6.7,8.3,9.0,10.3,11.2,8.3,7.7,7.5,8.4,13.0,12.5,9.2,7.3,7.3,7.3],[18.3,17.6,14.4,14.4,10.3,1.6,11.1,8.2,13.6,14.2,16.3,17.6,18.2,18.8,17.4,16.3,15.0,17.5,16.9,13.5,15.3,16.0,16.0],[18.3,19.2,16.3,14.4,10.4,8.7,1.4,8.3,11.3,13.5,16.2,18.3,18.7,17.8,17.0,15.5,14.1,16.3,14.0,11.3,13.8,15.7,18.2],[14.0,15.0,13.0,10.3,8.2,8.4,7.2,1.2,7.1,8.8,11.6,13.8,14.8,13.3,13.2,11.2,10.9,13.6,12.1,10.0,10.1,11.4,12.9],[11.2,10.3,9.0,8.3,7.2,9.9,8.6,6.4,1.1,3.6,5.8,8.6,10.5,9.8,7.6,7.0,7.0,11.6,11.3,8.3,7.2,7.8,8.4],[10.1,8.4,6.3,6.5,6.7,9.9,9.8,6.1,3.3,1.0,2.9,6.3,8.3,6.9,5.7,5.3,6.2,10.6,10.2,7.5,6.3,5.9,6.3],[10.1,8.4,6.6,6.7,7.3,11.9,11.3,7.3,4.8,3.0,0.9,4.3,7.5,5.3,5.2,5.9,7.2,11.9,11.6,8.6,7.0,7.1,6.8],[11.1,7.6,8.7,10.1,11.4,14.1,13.6,11.9,9.0,6.5,5.2,1.2,6.5,5.1,6.0,8.4,10.4,15.7,14.5,11.8,10.6,9.0,8.2],[10.4,7.3,10.7,10.8,13.0,15.6,15.8,13.8,11.8,9.7,6.7,4.8,1.3,5.7,6.5,9.8,11.8,15.6,15.7,13.3,12.5,10.7,8.8],[9.2,6.5,6.9,8.1,8.7,12.6,12.5,9.9,8.6,7.6,5.8,5.3,4.9,1.2,4.1,6.2,9.2,12.8,12.5,9.4,8.3,6.4,5.9],[9.2,7.7,5.4,7.1,6.9,10.9,10.7,8.3,7.3,6.8,6.1,7.2,6.9,4.5,1.0,2.7,5.8,10.6,10.6,7.4,6.6,5.7,5.6],[9.5,7.9,6.3,5.7,6.2,10.4,9.5,7.3,5.5,5.2,5.6,7.0,8.2,4.9,2.7,0.9,2.8,10.1,9.5,6.4,5.7,5.1,5.6],[11.2,10.2,8.2,7.6,7.3,11.5,10.9,8.8,5.9,6.2,6.6,8.9,10.2,7.2,5.2,2.8,1.0,9.0,9.7,6.4,6.8,7.4,8.3],[21.5,20.0,18.5,16.9,15.7,17.1,16.3,13.3,13.6,15.9,18.0,20.3,21.0,18.8,16.2,13.4,11.1,1.5,10.1,9.9,13.8,17.7,18.5],[18.7,17.0,17.0,15.5,13.5,14.9,12.1,11.2,12.5,15.1,15.9,17.5,18.7,17.2,14.9,12.9,8.8,10.2,1.4,8.5,11.7,14.8,16.9],[13.4,13.4,10.6,9.3,8.8,12.8,12.1,9.4,8.0,9.1,10.2,12.6,13.4,11.7,9.6,6.9,7.0,10.1,7.1,1.2,6.4,8.6,9.5],[9.6,9.5,6.8,6.2,6.7,10.7,10.2,7.9,6.0,6.6,7.0,8.3,9.3,7.4,6.0,6.8,6.3,11.3,9.2,5.6,1.1,2.9,5.2],[9.1,9.4,5.9,5.7,6.8,10.6,10.7,7.9,6.8,6.2,6.7,8.0,8.7,6.3,5.6,5.5,7.5,12.0,11.0,6.3,3.8,0.9,2.7],[8.2,8.5,5.9,6.3,7.4,12.6,12.1,9.6,7.9,7.5,7.0,8.0,8.6,5.9,6.0,7.1,8.7,13.0,12.3,8.0,5.0,3.0,1.1]],
  "token_chain_ids": ["A","A","A","A","A","A","A","A","A","A","A","A","A","A","A","A","A","A","A","A","A","A","A"],
  "token_res_ids": [1,2,3,4,5,6,7,8,9,10,11,12,13,14,15,16,17,18,19,20,21,22,23]
}