{
  "atom_chain_ids": ["A","A","A","A","A","A","A","A","A","A","A","A","A","A","A","A","A","A","A","A","A","A","A","A","A","A","A","A","A","A","A","A","A","A","A","A","A","A","A","A","A","A","A","A","A","A","A","A","A","A","A","A","A","A","A","A","A","A","A","A","A","A","A","A","A","A","A","A","A","A","A","A","A","A","A","A","A","A","A","A","A","A","A","A","A","A","A","A","A","A","A","A","A","A","A","A","A","A","A","A","A","A","A","A","A","A","A","A","A","A","A","A","A","A","A","A","A","A","A","A","A","A","A","A","A","A","A","A","A","A","A","A","A","A","A","A","A","A","A","A","A","A","A","A","A","A","A","A","A","A","A","A","A","A","A","A","A","A","A","A","A","A","A","A","A","A","A","A","A","A","A","A","A","A","A","A","A","A","A","A","A","A","A","A","A","A","A","A","A","A","A","A","A","A","A","A","A","A","A","A","A","A","A","A","A","A","A","A","A","A","A","A","A","A","A","A","A","A","A","A","A","A","A","A","A","A","A","A","A","A","A","A","A","A","A","A","A","A","A","A","A","A","A","A","A","A","A","A","A","A","A","A","A","A","A","A","A","A","A","A","A","A","A","A","A","A","A","A","A","A","A","A","A","A","A","A","A","A","A","A","A","A","A","A","A","A","A","A","A","A","A","A","A","A","A","A","A","A","A","A","A","A","A","A","A","A","A","A","A","A","A","A","A","A","A","A","A","A","A","A","A","A","A","A","A","A","A","A","A","A","A","A","A","A","A","A","A","A","A","A","A","A","A","A","A","A","A","A","A","A","A","A","A","A","A","A","A","A","A","A","A","A","A","A","A","A","A","A","A","A","A","A","A","A","A","A","A","A","A","A","A","A","A","A","A","A","A","A","A","A","A","A","A","A","A","A","A","A","A","A","A","A","A","A","A","A","A","A","A","A","A","A","A","A","A","A","A","A","A","A","A","A","A","A","A","A","A","A","A","A","A","A","A","A","A","A","A","A","A","A","A","A","A","A","A","A","A","A","A","A","A","A","A","A","A","A","A","A","A","A","A","A","A","A","A","A","A","A","A","A","A","A","A","A","A","A","A","A","A","A","A","A","A","A","A","A","A","A","A"],
  "atom_plddts": [43.1,43.84,39.16,37.51,44.73,44.81,45.33,45.59,47.98,48.1,47.01,45.93,46.2,44.94,43.06,42.21,42.18,41.59,40.5,41.51,43.48,52.19,47.41,46.95,51.71,52.68,53.7,53.66,55.32,54.11,54.33,51.28,53.38,52.54,50.31,50.19,50.02,48.77,47.09,47.8,49.28,49.7,53.3,50.39,51.7,54.22,55.68,56.12,58.48,57.61,56.54,56.73,56.15,56.16,56.87,56.35,56.69,57.71,57.52,56.72,56.23,56.31,55.87,57.12,59.89,58.78,58.79,59.71,60.07,60.4,62.54,61.35,60.09,59.99,59.72,60.2,60.91,60.73,60.98,62.24,62.21,61.57,60.8,60.83,60.25,61.35,58.08,56.62,56.55,57.18,57.04,56.75,57.74,57.28,56.06,55.63,54.18,55.7,55.49,55.66,55.79,56.72,56.5,55.61,55.17,55.36,54.17,55.69,45.7,43.39,42.14,45.29,45.59,45.91,44.21,46.61,45.25,45.29,43.41,44.77,43.18,40.49,40.01,39.48,38.85,37.8,39.02,41.07,44.06,40.65,39.24,44.22,44.94,46.07,45.12,47.8,46.49,46.3,44.7,46.01,44.72,41.73,41.25,40.9,40.06,38.9,40.12,42.14,49.78,45.44,44.71,49.34,49.49,50.79,49.29,52.01,50.6,50.32,47.12,49.84,47.96,45.33,44.97,44.57,42.94,41.53,42.29,44.1,44.31,50.53,46.48,47.8,50.75,52.61,53.79,56.37,55.83,54.54,54.41,54.13,54.42,55.05,54.36,54.85,55.59,55.4,54.5,54.06,54.34,53.87,55.29,56.15,54.19,54.9,55.94,57.45,57.85,60.43,59.3,57.99,57.99,57.81,58.01,58.81,58.75,58.93,59.97,59.85,59.17,58.67,58.74,58.31,59.3,56.02,54.86,54.92,55.34,55.1,54.88,55.84,55.32,54.1,53.79,52.3,53.9,53.89,54.52,54.72,55.5,55.41,54.57,54.22,54.23,53.22,54.67,41.07,39.05,37.66,40.81,41.16,41.25,39.88,43.36,41.61,41.74,39.92,39.99,38.15,35.61,34.75,34.45,33.79,32.84,34.13,36.01,43.19,40.13,39.04,43.47,43.9,44.62,43.94,46.64,45.28,45.37,43.32,44.63,43.55,41.07,40.53,40.33,39.57,38.45,39.5,41.37,56.99,53.08,52.39,56.07,57.5,58.14,58.33,59.08,57.8,58.28,54.85,57.02,56.27,54.45,54.07,54.31,53.03,51.02,51.89,53.22,53.22,57.7,54.49,55.21,57.93,59.8,60.27,62.94,62.06,60.66,61.62,60.91,60.85,61.46,61.13,61.26,62.36,62.23,61.2,60.86,61.09,60.68,62.1,61.01,59.8,59.6,60.66,61.39,61.64,63.55,62.36,61.32,61.34,60.74,61.2,61.86,61.98,62.14,63.19,63.14,62.44,61.87,61.95,61.34,62.39,56.99,54.98,54.8,56.32,56.48,56.28,57.27,56.53,55.46,55.07,53.47,54.66,54.53,55.11,55.24,56.1,55.84,54.78,54.49,54.62,53.5,55.21,42.57,40.68,39.32,41.66,42.24,42.6,41.24,43.52,41.6,42.27,40.06,41.17,39.82,37.34,36.72,36.49,35.8,34.88,35.87,37.61,42.36,38.73,37.23,42.42,43.07,44.48,43.93,46.54,45.14,45.19,43.35,44.63,43.61,40.7,40.26,40.07,39.2,38.17,39.16,41.0,54.6,50.45,49.91,54.02,54.46,55.2,54.7,56.29,55.16,55.19,51.75,53.97,52.44,50.08,49.55,49.43,47.83,46.12,47.07,48.72,48.74,54.28,50.74,51.63,54.76,56.08,56.8,59.05,58.6,57.31,57.63,56.6,56.75,57.37,57.08,57.36,58.54,58.37,57.33,56.88,56.88,56.27,57.95,58.33,56.3,56.59,58.4,59.87,60.19,62.33,61.19,60.17,60.21,59.66,59.7,60.54,60.5,60.64,61.96,61.89,61.08,60.5,60.47,60.02,61.25,58.6,56.57,56.24,57.33,58.41,58.43,59.01,58.27,56.91,57.13,55.51,56.48,56.49,57.04,56.83,58.17,58.12,56.84,56.39,56.41,55.5,57.38],
  "contact_probs": [[1.0,0.81,0.17,0.02,0.01,0.01,0.0,0.01,0.0,0.01,0.05,0.15,0.29,0.53,0.12,0.02,0.01,0.02,0.03,0.03,0.05,0.24,0.55],[0.81,1.0,0.82,0.13,0.01,0.01,0.01,0.01,0.01,0.04,0.16,0.25,0.32,0.45,0.13,0.03,0.01,0.01,0.03,0.05,0.11,0.42,0.62],[0.17,0.82,1.0,0.99,0.23,0.02,0.02,0.03,0.13,0.23,0.34,0.19,0.14,0.14,0.04,0.05,0.03,0.01,0.02,0.08,0.41,0.65,0.46],[0.02,0.13,0.99,1.0,0.99,0.17,0.18,0.18,0.39,0.42,0.45,0.08,0.03,0.03,0.04,0.04,0.05,0.01,0.02,0.19,0.43,0.27,0.18],[0.01,0.01,0.23,0.99,1.0,0.52,0.45,0.54,0.61,0.57,0.23,0.02,0.01,0.01,0.02,0.04,0.06,0.05,0.1,0.28,0.18,0.09,0.07],[0.01,0.01,0.02,0.17,0.52,1.0,0.51,0.31,0.14,0.04,0.02,0.01,0.01,0.0,0.0,0.01,0.05,0.07,0.11,0.17,0.06,0.01,0.01],[0.0,0.01,0.02,0.18,0.45,0.51,1.0,0.69,0.25,0.06,0.01,0.01,0.0,0.0,0.0,0.02,0.12,0.1,0.22,0.35,0.12,0.02,0.01],[0.01,0.01,0.03,0.18,0.54,0.31,0.69,1.0,0.77,0.17,0.03,0.01,0.01,0.01,0.02,0.16,0.41,0.21,0.37,0.44,0.15,0.04,0.02],[0.0,0.01,0.13,0.39,0.61,0.14,0.25,0.77,1.0,0.98,0.22,0.02,0.01,0.02,0.33,0.55,0.51,0.13,0.16,0.19,0.05,0.06,0.03],[0.01,0.04,0.23,0.42,0.57,0.04,0.06,0.17,0.98,1.0,0.99,0.19,0.12,0.21,0.65,0.37,0.16,0.02,0.02,0.03,0.05,0.03,0.08],[0.05,0.16,0.34,0.45,0.23,0.02,0.01,0.03,0.22,0.99,1.0,0.7,0.39,0.58,0.55,0.16,0.05,0.01,0.01,0.01,0.03,0.07,0.11],[0.15,0.25,0.19,0.08,0.02,0.01,0.01,0.01,0.02,0.19,0.7,1.0,0.57,0.39,0.14,0.02,0.01,0.0,0.0,0.0,0.01,0.03,0.17],[0.29,0.32,0.14,0.03,0.01,0.01,0.0,0.01,0.01,0.12,0.39,0.57,1.0,0.75,0.22,0.02,0.01,0.0,0.0,0.01,0.01,0.05,0.28],[0.53,0.45,0.14,0.03,0.01,0.0,0.0,0.01,0.02,0.21,0.58,0.39,0.75,1.0,0.87,0.11,0.01,0.0,0.0,0.01,0.02,0.25,0.65],[0.12,0.13,0.04,0.04,0.02,0.0,0.0,0.02,0.33,0.65,0.55,0.14,0.22,0.87,1.0,0.99,0.21,0.02,0.02,0.02,0.21,0.48,0.44],[0.02,0.03,0.05,0.04,0.04,0.01,0.02,0.16,0.55,0.37,0.16,0.02,0.02,0.11,0.99,1.0,0.99,0.19,0.19,0.27,0.59,0.4,0.21],[0.01,0.01,0.03,0.05,0.06,0.05,0.12,0.41,0.51,0.16,0.05,0.01,0.01,0.01,0.21,0.99,1.0,0.58,0.55,0.67,0.6,0.25,0.08],[0.02,0.01,0.01,0.01,0.05,0.07,0.1,0.21,0.13,0.02,0.01,0.0,0.0,0.0,0.02,0.19,0.58,1.0,0.51,0.29,0.12,0.02,0.01],[0.03,0.03,0.02,0.02,0.1,0.11,0.22,0.37,0.16,0.02,0.01,0.0,0.0,0.0,0.02,0.19,0.55,0.51,1.0,0.72,0.24,0.03,0.01],[0.03,0.05,0.08,0.19,0.28,0.17,0.35,0.44,0.19,0.03,0.01,0.0,0.01,0.01,0.02,0.27,0.67,0.29,0.72,1.0,0.83,0.13,0.01],[0.05,0.11,0.41,0.43,0.18,0.06,0.12,0.15,0.05,0.05,0.03,0.01,0.01,0.02,0.21,0.59,0.6,0.12,0.24,0.83,1.0,0.99,0.12],[0.24,0.42,0.65,0.27,0.09,0.01,0.02,0.04,0.06,0.03,0.07,0.03,0.05,0.25,0.48,0.4,0.25,0.02,0.03,0.13,0.99,1.0,0.99],[0.55,0.62,0.46,0.18,0.07,0.01,0.01,0.02,0.03,0.08,0.11,0.17,0.28,0.65,0.44,0.21,0.08,0.01,0.01,0.01,0.12,0.99,1.0]],
  "pae": [[1.5,8.7,8.7,10.9,12.9,15.7,15.7,14.9,12.9,11.8,9.1,12.0,9.7,9.1,9.6,11.6,12.5,18.2,17.6,15.8,13.5,11.3,10.4],[6.8,1.3,6.1,6.8,9.6,12.7,12.9,11.7,10.8,10.3,9.0,12.8,9.9,8.6,7.3,9.8,10.2,14.0,14.5,12.3,9.9,9.0,8.5],[8.6,6.2,1.0,2.7,5.5,9.3,9.2,9.3,8.2,7.3,8.4,13.3,11.5,8.3,7.2,8.2,6.8,11.9,11.2,8.4,7.1,7.4,7.8],[9.0,5.7,2.5,0.9,2.7,8.5,8.4,8.3,6.9,6.5,7.1,12.4,10.9,7.2,6.2,6.5,6.3,10.8,10.3,7.8,6.3,5.8,7.0],[9.5,7.1,4.5,2.9,0.9,7.5,7.8,8.1,7.2,7.9,8.6,14.5,12.7,8.5,7.4,7.5,6.1,12.3,11.3,7.7,6.6,7.0,8.4],[15.7,14.6,12.0,11.2,8.9,1.3,8.0,6.2,10.9,12.4,13.2,16.9,18.2,15.3,13.8,13.8,12.8,15.3,14.9,12.0,12.0,12.8,13.6],[15.8,14.0,11.6,11.2,6.5,6.2,1.2,7.1,8.2,10.4,12.2,16.5,17.3,14.0,12.7,12.5,11.3,15.3,12.7,10.1,9.7,11.7,13.0],[13.2,12.5,11.1,9.0,6.9,7.3,4.9,1.2,6.4,8.4,10.8,15.1,14.4,11.4,11.6,10.0,9.1,13.3,9.9,8.2,7.5,10.4,10.9],[11.4,11.0,9.8,7.7,7.2,9.8,8.3,6.3,1.0,3.1,6.0,12.3,13.0,9.7,8.1,7.9,7.2,11.6,10.5,7.7,7.6,7.1,8.6],[10.1,9.3,7.6,7.1,7.4,10.0,9.0,6.0,3.7,0.9,3.3,11.6,11.7,7.5,7.4,7.1,7.7,12.0,11.1,8.4,7.0,7.4,7.5],[11.0,10.3,7.9,8.4,8.0,11.0,10.2,8.7,6.9,4.0,1.0,11.0,12.0,7.4,7.8,9.2,10.0,13.7,13.2,10.4,9.3,8.3,7.4],[14.0,15.5,16.6,17.6,19.3,19.6,20.1,18.4,18.5,16.0,12.3,1.4,11.6,11.4,13.2,16.2,18.9,21.0,20.6,20.2,19.9,16.8,14.8],[10.9,12.4,13.8,14.7,14.9,17.1,19.3,17.2,16.4,13.8,12.7,10.0,1.3,10.6,9.1,14.1,15.4,17.6,17.8,17.9,16.3,14.3,12.8],[9.8,8.0,7.9,9.1,10.0,13.4,12.6,11.5,9.8,8.5,7.9,9.9,6.1,1.1,4.3,7.4,9.5,13.9,13.9,11.5,10.0,8.6,7.5],[9.9,8.1,6.3,7.4,7.0,10.7,9.9,9.1,7.8,7.5,7.5,11.9,10.0,4.5,1.0,3.1,5.8,11.1,11.2,9.4,7.1,6.8,6.7],[9.0,7.9,5.8,6.6,6.3,10.2,9.6,8.5,6.6,6.8,7.5,11.1,10.1,5.1,3.1,0.9,3.0,9.9,9.7,7.4,6.1,5.6,6.8],[10.6,9.2,7.1,7.6,7.0,10.9,10.9,9.9,7.3,7.9,9.1,14.1,13.6,7.8,6.3,4.1,1.0,9.8,10.5,7.0,6.6,7.3,9.2],[17.9,18.0,14.2,14.0,11.8,12.3,15.3,13.1,13.9,14.6,16.1,19.0,19.6,16.6,14.6,14.6,9.6,1.4,8.8,7.5,11.3,14.0,15.8],[16.3,16.1,12.4,12.2,10.6,13.7,11.5,10.6,11.8,12.9,13.7,16.8,17.6,16.1,12.8,12.6,8.0,8.4,1.2,8.5,7.9,11.3,12.5],[13.2,11.6,10.0,9.1,7.8,11.5,9.1,9.2,8.7,10.3,11.6,14.5,14.9,11.5,11.0,9.0,6.2,9.2,5.2,1.1,4.0,7.6,8.7],[11.3,9.8,8.4,7.4,7.2,10.9,10.4,8.8,6.8,7.9,8.8,12.8,11.9,8.2,8.6,7.8,6.3,10.0,8.8,4.5,1.0,2.6,5.9],[11.0,9.4,7.1,6.3,7.8,10.5,10.3,9.1,6.6,7.1,8.1,12.1,10.7,6.6,6.9,7.0,6.9,10.3,9.7,5.9,4.2,1.0,3.5],[10.7,9.6,7.5,8.3,8.1,12.6,11.7,10.7,7.8,7.6,7.7,13.1,12.0,6.4,7.0,7.4,8.7,14.0,12.3,7.7,5.5,3.3,1.2]],
  "token_chain_ids": ["A","A","A","A","A","A","A","A","A","A","A","A","A","A","A","A","A","A","A","A","A","A","A"],
  "token_res_ids": [1,2,3,4,5,6,7,8,9,10,11,12,13,14,15,16,17,18,19,20,21,22,23]
}