{
  "atom_chain_ids": ["A","A","A","A","A","A","A","A","A","A","A","A","A","A","A","A","A","A","A","A","A","A","A","A","A","A","A","A","A","A","A","A","A","A","A","A","A","A","A","A","A","A","A","A","A","A","A","A","A","A","A","A","A","A","A","A","A","A","A","A","A","A","A","A","A","A","A","A","A","A","A","A","A","A","A","A","A","A","A","A","A","A","A","A","A","A","A","A","A","A","A","A","A","A","A","A","A","A","A","A","A","A","A","A","A","A","A","A","A","A","A","A","A","A","A","A","A","A","A","A","A","A","A","A","A","A","A","A","A","A","A","A","A","A","A","A","A","A","A","A","A","A","A","A","A","A","A","A","A","A","A","A","A","A","A","A","A","A","A","A","A","A","A","A","A","A","A","A","A","A","A","A","A","A","A","A","A","A","A","A","A","A","A","A","A","A","A","A","A","A","A","A","A","A","A","A","A","A","A","A","A","A","A","A","A","A","A","A","A","A","A","A","A","A","A","A","A","A","A","A","A","A","A","A","A","A","A","A","A","A","A","A","A","A","A"],
  "atom_plddts": [52.48,54.21,48.53,47.76,53.22,55.7,58.09,59.42,60.83,59.74,60.2,59.58,59.47,58.0,58.22,58.33,58.06,57.05,55.63,56.59,58.03,57.79,60.36,62.3,58.85,60.05,63.7,63.13,65.27,64.39,65.85,63.67,62.18,63.15,63.43,61.87,60.23,59.74,59.48,58.47,57.37,58.28,60.57,61.59,57.35,57.6,61.78,63.88,65.67,66.75,66.45,64.83,66.26,66.2,65.8,65.7,65.99,66.74,66.92,66.12,65.5,65.88,66.37,65.87,67.25,64.54,61.36,63.01,65.43,65.88,67.74,67.68,67.92,66.2,65.55,67.29,66.74,66.01,65.87,65.76,65.55,65.02,64.42,64.81,66.33,62.82,59.35,59.65,63.94,65.42,66.73,68.48,67.44,65.89,67.19,68.2,67.16,67.38,67.47,68.45,68.69,67.89,67.42,67.66,67.9,67.67,68.73,64.6,62.51,62.34,64.82,66.56,67.67,68.67,67.57,65.63,66.81,66.99,66.51,66.63,67.05,67.72,68.22,67.61,67.37,67.15,67.15,66.74,68.05,63.9,62.38,62.88,63.78,63.4,64.38,64.81,64.03,62.5,62.7,62.33,63.17,62.65,63.38,63.97,64.06,63.15,62.52,62.74,63.28,61.92,63.7,62.11,58.4,59.33,62.75,64.16,65.41,66.1,65.59,64.15,63.15,63.95,64.55,63.66,62.9,62.45,62.57,61.84,60.71,61.34,63.16,60.34,56.7,56.57,60.6,62.95,63.95,65.26,64.19,62.94,64.25,64.62,64.09,64.21,64.85,65.59,65.84,65.31,64.67,64.94,65.16,64.9,66.09,60.52,59.09,59.98,60.83,60.65,61.78,62.24,61.97,59.93,58.98,60.59,60.47,59.76,59.49,59.25,59.26,58.87,57.76,58.27,59.55,59.16,55.93,56.02,58.78,61.15,62.55,63.35,62.62,61.13,62.87,63.37,62.57,62.85,63.78,64.5,64.89,64.59,64.08,64.07,64.14,63.81,64.91],
  "contact_probs": [[1.0,0.63,0.95,0.36,0.51,0.37,0.3,0.09,0.32,0.16,0.61],[0.63,1.0,0.74,0.08,0.04,0.05,0.07,0.05,0.08,0.08,0.48],[0.95,0.74,1.0,0.66,0.73,0.35,0.16,0.03,0.09,0.07,0.29],[0.36,0.08,0.66,1.0,0.82,0.23,0.06,0.05,0.11,0.12,0.05],[0.51,0.04,0.73,0.82,1.0,0.97,0.33,0.16,0.11,0.06,0.03],[0.37,0.05,0.35,0.23,0.97,1.0,0.91,0.73,0.32,0.07,0.05],[0.3,0.07,0.16,0.06,0.33,0.91,1.0,0.8,0.62,0.16,0.2],[0.09,0.05,0.03,0.05,0.16,0.73,0.8,1.0,0.84,0.21,0.09],[0.32,0.08,0.09,0.11,0.11,0.32,0.62,0.84,1.0,0.83,0.85],[0.16,0.08,0.07,0.12,0.06,0.07,0.16,0.21,0.83,1.0,0.73],[0.61,0.48,0.29,0.05,0.03,0.05,0.2,0.09,0.85,0.73,1.0]],
  "pae": [[1.3,7.5,5.1,8.6,8.2,8.5,7.5,10.3,9.6,11.1,10.5],[5.0,1.6,3.9,7.6,7.9,9.9,12.4,11.8,13.4,13.7,14.2],[4.2,4.4,1.3,4.5,4.4,6.9,10.9,10.3,9.7,12.5,11.1],[8.2,6.3,5.1,1.5,3.9,5.4,7.9,10.3,11.1,13.0,13.1],[7.0,7.5,5.0,4.5,1.1,4.3,6.3,7.4,8.7,10.8,9.6],[8.9,10.6,7.4,5.4,3.4,1.0,3.0,6.4,7.9,9.9,10.0],[12.8,13.9,11.2,7.6,5.6,3.5,1.1,5.2,6.5,8.6,12.5],[13.4,13.4,11.8,9.9,7.3,5.1,5.2,1.6,6.2,8.7,11.8],[10.6,11.8,11.6,11.2,8.1,6.2,5.9,4.8,1.3,3.9,5.0],[11.5,11.9,13.0,11.7,11.4,9.3,8.7,6.8,4.5,1.8,5.2],[7.9,9.4,8.7,11.0,9.0,9.7,8.6,8.0,4.2,4.8,1.6]],
  "token_chain_ids": ["A","A","A","A","A","A","A","A","A","A","A"],
  "token_res_ids": [1,2,3,4,5,6,7,8,9,10,11]
}