{
  "atom_chain_ids": ["A","A","A","A","A","A","A","A","A","A","A","A","A","A","A","A","A","A","A","A","A","A","A","A","A","A","A","A","A","A","A","A","A","A","A","A","A","A","A","A","A","A","A","A","A","A","A","A","A","A","A","A","A","A","A","A","A","A","A","A","A","A","A","A","A","A","A","A","A","A","A","A","A","A","A","A","A","A","A","A","A","A","A","A","A","A","A","A","A","A","A","A","A","A","A","A","A","A","A","A","A","A","A","A","A","A","A","A","A","A","A","A","A","A","A","A","A","A","A","A","A","A","A","A","A","A","A","A","A","A","A","A","A","A","A","A","A","A","A","A","A","A","A","A","A","A","A","A","A","A","A","A","A","A","A","A","A","A","A","A","A","A","A","A","A","A","A","A","A","A","A","A","A","A","A","A","A","A","A","A","A","A","A","A","A","A","A","A","A","A","A","A","A","A","A","A","A","A","A","A","A","A","A","A","A","A","A","A","A","A","A","A","A","A","A","A","A","A","A","A","A","A","A","A","A","A","A","A","A","A","A","A","A","A","A"],
  "atom_plddts": [56.71,58.62,52.87,52.69,57.53,60.94,63.32,65.03,65.77,64.47,65.84,64.89,64.98,63.9,63.87,64.19,64.1,63.03,61.57,62.61,63.74,63.56,66.27,64.61,61.18,62.52,65.96,65.67,68.15,67.39,68.63,66.43,65.19,66.18,66.43,64.85,63.04,62.53,62.37,61.26,60.31,61.05,63.42,62.48,58.39,58.55,62.67,64.95,66.84,67.87,67.51,65.84,67.32,67.26,66.91,66.76,66.95,67.75,67.96,67.09,66.55,66.89,67.3,66.81,68.27,64.29,61.28,62.9,65.16,65.49,67.4,67.39,67.74,65.98,65.32,67.1,66.55,65.82,65.51,65.39,65.16,64.6,64.0,64.4,65.97,61.79,58.44,58.79,62.88,64.8,66.24,68.13,67.0,65.46,66.87,68.02,66.75,67.06,67.12,68.13,68.34,67.55,67.12,67.36,67.59,67.43,68.43,64.08,61.91,61.82,64.42,66.32,67.48,68.59,67.47,65.54,66.82,67.08,66.5,66.67,67.0,67.68,68.2,67.59,67.35,67.13,67.11,66.76,68.05,63.57,61.98,62.38,63.6,63.29,64.5,64.83,64.42,62.88,63.11,62.73,63.46,62.81,63.38,64.07,64.03,63.06,62.43,62.72,63.31,61.91,63.79,63.05,59.48,60.33,63.48,64.86,66.05,66.6,65.94,64.5,63.49,64.24,64.92,64.07,63.47,63.01,63.15,62.43,61.36,61.95,63.72,59.3,55.52,55.27,59.46,61.98,63.21,64.42,63.63,62.34,63.63,64.11,63.4,63.44,64.28,65.15,65.24,64.66,64.08,64.41,64.62,64.3,65.48,59.59,58.06,59.06,59.76,59.89,61.03,61.62,61.16,59.11,58.19,59.76,59.56,58.95,58.79,58.6,58.58,58.16,57.14,57.58,58.87,58.57,55.56,55.55,57.94,60.17,61.55,62.2,61.79,60.14,61.96,62.56,61.7,61.91,63.17,64.02,64.33,64.06,63.62,63.58,63.58,63.15,64.23],
  "contact_probs": [[1.0,0.63,0.95,0.36,0.51,0.37,0.3,0.09,0.32,0.16,0.61],[0.63,1.0,0.74,0.08,0.04,0.05,0.07,0.05,0.08,0.08,0.48],[0.95,0.74,1.0,0.66,0.73,0.35,0.16,0.03,0.09,0.07,0.29],[0.36,0.08,0.66,1.0,0.82,0.23,0.06,0.05,0.11,0.12,0.05],[0.51,0.04,0.73,0.82,1.0,0.97,0.33,0.16,0.11,0.06,0.03],[0.37,0.05,0.35,0.23,0.97,1.0,0.91,0.73,0.32,0.07,0.05],[0.3,0.07,0.16,0.06,0.33,0.91,1.0,0.8,0.62,0.16,0.2],[0.09,0.05,0.03,0.05,0.16,0.73,0.8,1.0,0.84,0.21,0.09],[0.32,0.08,0.09,0.11,0.11,0.32,0.62,0.84,1.0,0.83,0.85],[0.16,0.08,0.07,0.12,0.06,0.07,0.16,0.21,0.83,1.0,0.73],[0.61,0.48,0.29,0.05,0.03,0.05,0.2,0.09,0.85,0.73,1.0]],
  "pae": [[1.2,5.3,4.9,7.4,7.3,7.6,8.1,9.6,8.4,10.5,7.4],[4.4,1.4,3.0,6.4,6.4,7.7,11.5,10.5,10.9,10.4,9.0],[4.2,4.0,1.2,3.9,4.4,6.5,10.0,9.3,9.5,10.6,8.4],[6.6,4.9,4.1,1.4,3.0,5.0,9.4,9.3,10.8,11.8,10.2],[6.3,5.6,3.8,4.1,1.1,3.7,6.9,7.2,8.7,9.4,8.2],[9.7,9.8,6.5,5.6,3.8,1.0,3.8,6.7,8.7,9.1,8.7],[12.4,13.7,12.0,8.5,5.9,3.7,1.1,5.5,6.5,8.1,10.7],[12.6,12.8,11.4,10.3,8.4,5.9,5.7,1.6,6.8,8.7,11.6],[9.0,9.1,10.0,11.7,8.4,6.1,6.4,4.7,1.2,4.3,4.5],[9.3,9.9,10.9,10.4,11.0,8.3,9.1,6.4,4.0,1.7,4.8],[8.0,8.2,7.3,10.1,8.9,8.5,9.3,6.9,3.6,3.6,1.3]],
  "token_chain_ids": ["A","A","A","A","A","A","A","A","A","A","A"],
  "token_res_ids": [1,2,3,4,5,6,7,8,9,10,11]
}