{
  "atom_chain_ids": ["A","A","A","A","A","A","A","A","A","A","A","A","A","A","A","A","A","A","A","A","A","A","A","A","A","A","A","A","A","A","A","A","A","A","A","A","A","A","A","A","A","A","A","A","A","A","A","A","A","A","A","A","A","A","A","A","A","A","A","A","A","A","A","A","A","A","A","A","A","A","A","A","A","A","A","A","A","A","A","A","A","A","A","A","A","A","A","A","A","A","A","A","A","A","A","A","A","A","A","A","A","A","A","A","A","A","A","A","A","A","A","A","A","A","A","A","A","A","A","A","A","A","A","A","A","A","A","A","A","A","A","A","A","A","A","A","A","A","A","A","A","A","A","A","A","A","A","A","A","A","A","A","A","A","A","A","A","A","A","A","A","A","A","A","A","A","A","A","A","A","A","A","A","A","A","A","A","A","A","A","A","A","A","A","A","A","A","A","A","A","A","A","A","A","A","A","A","A","A","A","A","A","A","A","A","A","A","A","A","A","A","A","A","A","A","A","A","A","A","A","A","A","A","A","A","A","A","A","A","A","A","A","A","A","A"],
  "atom_plddts": [53.3,55.23,49.66,49.08,54.29,56.84,59.19,60.58,61.91,60.75,61.28,60.53,60.57,59.22,59.33,59.49,59.28,58.29,56.84,57.78,59.19,58.81,61.36,62.84,59.46,60.56,64.1,63.5,65.64,64.68,66.05,63.87,62.3,63.1,63.51,61.93,60.35,59.8,59.55,58.52,57.39,58.34,60.63,61.08,56.87,57.16,61.23,63.2,64.82,65.91,65.48,63.92,65.21,65.18,64.77,64.73,65.15,65.85,66.05,65.3,64.62,64.98,65.51,64.97,66.3,63.69,60.54,62.28,64.65,65.06,66.9,66.94,67.11,65.45,64.77,66.55,66.0,65.32,65.19,65.1,64.88,64.37,63.73,64.15,65.63,61.33,57.89,58.32,62.43,64.1,65.5,67.4,66.29,64.76,65.98,67.03,65.92,66.19,66.27,67.24,67.47,66.72,66.23,66.44,66.71,66.48,67.54,64.43,62.37,62.34,64.71,66.39,67.5,68.51,67.41,65.4,66.59,66.8,66.38,66.55,66.96,67.6,68.13,67.53,67.25,67.05,67.05,66.61,67.95,63.56,61.96,62.54,63.57,63.25,64.23,64.7,63.93,62.36,62.58,62.31,63.12,62.64,63.36,64.0,64.11,63.2,62.56,62.78,63.32,62.0,63.77,62.01,58.26,59.16,62.72,64.06,65.22,65.87,65.37,63.93,62.81,63.6,64.25,63.32,62.58,62.09,62.23,61.5,60.31,60.96,62.83,60.4,56.84,56.74,60.63,62.96,63.9,65.16,64.07,62.82,64.1,64.47,63.98,64.12,64.86,65.57,65.84,65.35,64.67,64.96,65.2,64.85,66.03,59.4,58.0,58.88,59.65,59.47,60.43,60.9,60.62,58.64,57.63,59.16,59.06,58.41,58.25,58.02,58.0,57.65,56.52,57.05,58.28,59.02,55.97,55.98,58.52,60.72,62.11,62.88,62.25,60.71,62.33,62.71,62.02,62.24,63.2,63.87,64.27,63.99,63.43,63.41,63.51,63.06,64.27],
  "contact_probs": [[1.0,0.63,0.95,0.36,0.51,0.37,0.3,0.09,0.32,0.16,0.61],[0.63,1.0,0.74,0.08,0.04,0.05,0.07,0.05,0.08,0.08,0.48],[0.95,0.74,1.0,0.66,0.73,0.35,0.16,0.03,0.09,0.07,0.29],[0.36,0.08,0.66,1.0,0.82,0.23,0.06,0.05,0.11,0.12,0.05],[0.51,0.04,0.73,0.82,1.0,0.97,0.33,0.16,0.11,0.06,0.03],[0.37,0.05,0.35,0.23,0.97,1.0,0.91,0.73,0.32,0.07,0.05],[0.3,0.07,0.16,0.06,0.33,0.91,1.0,0.8,0.62,0.16,0.2],[0.09,0.05,0.03,0.05,0.16,0.73,0.8,1.0,0.84,0.21,0.09],[0.32,0.08,0.09,0.11,0.11,0.32,0.62,0.84,1.0,0.83,0.85],[0.16,0.08,0.07,0.12,0.06,0.07,0.16,0.21,0.83,1.0,0.73],[0.61,0.48,0.29,0.05,0.03,0.05,0.2,0.09,0.85,0.73,1.0]],
  "pae": [[1.2,7.7,5.2,8.6,9.0,11.0,9.2,10.2,8.6,11.4,10.3],[5.7,1.6,4.1,7.7,8.4,10.2,12.8,12.9,13.2,13.6,13.4],[4.9,5.2,1.3,4.7,5.3,6.9,10.8,10.1,10.0,12.3,10.4],[8.7,6.0,4.6,1.5,3.8,5.6,8.2,10.4,10.6,12.5,11.9],[8.6,7.5,4.6,4.1,1.1,4.0,6.4,7.5,8.6,10.0,9.0],[10.5,10.4,6.6,4.9,3.2,1.0,3.1,6.8,8.1,9.2,9.1],[12.9,13.4,10.1,7.9,5.5,3.5,1.1,5.2,6.5,8.3,11.4],[13.2,13.5,11.8,10.1,7.8,5.7,5.6,1.6,6.1,8.6,11.2],[9.7,12.3,11.8,11.4,8.2,6.5,5.7,5.1,1.3,4.5,5.7],[11.2,11.7,12.7,11.7,11.4,9.7,8.8,7.0,4.8,1.9,5.4],[8.2,9.6,8.8,10.7,9.0,10.0,8.5,8.7,4.4,4.9,1.7]],
  "token_chain_ids": ["A","A","A","A","A","A","A","A","A","A","A"],
  "token_res_ids": [1,2,3,4,5,6,7,8,9,10,11]
}