{
  "atom_chain_ids": ["A","A","A","A","A","A","A","A","A","A","A","A","A","A","A","A","A","A","A","A","A","A","A","A","A","A","A","A","A","A","A","A","A","A","A","A","A","A","A","A","A","A","A","A","A","A","A","A","A","A","A","A","A","A","A","A","A","A","A","A","A","A","A","A","A","A","A","A","A","A","A","A","A","A","A","A","A","A","A","A","A","A","A","A","A","A","A","A","A","A","A","A","A","A","A","A","A","A","A","A","A","A","A","A","A","A","A","A","A","A","A","A","A","A","A","A","A","A","A","A","A","A","A","A","A","A","A","A","A","A","A","A","A","A","A","A","A","A","A","A","A","A","A","A","A","A","A","A","A","A","A","A","A","A","A","A","A","A","A","A","A","A","A","A","A","A","A","A","A","A","A","A","A","A","A","A","A","A","A","A","A","A","A","A","A","A","A","A","A","A","A","A","A","A","A","A","A","A","A","A","A","A","A","A","A","A","A","A","A","A","A","A","A","A","A","A","A","A","A","A","A","A","A","A","A","A","A","A","A","A","A","A","A","A","A"],
  "atom_plddts": [53.19,55.14,49.55,48.62,53.89,56.08,58.3,59.56,61.26,60.15,60.5,59.75,59.77,58.15,58.38,58.42,58.13,57.06,55.62,56.66,58.15,57.8,60.47,60.33,57.05,58.08,61.51,60.88,62.96,62.02,63.81,61.64,60.05,60.98,61.12,59.51,57.91,57.45,56.95,55.95,54.83,55.94,58.33,60.97,56.88,57.03,61.0,62.9,64.73,65.88,65.62,63.98,65.18,64.98,64.68,64.48,64.76,65.45,65.66,64.82,64.18,64.52,65.05,64.44,65.97,63.01,60.05,61.75,63.82,64.16,65.98,66.05,66.28,64.7,64.02,65.79,65.22,64.55,64.45,64.35,64.06,63.57,62.91,63.42,64.92,61.1,57.68,58.01,62.12,63.68,65.19,67.04,66.18,64.6,65.72,66.73,65.59,65.79,65.85,66.87,67.05,66.25,65.77,65.97,66.23,65.95,67.1,62.62,60.46,60.31,62.8,64.64,65.81,67.0,65.96,63.96,65.18,65.41,64.66,64.81,65.34,66.03,66.45,65.85,65.61,65.42,65.47,65.11,66.36,62.36,60.86,61.21,62.29,62.04,63.21,63.44,63.19,61.61,61.64,61.35,61.92,61.19,61.9,62.64,62.48,61.52,60.94,61.21,61.85,60.39,62.22,60.63,57.12,57.93,61.05,62.22,63.21,63.8,63.27,61.81,60.59,61.24,61.85,60.91,60.39,59.9,59.91,59.2,58.05,58.74,60.57,57.87,54.49,54.46,57.84,60.44,61.64,62.82,61.91,60.65,61.67,62.09,61.45,61.5,62.26,62.99,63.07,62.54,61.93,62.19,62.54,62.2,63.33,57.16,55.86,56.8,57.17,57.32,58.3,58.89,58.66,56.71,55.72,57.15,56.92,56.32,56.09,55.91,55.78,55.44,54.37,54.92,56.15,57.49,54.59,54.63,56.83,59.19,60.73,61.46,61.1,59.56,61.1,61.62,60.71,60.89,61.8,62.51,62.79,62.47,61.97,61.96,62.09,61.72,62.87],
  "contact_probs": [[1.0,0.63,0.95,0.36,0.51,0.37,0.3,0.09,0.32,0.16,0.61],[0.63,1.0,0.74,0.08,0.04,0.05,0.07,0.05,0.08,0.08,0.48],[0.95,0.74,1.0,0.66,0.73,0.35,0.16,0.03,0.09,0.07,0.29],[0.36,0.08,0.66,1.0,0.82,0.23,0.06,0.05,0.11,0.12,0.05],[0.51,0.04,0.73,0.82,1.0,0.97,0.33,0.16,0.11,0.06,0.03],[0.37,0.05,0.35,0.23,0.97,1.0,0.91,0.73,0.32,0.07,0.05],[0.3,0.07,0.16,0.06,0.33,0.91,1.0,0.8,0.62,0.16,0.2],[0.09,0.05,0.03,0.05,0.16,0.73,0.8,1.0,0.84,0.21,0.09],[0.32,0.08,0.09,0.11,0.11,0.32,0.62,0.84,1.0,0.83,0.85],[0.16,0.08,0.07,0.12,0.06,0.07,0.16,0.21,0.83,1.0,0.73],[0.61,0.48,0.29,0.05,0.03,0.05,0.2,0.09,0.85,0.73,1.0]],
  "pae": [[1.2,5.6,5.7,8.7,8.5,9.2,7.9,8.8,9.4,11.3,10.0],[5.5,1.6,5.2,7.9,9.0,9.7,13.4,12.7,13.5,14.1,13.2],[4.8,5.1,1.4,4.8,5.2,6.6,11.4,10.0,11.1,12.7,10.7],[8.4,6.9,5.2,1.5,3.9,5.5,9.2,9.8,11.6,13.7,12.8],[7.9,7.3,4.4,4.5,1.1,3.8,7.5,7.6,9.7,11.1,9.4],[10.6,10.6,7.0,5.2,3.4,1.0,4.3,7.0,9.3,10.6,10.4],[12.8,13.8,11.0,9.0,5.7,4.9,1.1,5.5,7.4,9.0,13.0],[12.6,12.5,11.1,9.8,8.2,5.7,5.6,1.6,6.1,8.8,11.4],[10.4,11.3,11.9,12.5,9.6,7.6,6.9,4.6,1.3,4.5,5.0],[12.2,11.8,13.2,13.4,12.5,10.8,10.9,7.1,5.1,1.8,5.7],[8.9,9.3,9.3,11.8,9.6,10.2,9.7,7.6,3.8,4.6,1.6]],
  "token_chain_ids": ["A","A","A","A","A","A","A","A","A","A","A"],
  "token_res_ids": [1,2,3,4,5,6,7,8,9,10,11]
}