{
  "atom_chain_ids": ["A","A","A","A","A","A","A","A","A","A","A","A","A","A","A","A","A","A","A","A","A","A","A","A","A","A","A","A","A","A","A","A","A","A","A","A","A","A","A","A","A","A","A","A","A","A","A","A","A","A","A","A","A","A","A","A","A","A","A","A","A","A","A","A","A","A","A","A","A","A","A","A","A","A","A","A","A","A","A","A","A","A","A","A","A","A","A","A","A","A","A","A","A","A","A","A","A","A","A","A","A","A","A","A","A","A","A","A","A","A","A","A","A","A","A","A","A","A","A","A","A","A","A","A","A","A","A","A","A","A","A","A","A","A","A","A","A","A","A","A","A","A","A","A","A","A","A","A","A","A","A","A","A","A","A","A","A","A","A","A","A","A","A","A","A","A","A","A","A","A","A","A","A","A","A","A","A","A","A","A","A","A","A","A","A","A","A","A","A","A","A","A","A","A","A","A","A","A","A","A","A","A","A","A","A","A","A","A","A","A","A","A","A","A","A","A","A","A","A","A","A","A","A","A","A","A","A","A","A","A","A","A","A","A","A"],
  "atom_plddts": [52.26,53.79,48.17,47.62,52.98,55.37,57.63,59.05,60.13,59.14,59.53,58.92,58.94,57.66,57.77,57.84,57.69,56.76,55.29,56.14,57.55,57.32,59.79,61.18,57.89,59.1,62.36,61.75,63.66,63.08,64.27,62.25,60.83,61.78,62.12,60.81,59.56,59.16,58.88,58.01,56.88,57.82,59.9,59.93,55.47,55.92,60.14,62.15,63.85,65.02,64.46,63.03,64.33,64.46,64.03,64.09,64.61,65.29,65.49,64.83,64.13,64.53,65.05,64.59,65.77,63.28,60.33,62.03,64.03,64.28,66.01,66.06,66.11,64.55,63.82,65.47,65.07,64.44,64.45,64.29,64.08,63.6,62.9,63.39,64.83,60.53,57.07,57.46,61.63,63.34,64.86,66.91,65.92,64.42,65.64,66.77,65.44,65.68,65.69,66.7,66.9,66.17,65.66,65.88,66.15,65.96,67.01,64.76,62.59,62.35,65.0,66.75,67.81,68.88,67.81,65.94,67.18,67.29,66.76,66.89,67.18,67.79,68.28,67.67,67.38,67.23,67.27,66.9,68.21,62.91,61.26,61.71,62.71,62.32,63.28,63.69,63.12,61.63,61.89,61.72,62.34,61.81,62.7,63.49,63.38,62.5,61.99,62.22,62.79,61.49,62.98,60.69,57.0,57.88,61.13,62.34,63.27,64.12,63.35,62.05,60.92,61.65,62.19,61.44,61.01,60.57,60.65,60.0,58.86,59.52,61.18,58.19,54.47,54.58,58.29,60.64,61.46,62.85,61.68,60.57,61.52,62.0,61.49,61.68,62.44,63.11,63.32,62.88,62.17,62.42,62.75,62.5,63.52,57.3,55.93,56.95,57.45,57.38,57.99,58.63,58.21,56.46,55.51,56.87,56.78,56.25,56.12,55.97,55.89,55.58,54.43,54.97,56.1,55.25,51.96,52.12,54.62,57.1,58.81,59.51,59.33,57.88,59.19,59.73,58.83,59.04,59.8,60.46,60.71,60.38,59.82,59.82,60.06,59.77,60.88],
  "contact_probs": [[1.0,0.63,0.95,0.36,0.51,0.37,0.3,0.09,0.32,0.16,0.61],[0.63,1.0,0.74,0.08,0.04,0.05,0.07,0.05,0.08,0.08,0.48],[0.95,0.74,1.0,0.66,0.73,0.35,0.16,0.03,0.09,0.07,0.29],[0.36,0.08,0.66,1.0,0.82,0.23,0.06,0.05,0.11,0.12,0.05],[0.51,0.04,0.73,0.82,1.0,0.97,0.33,0.16,0.11,0.06,0.03],[0.37,0.05,0.35,0.23,0.97,1.0,0.91,0.73,0.32,0.07,0.05],[0.3,0.07,0.16,0.06,0.33,0.91,1.0,0.8,0.62,0.16,0.2],[0.09,0.05,0.03,0.05,0.16,0.73,0.8,1.0,0.84,0.21,0.09],[0.32,0.08,0.09,0.11,0.11,0.32,0.62,0.84,1.0,0.83,0.85],[0.16,0.08,0.07,0.12,0.06,0.07,0.16,0.21,0.83,1.0,0.73],[0.61,0.48,0.29,0.05,0.03,0.05,0.2,0.09,0.85,0.73,1.0]],
  "pae": [[1.3,8.8,5.2,8.4,8.6,9.2,8.7,8.9,9.2,13.1,12.4],[5.3,1.6,4.4,8.2,8.7,10.8,13.0,13.1,14.1,16.7,15.7],[4.9,5.8,1.5,5.1,5.2,6.9,11.6,10.1,11.9,14.9,13.6],[8.7,7.8,5.7,1.6,3.9,6.0,9.4,10.7,11.6,15.1,13.9],[7.6,8.3,5.3,4.4,1.2,4.1,7.2,7.7,9.6,12.5,10.7],[9.5,10.7,6.9,4.9,3.2,1.0,4.0,6.9,8.5,10.4,10.0],[11.5,13.7,10.4,7.5,5.2,4.1,1.1,5.7,7.0,9.4,12.3],[12.4,13.6,10.6,8.8,7.3,5.3,5.2,1.5,6.4,8.2,10.9],[11.4,13.2,12.5,12.3,8.3,7.4,6.7,5.0,1.2,4.7,5.7],[13.7,15.8,14.6,14.3,12.6,11.0,9.8,7.3,4.6,1.8,7.3],[10.0,12.8,10.3,11.9,9.9,10.3,10.4,8.4,5.3,5.1,1.8]],
  "token_chain_ids": ["A","A","A","A","A","A","A","A","A","A","A"],
  "token_res_ids": [1,2,3,4,5,6,7,8,9,10,11]
}