{
  "atom_chain_ids": ["A","A","A","A","A","A","A","A","A","A","A","A","A","A","A","A","A","A","A","A","A","A","A","A","A","A","A","A","A","A","A","A","A","A","A","A","A","A","A","A","A","A","A","A","A","A","A","A","A","A","A","A","A","A","A","A","A","A","A","A","A","A","A","A","A","A","A","A","A","A","A","A","A","A","A","A","A","A","A","A","A","A","A","A","A","A","A","A","A","A","A","A","A","A","A","A","A","A","A","A","A","A","A","A","A","A","A","A","A","A","A","A","A","A","A","A","A","A","A","A","A","A","A","A","A","A","A","A","A","A","A","A","A","A","A","A","A","A","A","A","A","A","A","A","A","A","A","A","A","A","A","A","A","A","A","A","A","A","A","A","A","A","A","A","A","A","A","A","A","A","A","A","A","A","A","A","A","A","A","A","A","A","A","A","A","A","A","A","A","A","A","A","A","A","A","A","A","A","A","A","A","A","A","A","A","A","A","A","A","A","A","A","A","A","A","A","A","A","A","A","A","A","A","A","A","A","A","A","A","A","A","A","A","A","A","A","A","A","A","A","A","A","A","A","A","A","A","A","A","A","A","A","A","A","A","A","A","A","A","A","A","A","A","A","A","A","A","A","A","A","A","A","A","A","A","A","A","A","A","A","A","A","A","A","A","A","A","A","A","A","A","A","A","A","A","A","A","A","A","A","A","A","A","A","A","A","A","A","A","A","A","A","A","A","A","A","A","A","A","A","A","A","A","A","A","A","A","A","A","A","A","A","A","A","A","A","A","A","A","A","A","A","A","A","A","A","A","A","A","A","A","A","A","A","A","A","A","A","A","A","A","A","A","A","A","A","A","A","A","A","A","A","A","A","A","A","A","A","A","A","A","A","A","A","A","A","A","A","A","A","A","A","A","A","A","A","A","A","A","A","A","A","A","A","A","A","A","A","A","A","A","A","A","A","A","A","A","A","A","A","A","A","A","A","A","A","A","A","A","A","A","A","A","A","A","A","A","A","A","A","A","A","A","A","A","A","A","A","A","A","A","A","A","A","A","A","A","A","A","A","A","A","A","A","A","A","A"],
  "atom_plddts": [46.39,46.91,42.03,40.78,47.85,47.99,48.89,49.64,51.57,51.55,50.2,49.02,49.64,48.44,46.34,45.32,45.22,44.41,43.03,44.38,46.42,54.81,50.47,50.24,54.33,55.64,56.68,57.4,58.45,57.45,57.59,54.33,56.29,55.61,53.27,52.94,53.06,51.72,49.74,50.64,52.03,52.28,60.19,56.84,57.67,60.56,62.16,62.99,65.43,64.67,63.44,64.3,63.85,63.95,64.49,63.85,64.1,65.14,64.99,63.92,63.65,63.84,63.4,64.91,64.14,62.19,62.42,64.01,64.38,65.41,67.21,66.3,65.15,65.72,65.26,65.81,66.41,66.04,66.31,67.38,67.32,66.57,66.1,66.16,65.71,66.91,64.81,63.21,63.04,64.02,63.51,63.77,65.34,64.8,63.48,63.76,62.24,63.76,63.91,63.73,63.7,64.75,64.62,63.58,63.3,63.52,62.44,63.96,52.56,50.9,50.04,52.34,51.69,51.18,49.15,50.9,49.91,49.2,47.1,48.68,46.62,44.35,43.56,42.66,41.92,40.4,42.16,44.7,49.17,44.81,43.57,49.73,50.1,50.74,50.69,52.66,51.95,51.39,49.68,50.95,49.41,46.2,45.29,44.72,43.73,42.05,43.91,46.33,53.59,49.46,48.88,53.08,53.35,54.71,53.89,55.87,54.47,54.4,51.07,53.29,51.35,48.51,47.91,47.43,45.51,43.87,44.91,46.88,46.93,59.23,55.57,56.28,59.53,60.69,61.16,63.45,62.69,61.56,61.9,61.45,61.79,62.22,61.93,62.06,63.11,62.99,61.83,61.67,61.97,61.11,62.79,63.97,61.49,61.58,63.98,65.61,66.6,68.23,67.36,66.22,67.04,66.62,66.81,67.45,67.11,67.32,68.3,68.23,67.42,67.14,67.27,66.89,68.11,64.39,62.85,62.64,63.57,63.47,63.58,64.91,64.08,62.63,63.03,61.23,62.73,62.96,63.47,63.27,64.3,64.19,63.16,63.02,63.18,62.05,63.62,51.92,49.95,49.21,51.9,51.43,50.87,48.92,51.29,50.05,49.06,46.93,47.93,45.74,43.41,42.31,41.54,40.82,39.19,41.14,43.75,47.36,43.85,42.9,47.66,47.75,48.2,47.46,50.33,49.01,48.57,46.74,48.17,46.8,44.26,43.53,43.08,42.27,40.74,42.24,44.39,58.69,55.04,54.04,57.96,58.46,59.01,59.19,60.01,58.95,59.01,55.24,57.59,56.43,54.14,53.57,53.79,52.28,50.04,51.13,52.68,52.56,63.26,59.88,60.17,63.39,64.78,65.7,67.49,66.77,65.67,66.56,65.53,66.19,66.72,66.37,66.46,67.64,67.62,66.49,66.26,66.41,65.83,67.43,65.58,63.67,63.51,65.39,66.54,67.4,68.69,67.65,66.65,67.21,66.52,67.23,67.84,67.57,67.7,68.8,68.85,68.09,67.64,67.67,67.17,68.38,64.46,62.69,62.18,63.57,63.23,63.41,64.66,63.91,62.86,62.78,60.82,62.41,62.45,62.71,62.59,63.8,63.64,62.53,62.18,62.25,61.06,62.9,55.32,53.25,52.76,55.11,54.12,53.86,52.07,53.08,51.99,50.72,48.69,49.99,47.7,45.47,44.3,43.36,42.41,40.79,42.89,45.4,52.24,46.87,46.26,53.05,53.22,54.43,54.96,56.13,55.4,54.54,53.18,54.81,53.47,50.91,50.19,49.86,48.84,47.17,48.83,51.06,60.09,55.23,54.52,59.57,59.79,61.3,61.82,62.08,60.82,61.36,57.54,60.35,59.45,57.18,56.57,57.39,55.82,53.66,54.56,55.79,55.72,61.5,57.65,57.93,61.76,63.43,64.6,66.9,66.14,65.01,66.07,65.7,65.78,66.56,66.12,66.46,67.73,67.67,66.73,66.26,66.2,66.11,67.6,64.48,61.78,61.1,63.62,65.34,65.82,67.18,66.11,65.0,65.8,64.28,65.26,65.79,65.93,65.73,67.2,67.32,66.19,65.8,65.69,65.05,66.78],
  "contact_probs": [[1.0,0.94,0.2,0.01,0.0,0.0,0.0,0.0,0.0,0.01,0.05,0.16,0.41,0.68,0.18,0.02,0.01,0.01,0.02,0.02,0.07,0.41],[0.94,1.0,0.91,0.17,0.01,0.0,0.01,0.01,0.01,0.04,0.16,0.27,0.49,0.6,0.22,0.06,0.01,0.01,0.02,0.04,0.26,0.72],[0.2,0.91,1.0,0.99,0.25,0.02,0.02,0.03,0.11,0.21,0.41,0.27,0.25,0.19,0.05,0.06,0.03,0.01,0.02,0.09,0.51,0.66],[0.01,0.17,0.99,1.0,0.99,0.16,0.26,0.16,0.28,0.39,0.56,0.11,0.05,0.04,0.05,0.04,0.06,0.02,0.04,0.22,0.34,0.25],[0.0,0.01,0.25,0.99,1.0,0.51,0.58,0.54,0.54,0.64,0.3,0.02,0.01,0.01,0.02,0.05,0.07,0.08,0.13,0.27,0.13,0.07],[0.0,0.0,0.02,0.16,0.51,1.0,0.46,0.29,0.14,0.05,0.02,0.01,0.01,0.0,0.0,0.01,0.07,0.1,0.14,0.15,0.03,0.01],[0.0,0.01,0.02,0.26,0.58,0.46,1.0,0.76,0.31,0.09,0.02,0.0,0.0,0.0,0.01,0.03,0.17,0.19,0.32,0.44,0.12,0.02],[0.0,0.01,0.03,0.16,0.54,0.29,0.76,1.0,0.82,0.26,0.04,0.01,0.01,0.01,0.02,0.16,0.38,0.25,0.4,0.38,0.1,0.04],[0.0,0.01,0.11,0.28,0.54,0.14,0.31,0.82,1.0,0.98,0.2,0.02,0.02,0.02,0.37,0.54,0.42,0.15,0.19,0.14,0.06,0.05],[0.01,0.04,0.21,0.39,0.64,0.05,0.09,0.26,0.98,1.0,0.99,0.22,0.16,0.22,0.67,0.33,0.13,0.02,0.02,0.03,0.05,0.07],[0.05,0.16,0.41,0.56,0.3,0.02,0.02,0.04,0.2,0.99,1.0,0.76,0.53,0.57,0.53,0.13,0.04,0.01,0.01,0.01,0.03,0.07],[0.16,0.27,0.27,0.11,0.02,0.01,0.0,0.01,0.02,0.22,0.76,1.0,0.63,0.39,0.15,0.01,0.01,0.0,0.0,0.0,0.01,0.05],[0.41,0.49,0.25,0.05,0.01,0.01,0.0,0.01,0.02,0.16,0.53,0.63,1.0,0.79,0.32,0.03,0.01,0.0,0.0,0.01,0.02,0.13],[0.68,0.6,0.19,0.04,0.01,0.0,0.0,0.01,0.02,0.22,0.57,0.39,0.79,1.0,0.9,0.16,0.01,0.0,0.0,0.01,0.05,0.37],[0.18,0.22,0.05,0.05,0.02,0.0,0.01,0.02,0.37,0.67,0.53,0.15,0.32,0.9,1.0,0.99,0.18,0.02,0.01,0.03,0.17,0.43],[0.02,0.06,0.06,0.04,0.05,0.01,0.03,0.16,0.54,0.33,0.13,0.01,0.03,0.16,0.99,1.0,0.99,0.2,0.16,0.32,0.56,0.45],[0.01,0.01,0.03,0.06,0.07,0.07,0.17,0.38,0.42,0.13,0.04,0.01,0.01,0.01,0.18,0.99,1.0,0.61,0.57,0.76,0.62,0.22],[0.01,0.01,0.01,0.02,0.08,0.1,0.19,0.25,0.15,0.02,0.01,0.0,0.0,0.0,0.02,0.2,0.61,1.0,0.5,0.32,0.11,0.02],[0.02,0.02,0.02,0.04,0.13,0.14,0.32,0.4,0.19,0.02,0.01,0.0,0.0,0.0,0.01,0.16,0.57,0.5,1.0,0.77,0.2,0.03],[0.02,0.04,0.09,0.22,0.27,0.15,0.44,0.38,0.14,0.03,0.01,0.0,0.01,0.01,0.03,0.32,0.76,0.32,0.77,1.0,0.87,0.15],[0.07,0.26,0.51,0.34,0.13,0.03,0.12,0.1,0.06,0.05,0.03,0.01,0.02,0.05,0.17,0.56,0.62,0.11,0.2,0.87,1.0,0.99],[0.41,0.72,0.66,0.25,0.07,0.01,0.02,0.04,0.05,0.07,0.07,0.05,0.13,0.37,0.43,0.45,0.22,0.02,0.03,0.15,0.99,1.0]],
  "pae": [[1.5,6.3,8.6,10.1,12.3,14.5,14.5,15.1,13.5,12.5,10.9,11.6,7.7,9.2,10.6,12.2,14.1,16.2,16.4,14.0,12.2,9.2],[5.5,1.3,4.8,6.2,8.8,12.3,11.5,11.4,10.3,10.0,8.5,11.1,8.6,8.5,7.5,7.9,9.5,11.7,11.1,10.0,8.8,7.0],[6.2,3.8,1.0,2.4,4.5,7.8,7.4,7.2,5.7,5.2,5.1,10.0,9.3,6.4,5.0,5.3,5.8,8.7,7.8,5.6,5.5,5.0],[7.0,4.0,2.1,0.9,2.2,6.9,6.5,6.5,4.6,4.3,4.5,9.3,8.6,5.6,4.8,4.5,5.3,8.0,6.6,5.0,4.5,4.3],[8.1,5.6,3.7,2.5,0.9,6.5,6.1,7.3,5.4,4.9,5.2,10.8,10.0,6.9,5.8,5.9,6.2,9.3,7.3,5.0,5.8,5.6],[16.2,14.8,11.0,9.2,9.2,1.4,8.8,11.2,11.7,11.9,12.2,15.8,15.7,14.3,14.5,14.5,15.0,17.2,14.6,13.5,14.5,13.6],[14.1,12.9,11.5,10.3,7.5,7.2,1.3,6.2,6.9,8.9,11.6,15.2,14.9,13.9,11.7,11.7,9.8,13.5,8.0,8.0,10.6,11.5],[14.1,14.0,11.4,10.7,8.0,6.6,5.4,1.2,6.2,6.9,11.9,14.6,14.4,12.6,11.5,10.0,8.9,11.4,7.8,8.1,8.4,11.0],[10.3,9.3,7.7,7.0,5.9,8.6,6.0,5.0,1.0,2.3,5.8,9.9,10.5,7.5,5.9,6.1,6.1,8.8,7.0,6.0,6.6,7.5],[8.4,7.1,5.5,5.3,5.1,8.6,6.8,4.9,2.3,0.9,2.9,8.9,8.8,5.7,5.7,4.7,5.3,9.0,7.0,5.6,5.5,6.0],[9.2,7.9,5.5,5.7,5.3,9.5,7.6,7.2,4.6,2.7,0.9,8.3,8.7,5.9,5.9,6.4,7.7,10.5,8.9,7.0,7.1,7.3],[12.2,14.1,12.8,13.5,13.9,14.1,17.0,15.8,13.9,12.1,9.6,1.6,10.9,10.0,12.9,14.5,16.9,18.3,18.2,17.7,16.6,16.8],[9.2,10.3,12.1,12.9,14.5,15.6,16.2,15.0,14.3,12.9,10.1,9.4,1.4,9.0,11.8,13.8,15.0,16.4,16.1,15.9,15.0,13.7],[9.1,8.4,7.8,8.1,8.9,12.1,11.3,11.0,8.5,6.9,6.8,9.4,7.2,1.2,5.8,7.4,9.9,11.9,12.3,11.3,10.0,8.3],[8.4,6.6,5.6,6.3,6.7,10.5,8.5,7.8,6.5,6.6,5.9,9.7,8.0,4.3,1.0,2.7,5.3,7.9,7.9,6.8,5.8,5.4],[8.2,6.2,5.2,5.4,5.5,9.2,7.2,6.5,5.2,5.0,5.5,10.0,8.8,4.8,2.6,0.9,2.6,6.4,5.4,5.2,5.0,4.7],[9.4,7.5,7.3,6.7,6.7,10.8,8.4,7.3,6.1,6.9,6.7,11.2,10.0,6.8,4.9,2.9,0.9,5.7,4.6,5.3,5.7,6.0],[15.3,14.5,13.9,13.8,14.3,16.8,12.2,10.9,13.0,14.0,16.1,17.2,16.0,14.4,11.9,9.3,7.1,1.5,6.5,8.4,9.5,11.2],[12.2,11.1,9.9,8.9,9.7,14.3,8.2,7.3,8.9,9.8,10.2,13.7,13.7,11.3,9.0,6.9,4.2,6.0,1.2,5.0,5.0,7.1],[9.4,7.0,6.5,6.3,5.4,9.6,7.1,6.4,5.5,6.8,6.9,11.5,10.3,7.5,6.3,5.2,4.5,5.9,3.5,1.1,3.6,4.8],[8.3,5.9,5.5,5.1,5.2,8.6,6.8,5.8,4.9,5.3,6.2,10.1,9.3,6.1,5.1,4.7,4.7,6.6,4.1,2.6,1.0,2.2],[8.2,5.9,5.3,5.3,6.1,9.6,8.0,7.2,6.0,5.8,5.9,10.4,9.6,6.1,4.8,4.7,5.0,7.6,6.2,3.8,2.4,1.0]],
  "token_chain_ids": ["A","A","A","A","A","A","A","A","A","A","A","A","A","A","A","A","A","A","A","A","A","A"],
  "token_res_ids": [1,2,3,4,5,6,7,8,9,10,11,12,13,14,15,16,17,18,19,20,21,22]
}