{
  "atom_chain_ids": ["A","A","A","A","A","A","A","A","A","A","A","A","A","A","A","A","A","A","A","A","A","A","A","A","A","A","A","A","A","A","A","A","A","A","A","A","A","A","A","A","A","A","A","A","A","A","A","A","A","A","A","A","A","A","A","A","A","A","A","A","A","A","A","A","A","A","A","A","A","A","A","A","A","A","A","A","A","A","A","A","A","A","A","A","A","A","A","A","A","A","A","A","A","A","A","A","A","A","A","A","A","A","A","A","A","A","A","A","A","A","A","A","A","A","A","A","A","A","A","A","A","A","A","A","A","A","A","A","A","A","A","A","A","A","A","A","A","A","A","A","A","A","A","A","A","A","A","A","A","A","A","A","A","A","A","A","A","A","A","A","A","A","A","A","A","A","A","A","A","A","A","A","A","A","A","A","A","A","A","A","A","A","A","A","A","A","A","A","A","A","A","A","A","A","A","A","A","A","A","A","A","A","A","A","A","A","A","A","A","A","A","A","A","A","A","A","A","A","A","A","A","A","A","A","A","A","A","A","A","A","A","A","A","A","A","A","A","A","A","A","A","A","A","A","A","A","A","A","A","A","A","A","A","A","A","A","A","A","A","A","A","A","A","A","A","A","A","A","A","A","A","A","A","A","A","A","A","A","A","A","A","A","A","A","A","A","A","A","A","A","A","A","A","A","A","A","A","A","A","A","A","A","A","A","A","A","A","A","A","A","A","A","A","A","A","A","A","A","A","A","A","A","A","A","A","A","A","A","A","A","A","A","A","A","A","A","A","A","A","A","A","A","A","A","A","A","A","A","A","A","A","A","A","A","A","A","A","A","A","A","A","A","A","A","A","A","A","A","A","A","A","A","A","A","A","A","A","A","A","A","A","A","A","A","A","A","A","A","A","A","A","A","A","A","A","A","A","A","A","A","A","A","A","A","A","A","A","A","A","A","A","A","A","A","A","A","A","A","A","A","A","A","A","A","A","A","A","A","A","A","A","A","A","A","A","A","A","A","A","A","A","A","A","A","A","A","A","A","A","A","A","A","A","A","A","A","A","A","A","A","A","A","A","A","A","A","A"],
  "atom_plddts": [48.79,49.11,43.76,42.79,50.07,50.48,51.51,52.55,54.26,54.18,52.6,51.66,52.4,51.22,49.16,48.21,48.14,47.3,45.78,47.16,49.23,56.98,52.26,51.94,56.45,57.83,59.05,60.14,60.67,59.54,59.92,56.92,58.81,58.31,56.2,55.97,56.32,55.04,53.01,53.9,55.15,55.38,61.7,58.33,59.1,62.08,63.7,64.67,66.9,66.15,64.88,65.95,65.74,65.82,66.36,65.73,66.06,67.06,66.92,65.93,65.69,65.89,65.56,66.93,65.41,63.41,63.7,65.27,65.61,66.82,68.37,67.56,66.4,67.03,66.56,67.21,67.8,67.39,67.67,68.75,68.68,67.94,67.49,67.53,67.07,68.32,66.3,64.46,64.27,65.6,64.94,65.45,66.81,66.39,65.08,65.45,63.8,65.39,65.53,65.19,65.13,66.29,66.14,65.05,64.77,64.96,63.82,65.54,54.43,52.5,51.7,54.3,53.25,52.82,50.7,52.28,51.45,50.54,48.36,50.08,47.82,45.59,44.74,43.73,42.9,41.28,43.21,45.89,52.59,47.99,47.1,53.34,53.43,54.26,54.31,55.98,55.35,54.36,52.74,54.18,52.44,49.18,48.09,47.55,46.44,44.61,46.7,49.22,55.11,50.72,50.15,54.64,54.92,56.54,56.14,57.58,56.14,56.21,52.93,55.16,53.45,50.71,50.13,49.85,47.92,46.17,47.24,49.14,49.1,59.33,54.97,55.74,59.76,61.23,61.95,64.44,63.79,62.65,63.27,62.99,63.18,63.66,63.19,63.39,64.46,64.31,63.12,63.01,63.28,62.59,64.38,64.37,61.89,62.01,64.39,66.0,67.11,68.69,67.87,66.74,67.62,67.27,67.45,68.09,67.67,67.93,68.9,68.83,68.03,67.75,67.88,67.51,68.77,65.4,63.55,63.43,64.67,64.62,64.94,66.22,65.44,63.99,64.55,62.86,64.31,64.59,64.99,64.8,65.86,65.76,64.73,64.59,64.72,63.64,65.24,57.54,54.78,54.56,57.61,56.61,56.6,55.68,56.54,55.64,54.07,52.43,54.35,52.75,51.56,50.74,50.27,49.58,47.79,49.49,51.77,50.24,46.52,45.79,50.62,50.58,50.92,50.24,52.74,51.53,50.72,48.94,50.52,49.05,46.6,45.76,45.27,44.41,42.73,44.43,46.68,61.51,57.93,56.73,60.69,61.09,61.89,62.39,62.64,61.45,61.6,57.95,60.38,59.41,57.29,56.75,57.31,55.8,53.52,54.57,55.96,55.75,64.64,61.34,61.48,64.79,66.11,67.14,68.73,68.08,66.99,67.97,66.99,67.65,68.14,67.72,67.86,69.0,68.95,67.9,67.69,67.83,67.32,68.86,67.42,65.48,65.25,67.17,67.99,69.18,70.14,69.32,68.33,68.83,68.07,68.94,69.52,69.15,69.3,70.41,70.45,69.71,69.28,69.28,68.73,70.03,65.91,63.81,63.28,65.08,64.65,65.09,66.24,65.48,64.42,64.5,62.48,64.12,64.17,64.36,64.21,65.5,65.34,64.19,63.83,63.86,62.65,64.65,58.54,55.83,55.67,58.64,57.32,57.51,56.42,56.95,56.23,54.59,52.93,54.79,52.77,50.91,49.97,49.29,48.39,46.7,48.6,50.97,54.8,49.73,49.43,55.76,55.58,56.68,57.03,58.16,57.5,56.29,54.7,56.48,54.93,52.25,51.3,51.1,50.08,48.25,50.03,52.29,60.46,55.62,54.94,59.92,60.15,61.71,62.14,62.44,61.07,61.67,57.76,60.5,59.51,57.25,56.64,57.48,55.88,53.76,54.59,55.81,55.74,63.24,59.68,59.78,63.55,65.35,66.65,68.66,67.92,66.82,68.04,67.67,67.79,68.53,67.97,68.35,69.55,69.48,68.61,68.19,68.15,68.11,69.54,66.06,63.55,62.74,65.2,66.74,67.19,68.5,67.36,66.3,67.16,65.71,66.76,67.29,67.43,67.29,68.7,68.82,67.8,67.41,67.3,66.69,68.32],
  "contact_probs": [[1.0,0.94,0.2,0.01,0.0,0.0,0.0,0.0,0.0,0.01,0.05,0.16,0.41,0.68,0.18,0.02,0.01,0.01,0.02,0.02,0.07,0.41],[0.94,1.0,0.91,0.17,0.01,0.0,0.01,0.01,0.01,0.04,0.16,0.27,0.49,0.6,0.22,0.06,0.01,0.01,0.02,0.04,0.26,0.72],[0.2,0.91,1.0,0.99,0.25,0.02,0.02,0.03,0.11,0.21,0.41,0.27,0.25,0.19,0.05,0.06,0.03,0.01,0.02,0.09,0.51,0.66],[0.01,0.17,0.99,1.0,0.99,0.16,0.26,0.16,0.28,0.39,0.56,0.11,0.05,0.04,0.05,0.04,0.06,0.02,0.04,0.22,0.34,0.25],[0.0,0.01,0.25,0.99,1.0,0.51,0.58,0.54,0.54,0.64,0.3,0.02,0.01,0.01,0.02,0.05,0.07,0.08,0.13,0.27,0.13,0.07],[0.0,0.0,0.02,0.16,0.51,1.0,0.46,0.29,0.14,0.05,0.02,0.01,0.01,0.0,0.0,0.01,0.07,0.1,0.14,0.15,0.03,0.01],[0.0,0.01,0.02,0.26,0.58,0.46,1.0,0.76,0.31,0.09,0.02,0.0,0.0,0.0,0.01,0.03,0.17,0.19,0.32,0.44,0.12,0.02],[0.0,0.01,0.03,0.16,0.54,0.29,0.76,1.0,0.82,0.26,0.04,0.01,0.01,0.01,0.02,0.16,0.38,0.25,0.4,0.38,0.1,0.04],[0.0,0.01,0.11,0.28,0.54,0.14,0.31,0.82,1.0,0.98,0.2,0.02,0.02,0.02,0.37,0.54,0.42,0.15,0.19,0.14,0.06,0.05],[0.01,0.04,0.21,0.39,0.64,0.05,0.09,0.26,0.98,1.0,0.99,0.22,0.16,0.22,0.67,0.33,0.13,0.02,0.02,0.03,0.05,0.07],[0.05,0.16,0.41,0.56,0.3,0.02,0.02,0.04,0.2,0.99,1.0,0.76,0.53,0.57,0.53,0.13,0.04,0.01,0.01,0.01,0.03,0.07],[0.16,0.27,0.27,0.11,0.02,0.01,0.0,0.01,0.02,0.22,0.76,1.0,0.63,0.39,0.15,0.01,0.01,0.0,0.0,0.0,0.01,0.05],[0.41,0.49,0.25,0.05,0.01,0.01,0.0,0.01,0.02,0.16,0.53,0.63,1.0,0.79,0.32,0.03,0.01,0.0,0.0,0.01,0.02,0.13],[0.68,0.6,0.19,0.04,0.01,0.0,0.0,0.01,0.02,0.22,0.57,0.39,0.79,1.0,0.9,0.16,0.01,0.0,0.0,0.01,0.05,0.37],[0.18,0.22,0.05,0.05,0.02,0.0,0.01,0.02,0.37,0.67,0.53,0.15,0.32,0.9,1.0,0.99,0.18,0.02,0.01,0.03,0.17,0.43],[0.02,0.06,0.06,0.04,0.05,0.01,0.03,0.16,0.54,0.33,0.13,0.01,0.03,0.16,0.99,1.0,0.99,0.2,0.16,0.32,0.56,0.45],[0.01,0.01,0.03,0.06,0.07,0.07,0.17,0.38,0.42,0.13,0.04,0.01,0.01,0.01,0.18,0.99,1.0,0.61,0.57,0.76,0.62,0.22],[0.01,0.01,0.01,0.02,0.08,0.1,0.19,0.25,0.15,0.02,0.01,0.0,0.0,0.0,0.02,0.2,0.61,1.0,0.5,0.32,0.11,0.02],[0.02,0.02,0.02,0.04,0.13,0.14,0.32,0.4,0.19,0.02,0.01,0.0,0.0,0.0,0.01,0.16,0.57,0.5,1.0,0.77,0.2,0.03],[0.02,0.04,0.09,0.22,0.27,0.15,0.44,0.38,0.14,0.03,0.01,0.0,0.01,0.01,0.03,0.32,0.76,0.32,0.77,1.0,0.87,0.15],[0.07,0.26,0.51,0.34,0.13,0.03,0.12,0.1,0.06,0.05,0.03,0.01,0.02,0.05,0.17,0.56,0.62,0.11,0.2,0.87,1.0,0.99],[0.41,0.72,0.66,0.25,0.07,0.01,0.02,0.04,0.05,0.07,0.07,0.05,0.13,0.37,0.43,0.45,0.22,0.02,0.03,0.15,0.99,1.0]],
  "pae": [[1.4,6.0,9.0,9.8,12.6,14.0,15.0,15.4,13.7,11.9,10.2,10.4,8.1,8.2,9.6,11.6,13.6,14.6,15.4,13.7,11.2,8.4],[5.9,1.2,5.2,6.1,8.6,11.4,11.4,10.9,10.4,9.7,8.0,10.0,8.2,7.4,7.2,8.1,9.0,10.4,10.7,9.5,7.7,6.4],[6.2,3.7,1.0,2.6,4.4,7.3,7.4,6.8,5.9,5.3,5.1,8.7,8.6,5.8,4.9,5.1,5.5,7.6,6.6,5.5,4.9,4.6],[7.2,3.9,2.2,0.9,2.1,6.6,6.1,5.9,4.6,4.2,4.5,8.3,8.4,5.4,4.7,4.3,5.0,6.9,5.5,4.8,4.2,4.0],[8.8,5.8,3.9,2.6,0.9,6.6,5.3,6.3,5.5,5.0,5.5,9.8,10.0,6.5,5.9,5.4,5.8,8.2,5.8,4.6,5.2,5.3],[16.4,14.6,10.5,8.8,9.6,1.5,10.8,11.2,11.9,11.9,11.8,15.2,16.2,14.9,14.0,14.1,14.3,16.0,13.5,12.3,13.4,13.3],[13.6,11.4,10.5,8.7,6.8,7.9,1.2,4.8,5.9,8.1,9.7,14.0,13.9,12.0,10.4,9.3,8.2,11.3,5.7,7.1,9.0,10.2],[13.6,12.9,10.7,9.3,7.4,6.7,5.0,1.2,5.4,6.3,10.7,13.4,13.4,11.9,10.8,9.4,7.2,9.7,5.9,7.4,8.1,10.5],[10.8,8.9,7.4,7.0,5.6,8.2,5.5,4.7,1.0,2.3,5.4,9.3,10.6,7.9,5.9,6.1,6.0,8.0,6.0,6.1,6.7,7.3],[9.1,7.2,5.7,5.3,4.9,7.9,6.6,4.6,2.4,0.9,2.9,7.9,9.0,5.9,5.9,4.8,5.1,8.0,6.4,5.6,5.7,6.1],[9.1,7.5,5.4,5.8,5.3,8.4,7.4,6.7,4.5,2.6,1.0,7.3,8.2,5.5,5.3,5.8,7.0,9.6,7.6,6.5,7.0,6.7],[11.9,12.2,11.8,11.6,11.7,13.6,14.8,13.3,11.7,10.5,9.2,1.6,9.7,8.7,11.2,12.8,14.2,15.3,15.0,15.4,14.2,14.2],[9.6,9.5,11.6,11.9,13.6,15.3,16.1,15.5,15.0,12.1,8.8,8.8,1.4,7.6,9.9,12.8,16.1,16.2,16.2,16.2,14.6,12.2],[8.9,7.0,7.2,7.7,9.0,11.2,11.3,10.5,9.0,7.6,6.5,8.0,7.0,1.2,5.2,6.8,8.6,10.8,10.8,10.5,9.0,7.8],[8.0,6.1,5.4,6.1,6.3,9.4,7.9,7.4,6.3,6.4,5.5,8.2,7.4,3.8,1.0,2.8,5.0,7.2,7.6,6.4,5.9,5.4],[8.3,6.0,5.1,5.1,5.3,8.4,6.6,5.8,4.9,4.7,5.2,8.2,8.3,4.4,2.6,0.9,2.5,5.5,5.0,5.2,4.8,4.4],[9.2,7.1,6.4,6.0,5.7,9.4,6.9,6.4,5.3,6.1,6.2,9.6,9.4,5.8,4.4,2.7,0.9,4.4,4.2,5.2,5.7,5.9],[12.8,11.2,10.7,9.8,10.0,13.2,9.6,8.4,9.8,9.9,11.4,13.5,13.8,11.6,8.7,6.9,5.4,1.4,6.1,7.4,7.7,9.2],[10.9,8.6,7.4,7.0,6.4,9.9,5.2,5.7,6.3,7.3,8.3,11.4,11.5,9.0,7.2,5.8,3.5,5.5,1.1,4.1,4.9,5.8],[9.5,6.6,6.0,5.8,4.5,8.3,5.7,5.5,5.2,6.0,6.6,10.3,10.0,7.2,6.1,5.4,4.2,4.7,3.0,1.1,3.4,4.5],[8.5,5.5,4.7,4.7,4.4,8.0,5.8,5.2,4.6,5.2,5.8,8.4,8.9,5.9,5.1,4.6,4.6,5.7,4.2,2.6,1.0,2.2],[8.7,5.8,5.1,5.0,6.2,9.0,7.6,7.0,6.2,5.9,6.0,9.1,9.4,6.1,5.0,4.9,5.1,7.1,6.3,4.0,2.4,1.0]],
  "token_chain_ids": ["A","A","A","A","A","A","A","A","A","A","A","A","A","A","A","A","A","A","A","A","A","A"],
  "token_res_ids": [1,2,3,4,5,6,7,8,9,10,11,12,13,14,15,16,17,18,19,20,21,22]
}