{
  "atom_chain_ids": ["A","A","A","A","A","A","A","A","A","A","A","A","A","A","A","A","A","A","A","A","A","A","A","A","A","A","A","A","A","A","A","A","A","A","A","A","A","A","A","A","A","A","A","A","A","A","A","A","A","A","A","A","A","A","A","A","A","A","A","A","A","A","A","A","A","A","A","A","A","A","A","A","A","A","A","A","A","A","A","A","A","A","A","A","A","A","A","A","A","A","A","A","A","A","A","A","A","A","A","A","A","A","A","A","A","A","A","A","A","A","A","A","A","A","A","A","A","A","A","A","A","A","A","A","A","A","A","A","A","A","A","A","A","A","A","A","A","A","A","A","A","A","A","A","A","A","A","A","A","A","A","A","A","A","A","A","A","A","A","A","A","A","A","A","A","A","A","A","A","A","A","A","A","A","A","A","A","A","A","A","A","A","A","A","A","A","A","A","A","A","A","A","A","A","A","A","A","A","A","A","A","A","A","A","A","A","A","A","A","A","A","A","A","A","A","A","A","A","A","A","A","A","A","A","A","A","A","A","A","A","A","A","A","A","A","A","A","A","A","A","A","A","A","A","A","A","A","A","A","A","A","A","A","A","A","A","A","A","A","A","A","A","A","A","A","A","A","A","A","A","A","A","A","A","A","A","A","A","A","A","A","A","A","A","A","A","A","A","A","A","A","A","A","A","A","A","A","A","A","A","A","A","A","A","A","A","A","A","A","A","A","A","A","A","A","A","A","A","A","A","A","A","A","A","A","A","A","A","A","A","A","A","A","A","A","A","A","A","A","A","A","A","A","A","A","A","A","A","A","A","A","A","A","A","A","A","A","A","A","A","A","A","A","A","A","A","A","A","A","A","A","A","A","A","A","A","A","A","A","A","A","A","A","A","A","A","A","A","A","A","A","A","A","A","A","A","A","A","A","A","A","A","A","A","A","A","A","A","A","A","A","A","A","A","A","A","A","A","A","A","A","A","A","A","A","A","A","A","A","A","A","A","A","A","A","A","A","A","A","A","A","A","A","A","A","A","A","A","A","A","A","A","A","A","A","A","A","A","A","A","A","A","A","A","A","A","A"],
  "atom_plddts": [48.13,48.57,43.37,42.28,49.42,49.69,50.55,51.55,53.42,53.4,51.89,50.79,51.48,50.23,48.13,47.08,46.98,46.15,44.65,46.09,48.17,55.13,50.52,50.26,54.71,55.93,56.95,57.76,58.73,57.75,57.88,54.53,56.52,55.79,53.38,52.98,53.17,51.79,49.72,50.67,52.06,52.33,60.72,57.41,58.17,61.06,62.56,63.36,65.76,65.0,63.74,64.65,64.26,64.36,64.9,64.26,64.54,65.61,65.49,64.43,64.14,64.33,63.91,65.38,64.49,62.51,62.73,64.33,64.69,65.78,67.54,66.69,65.53,66.1,65.64,66.18,66.78,66.37,66.64,67.73,67.67,66.91,66.44,66.5,66.06,67.27,65.39,63.72,63.58,64.62,64.07,64.33,65.78,65.22,63.9,64.2,62.51,64.11,64.23,64.06,63.91,65.06,64.92,63.8,63.54,63.76,62.6,64.26,53.53,51.93,50.99,53.18,52.11,51.52,49.38,51.12,50.19,49.49,47.29,48.95,46.66,44.5,43.66,42.65,41.86,40.32,42.16,44.78,49.1,44.91,43.81,49.67,50.01,50.76,50.6,52.41,51.66,50.98,49.37,50.63,49.11,46.13,45.3,44.72,43.68,42.08,43.84,46.18,51.44,47.58,47.0,50.91,51.21,52.51,51.38,53.65,52.25,52.01,48.81,50.98,49.02,46.21,45.61,45.08,43.23,41.76,42.7,44.61,44.71,58.3,54.54,55.36,58.68,60.1,60.56,62.86,62.0,60.89,61.17,60.89,61.12,61.59,61.28,61.43,62.46,62.31,61.2,61.02,61.32,60.52,62.14,63.16,60.51,60.67,63.17,64.83,65.74,67.56,66.61,65.48,66.27,65.9,66.04,66.7,66.4,66.63,67.64,67.56,66.75,66.44,66.58,66.24,67.42,65.58,63.95,63.74,64.81,64.61,64.94,66.15,65.39,63.96,64.42,62.63,64.18,64.43,64.79,64.57,65.63,65.53,64.47,64.34,64.5,63.36,64.99,52.18,49.86,48.97,52.1,51.81,51.22,49.19,51.77,50.58,49.66,47.42,48.31,46.03,43.4,42.16,41.37,40.71,38.99,41.11,43.86,50.43,46.4,45.64,50.99,50.92,51.29,50.68,53.06,51.87,51.0,49.25,50.89,49.48,47.08,46.26,45.83,44.98,43.25,44.93,47.14,58.66,54.89,53.9,57.94,58.47,59.06,59.37,60.09,58.99,59.0,55.28,57.65,56.52,54.28,53.72,54.0,52.49,50.26,51.33,52.86,52.75,62.98,59.41,59.78,63.12,64.56,65.53,67.43,66.7,65.6,66.55,65.63,66.2,66.75,66.43,66.57,67.76,67.75,66.64,66.41,66.55,66.05,67.58,66.14,64.2,64.08,65.93,66.97,67.85,69.12,68.09,67.1,67.74,67.11,67.85,68.47,68.21,68.38,69.46,69.51,68.8,68.35,68.38,67.92,69.07,65.6,63.77,63.23,64.74,64.32,64.67,65.79,65.1,64.0,64.02,62.03,63.72,63.79,63.88,63.71,64.99,64.87,63.73,63.37,63.47,62.28,64.15,55.74,53.5,53.02,55.64,54.55,54.36,52.58,53.57,52.55,51.19,49.21,50.63,48.34,46.13,45.0,44.09,43.12,41.48,43.58,46.09,53.05,47.62,47.24,53.97,54.06,55.3,56.0,56.85,56.14,55.16,53.89,55.65,54.5,52.05,51.36,51.16,50.16,48.47,50.04,52.15,60.59,55.55,54.8,60.01,60.18,61.75,62.28,62.42,61.11,61.66,57.89,60.7,59.85,57.68,57.06,58.0,56.46,54.27,55.14,56.31,56.26,62.61,58.97,59.13,62.91,64.52,65.73,67.79,67.02,65.92,67.02,66.64,66.82,67.57,67.09,67.45,68.68,68.62,67.74,67.3,67.26,67.2,68.6,64.44,61.65,60.93,63.54,65.23,65.77,67.05,66.04,64.89,65.65,64.0,65.04,65.53,65.67,65.43,66.95,67.04,65.88,65.49,65.38,64.71,66.53],
  "contact_probs": [[1.0,0.94,0.2,0.01,0.0,0.0,0.0,0.0,0.0,0.01,0.05,0.16,0.41,0.68,0.18,0.02,0.01,0.01,0.02,0.02,0.07,0.41],[0.94,1.0,0.91,0.17,0.01,0.0,0.01,0.01,0.01,0.04,0.16,0.27,0.49,0.6,0.22,0.06,0.01,0.01,0.02,0.04,0.26,0.72],[0.2,0.91,1.0,0.99,0.25,0.02,0.02,0.03,0.11,0.21,0.41,0.27,0.25,0.19,0.05,0.06,0.03,0.01,0.02,0.09,0.51,0.66],[0.01,0.17,0.99,1.0,0.99,0.16,0.26,0.16,0.28,0.39,0.56,0.11,0.05,0.04,0.05,0.04,0.06,0.02,0.04,0.22,0.34,0.25],[0.0,0.01,0.25,0.99,1.0,0.51,0.58,0.54,0.54,0.64,0.3,0.02,0.01,0.01,0.02,0.05,0.07,0.08,0.13,0.27,0.13,0.07],[0.0,0.0,0.02,0.16,0.51,1.0,0.46,0.29,0.14,0.05,0.02,0.01,0.01,0.0,0.0,0.01,0.07,0.1,0.14,0.15,0.03,0.01],[0.0,0.01,0.02,0.26,0.58,0.46,1.0,0.76,0.31,0.09,0.02,0.0,0.0,0.0,0.01,0.03,0.17,0.19,0.32,0.44,0.12,0.02],[0.0,0.01,0.03,0.16,0.54,0.29,0.76,1.0,0.82,0.26,0.04,0.01,0.01,0.01,0.02,0.16,0.38,0.25,0.4,0.38,0.1,0.04],[0.0,0.01,0.11,0.28,0.54,0.14,0.31,0.82,1.0,0.98,0.2,0.02,0.02,0.02,0.37,0.54,0.42,0.15,0.19,0.14,0.06,0.05],[0.01,0.04,0.21,0.39,0.64,0.05,0.09,0.26,0.98,1.0,0.99,0.22,0.16,0.22,0.67,0.33,0.13,0.02,0.02,0.03,0.05,0.07],[0.05,0.16,0.41,0.56,0.3,0.02,0.02,0.04,0.2,0.99,1.0,0.76,0.53,0.57,0.53,0.13,0.04,0.01,0.01,0.01,0.03,0.07],[0.16,0.27,0.27,0.11,0.02,0.01,0.0,0.01,0.02,0.22,0.76,1.0,0.63,0.39,0.15,0.01,0.01,0.0,0.0,0.0,0.01,0.05],[0.41,0.49,0.25,0.05,0.01,0.01,0.0,0.01,0.02,0.16,0.53,0.63,1.0,0.79,0.32,0.03,0.01,0.0,0.0,0.01,0.02,0.13],[0.68,0.6,0.19,0.04,0.01,0.0,0.0,0.01,0.02,0.22,0.57,0.39,0.79,1.0,0.9,0.16,0.01,0.0,0.0,0.01,0.05,0.37],[0.18,0.22,0.05,0.05,0.02,0.0,0.01,0.02,0.37,0.67,0.53,0.15,0.32,0.9,1.0,0.99,0.18,0.02,0.01,0.03,0.17,0.43],[0.02,0.06,0.06,0.04,0.05,0.01,0.03,0.16,0.54,0.33,0.13,0.01,0.03,0.16,0.99,1.0,0.99,0.2,0.16,0.32,0.56,0.45],[0.01,0.01,0.03,0.06,0.07,0.07,0.17,0.38,0.42,0.13,0.04,0.01,0.01,0.01,0.18,0.99,1.0,0.61,0.57,0.76,0.62,0.22],[0.01,0.01,0.01,0.02,0.08,0.1,0.19,0.25,0.15,0.02,0.01,0.0,0.0,0.0,0.02,0.2,0.61,1.0,0.5,0.32,0.11,0.02],[0.02,0.02,0.02,0.04,0.13,0.14,0.32,0.4,0.19,0.02,0.01,0.0,0.0,0.0,0.01,0.16,0.57,0.5,1.0,0.77,0.2,0.03],[0.02,0.04,0.09,0.22,0.27,0.15,0.44,0.38,0.14,0.03,0.01,0.0,0.01,0.01,0.03,0.32,0.76,0.32,0.77,1.0,0.87,0.15],[0.07,0.26,0.51,0.34,0.13,0.03,0.12,0.1,0.06,0.05,0.03,0.01,0.02,0.05,0.17,0.56,0.62,0.11,0.2,0.87,1.0,0.99],[0.41,0.72,0.66,0.25,0.07,0.01,0.02,0.04,0.05,0.07,0.07,0.05,0.13,0.37,0.43,0.45,0.22,0.02,0.03,0.15,0.99,1.0]],
  "pae": [[1.4,6.0,8.3,9.7,12.9,14.9,15.2,15.5,13.9,12.2,10.7,12.7,9.4,8.5,10.1,11.7,13.5,16.0,15.2,13.7,11.9,9.5],[5.4,1.3,5.1,6.1,9.0,11.8,11.4,11.0,10.7,9.7,8.3,10.7,9.5,7.8,7.6,8.2,9.0,11.1,10.4,9.7,8.3,7.1],[5.9,3.9,1.0,2.8,4.8,7.7,8.3,8.0,6.1,5.4,5.2,9.6,9.2,6.3,5.0,5.5,5.8,8.4,7.3,5.9,5.6,5.3],[7.3,4.2,2.3,0.9,2.3,6.7,7.0,7.3,4.9,4.3,4.7,9.2,8.7,5.9,5.0,4.7,5.4,7.7,6.5,5.3,4.6,4.4],[8.3,5.8,4.0,2.9,0.9,6.5,6.8,7.8,5.6,5.0,5.4,10.3,9.7,7.0,6.0,5.6,6.1,9.0,6.7,4.9,5.3,5.5],[16.2,14.8,11.3,10.1,10.0,1.5,11.0,11.1,12.3,12.0,11.8,15.8,16.9,14.6,15.2,14.6,14.6,17.2,14.6,13.4,14.4,14.2],[15.4,14.6,12.9,10.6,9.1,8.6,1.5,7.0,8.3,10.3,12.9,15.8,15.9,14.9,13.6,13.4,11.4,15.2,10.4,10.1,12.8,13.5],[16.5,15.9,14.1,13.0,9.4,8.6,6.8,1.2,7.1,7.9,13.7,16.6,16.5,15.4,12.9,11.6,9.5,12.7,7.8,10.0,9.4,13.1],[11.0,9.8,8.4,8.6,6.6,8.7,6.9,5.4,1.0,2.7,6.4,10.2,10.8,8.6,7.0,6.9,6.9,9.6,7.5,7.1,7.5,8.3],[8.7,7.2,5.7,5.7,5.4,8.3,7.6,5.4,2.5,0.9,3.1,9.1,8.7,6.1,6.3,5.1,5.8,9.3,6.9,6.3,6.1,6.5],[9.2,7.2,5.5,6.0,5.8,9.0,8.6,8.0,4.7,2.8,1.0,8.1,8.2,5.7,5.4,5.8,7.3,10.2,8.4,7.2,6.7,6.9],[15.0,14.9,13.5,13.4,14.0,15.2,18.1,16.8,15.5,12.5,10.5,1.6,12.0,10.2,13.0,16.9,17.6,19.5,18.1,18.0,17.9,17.2],[11.7,10.1,11.9,12.6,13.8,15.4,16.3,15.6,14.4,12.5,9.1,8.1,1.4,7.6,11.0,13.7,14.4,15.9,16.7,16.4,14.9,13.9],[10.3,8.5,8.1,8.4,10.1,12.1,12.4,11.9,10.1,7.7,7.2,8.6,7.4,1.3,6.3,7.6,10.4,12.2,11.9,12.0,10.5,9.0],[8.2,6.7,5.5,6.2,6.6,9.5,9.0,8.3,6.9,6.3,5.8,8.9,7.0,4.5,1.0,2.6,5.1,8.0,7.1,6.8,5.9,5.6],[8.0,6.0,5.1,5.2,5.5,8.4,7.2,6.6,5.3,4.5,5.3,9.9,8.4,4.8,2.6,0.9,2.4,5.9,5.1,5.1,4.5,4.5],[9.2,7.3,6.5,6.3,6.4,9.6,8.6,7.8,6.5,6.7,6.3,10.6,9.6,6.1,4.6,2.7,0.9,4.7,4.1,5.3,5.4,5.5],[13.9,13.0,12.8,12.8,12.9,15.4,12.7,10.5,12.5,13.5,14.5,15.9,14.6,13.1,10.2,8.0,6.7,1.4,5.7,8.2,9.0,10.3],[11.8,9.7,9.1,9.0,8.2,12.7,8.5,7.6,8.2,9.3,10.3,13.2,12.7,10.4,8.6,7.6,3.9,5.6,1.2,4.8,5.1,6.7],[9.6,7.4,6.6,6.8,5.3,9.6,7.7,6.9,6.0,6.9,7.1,11.3,10.4,7.5,6.3,5.6,4.5,5.5,3.6,1.2,3.5,4.8],[8.5,6.2,5.5,5.3,5.0,8.5,7.4,6.4,5.0,5.4,6.2,10.0,9.2,6.3,5.2,4.8,4.7,6.5,4.3,2.8,1.0,2.4],[8.5,6.5,5.5,5.7,6.6,9.6,8.7,7.5,6.2,6.0,6.1,10.7,9.5,6.6,5.1,5.0,5.4,7.7,6.1,4.2,2.5,1.0]],
  "token_chain_ids": ["A","A","A","A","A","A","A","A","A","A","A","A","A","A","A","A","A","A","A","A","A","A"],
  "token_res_ids": [1,2,3,4,5,6,7,8,9,10,11,12,13,14,15,16,17,18,19,20,21,22]
}