{
  "atom_chain_ids": ["A","A","A","A","A","A","A","A","A","A","A","A","A","A","A","A","A","A","A","A","A","A","A","A","A","A","A","A","A","A","A","A","A","A","A","A","A","A","A","A","A","A","A","A","A","A","A","A","A","A","A","A","A","A","A","A","A","A","A","A","A","A","A","A","A","A","A","A","A","A","A","A","A","A","A","A","A","A","A","A","A","A","A","A","A","A","A","A","A","A","A","A","A","A","A","A","A","A","A","A","A","A","A","A","A","A","A","A","A","A","A","A","A","A","A","A","A","A","A","A","A","A","A","A","A","A","A","A","A","A","A","A","A","A","A","A","A","A","A","A","A","A","A","A","A","A","A","A","A","A","A","A","A","A","A","A","A","A","A","A","A","A","A","A","A","A","A","A","A","A","A","A","A","A","A","A","A","A","A","A","A","A","A","A","A","A","A","A","A","A","A","A","A","A","A","A","A","A","A","A","A","A","A","A","A","A","A","A","A","A","A","A","A","A","A","A","A","A","A","A","A","A","A","A","A","A","A","A","A","A","A","A","A","A","A","A","A","A","A","A","A","A","A","A","A","A","A","A","A","A","A","A","A","A","A","A","A","A","A","A","A","A","A","A","A","A","A","A","A","A","A","A","A","A","A","A","A","A","A","A","A","A","A","A","A","A","A","A","A","A","A","A","A","A","A","A","A","A","A","A","A","A","A","A","A","A","A","A","A","A","A","A","A","A","A","A","A","A","A","A","A","A","A","A","A","A","A","A","A","A","A","A","A","A","A","A","A","A","A","A","A","A","A","A","A","A","A","A","A","A","A","A","A","A","A","A","A","A","A","A","A","A","A","A","A","A","A","A","A","A","A","A","A","A","A","A","A","A","A","A","A","A","A","A","A","A","A","A","A","A","A","A","A","A","A","A","A","A","A","A","A","A","A","A","A","A","A","A","A","A","A","A","A","A","A","A","A","A","A","A","A","A","A","A","A","A","A","A","A","A","A","A","A","A","A","A","A","A","A","A","A","A","A","A","A","A","A","A","A","A","A","A","A","A","A","A","A","A","A","A","A","A","A","A","A","A","A"],
  "atom_plddts": [50.06,50.31,44.76,43.96,51.2,51.69,52.84,54.1,55.53,55.45,53.92,52.91,53.83,52.72,50.63,49.64,49.67,48.83,47.2,48.61,50.66,57.33,52.9,52.64,56.85,58.33,59.6,60.59,61.18,60.05,60.37,57.33,59.22,58.72,56.47,56.18,56.58,55.28,53.26,54.15,55.39,55.55,61.15,57.82,58.61,61.55,63.16,64.08,66.31,65.56,64.28,65.23,64.79,64.93,65.44,64.78,65.02,66.08,65.94,64.89,64.61,64.81,64.39,65.86,64.07,62.2,62.38,63.91,64.17,65.19,67.01,66.07,64.89,65.39,64.91,65.46,66.02,65.67,65.96,67.06,67.0,66.26,65.74,65.82,65.38,66.56,65.86,64.3,64.02,64.95,64.2,64.43,65.97,65.38,64.04,64.33,62.66,64.32,64.43,64.26,64.16,65.32,65.19,64.15,63.82,64.03,62.92,64.49,52.76,50.61,49.82,52.59,51.99,51.75,49.61,51.7,50.72,49.82,47.79,49.34,47.02,44.62,43.87,42.86,42.05,40.59,42.39,45.08,50.04,45.77,44.62,50.47,50.86,51.43,51.38,53.32,52.64,51.97,50.3,51.48,49.79,46.58,45.57,44.92,43.91,42.25,44.21,46.65,53.76,49.47,48.9,53.25,53.55,54.96,54.45,56.14,54.77,54.78,51.59,53.83,52.09,49.4,48.91,48.51,46.69,45.05,46.02,47.9,47.94,59.9,55.71,56.4,60.26,61.29,61.92,64.33,63.72,62.63,63.09,62.71,63.07,63.5,63.04,63.2,64.37,64.26,63.03,62.89,63.14,62.38,64.2,63.39,60.83,60.92,63.33,64.81,65.68,67.46,66.51,65.35,66.03,65.51,65.77,66.4,66.13,66.31,67.39,67.34,66.5,66.12,66.25,65.84,67.06,64.93,63.25,63.06,64.16,64.07,64.31,65.62,64.81,63.36,63.75,62.06,63.56,63.78,64.17,63.99,65.07,64.96,63.94,63.75,63.9,62.83,64.43,57.41,54.67,54.44,57.5,56.46,56.37,55.34,56.29,55.43,53.88,52.16,54.08,52.44,51.16,50.3,49.79,49.08,47.25,49.05,51.38,51.72,47.84,47.21,52.12,51.96,52.38,52.03,53.82,52.71,51.85,50.24,52.09,50.87,48.85,48.18,47.81,47.0,45.3,46.83,48.92,60.58,56.98,55.83,59.8,60.27,60.99,61.4,61.82,60.7,60.89,57.18,59.55,58.52,56.29,55.68,56.11,54.57,52.28,53.4,54.85,54.66,63.61,60.25,60.43,63.75,65.22,66.12,67.9,67.16,66.06,67.01,66.04,66.58,67.08,66.7,66.85,68.04,68.01,66.95,66.67,66.81,66.32,67.83,66.24,64.37,64.11,66.0,66.93,67.86,69.03,68.09,67.08,67.56,66.83,67.59,68.18,67.85,68.02,69.15,69.21,68.48,67.97,67.98,67.46,68.7,64.92,62.92,62.33,64.02,63.67,63.88,65.11,64.39,63.28,63.3,61.36,62.89,62.93,63.14,62.99,64.26,64.12,63.01,62.63,62.71,61.57,63.38,56.34,54.13,53.71,56.32,55.2,55.13,53.21,54.2,53.26,51.74,49.8,51.17,48.76,46.4,45.2,44.23,43.22,41.57,43.78,46.4,52.79,47.52,47.07,53.7,53.84,55.04,55.54,56.84,56.12,55.1,53.77,55.31,53.9,51.25,50.46,50.14,49.1,47.43,49.15,51.42,60.84,56.21,55.46,60.27,60.46,61.97,62.31,62.46,61.1,61.58,57.67,60.51,59.56,57.38,56.73,57.62,56.03,53.9,54.75,55.96,55.79,62.3,58.79,58.96,62.64,64.53,65.78,67.83,67.04,65.94,67.07,66.68,66.71,67.44,66.9,67.27,68.51,68.47,67.57,67.09,67.06,67.02,68.45,65.78,63.31,62.54,64.81,66.32,66.74,67.93,66.82,65.7,66.49,64.96,66.01,66.52,66.77,66.57,68.04,68.19,67.13,66.71,66.57,65.88,67.56],
  "contact_probs": [[1.0,0.94,0.2,0.01,0.0,0.0,0.0,0.0,0.0,0.01,0.05,0.16,0.41,0.68,0.18,0.02,0.01,0.01,0.02,0.02,0.07,0.41],[0.94,1.0,0.91,0.17,0.01,0.0,0.01,0.01,0.01,0.04,0.16,0.27,0.49,0.6,0.22,0.06,0.01,0.01,0.02,0.04,0.26,0.72],[0.2,0.91,1.0,0.99,0.25,0.02,0.02,0.03,0.11,0.21,0.41,0.27,0.25,0.19,0.05,0.06,0.03,0.01,0.02,0.09,0.51,0.66],[0.01,0.17,0.99,1.0,0.99,0.16,0.26,0.16,0.28,0.39,0.56,0.11,0.05,0.04,0.05,0.04,0.06,0.02,0.04,0.22,0.34,0.25],[0.0,0.01,0.25,0.99,1.0,0.51,0.58,0.54,0.54,0.64,0.3,0.02,0.01,0.01,0.02,0.05,0.07,0.08,0.13,0.27,0.13,0.07],[0.0,0.0,0.02,0.16,0.51,1.0,0.46,0.29,0.14,0.05,0.02,0.01,0.01,0.0,0.0,0.01,0.07,0.1,0.14,0.15,0.03,0.01],[0.0,0.01,0.02,0.26,0.58,0.46,1.0,0.76,0.31,0.09,0.02,0.0,0.0,0.0,0.01,0.03,0.17,0.19,0.32,0.44,0.12,0.02],[0.0,0.01,0.03,0.16,0.54,0.29,0.76,1.0,0.82,0.26,0.04,0.01,0.01,0.01,0.02,0.16,0.38,0.25,0.4,0.38,0.1,0.04],[0.0,0.01,0.11,0.28,0.54,0.14,0.31,0.82,1.0,0.98,0.2,0.02,0.02,0.02,0.37,0.54,0.42,0.15,0.19,0.14,0.06,0.05],[0.01,0.04,0.21,0.39,0.64,0.05,0.09,0.26,0.98,1.0,0.99,0.22,0.16,0.22,0.67,0.33,0.13,0.02,0.02,0.03,0.05,0.07],[0.05,0.16,0.41,0.56,0.3,0.02,0.02,0.04,0.2,0.99,1.0,0.76,0.53,0.57,0.53,0.13,0.04,0.01,0.01,0.01,0.03,0.07],[0.16,0.27,0.27,0.11,0.02,0.01,0.0,0.01,0.02,0.22,0.76,1.0,0.63,0.39,0.15,0.01,0.01,0.0,0.0,0.0,0.01,0.05],[0.41,0.49,0.25,0.05,0.01,0.01,0.0,0.01,0.02,0.16,0.53,0.63,1.0,0.79,0.32,0.03,0.01,0.0,0.0,0.01,0.02,0.13],[0.68,0.6,0.19,0.04,0.01,0.0,0.0,0.01,0.02,0.22,0.57,0.39,0.79,1.0,0.9,0.16,0.01,0.0,0.0,0.01,0.05,0.37],[0.18,0.22,0.05,0.05,0.02,0.0,0.01,0.02,0.37,0.67,0.53,0.15,0.32,0.9,1.0,0.99,0.18,0.02,0.01,0.03,0.17,0.43],[0.02,0.06,0.06,0.04,0.05,0.01,0.03,0.16,0.54,0.33,0.13,0.01,0.03,0.16,0.99,1.0,0.99,0.2,0.16,0.32,0.56,0.45],[0.01,0.01,0.03,0.06,0.07,0.07,0.17,0.38,0.42,0.13,0.04,0.01,0.01,0.01,0.18,0.99,1.0,0.61,0.57,0.76,0.62,0.22],[0.01,0.01,0.01,0.02,0.08,0.1,0.19,0.25,0.15,0.02,0.01,0.0,0.0,0.0,0.02,0.2,0.61,1.0,0.5,0.32,0.11,0.02],[0.02,0.02,0.02,0.04,0.13,0.14,0.32,0.4,0.19,0.02,0.01,0.0,0.0,0.0,0.01,0.16,0.57,0.5,1.0,0.77,0.2,0.03],[0.02,0.04,0.09,0.22,0.27,0.15,0.44,0.38,0.14,0.03,0.01,0.0,0.01,0.01,0.03,0.32,0.76,0.32,0.77,1.0,0.87,0.15],[0.07,0.26,0.51,0.34,0.13,0.03,0.12,0.1,0.06,0.05,0.03,0.01,0.02,0.05,0.17,0.56,0.62,0.11,0.2,0.87,1.0,0.99],[0.41,0.72,0.66,0.25,0.07,0.01,0.02,0.04,0.05,0.07,0.07,0.05,0.13,0.37,0.43,0.45,0.22,0.02,0.03,0.15,0.99,1.0]],
  "pae": [[1.4,5.3,8.0,9.0,12.1,13.3,13.5,14.2,12.7,11.5,9.8,10.9,7.8,8.5,9.2,10.7,12.7,15.0,14.6,13.2,10.4,8.2],[4.9,1.2,4.4,5.4,7.8,11.4,10.1,9.9,9.0,8.5,7.4,9.9,7.8,7.5,6.7,7.5,8.4,10.2,9.7,8.5,7.4,5.8],[5.4,3.0,0.9,2.4,4.3,7.8,7.6,6.8,6.2,5.3,5.5,9.0,8.8,6.6,5.0,5.5,5.7,8.1,7.4,5.7,5.5,4.9],[6.7,3.7,2.2,0.9,2.1,7.3,6.5,6.1,5.0,4.3,4.9,8.6,8.3,5.9,4.8,4.6,5.2,8.0,6.4,5.2,4.7,4.3],[7.8,5.3,3.5,2.5,0.9,6.9,5.5,6.5,5.7,5.2,5.8,9.9,9.8,7.1,6.1,5.9,6.2,9.2,6.8,4.9,5.6,5.4],[15.9,13.5,11.3,8.8,8.9,1.4,10.0,10.4,12.8,10.1,9.9,15.2,16.0,13.6,13.7,13.9,13.3,17.1,14.7,12.4,13.3,13.9],[14.0,12.8,11.9,9.6,7.6,8.3,1.3,6.2,7.2,8.6,11.0,14.8,14.3,13.8,11.3,11.1,9.9,13.4,8.3,8.0,10.3,11.9],[13.3,12.2,10.9,9.1,7.9,6.5,6.5,1.2,6.5,6.6,11.3,13.7,13.6,12.8,11.1,9.6,7.0,11.8,7.6,7.6,8.4,9.9],[9.8,8.4,7.6,7.5,6.0,8.7,6.4,5.7,1.0,2.4,5.2,8.9,10.7,8.1,6.0,6.1,5.8,9.0,7.3,6.3,6.9,7.6],[8.1,6.5,5.5,5.3,5.0,8.5,7.0,4.4,2.2,0.9,2.9,7.7,8.8,6.1,5.7,4.8,5.2,9.2,7.0,6.1,5.6,6.0],[9.2,7.9,5.8,6.7,6.4,9.9,8.3,7.3,5.2,3.0,0.9,8.0,8.9,6.2,6.1,6.5,8.0,11.0,9.6,7.6,8.1,7.8],[11.4,12.8,10.7,11.2,12.4,14.7,14.7,13.5,11.4,9.3,7.9,1.5,9.7,7.7,10.5,12.4,14.4,15.8,14.7,14.6,14.1,14.1],[9.9,10.3,10.9,12.1,13.8,15.5,15.2,14.8,13.0,11.7,9.1,9.0,1.4,7.2,8.9,11.9,13.8,14.5,15.7,14.8,13.9,12.6],[8.7,8.0,7.2,7.9,9.1,12.1,11.4,10.8,9.0,7.7,6.7,8.0,7.1,1.2,4.7,6.5,8.7,11.2,10.8,10.5,9.3,8.2],[8.0,6.2,5.6,6.3,6.6,10.4,8.8,7.4,6.8,6.9,6.2,8.5,7.4,4.3,1.0,2.5,5.0,7.3,7.7,6.7,6.1,5.4],[7.7,6.0,5.1,5.1,5.5,8.9,7.1,5.9,4.9,4.8,5.3,8.5,8.2,4.6,2.5,0.9,2.2,5.8,5.2,5.0,4.8,4.5],[8.9,7.3,7.4,7.0,6.9,10.9,8.4,6.6,6.6,7.2,7.2,10.3,9.8,6.2,4.7,2.9,0.9,5.2,4.5,5.5,6.0,6.0],[14.3,13.6,13.8,13.2,14.3,16.2,12.7,10.0,13.2,14.0,14.9,15.5,14.8,13.8,10.3,8.3,6.4,1.4,6.3,9.0,9.9,11.4],[11.4,9.1,8.1,7.8,8.8,12.7,7.8,6.7,7.9,8.2,9.7,12.2,12.6,10.1,7.4,6.5,4.0,5.8,1.2,4.0,5.1,6.2],[9.1,7.2,6.6,6.3,5.1,10.0,7.2,6.1,6.2,6.7,7.1,11.0,10.7,7.6,6.5,6.2,4.7,5.9,3.2,1.1,3.0,4.8],[7.7,5.1,5.0,4.7,4.7,8.6,6.7,5.3,4.7,5.1,5.9,8.6,8.7,6.0,4.9,4.6,4.5,6.0,4.0,2.4,0.9,2.0],[7.7,5.3,4.8,5.0,5.8,10.0,8.0,6.7,6.1,5.6,6.0,9.1,9.4,6.2,4.5,4.6,4.7,7.3,5.8,3.6,2.2,1.0]],
  "token_chain_ids": ["A","A","A","A","A","A","A","A","A","A","A","A","A","A","A","A","A","A","A","A","A","A"],
  "token_res_ids": [1,2,3,4,5,6,7,8,9,10,11,12,13,14,15,16,17,18,19,20,21,22]
}