{
  "atom_chain_ids": ["A","A","A","A","A","A","A","A","A","A","A","A","A","A","A","A","A","A","A","A","A","A","A","A","A","A","A","A","A","A","A","A","A","A","A","A","A","A","A","A","A","A","A","A","A","A","A","A","A","A","A","A","A","A","A","A","A","A","A","A","A","A","A","A","A","A","A","A","A","A","A","A","A","A","A","A","A","A","A","A","A","A","A","A","A","A","A","A","A","A","A","A","A","A","A","A","A","A","A","A","A","A","A","A","A","A","A","A","A","A","A","A","A","A","A","A","A","A","A","A","A","A","A","A","A","A","A","A","A","A","A","A","A","A","A","A","A","A","A","A","A","A","A","A","A","A","A","A","A","A","A","A","A","A","A","A","A","A","A","A","A","A","A","A","A","A","A","A","A","A","A","A","A","A","A","A","A","A","A","A","A","A","A","A","A","A","A","A","A","A","A","A","A","A","A","A","A","A","A","A","A","A","A","A","A","A","A","A","A","A","A","A","A","A","A","A","A","A","A","A","A","A","A","A","A","A","A","A","A","A","A","A","A","A","A","A","A","A","A","A","A","A","A","A","A","A","A","A","A","A","A","A","A","A","A","A","A","A","A","A","A","A","A","A","A","A","A","A","A","A","A","A","A","A","A","A","A","A","A","A","A","A","A","A","A","A","A","A","A","A","A","A","A","A","A","A","A","A","A","A","A","A","A","A","A","A","A","A","A","A","A","A","A","A","A","A","A","A","A","A","A","A","A","A","A","A","A","A","A","A","A","A","A","A","A","A","A","A","A","A","A","A","A","A","A","A","A","A","A","A","A","A","A","A","A","A","A","A","A","A","A","A","A","A","A","A","A","A","A","A","A","A","A","A","A","A","A","A","A","A","A","A","A","A","A","A","A","A","A","A","A","A","A","A","A","A","A","A","A","A","A","A","A","A","A","A","A","A","A","A","A","A","A","A","A","A","A","A","A","A","A","A","A","A","A","A","A","A","A","A","A","A","A","A","A","A","A","A","A","A","A","A","A","A","A","A","A","A","A","A","A","A","A","A","A","A","A","A","A","A","A","A","A","A","A","A","A"],
  "atom_plddts": [51.65,51.87,46.0,45.35,52.69,53.41,54.8,56.31,57.52,57.39,55.78,54.85,55.92,54.85,52.75,51.76,51.89,51.02,49.27,50.72,52.75,57.66,53.36,53.12,57.18,58.72,60.05,61.04,61.49,60.33,60.63,57.65,59.52,59.08,56.9,56.58,57.04,55.79,53.77,54.66,55.84,55.91,60.41,57.0,57.87,60.8,62.58,63.46,65.78,64.99,63.73,64.65,64.31,64.35,64.89,64.25,64.52,65.57,65.44,64.39,64.09,64.28,63.88,65.37,64.32,62.35,62.63,64.23,64.63,65.74,67.48,66.55,65.41,65.97,65.61,66.11,66.72,66.35,66.66,67.74,67.69,66.96,66.45,66.51,66.08,67.27,65.3,63.4,63.26,64.6,64.18,64.59,66.15,65.69,64.38,64.77,63.26,64.7,64.87,64.54,64.53,65.68,65.57,64.53,64.2,64.39,63.38,64.94,52.32,49.98,49.12,52.14,51.71,51.55,49.63,51.72,50.79,50.08,48.19,49.66,47.53,45.12,44.47,43.49,42.76,41.32,43.03,45.71,50.1,45.73,44.55,50.6,50.98,51.68,51.49,53.45,52.72,51.98,50.28,51.34,49.58,46.32,45.26,44.61,43.55,41.9,43.92,46.4,54.03,49.56,48.94,53.52,53.9,55.41,54.96,56.73,55.4,55.5,52.33,54.38,52.55,49.69,49.12,48.69,46.75,45.09,46.14,48.09,48.28,58.22,53.6,54.47,58.77,60.42,61.14,63.61,62.98,61.87,62.42,62.28,62.34,62.84,62.32,62.55,63.63,63.47,62.26,62.14,62.41,61.74,63.54,63.87,61.14,61.3,63.92,65.63,66.66,68.36,67.45,66.32,67.18,66.78,66.94,67.58,67.23,67.47,68.51,68.46,67.65,67.31,67.43,67.1,68.32,64.96,63.29,63.12,64.16,64.0,64.22,65.47,64.68,63.26,63.69,61.81,63.37,63.58,64.04,63.81,64.9,64.81,63.74,63.58,63.72,62.54,64.2,49.7,47.21,46.36,49.85,49.9,49.49,47.5,50.33,49.02,48.25,46.02,46.62,44.42,41.62,40.46,39.71,38.98,37.41,39.44,42.09,46.18,42.67,41.71,46.5,46.57,47.16,46.3,49.4,48.03,47.66,45.85,47.11,45.76,43.25,42.61,42.22,41.41,39.99,41.33,43.42,58.44,55.01,54.07,57.62,58.26,58.86,58.93,59.6,58.45,58.48,54.84,57.13,56.03,53.96,53.4,53.6,52.11,49.98,51.03,52.5,52.32,62.61,59.19,59.52,62.77,64.36,65.19,67.15,66.28,65.2,66.15,65.32,65.79,66.34,66.02,66.17,67.35,67.34,66.29,66.0,66.14,65.72,67.14,65.97,64.19,63.99,65.76,66.72,67.62,68.91,67.89,66.88,67.43,66.81,67.5,68.11,67.79,67.99,69.09,69.15,68.45,67.93,67.95,67.48,68.66,65.56,63.66,62.99,64.65,64.24,64.56,65.7,65.1,64.03,64.04,62.07,63.61,63.67,63.78,63.68,64.94,64.82,63.71,63.33,63.38,62.22,64.06,56.8,54.11,53.71,56.77,55.77,55.82,54.18,55.32,54.38,52.94,51.31,52.88,50.71,48.73,47.91,47.12,46.31,44.74,46.53,49.01,53.07,47.92,47.5,54.09,54.19,55.28,55.58,56.81,56.07,54.95,53.58,55.11,53.71,51.12,50.3,50.04,49.04,47.35,49.05,51.25,60.25,55.48,54.8,59.79,60.08,61.63,61.9,62.25,60.92,61.41,57.49,60.21,59.2,56.9,56.25,57.05,55.42,53.31,54.18,55.44,55.32,61.92,58.42,58.61,62.34,64.16,65.3,67.42,66.57,65.49,66.6,66.34,66.26,67.0,66.47,66.89,68.13,68.08,67.22,66.68,66.66,66.66,68.01,64.93,62.29,61.6,64.04,65.69,66.07,67.31,66.18,65.07,65.86,64.33,65.33,65.84,66.1,65.89,67.36,67.48,66.42,65.98,65.87,65.2,66.86],
  "contact_probs": [[1.0,0.94,0.2,0.01,0.0,0.0,0.0,0.0,0.0,0.01,0.05,0.16,0.41,0.68,0.18,0.02,0.01,0.01,0.02,0.02,0.07,0.41],[0.94,1.0,0.91,0.17,0.01,0.0,0.01,0.01,0.01,0.04,0.16,0.27,0.49,0.6,0.22,0.06,0.01,0.01,0.02,0.04,0.26,0.72],[0.2,0.91,1.0,0.99,0.25,0.02,0.02,0.03,0.11,0.21,0.41,0.27,0.25,0.19,0.05,0.06,0.03,0.01,0.02,0.09,0.51,0.66],[0.01,0.17,0.99,1.0,0.99,0.16,0.26,0.16,0.28,0.39,0.56,0.11,0.05,0.04,0.05,0.04,0.06,0.02,0.04,0.22,0.34,0.25],[0.0,0.01,0.25,0.99,1.0,0.51,0.58,0.54,0.54,0.64,0.3,0.02,0.01,0.01,0.02,0.05,0.07,0.08,0.13,0.27,0.13,0.07],[0.0,0.0,0.02,0.16,0.51,1.0,0.46,0.29,0.14,0.05,0.02,0.01,0.01,0.0,0.0,0.01,0.07,0.1,0.14,0.15,0.03,0.01],[0.0,0.01,0.02,0.26,0.58,0.46,1.0,0.76,0.31,0.09,0.02,0.0,0.0,0.0,0.01,0.03,0.17,0.19,0.32,0.44,0.12,0.02],[0.0,0.01,0.03,0.16,0.54,0.29,0.76,1.0,0.82,0.26,0.04,0.01,0.01,0.01,0.02,0.16,0.38,0.25,0.4,0.38,0.1,0.04],[0.0,0.01,0.11,0.28,0.54,0.14,0.31,0.82,1.0,0.98,0.2,0.02,0.02,0.02,0.37,0.54,0.42,0.15,0.19,0.14,0.06,0.05],[0.01,0.04,0.21,0.39,0.64,0.05,0.09,0.26,0.98,1.0,0.99,0.22,0.16,0.22,0.67,0.33,0.13,0.02,0.02,0.03,0.05,0.07],[0.05,0.16,0.41,0.56,0.3,0.02,0.02,0.04,0.2,0.99,1.0,0.76,0.53,0.57,0.53,0.13,0.04,0.01,0.01,0.01,0.03,0.07],[0.16,0.27,0.27,0.11,0.02,0.01,0.0,0.01,0.02,0.22,0.76,1.0,0.63,0.39,0.15,0.01,0.01,0.0,0.0,0.0,0.01,0.05],[0.41,0.49,0.25,0.05,0.01,0.01,0.0,0.01,0.02,0.16,0.53,0.63,1.0,0.79,0.32,0.03,0.01,0.0,0.0,0.01,0.02,0.13],[0.68,0.6,0.19,0.04,0.01,0.0,0.0,0.01,0.02,0.22,0.57,0.39,0.79,1.0,0.9,0.16,0.01,0.0,0.0,0.01,0.05,0.37],[0.18,0.22,0.05,0.05,0.02,0.0,0.01,0.02,0.37,0.67,0.53,0.15,0.32,0.9,1.0,0.99,0.18,0.02,0.01,0.03,0.17,0.43],[0.02,0.06,0.06,0.04,0.05,0.01,0.03,0.16,0.54,0.33,0.13,0.01,0.03,0.16,0.99,1.0,0.99,0.2,0.16,0.32,0.56,0.45],[0.01,0.01,0.03,0.06,0.07,0.07,0.17,0.38,0.42,0.13,0.04,0.01,0.01,0.01,0.18,0.99,1.0,0.61,0.57,0.76,0.62,0.22],[0.01,0.01,0.01,0.02,0.08,0.1,0.19,0.25,0.15,0.02,0.01,0.0,0.0,0.0,0.02,0.2,0.61,1.0,0.5,0.32,0.11,0.02],[0.02,0.02,0.02,0.04,0.13,0.14,0.32,0.4,0.19,0.02,0.01,0.0,0.0,0.0,0.01,0.16,0.57,0.5,1.0,0.77,0.2,0.03],[0.02,0.04,0.09,0.22,0.27,0.15,0.44,0.38,0.14,0.03,0.01,0.0,0.01,0.01,0.03,0.32,0.76,0.32,0.77,1.0,0.87,0.15],[0.07,0.26,0.51,0.34,0.13,0.03,0.12,0.1,0.06,0.05,0.03,0.01,0.02,0.05,0.17,0.56,0.62,0.11,0.2,0.87,1.0,0.99],[0.41,0.72,0.66,0.25,0.07,0.01,0.02,0.04,0.05,0.07,0.07,0.05,0.13,0.37,0.43,0.45,0.22,0.02,0.03,0.15,0.99,1.0]],
  "pae": [[1.3,4.0,7.5,8.2,10.7,12.2,12.0,13.6,11.9,10.5,8.5,10.9,8.2,7.2,7.9,9.3,10.7,11.8,13.5,11.6,9.2,7.6],[4.2,1.2,3.9,5.0,6.9,10.0,9.3,9.4,8.9,8.2,7.0,10.2,8.4,7.3,6.6,7.2,7.7,9.2,9.3,7.7,6.8,5.6],[4.8,2.9,0.9,2.5,4.3,7.0,6.9,7.1,5.7,5.5,5.2,10.0,9.1,6.7,5.1,5.2,5.4,8.2,7.7,5.7,5.3,4.9],[5.7,3.3,2.1,0.9,1.9,6.0,5.5,6.3,4.6,4.1,4.4,9.3,8.5,5.8,4.5,4.4,4.9,7.1,6.3,4.8,4.2,4.1],[6.9,4.8,3.3,2.3,0.9,5.8,4.9,6.1,5.3,4.7,5.3,10.4,9.8,6.8,5.6,5.4,5.2,7.8,6.3,4.5,4.9,5.0],[14.3,13.9,11.8,9.3,9.1,1.4,8.9,10.6,12.5,10.2,10.3,16.4,16.1,14.3,13.8,13.5,13.1,15.0,13.5,12.0,12.7,13.1],[12.5,11.9,10.6,8.4,6.8,7.1,1.3,5.0,6.0,8.3,10.8,14.6,14.3,12.5,11.2,10.3,8.9,11.1,7.3,7.5,9.0,10.8],[12.7,12.8,11.3,9.5,7.7,6.1,5.3,1.2,5.7,6.8,11.4,15.0,14.1,12.8,11.3,9.7,8.0,10.3,7.7,8.0,7.8,10.0],[9.6,8.7,8.1,7.4,6.3,7.3,5.1,4.6,1.0,2.4,6.4,10.7,11.0,8.5,6.8,6.2,6.0,7.9,6.8,6.3,6.9,7.6],[7.9,6.7,5.7,5.4,5.0,7.2,6.2,4.6,2.4,0.9,2.7,9.2,9.2,6.1,5.5,4.7,5.2,8.1,7.1,5.7,5.6,5.8],[8.3,7.5,5.6,5.8,5.8,8.7,7.7,7.3,4.8,2.9,0.9,8.2,9.1,6.3,5.3,6.3,7.5,10.1,9.2,7.5,7.6,7.2],[14.9,15.5,13.8,14.4,16.0,15.1,18.0,17.9,17.6,14.3,11.5,1.6,11.7,11.2,12.6,17.9,18.2,18.8,19.3,19.0,19.8,18.3],[10.2,11.4,13.0,13.9,15.2,16.2,16.7,16.3,15.1,14.1,10.0,8.4,1.4,9.0,12.7,13.2,15.2,17.5,17.4,16.6,15.0,13.8],[8.2,8.5,7.7,8.7,9.1,11.2,11.6,11.9,10.7,7.5,6.8,9.1,7.6,1.2,5.9,7.4,10.3,11.9,12.5,11.0,10.7,8.7],[7.4,6.1,5.3,6.1,6.3,8.8,7.7,7.2,5.6,6.5,5.5,9.5,7.8,4.2,1.0,2.5,4.7,7.3,7.8,6.5,5.5,5.1],[6.9,5.8,5.0,5.1,5.0,7.6,6.2,5.7,4.6,4.8,5.2,10.3,8.6,4.8,2.5,0.9,2.3,5.4,5.5,4.9,4.2,4.4],[7.9,6.8,6.2,5.7,5.4,8.3,6.4,6.2,4.8,5.8,5.8,10.4,9.4,6.4,4.3,2.6,0.9,4.4,4.4,4.9,4.9,5.2],[10.6,10.4,10.2,9.7,9.4,12.8,9.4,8.6,9.5,9.7,10.5,14.3,13.8,11.4,8.6,5.8,6.3,1.3,7.0,6.7,6.4,8.0],[10.2,9.3,8.0,7.2,7.3,10.1,5.6,6.4,6.5,7.6,9.1,13.2,12.5,9.9,7.4,6.4,4.0,5.0,1.1,4.5,4.9,6.3],[8.2,6.9,6.1,5.8,4.7,7.8,5.8,6.1,5.6,6.3,6.7,11.4,10.6,7.8,6.1,5.2,4.6,4.7,3.4,1.1,3.1,4.5],[7.0,5.4,5.3,4.8,4.7,7.3,5.8,5.2,4.7,5.2,5.8,10.3,9.2,6.4,4.9,4.6,4.4,5.8,4.0,2.5,0.9,2.0],[7.1,5.5,5.1,5.1,6.1,8.6,7.3,6.8,5.9,5.8,6.0,10.8,9.8,6.7,4.8,4.7,4.7,6.5,6.1,3.7,2.4,1.0]],
  "token_chain_ids": ["A","A","A","A","A","A","A","A","A","A","A","A","A","A","A","A","A","A","A","A","A","A"],
  "token_res_ids": [1,2,3,4,5,6,7,8,9,10,11,12,13,14,15,16,17,18,19,20,21,22]
}