{
  "atom_chain_ids": ["A","A","A","A","A","A","A","A","A","A","A","A","A","A","A","A","A","A","A","A","A","A","A","A","A","A","A","A","A","A","A","A","A","A","A","A","A","A","A","A","A","A","A","A","A","A","A","A","A","A","A","A","A","A","A","A","A","A","A","A","A","A","A","A","A","A","A","A","A","A","A","A","A","A","A","A","A","A","A","A","A","A","A","A","A","A","A","A","A","A","A","A","A","A","A","A","A","A","A","A","A","A","A","A","A","A","A","A","A","A","A","A","A","A","A","A","A","A","A","A","A","A","A","A","A","A","A","A","A","A","A","A","A","A","A","A","A","A","A","A","A","A","A","A","A","A","A","A","A","A","A","A","A","A","A","A","A","A","A","A","A","A","A","A","A","A","A","A","A","A","A","A","A","A","A","A","A","A","A","A","A","A","A","A","A","A","A","A","A","A","A","A","A","A","A","A","A","A","A","A","A","A","A","A","A","A","A","A","A","A","A","A","A","A","A","A","A","A","A","A","A","A","A","A","A","A","A","A","A","A","A","A","A","A","A","A","A","A","A","A","A","A","A","A","A","A","A","A","A","A","A","A","A","A","A","A","A","A","A","A","A","A","A","A","A","A","A","A","A","A","A","A","A","A","A","A","A","A","A","A","A","A","A","A","A","A","A","A","A","A","A","A","A","A","A","A","A","A","A","A","A","A","A","A","A","A","A","A","A","A","A","A","A","A","A","A","A","A","A","A","A","A","A","A","A","A","A","A","A","A","A","A","A","A","A","A","A","A","A","A","A","A","A","A","A","A","A","A","A","A","A","A","A","A","A","A","A","A","A","A","A","A","A","A","A","A","A","A","A","A","A","A","A","A","A","A","A","A","A","A","A","A","A","A","A","A","A","A","A","A","A","A","A","A","A","A","A","A","A","A","A","A","A","A","A","A","A","A","A","A","A","A","A","A","A","A","A","A","A","A","A","A","A","A","A","A","A","A","A","A","A","A","A","A","A","A","A","A","A","A","A","A","A","A","A","A","A","A","A","A","A","A","A","A","A","A","A","A","A","A","A","A","A","A","A","A","A","A","A","A","A","A","A","A","A","A","A","A","A","A","A","A","A","A","A","A"],
  "atom_plddts": [48.44,48.28,42.22,41.2,49.1,49.26,51.0,51.81,54.35,54.28,52.68,52.42,52.6,51.01,48.77,48.1,47.72,46.7,45.34,46.68,49.19,55.17,48.78,48.75,55.48,57.07,58.74,61.38,61.3,60.18,60.52,59.85,60.72,60.77,59.34,59.8,60.25,59.53,58.01,58.47,59.4,59.14,61.21,63.15,59.59,60.13,63.88,65.32,66.66,68.69,67.73,66.47,67.63,67.77,67.7,68.32,67.48,67.8,68.77,68.58,67.73,67.55,67.73,67.73,68.83,66.94,64.4,64.59,67.45,68.45,69.7,71.01,70.19,68.94,70.22,70.52,70.58,71.15,70.15,70.5,71.35,71.22,70.6,70.36,70.47,70.52,71.33,66.85,64.7,65.15,66.77,66.91,67.68,69.01,68.21,66.75,67.63,67.23,68.07,68.42,67.71,67.77,68.84,68.6,67.63,67.49,67.76,67.09,68.45,60.09,57.79,57.69,60.4,58.44,58.99,57.8,59.11,58.72,56.3,55.66,57.18,55.17,53.77,53.38,52.47,51.79,50.34,51.76,54.09,52.58,48.24,48.26,53.13,52.96,54.67,55.58,56.35,55.85,54.78,54.65,55.45,54.37,52.85,52.44,52.07,51.77,50.4,51.91,57.65,53.08,53.43,59.05,57.43,59.19,60.15,60.18,59.2,58.26,57.56,58.85,57.59,56.18,55.54,55.4,54.85,53.2,54.86,58.41,53.35,52.18,58.83,58.64,59.62,60.42,60.92,59.93,60.27,57.46,58.98,57.15,55.13,54.94,54.76,53.15,51.02,52.58,54.65,52.23,56.53,59.51,55.31,54.41,59.41,59.12,61.05,61.19,62.21,60.4,61.1,57.64,59.6,58.06,55.38,54.95,55.2,53.38,51.29,52.23,53.7,53.95,63.36,59.95,60.52,63.82,64.39,65.99,68.19,67.09,65.77,66.73,67.03,67.14,67.81,67.43,67.8,68.65,68.43,67.67,67.51,67.65,67.46,68.55,65.97,63.32,63.36,66.18,66.72,68.18,69.93,69.05,67.93,68.73,68.81,69.25,69.93,69.4,69.8,70.67,70.4,69.77,69.56,69.6,69.38,70.48,62.39,60.6,60.79,63.02,60.23,60.97,61.69,61.25,60.4,58.57,56.93,58.61,56.74,54.9,53.36,53.53,53.06,50.88,52.79,59.18,54.55,54.88,59.79,59.7,60.75,64.09,63.34,62.91,62.32,61.92,62.8,62.74,61.03,61.71,62.32,61.5,60.17,60.28,61.05,60.51,62.66,64.61,61.06,61.49,65.36,66.7,68.67,70.65,69.98,68.8,70.13,70.52,70.28,70.99,69.68,70.37,71.25,70.96,70.33,70.04,70.13,70.47,71.46,67.96,65.38,65.17,68.41,69.03,70.3,71.48,70.69,69.65,70.78,71.05,70.93,71.54,70.64,71.04,71.81,71.69,71.1,70.89,70.94,70.84,71.75,67.46,65.42,65.08,66.96,66.87,67.51,68.81,68.07,66.88,67.83,67.21,67.91,68.29,68.06,68.17,69.12,69.05,68.31,68.0,68.04,67.49,68.71,54.0,51.72,51.53,54.42,53.59,54.33,55.13,55.53,54.56,53.0,52.61,53.33,51.78,49.65,48.91,48.64,48.34,46.97,48.49,44.68,41.41,40.95,44.54,44.29,44.79,44.39,46.75,45.72,45.6,44.39,45.29,44.17,42.19,41.78,41.41,40.79,39.65,40.57,42.21,49.92,45.37,45.19,50.39,50.24,51.27,52.21,52.74,51.83,51.27,50.53,52.02,51.47,49.84,49.76,49.38,48.71,47.21,48.22,50.06,63.29,58.99,59.29,63.69,65.31,66.68,68.73,68.26,66.89,67.96,67.8,68.14,68.61,67.36,67.58,68.7,68.46,67.46,67.28,67.58,67.53,69.01,68.24,65.79,65.37,68.55,69.16,70.65,71.7,70.97,69.83,71.07,71.1,71.36,71.97,71.09,71.5,72.31,72.09,71.45,71.27,71.36,71.3,72.37,63.59,60.97,61.0,63.31,64.78,65.27,66.63,65.81,64.62,65.49,65.16,65.28,65.72,65.57,65.61,66.6,66.6,65.67,65.4,65.42,65.07,66.4],
  "contact_probs": [[1.0,0.9,0.24,0.01,0.0,0.0,0.0,0.0,0.01,0.01,0.0,0.02,0.03,0.42,0.16,0.01,0.01,0.01,0.07,0.38,0.45,0.05,0.01],[0.9,1.0,0.99,0.14,0.0,0.0,0.0,0.0,0.0,0.01,0.01,0.07,0.02,0.27,0.13,0.02,0.01,0.01,0.06,0.25,0.75,0.47,0.02],[0.24,0.99,1.0,1.0,0.13,0.01,0.01,0.0,0.01,0.01,0.05,0.37,0.03,0.15,0.02,0.02,0.01,0.01,0.02,0.06,0.33,0.81,0.5],[0.01,0.14,1.0,1.0,1.0,0.1,0.13,0.03,0.08,0.18,0.39,0.62,0.01,0.03,0.02,0.03,0.02,0.0,0.01,0.01,0.04,0.27,0.82],[0.0,0.0,0.13,1.0,1.0,0.41,0.33,0.17,0.44,0.62,0.67,0.43,0.01,0.01,0.01,0.02,0.02,0.01,0.01,0.01,0.01,0.04,0.35],[0.0,0.0,0.01,0.1,0.41,1.0,0.46,0.22,0.2,0.22,0.07,0.03,0.0,0.0,0.0,0.01,0.03,0.01,0.01,0.0,0.0,0.01,0.11],[0.0,0.0,0.01,0.13,0.33,0.46,1.0,0.56,0.4,0.24,0.04,0.02,0.01,0.0,0.0,0.02,0.07,0.01,0.01,0.01,0.01,0.05,0.3],[0.0,0.0,0.0,0.03,0.17,0.22,0.56,1.0,0.71,0.25,0.03,0.01,0.0,0.01,0.01,0.02,0.06,0.01,0.01,0.01,0.01,0.03,0.16],[0.01,0.0,0.01,0.08,0.44,0.2,0.4,0.71,1.0,0.82,0.15,0.03,0.01,0.01,0.02,0.07,0.24,0.02,0.02,0.02,0.02,0.07,0.32],[0.01,0.01,0.01,0.18,0.62,0.22,0.24,0.25,0.82,1.0,0.8,0.13,0.01,0.02,0.05,0.35,0.48,0.04,0.06,0.03,0.01,0.11,0.34],[0.0,0.01,0.05,0.39,0.67,0.07,0.04,0.03,0.15,0.8,1.0,0.97,0.07,0.23,0.66,0.52,0.08,0.01,0.02,0.02,0.01,0.02,0.04],[0.02,0.07,0.37,0.62,0.43,0.03,0.02,0.01,0.03,0.13,0.97,1.0,0.23,0.8,0.81,0.25,0.03,0.01,0.01,0.02,0.01,0.02,0.02],[0.03,0.02,0.03,0.01,0.01,0.0,0.01,0.0,0.01,0.01,0.07,0.23,1.0,0.08,0.05,0.0,0.0,0.0,0.0,0.01,0.0,0.0,0.0],[0.42,0.27,0.15,0.03,0.01,0.0,0.0,0.01,0.01,0.02,0.23,0.8,0.08,1.0,0.99,0.18,0.01,0.0,0.04,0.23,0.06,0.02,0.01],[0.16,0.13,0.02,0.02,0.01,0.0,0.0,0.01,0.02,0.05,0.66,0.81,0.05,0.99,1.0,1.0,0.08,0.02,0.22,0.39,0.24,0.06,0.02],[0.01,0.02,0.02,0.03,0.02,0.01,0.02,0.02,0.07,0.35,0.52,0.25,0.0,0.18,1.0,1.0,1.0,0.13,0.42,0.29,0.83,0.26,0.06],[0.01,0.01,0.01,0.02,0.02,0.03,0.07,0.06,0.24,0.48,0.08,0.03,0.0,0.01,0.08,1.0,1.0,0.2,0.37,0.11,0.69,0.85,0.24],[0.01,0.01,0.01,0.0,0.01,0.01,0.01,0.01,0.02,0.04,0.01,0.01,0.0,0.0,0.02,0.13,0.2,1.0,0.41,0.09,0.05,0.04,0.01],[0.07,0.06,0.02,0.01,0.01,0.01,0.01,0.01,0.02,0.06,0.02,0.01,0.0,0.04,0.22,0.42,0.37,0.41,1.0,0.29,0.24,0.08,0.01],[0.38,0.25,0.06,0.01,0.01,0.0,0.01,0.01,0.02,0.03,0.02,0.02,0.01,0.23,0.39,0.29,0.11,0.09,0.29,1.0,0.61,0.09,0.01],[0.45,0.75,0.33,0.04,0.01,0.0,0.01,0.01,0.02,0.01,0.01,0.01,0.0,0.06,0.24,0.83,0.69,0.05,0.24,0.61,1.0,1.0,0.07],[0.05,0.47,0.81,0.27,0.04,0.01,0.05,0.03,0.07,0.11,0.02,0.02,0.0,0.02,0.06,0.26,0.85,0.04,0.08,0.09,1.0,1.0,1.0],[0.01,0.02,0.5,0.82,0.35,0.11,0.3,0.16,0.32,0.34,0.04,0.02,0.0,0.01,0.02,0.06,0.24,0.01,0.01,0.01,0.07,1.0,1.0]],
  "pae": [[1.8,4.9,6.7,10.1,11.9,13.9,13.2,13.7,13.5,12.5,10.9,9.5,10.0,9.1,9.7,11.4,13.3,16.6,16.5,9.2,10.8,12.8,13.1],[5.2,1.1,2.9,4.5,6.0,9.8,8.8,9.4,8.6,7.5,6.8,5.5,8.8,6.1,6.4,6.7,8.4,10.8,11.6,8.0,6.2,7.5,7.7],[6.6,2.2,0.9,2.4,3.3,6.4,7.0,6.9,6.2,5.5,4.8,4.1,7.7,5.4,4.8,4.7,5.6,8.6,10.0,7.7,5.0,5.0,4.7],[7.8,3.5,2.0,0.9,1.8,5.7,6.2,6.2,5.4,4.9,3.6,3.4,7.4,5.1,4.0,3.8,4.2,8.3,10.1,7.1,4.2,3.6,3.6],[7.9,4.1,3.0,1.8,0.9,5.5,6.2,6.5,5.8,5.3,3.9,3.9,7.5,5.6,4.9,4.6,4.9,8.6,10.1,7.4,4.8,4.8,4.0],[13.2,11.6,9.2,8.0,6.9,1.3,5.5,6.0,7.9,9.1,10.3,10.7,14.8,14.4,12.2,11.2,11.0,15.0,15.0,14.5,12.4,11.4,9.4],[13.3,12.7,10.1,9.2,6.4,5.2,1.7,5.9,5.5,7.4,8.5,9.0,13.8,12.7,11.6,11.0,10.8,14.4,15.3,13.6,12.0,11.5,10.6],[13.4,12.3,9.8,9.2,7.9,5.6,5.1,1.4,4.3,5.7,7.5,8.3,12.0,12.3,11.8,10.0,9.0,12.8,13.7,12.6,11.6,10.3,9.9],[10.8,9.6,7.6,6.9,6.3,6.6,4.4,3.1,1.1,3.2,4.7,6.5,9.6,9.4,8.9,6.9,7.1,10.4,11.9,11.0,8.9,7.7,7.7],[10.6,8.1,7.0,6.3,5.5,7.2,5.2,3.9,2.5,1.1,3.5,5.0,8.5,7.6,7.3,6.0,6.0,9.8,11.3,9.7,7.6,7.0,6.7],[9.1,5.4,4.6,4.8,4.9,7.3,6.6,6.1,4.0,3.2,0.9,2.2,5.5,5.4,5.0,4.2,5.1,8.6,9.8,7.9,5.4,5.1,5.4],[9.1,5.9,4.8,5.0,5.3,8.0,7.4,6.9,5.4,4.1,2.4,0.9,4.4,4.8,4.9,4.8,5.8,9.2,10.4,8.3,5.8,6.0,6.4],[10.7,10.3,9.2,8.3,9.4,12.0,11.3,11.8,10.8,9.3,6.6,6.1,1.9,5.5,5.5,7.4,9.8,11.9,12.6,10.6,10.0,10.2,11.3],[8.8,6.0,5.8,6.3,6.6,9.8,8.7,9.0,7.8,6.5,5.1,4.1,3.9,1.0,2.2,3.9,5.4,9.0,10.2,7.5,5.8,6.5,7.2],[9.0,5.3,5.1,5.1,5.4,8.6,8.2,7.7,6.1,5.1,4.4,4.4,4.9,3.0,0.9,2.0,3.9,7.3,8.8,7.0,4.5,5.1,5.7],[9.0,5.4,4.4,4.5,4.9,8.6,8.4,7.0,5.6,5.0,4.1,4.3,6.4,4.0,2.0,0.9,2.4,6.5,8.4,6.7,4.3,3.5,4.4],[9.5,6.1,5.0,4.7,5.1,9.0,8.3,7.1,5.7,5.1,4.6,5.0,7.5,5.4,3.4,2.3,1.0,5.5,8.2,6.7,4.3,4.3,4.4],[15.7,14.3,14.0,15.2,16.6,17.1,17.4,15.9,14.8,13.5,14.2,15.3,15.3,13.7,10.5,8.8,11.4,1.5,8.1,9.6,11.7,14.3,15.6],[17.2,15.7,17.4,17.6,18.3,19.1,19.3,19.0,18.4,15.3,16.1,15.6,17.0,15.2,13.5,12.9,13.7,7.2,1.5,10.8,12.9,14.7,17.6],[14.1,12.4,12.9,13.4,13.8,15.5,15.4,15.3,15.0,12.8,13.0,13.2,13.9,12.4,11.3,10.1,11.7,9.7,8.6,1.6,9.4,9.9,12.4],[8.9,5.0,4.7,5.1,5.7,8.3,8.1,7.8,6.2,5.8,5.8,5.6,8.4,5.7,4.8,4.3,4.1,6.6,7.4,6.2,1.0,1.8,3.2],[9.1,6.1,4.4,4.0,4.5,8.1,7.4,7.3,5.8,5.2,4.6,4.7,7.9,5.9,4.3,3.7,3.7,7.9,9.2,5.7,2.4,0.9,2.1],[10.4,7.4,5.8,4.4,5.0,9.4,7.7,8.1,5.8,5.3,4.8,5.3,8.7,7.1,6.0,5.9,4.8,9.2,12.0,8.1,4.1,3.4,1.0]],
  "token_chain_ids": ["A","A","A","A","A","A","A","A","A","A","A","A","A","A","A","A","A","A","A","A","A","A","A"],
  "token_res_ids": [1,2,3,4,5,6,7,8,9,10,11,12,13,14,15,16,17,18,19,20,21,22,23]
}