{
  "atom_chain_ids": ["A","A","A","A","A","A","A","A","A","A","A","A","A","A","A","A","A","A","A","A","A","A","A","A","A","A","A","A","A","A","A","A","A","A","A","A","A","A","A","A","A","A","A","A","A","A","A","A","A","A","A","A","A","A","A","A","A","A","A","A","A","A","A","A","A","A","A","A","A","A","A","A","A","A","A","A","A","A","A","A","A","A","A","A","A","A","A","A","A","A","A","A","A","A","A","A","A","A","A","A","A","A","A","A","A","A","A","A","A","A","A","A","A","A","A","A","A","A","A","A","A","A","A","A","A","A","A","A","A","A","A","A","A","A","A","A","A","A","A","A","A","A","A","A","A","A","A","A","A","A","A","A","A","A","A","A","A","A","A","A","A","A","A","A","A","A","A","A","A","A","A","A","A","A","A","A","A","A","A","A","A","A","A","A","A","A","A","A","A","A","A","A","A","A","A","A","A","A","A","A","A","A","A","A","A","A","A","A","A","A","A","A","A","A","A","A","A","A","A","A","A","A","A","A","A","A","A","A","A","A","A","A","A","A","A","A","A","A","A","A","A","A","A","A","A","A","A","A","A","A","A","A","A","A","A","A","A","A","A","A","A","A","A","A","A","A","A","A","A","A","A","A","A","A","A","A","A","A","A","A","A","A","A","A","A","A","A","A","A","A","A","A","A","A","A","A","A","A","A","A","A","A","A","A","A","A","A","A","A","A","A","A","A","A","A","A","A","A","A","A","A","A","A","A","A","A","A","A","A","A","A","A","A","A","A","A","A","A","A","A","A","A","A","A","A","A","A","A","A","A","A","A","A","A","A","A","A","A","A","A","A","A","A","A","A","A","A","A","A","A","A","A","A","A","A","A","A","A","A","A","A","A","A","A","A","A","A","A","A","A","A","A","A","A","A","A","A","A","A","A","A","A","A","A","A","A","A","A","A","A","A","A","A","A","A","A","A","A","A","A","A","A","A","A","A","A","A","A","A","A","A","A","A","A","A","A","A","A","A","A","A","A","A","A","A","A","A","A","A","A","A","A","A","A","A","A","A","A","A","A","A","A","A","A","A","A","A","A","A","A","A","A","A","A","A","A","A","A","A","A","A","A","A","A","A","A"],
  "atom_plddts": [53.42,53.41,46.38,45.87,54.17,54.92,57.43,58.64,61.2,60.85,59.19,59.03,59.33,57.47,54.81,54.05,53.93,52.65,51.1,52.58,55.25,61.69,55.17,55.03,62.01,63.54,65.42,68.13,68.03,66.7,67.54,66.68,67.76,67.86,66.21,66.51,67.41,66.57,65.04,65.6,66.37,66.28,68.5,65.35,61.99,62.39,66.14,67.7,68.96,70.6,69.75,68.52,69.89,70.14,70.07,70.66,69.69,70.08,70.92,70.67,69.94,69.85,70.03,70.12,71.09,67.69,65.02,65.3,68.33,69.58,70.59,71.73,70.9,69.64,71.21,71.64,71.62,72.19,71.26,71.64,72.36,72.17,71.65,71.52,71.62,71.75,72.45,68.14,65.89,66.25,68.1,68.34,69.19,70.34,69.66,68.16,69.25,68.86,69.7,70.06,69.28,69.35,70.38,70.09,69.15,69.11,69.37,68.75,70.13,60.59,58.41,58.35,60.94,58.97,59.52,57.98,59.45,58.96,56.43,55.61,57.2,54.93,53.28,52.7,51.65,50.86,49.34,50.99,53.52,53.76,49.89,50.01,54.3,54.08,55.64,56.23,57.15,56.46,55.27,55.24,55.98,54.78,53.22,52.75,52.25,51.85,50.52,52.17,51.01,46.8,46.3,51.56,50.64,51.99,52.38,54.39,53.45,52.35,51.44,51.93,50.12,47.62,46.72,46.07,45.55,44.05,46.25,51.93,46.83,45.09,52.32,52.44,53.58,53.28,55.21,54.12,54.2,51.33,52.49,49.99,47.47,47.01,46.37,44.54,42.63,44.26,46.63,44.2,48.72,57.6,53.14,52.23,57.5,57.2,59.19,59.33,60.79,59.12,59.87,56.56,58.43,56.86,54.08,53.66,53.66,51.74,49.61,50.69,52.38,52.87,65.0,61.35,61.78,65.46,66.3,68.1,70.06,69.23,67.85,68.99,69.23,69.36,69.98,69.31,69.71,70.57,70.26,69.52,69.4,69.54,69.43,70.63,67.47,64.91,64.72,67.59,68.28,69.76,71.2,70.47,69.24,70.21,70.18,70.63,71.22,70.59,70.96,71.79,71.48,70.89,70.69,70.73,70.57,71.66,64.8,62.92,63.04,65.46,62.44,63.54,64.16,63.52,62.62,60.83,59.08,61.01,59.04,57.15,55.43,55.78,55.25,52.94,54.94,64.42,59.86,60.11,64.9,65.06,66.57,69.25,68.57,67.72,67.79,67.22,68.29,68.51,67.03,67.5,68.42,67.59,66.37,66.54,67.21,66.86,68.73,67.25,63.85,64.17,67.97,69.44,71.23,72.66,72.06,70.79,72.3,72.64,72.67,73.37,72.29,72.93,73.7,73.4,72.9,72.74,72.83,73.15,73.95,69.42,66.79,66.72,69.99,70.67,71.96,72.88,72.28,71.13,72.55,72.96,72.93,73.59,72.66,73.12,73.83,73.63,73.16,73.03,73.06,73.07,73.87,69.23,66.97,66.66,68.93,69.04,69.87,71.03,70.36,69.12,70.35,69.88,70.61,71.03,70.59,70.76,71.7,71.6,70.98,70.72,70.73,70.37,71.51,57.54,55.48,55.45,58.14,56.72,57.17,57.89,57.78,56.87,55.22,54.69,55.76,54.08,52.21,51.3,51.05,50.65,49.11,50.77,49.13,44.94,44.74,49.52,49.08,49.54,49.21,51.33,50.41,49.6,48.4,49.52,48.05,45.93,45.3,44.71,43.84,42.36,43.79,45.8,53.5,48.5,48.56,54.09,53.92,54.96,56.09,56.53,55.62,54.92,54.24,55.78,54.94,53.11,52.78,52.48,51.66,49.92,51.26,53.24,66.18,61.64,61.78,66.78,68.41,70.13,71.63,71.37,70.01,71.35,71.37,71.87,72.4,71.1,71.52,72.53,72.23,71.44,71.41,71.65,71.76,72.99,69.56,67.08,66.69,70.02,70.8,71.7,72.61,71.81,70.7,72.42,72.71,72.68,73.29,72.6,73.09,73.76,73.55,73.13,72.97,73.01,73.14,73.83,70.4,68.76,68.1,69.98,70.84,71.13,71.93,71.12,69.79,71.25,70.91,71.38,71.78,71.48,71.55,72.34,72.27,71.66,71.6,71.54,71.23,72.33],
  "contact_probs": [[1.0,0.9,0.24,0.01,0.0,0.0,0.0,0.0,0.01,0.01,0.0,0.02,0.03,0.42,0.16,0.01,0.01,0.01,0.07,0.38,0.45,0.05,0.01],[0.9,1.0,0.99,0.14,0.0,0.0,0.0,0.0,0.0,0.01,0.01,0.07,0.02,0.27,0.13,0.02,0.01,0.01,0.06,0.25,0.75,0.47,0.02],[0.24,0.99,1.0,1.0,0.13,0.01,0.01,0.0,0.01,0.01,0.05,0.37,0.03,0.15,0.02,0.02,0.01,0.01,0.02,0.06,0.33,0.81,0.5],[0.01,0.14,1.0,1.0,1.0,0.1,0.13,0.03,0.08,0.18,0.39,0.62,0.01,0.03,0.02,0.03,0.02,0.0,0.01,0.01,0.04,0.27,0.82],[0.0,0.0,0.13,1.0,1.0,0.41,0.33,0.17,0.44,0.62,0.67,0.43,0.01,0.01,0.01,0.02,0.02,0.01,0.01,0.01,0.01,0.04,0.35],[0.0,0.0,0.01,0.1,0.41,1.0,0.46,0.22,0.2,0.22,0.07,0.03,0.0,0.0,0.0,0.01,0.03,0.01,0.01,0.0,0.0,0.01,0.11],[0.0,0.0,0.01,0.13,0.33,0.46,1.0,0.56,0.4,0.24,0.04,0.02,0.01,0.0,0.0,0.02,0.07,0.01,0.01,0.01,0.01,0.05,0.3],[0.0,0.0,0.0,0.03,0.17,0.22,0.56,1.0,0.71,0.25,0.03,0.01,0.0,0.01,0.01,0.02,0.06,0.01,0.01,0.01,0.01,0.03,0.16],[0.01,0.0,0.01,0.08,0.44,0.2,0.4,0.71,1.0,0.82,0.15,0.03,0.01,0.01,0.02,0.07,0.24,0.02,0.02,0.02,0.02,0.07,0.32],[0.01,0.01,0.01,0.18,0.62,0.22,0.24,0.25,0.82,1.0,0.8,0.13,0.01,0.02,0.05,0.35,0.48,0.04,0.06,0.03,0.01,0.11,0.34],[0.0,0.01,0.05,0.39,0.67,0.07,0.04,0.03,0.15,0.8,1.0,0.97,0.07,0.23,0.66,0.52,0.08,0.01,0.02,0.02,0.01,0.02,0.04],[0.02,0.07,0.37,0.62,0.43,0.03,0.02,0.01,0.03,0.13,0.97,1.0,0.23,0.8,0.81,0.25,0.03,0.01,0.01,0.02,0.01,0.02,0.02],[0.03,0.02,0.03,0.01,0.01,0.0,0.01,0.0,0.01,0.01,0.07,0.23,1.0,0.08,0.05,0.0,0.0,0.0,0.0,0.01,0.0,0.0,0.0],[0.42,0.27,0.15,0.03,0.01,0.0,0.0,0.01,0.01,0.02,0.23,0.8,0.08,1.0,0.99,0.18,0.01,0.0,0.04,0.23,0.06,0.02,0.01],[0.16,0.13,0.02,0.02,0.01,0.0,0.0,0.01,0.02,0.05,0.66,0.81,0.05,0.99,1.0,1.0,0.08,0.02,0.22,0.39,0.24,0.06,0.02],[0.01,0.02,0.02,0.03,0.02,0.01,0.02,0.02,0.07,0.35,0.52,0.25,0.0,0.18,1.0,1.0,1.0,0.13,0.42,0.29,0.83,0.26,0.06],[0.01,0.01,0.01,0.02,0.02,0.03,0.07,0.06,0.24,0.48,0.08,0.03,0.0,0.01,0.08,1.0,1.0,0.2,0.37,0.11,0.69,0.85,0.24],[0.01,0.01,0.01,0.0,0.01,0.01,0.01,0.01,0.02,0.04,0.01,0.01,0.0,0.0,0.02,0.13,0.2,1.0,0.41,0.09,0.05,0.04,0.01],[0.07,0.06,0.02,0.01,0.01,0.01,0.01,0.01,0.02,0.06,0.02,0.01,0.0,0.04,0.22,0.42,0.37,0.41,1.0,0.29,0.24,0.08,0.01],[0.38,0.25,0.06,0.01,0.01,0.0,0.01,0.01,0.02,0.03,0.02,0.02,0.01,0.23,0.39,0.29,0.11,0.09,0.29,1.0,0.61,0.09,0.01],[0.45,0.75,0.33,0.04,0.01,0.0,0.01,0.01,0.02,0.01,0.01,0.01,0.0,0.06,0.24,0.83,0.69,0.05,0.24,0.61,1.0,1.0,0.07],[0.05,0.47,0.81,0.27,0.04,0.01,0.05,0.03,0.07,0.11,0.02,0.02,0.0,0.02,0.06,0.26,0.85,0.04,0.08,0.09,1.0,1.0,1.0],[0.01,0.02,0.5,0.82,0.35,0.11,0.3,0.16,0.32,0.34,0.04,0.02,0.0,0.01,0.02,0.06,0.24,0.01,0.01,0.01,0.07,1.0,1.0]],
  "pae": [[1.7,5.6,5.8,8.9,10.2,10.9,12.2,14.3,13.5,10.6,9.0,8.1,7.4,6.3,7.6,9.2,9.5,13.2,13.6,9.6,8.3,8.7,9.0],[3.8,1.1,2.0,3.4,4.6,7.9,8.3,10.7,9.7,7.1,5.5,5.4,6.9,4.0,4.4,4.7,5.5,8.5,9.6,6.5,4.0,4.3,4.7],[4.5,2.1,0.9,1.7,2.6,6.2,6.7,9.6,8.7,5.8,4.3,3.7,6.7,3.8,3.7,3.8,4.3,7.7,8.9,6.3,3.5,3.5,3.4],[5.7,3.0,1.7,0.9,1.8,5.5,6.2,9.0,7.8,4.8,3.6,3.5,6.2,3.9,3.5,3.5,3.6,7.1,9.0,6.3,3.5,3.2,3.0],[6.1,3.7,2.5,1.7,0.9,4.8,5.5,8.2,7.5,5.1,3.9,3.6,6.6,4.4,4.0,4.2,4.1,8.1,9.3,6.9,4.2,4.0,3.4],[13.6,13.7,10.8,8.9,8.0,1.3,4.8,7.6,9.8,9.5,12.8,12.5,14.0,14.7,14.7,13.1,13.3,17.0,16.3,15.2,14.3,12.7,10.5],[13.8,13.8,12.2,11.7,8.4,5.6,1.8,8.1,7.8,8.9,12.2,12.8,13.2,15.4,14.9,13.4,13.2,16.4,17.2,14.4,14.9,13.2,12.3],[16.8,17.3,16.4,16.6,12.2,7.4,7.5,1.8,5.9,10.2,12.4,14.3,15.6,16.9,16.9,15.5,15.3,17.7,18.3,17.7,17.6,16.6,15.8],[14.8,15.5,14.8,13.8,10.1,8.6,6.0,5.1,1.2,6.9,7.2,10.6,13.2,13.9,12.3,10.8,10.9,16.0,16.3,15.5,14.6,13.2,12.0],[10.8,10.6,10.0,11.0,8.3,8.1,7.2,6.6,4.6,1.2,5.2,6.2,9.8,9.0,8.8,7.9,8.5,12.3,12.8,10.8,11.1,9.8,9.5],[7.7,5.4,4.8,5.2,5.6,7.6,7.0,8.3,5.2,3.5,0.9,2.3,5.6,4.6,4.4,4.0,5.2,8.7,9.5,7.4,5.6,5.2,5.6],[7.0,5.1,4.8,5.2,5.2,8.0,7.5,8.8,7.4,4.1,2.1,0.9,4.5,4.0,4.2,4.3,5.5,9.0,9.8,7.2,5.4,5.4,5.9],[8.2,8.8,8.5,8.5,8.8,10.9,11.3,12.5,11.9,9.1,5.7,5.2,2.0,6.0,5.0,6.9,9.1,11.7,12.2,9.4,9.3,9.3,11.3],[6.0,4.4,4.6,4.6,5.3,8.7,8.5,9.7,8.6,5.6,3.5,2.9,3.8,1.0,1.6,2.7,4.0,7.5,9.0,6.3,4.7,4.9,5.6],[6.0,3.9,4.0,4.2,4.7,7.8,7.4,9.1,7.5,4.7,3.5,3.3,4.7,1.9,0.8,1.5,3.0,6.3,7.4,5.7,3.6,4.0,4.6],[6.3,3.9,3.9,4.2,4.5,7.4,7.4,9.0,7.3,4.8,3.5,3.6,5.7,2.7,1.6,0.9,1.8,5.9,7.1,5.2,3.3,3.1,3.8],[7.2,4.8,4.4,4.7,4.7,8.5,7.8,9.8,7.6,4.9,4.2,4.7,6.9,3.9,2.6,2.0,0.9,4.7,7.0,5.8,3.8,3.6,4.2],[15.2,14.0,13.9,14.5,15.9,16.6,16.2,17.1,15.4,13.7,13.5,14.3,15.5,13.4,10.8,8.0,9.1,1.5,8.0,9.3,10.8,13.8,14.7],[16.3,15.2,16.9,16.8,17.7,18.1,18.7,19.6,18.6,15.4,16.2,16.4,16.6,14.7,13.0,11.8,12.4,6.9,1.6,9.6,11.2,12.6,16.8],[12.0,11.2,12.1,12.6,14.1,15.5,15.4,17.4,15.9,13.1,13.4,13.4,13.8,11.5,10.1,8.8,9.7,9.1,8.1,1.6,8.0,8.5,11.8],[6.4,3.8,3.4,3.9,4.9,7.6,7.7,10.4,9.1,5.6,4.4,4.3,7.4,4.0,3.5,3.2,3.0,5.9,6.5,4.4,1.0,1.6,2.9],[6.1,3.9,3.2,3.0,3.3,6.6,7.0,9.7,8.0,4.7,3.7,3.8,6.6,3.7,3.1,2.6,2.4,6.6,7.6,4.4,1.7,0.9,1.5],[6.8,4.5,3.7,3.4,4.1,6.6,6.8,10.0,7.9,4.9,4.3,4.2,6.8,4.5,4.3,4.0,3.1,7.1,9.5,5.7,2.5,1.4,1.0]],
  "token_chain_ids": ["A","A","A","A","A","A","A","A","A","A","A","A","A","A","A","A","A","A","A","A","A","A","A"],
  "token_res_ids": [1,2,3,4,5,6,7,8,9,10,11,12,13,14,15,16,17,18,19,20,21,22,23]
}