{
  "atom_chain_ids": ["A","A","A","A","A","A","A","A","A","A","A","A","A","A","A","A","A","A","A","A","A","A","A","A","A","A","A","A","A","A","A","A","A","A","A","A","A","A","A","A","A","A","A","A","A","A","A","A","A","A","A","A","A","A","A","A","A","A","A","A","A","A","A","A","A","A","A","A","A","A","A","A","A","A","A","A","A","A","A","A","A","A","A","A","A","A","A","A","A","A","A","A","A","A","A","A","A","A","A","A","A","A","A","A","A","A","A","A","A","A","A","A","A","A","A","A","A","A","A","A","A","A","A","A","A","A","A","A","A","A","A","A","A","A","A","A","A","A","A","A","A","A","A","A","A","A","A","A","A","A","A","A","A","A","A","A","A","A","A","A","A","A","A","A","A","A","A","A","A","A","A","A","A","A","A","A","A","A","A","A","A","A","A","A","A","A","A","A","A","A","A","A","A","A","A","A","A","A","A","A","A","A","A","A","A","A","A","A","A","A","A","A","A","A","A","A","A","A","A","A","A","A","A","A","A","A","A","A","A","A","A","A","A","A","A","A","A","A","A","A","A","A","A","A","A","A","A","A","A","A","A","A","A","A","A","A","A","A","A","A","A","A","A","A","A","A","A","A","A","A","A","A","A","A","A","A","A","A","A","A","A","A","A","A","A","A","A","A","A","A","A","A","A","A","A","A","A","A","A","A","A","A","A","A","A","A","A","A","A","A","A","A","A","A","A","A","A","A","A","A","A","A","A","A","A","A","A","A","A","A","A","A","A","A","A","A","A","A","A","A","A","A","A","A","A","A","A","A","A","A","A","A","A","A","A","A","A","A","A","A","A","A","A","A","A","A","A","A","A","A","A","A","A","A","A","A","A","A","A","A","A","A","A","A","A","A","A","A","A","A","A","A","A","A","A","A","A","A","A","A","A","A","A","A","A","A","A","A","A","A","A","A","A","A","A","A","A","A","A","A","A","A","A","A","A","A","A","A","A","A","A","A","A","A","A","A","A","A","A","A","A","A","A","A","A","A","A","A","A","A","A","A","A","A","A","A","A","A","A","A","A","A","A","A","A","A","A","A","A","A","A","A","A","A","A","A","A","A","A","A","A","A","A","A","A","A"],
  "atom_plddts": [55.33,55.48,47.99,47.82,56.33,57.77,61.23,62.61,65.14,64.35,63.05,63.09,63.72,61.92,59.01,58.56,58.67,57.21,55.67,56.89,59.7,64.27,57.45,57.27,64.86,66.68,69.21,71.62,71.9,70.35,71.49,70.93,72.03,72.08,70.16,70.77,71.66,70.59,69.36,69.88,70.57,70.79,72.95,70.85,67.02,67.25,71.71,73.15,75.23,75.91,76.0,74.57,75.89,76.1,76.57,77.03,75.78,76.3,76.98,76.53,76.02,76.1,76.22,76.38,77.39,71.82,68.89,69.15,72.44,73.53,75.19,75.55,75.48,74.08,75.58,76.0,76.32,76.84,75.71,76.22,76.85,76.53,76.18,76.11,76.13,76.25,77.02,70.88,68.15,68.43,71.02,71.34,72.57,73.41,73.05,71.48,72.81,72.6,73.46,73.81,72.86,73.15,74.15,73.76,73.02,72.98,73.15,72.73,74.11,65.95,63.5,63.65,66.41,64.0,65.37,63.53,64.69,64.06,60.91,60.41,62.11,59.58,57.82,57.08,56.22,55.15,53.71,55.31,57.98,61.8,58.54,59.18,62.75,61.37,63.29,63.26,63.36,62.42,60.92,60.71,61.94,60.28,59.16,58.26,57.91,57.29,55.87,57.77,56.13,51.66,51.89,57.36,56.18,58.18,58.61,59.81,58.6,57.3,56.68,57.22,55.19,53.0,51.92,51.25,50.44,48.83,51.3,62.11,56.48,55.54,62.88,62.98,64.21,64.93,65.4,64.11,64.27,61.45,63.03,61.09,58.73,58.49,58.63,56.7,54.51,56.14,58.18,55.73,60.47,62.04,57.26,56.37,62.23,62.55,64.89,65.36,66.13,64.17,65.19,62.06,63.89,62.37,59.15,58.86,59.4,57.36,55.21,56.09,57.62,58.37,68.4,64.51,64.93,68.99,69.98,72.17,73.53,73.16,71.75,73.0,73.22,73.59,74.18,73.24,73.78,74.58,74.13,73.58,73.48,73.53,73.58,74.76,70.87,67.92,67.7,71.17,71.84,73.78,74.63,74.51,73.1,74.14,74.25,74.86,75.38,74.4,74.96,75.7,75.21,74.78,74.6,74.57,74.61,75.74,66.87,64.63,64.89,67.67,64.79,66.35,66.28,65.91,64.76,62.94,61.17,62.83,60.34,57.97,55.86,55.94,55.17,52.74,55.34,66.72,61.5,61.68,67.51,68.07,70.29,72.51,72.33,71.28,71.62,71.12,72.27,72.46,70.67,71.41,72.38,71.35,70.34,70.38,70.96,70.98,72.87,70.48,66.79,67.08,71.49,72.86,75.22,76.09,76.16,74.87,76.28,76.63,76.85,77.4,76.04,76.8,77.41,76.95,76.61,76.55,76.6,77.06,77.81,73.57,70.43,70.21,74.12,74.69,76.64,76.81,76.96,75.72,76.86,77.15,77.53,78.02,76.84,77.35,77.99,77.6,77.28,77.22,77.18,77.22,78.15,73.2,70.9,70.44,72.83,72.56,73.92,74.54,74.34,72.93,74.13,73.65,74.73,75.06,74.39,74.66,75.56,75.29,74.82,74.61,74.53,74.12,75.47,66.35,64.33,64.36,66.99,64.08,65.13,65.06,64.45,63.46,61.49,60.31,62.14,59.58,57.78,56.19,55.96,55.32,53.49,55.69,59.48,53.61,53.86,60.89,59.98,61.93,61.86,63.64,62.14,60.9,60.49,62.3,60.39,57.99,57.5,57.48,56.37,54.85,56.02,58.27,60.58,55.01,55.42,61.84,61.73,63.53,63.97,65.17,63.56,62.36,61.68,63.47,61.66,58.67,57.97,58.08,56.84,55.02,56.38,58.93,70.21,65.84,65.38,70.67,71.85,74.26,75.29,75.47,73.95,75.2,75.02,75.96,76.32,74.79,75.32,76.25,75.77,75.15,75.17,75.33,75.38,76.84,73.88,70.92,70.51,74.35,75.12,76.99,77.05,77.16,75.86,77.26,77.5,77.98,78.47,77.39,77.94,78.53,78.06,77.75,77.71,77.72,77.83,78.76,73.41,71.18,70.54,73.12,74.16,75.2,75.67,75.45,73.83,75.28,75.01,75.82,76.21,75.53,75.74,76.52,76.26,75.78,75.79,75.66,75.39,76.71],
  "contact_probs": [[1.0,0.9,0.24,0.01,0.0,0.0,0.0,0.0,0.01,0.01,0.0,0.02,0.03,0.42,0.16,0.01,0.01,0.01,0.07,0.38,0.45,0.05,0.01],[0.9,1.0,0.99,0.14,0.0,0.0,0.0,0.0,0.0,0.01,0.01,0.07,0.02,0.27,0.13,0.02,0.01,0.01,0.06,0.25,0.75,0.47,0.02],[0.24,0.99,1.0,1.0,0.13,0.01,0.01,0.0,0.01,0.01,0.05,0.37,0.03,0.15,0.02,0.02,0.01,0.01,0.02,0.06,0.33,0.81,0.5],[0.01,0.14,1.0,1.0,1.0,0.1,0.13,0.03,0.08,0.18,0.39,0.62,0.01,0.03,0.02,0.03,0.02,0.0,0.01,0.01,0.04,0.27,0.82],[0.0,0.0,0.13,1.0,1.0,0.41,0.33,0.17,0.44,0.62,0.67,0.43,0.01,0.01,0.01,0.02,0.02,0.01,0.01,0.01,0.01,0.04,0.35],[0.0,0.0,0.01,0.1,0.41,1.0,0.46,0.22,0.2,0.22,0.07,0.03,0.0,0.0,0.0,0.01,0.03,0.01,0.01,0.0,0.0,0.01,0.11],[0.0,0.0,0.01,0.13,0.33,0.46,1.0,0.56,0.4,0.24,0.04,0.02,0.01,0.0,0.0,0.02,0.07,0.01,0.01,0.01,0.01,0.05,0.3],[0.0,0.0,0.0,0.03,0.17,0.22,0.56,1.0,0.71,0.25,0.03,0.01,0.0,0.01,0.01,0.02,0.06,0.01,0.01,0.01,0.01,0.03,0.16],[0.01,0.0,0.01,0.08,0.44,0.2,0.4,0.71,1.0,0.82,0.15,0.03,0.01,0.01,0.02,0.07,0.24,0.02,0.02,0.02,0.02,0.07,0.32],[0.01,0.01,0.01,0.18,0.62,0.22,0.24,0.25,0.82,1.0,0.8,0.13,0.01,0.02,0.05,0.35,0.48,0.04,0.06,0.03,0.01,0.11,0.34],[0.0,0.01,0.05,0.39,0.67,0.07,0.04,0.03,0.15,0.8,1.0,0.97,0.07,0.23,0.66,0.52,0.08,0.01,0.02,0.02,0.01,0.02,0.04],[0.02,0.07,0.37,0.62,0.43,0.03,0.02,0.01,0.03,0.13,0.97,1.0,0.23,0.8,0.81,0.25,0.03,0.01,0.01,0.02,0.01,0.02,0.02],[0.03,0.02,0.03,0.01,0.01,0.0,0.01,0.0,0.01,0.01,0.07,0.23,1.0,0.08,0.05,0.0,0.0,0.0,0.0,0.01,0.0,0.0,0.0],[0.42,0.27,0.15,0.03,0.01,0.0,0.0,0.01,0.01,0.02,0.23,0.8,0.08,1.0,0.99,0.18,0.01,0.0,0.04,0.23,0.06,0.02,0.01],[0.16,0.13,0.02,0.02,0.01,0.0,0.0,0.01,0.02,0.05,0.66,0.81,0.05,0.99,1.0,1.0,0.08,0.02,0.22,0.39,0.24,0.06,0.02],[0.01,0.02,0.02,0.03,0.02,0.01,0.02,0.02,0.07,0.35,0.52,0.25,0.0,0.18,1.0,1.0,1.0,0.13,0.42,0.29,0.83,0.26,0.06],[0.01,0.01,0.01,0.02,0.02,0.03,0.07,0.06,0.24,0.48,0.08,0.03,0.0,0.01,0.08,1.0,1.0,0.2,0.37,0.11,0.69,0.85,0.24],[0.01,0.01,0.01,0.0,0.01,0.01,0.01,0.01,0.02,0.04,0.01,0.01,0.0,0.0,0.02,0.13,0.2,1.0,0.41,0.09,0.05,0.04,0.01],[0.07,0.06,0.02,0.01,0.01,0.01,0.01,0.01,0.02,0.06,0.02,0.01,0.0,0.04,0.22,0.42,0.37,0.41,1.0,0.29,0.24,0.08,0.01],[0.38,0.25,0.06,0.01,0.01,0.0,0.01,0.01,0.02,0.03,0.02,0.02,0.01,0.23,0.39,0.29,0.11,0.09,0.29,1.0,0.61,0.09,0.01],[0.45,0.75,0.33,0.04,0.01,0.0,0.01,0.01,0.02,0.01,0.01,0.01,0.0,0.06,0.24,0.83,0.69,0.05,0.24,0.61,1.0,1.0,0.07],[0.05,0.47,0.81,0.27,0.04,0.01,0.05,0.03,0.07,0.11,0.02,0.02,0.0,0.02,0.06,0.26,0.85,0.04,0.08,0.09,1.0,1.0,1.0],[0.01,0.02,0.5,0.82,0.35,0.11,0.3,0.16,0.32,0.34,0.04,0.02,0.0,0.01,0.02,0.06,0.24,0.01,0.01,0.01,0.07,1.0,1.0]],
  "pae": [[1.7,5.6,6.2,9.2,10.3,10.5,11.4,13.7,11.3,10.1,8.4,7.5,11.0,6.5,6.9,8.6,9.8,11.7,10.1,7.2,7.2,8.3,9.1],[3.1,1.0,1.7,2.8,3.7,6.5,6.8,9.1,5.5,4.9,4.1,3.8,7.0,3.5,3.5,4.0,4.3,6.6,5.8,4.8,2.7,3.2,3.7],[3.3,1.7,0.9,1.6,2.1,4.8,5.7,8.1,4.3,3.9,3.2,2.8,6.3,3.3,2.9,3.0,3.3,5.8,5.0,4.6,2.7,2.4,2.5],[4.2,2.3,1.4,0.8,1.5,4.0,4.8,6.9,3.9,3.4,2.5,2.5,6.0,3.1,2.8,2.7,2.8,5.5,4.9,4.6,2.5,2.3,2.3],[4.9,3.1,2.1,1.4,0.8,3.4,3.9,6.2,4.0,3.7,2.7,2.8,6.3,3.8,3.3,3.4,3.4,6.1,5.0,5.1,3.2,3.0,2.4],[11.3,10.5,8.3,6.4,6.4,1.1,3.9,6.0,5.3,7.0,9.0,10.0,12.7,12.7,10.7,9.7,9.7,12.9,12.0,12.2,10.5,9.2,8.2],[11.9,11.3,9.5,9.0,6.3,3.6,1.4,6.4,4.5,6.7,9.2,10.3,12.5,12.1,11.1,9.8,9.3,12.4,11.7,11.7,10.7,9.3,8.8],[16.9,16.4,15.6,14.2,10.0,5.9,6.7,1.7,6.8,8.2,10.5,12.1,14.9,15.8,15.8,13.4,12.4,14.2,14.6,16.5,15.3,14.9,11.8],[9.0,8.8,7.5,7.2,6.1,3.8,3.7,4.9,1.0,3.3,4.8,5.7,9.5,8.9,8.4,6.7,6.3,9.4,8.3,9.2,8.2,7.5,7.3],[7.3,6.3,6.1,6.1,4.8,4.2,4.3,4.5,2.2,1.0,3.2,4.0,7.5,6.2,6.3,5.1,4.6,7.1,6.6,7.1,6.0,5.9,5.1],[5.5,4.2,3.8,3.7,3.5,5.5,5.4,6.8,3.1,2.5,0.9,1.7,5.0,3.7,3.5,3.2,3.7,6.4,5.3,5.4,3.9,4.1,4.1],[4.9,3.9,3.5,3.6,3.6,5.8,6.0,7.3,4.2,3.0,1.7,0.9,4.9,2.8,3.0,3.3,4.0,6.2,5.7,5.0,3.7,4.0,4.1],[8.1,8.2,8.9,8.8,8.4,10.0,11.2,13.0,11.0,9.6,6.4,6.2,2.1,5.6,5.9,8.1,8.8,11.2,10.0,8.3,9.0,9.8,10.5],[4.4,3.6,3.8,4.0,4.3,6.9,7.2,9.1,5.7,4.6,2.9,2.5,4.1,0.9,1.5,2.3,3.5,6.1,4.9,4.1,3.3,3.9,4.2],[4.3,3.1,3.1,3.3,3.7,6.3,6.5,7.9,4.3,3.5,2.6,2.6,4.3,1.7,0.8,1.3,2.2,4.9,4.1,3.6,2.6,2.9,3.4],[4.4,3.2,3.1,3.2,3.4,5.9,6.1,7.7,4.1,3.5,2.7,2.8,5.4,2.3,1.5,0.8,1.7,4.0,3.7,3.3,2.5,2.3,2.9],[5.2,3.8,3.3,3.4,3.4,6.3,6.3,7.7,4.3,3.5,3.2,3.5,6.1,3.0,2.1,1.6,0.9,3.7,3.5,3.8,3.0,2.9,2.9],[11.8,11.8,11.8,11.9,12.0,12.7,13.0,12.6,11.4,10.7,10.7,11.6,13.8,11.6,8.5,5.2,7.3,1.4,6.5,7.6,8.1,10.7,12.1],[9.0,8.5,8.4,9.0,9.4,11.0,10.9,10.8,9.0,7.7,8.2,8.4,10.4,7.4,6.1,5.3,5.5,5.5,1.4,5.0,4.7,6.0,8.4],[6.7,7.0,7.5,7.7,8.1,9.4,9.6,11.0,8.9,7.3,7.5,7.3,10.2,6.1,5.0,4.9,5.5,6.5,4.0,1.3,4.8,5.5,7.4],[4.3,2.9,2.6,3.2,3.6,5.8,6.3,8.6,4.3,3.7,3.3,3.2,6.1,3.3,2.6,2.2,2.6,4.4,3.6,3.0,0.9,1.3,2.2],[4.6,2.9,2.5,2.5,2.8,5.2,5.5,8.0,4.0,3.4,3.0,2.9,6.0,3.1,2.5,2.2,2.2,4.7,4.0,3.2,1.5,0.8,1.4],[5.5,3.8,3.1,2.8,3.2,5.1,5.5,8.2,4.2,3.5,3.5,3.6,6.9,4.3,3.6,3.3,2.9,5.4,4.9,4.6,2.4,1.7,0.9]],
  "token_chain_ids": ["A","A","A","A","A","A","A","A","A","A","A","A","A","A","A","A","A","A","A","A","A","A","A"],
  "token_res_ids": [1,2,3,4,5,6,7,8,9,10,11,12,13,14,15,16,17,18,19,20,21,22,23]
}