{
  "atom_chain_ids": ["A","A","A","A","A","A","A","A","A","A","A","A","A","A","A","A","A","A","A","A","A","A","A","A","A","A","A","A","A","A","A","A","A","A","A","A","A","A","A","A","A","A","A","A","A","A","A","A","A","A","A","A","A","A","A","A","A","A","A","A","A","A","A","A","A","A","A","A","A","A","A","A","A","A","A","A","A","A","A","A","A","A","A","A","A","A","A","A","A","A","A","A","A","A","A","A","A","A","A","A","A","A","A","A","A","A","A","A","A","A","A","A","A","A","A","A","A","A","A","A","A","A","A","A","A","A","A","A","A","A","A","A","A","A","A","A","A","A","A","A","A","A","A","A","A","A","A","A","A","A","A","A","A","A","A","A","A","A","A","A","A","A","A","A","A","A","A","A","A","A","A","A","A","A","A","A","A","A","A","A","A","A","A","A","A","A","A","A","A","A","A","A","A","A","A","A","A","A","A","A","A","A","A","A","A","A","A","A","A","A","A","A","A","A","A","A","A","A","A","A","A","A","A","A","A","A","A","A","A","A","A","A","A","A","A","A","A","A","A","A","A","A","A","A","A","A","A","A","A","A","A","A","A","A","A","A","A","A","A","A","A","A","A","A","A","A","A","A","A","A","A","A","A","A","A","A","A","A","A","A","A","A","A","A","A","A","A","A","A","A","A","A","A","A","A","A","A","A","A","A","A","A","A","A","A","A","A","A","A","A","A","A","A","A","A","A","A","A","A","A","A","A","A","A","A","A","A","A","A","A","A","A","A","A","A","A","A","A","A","A","A","A","A","A","A","A","A","A","A","A","A","A","A","A","A","A","A","A","A","A","A","A","A","A","A","A","A","A","A","A","A","A","A","A","A","A","A","A","A","A","A","A","A","A","A","A","A","A","A","A","A","A","A","A","A","A","A","A","A","A","A","A","A","A","A","A","A","A","A","A","A","A","A","A","A","A","A","A","A","A","A","A","A","A","A","A","A","A","A","A","A","A","A","A","A","A","A","A","A","A","A","A","A","A","A","A","A","A","A","A","A","A","A","A","A","A","A","A","A","A","A","A","A","A","A","A","A","A","A","A","A","A","A","A","A","A","A","A","A","A","A","A","A","A","A","A","A","A","A","A","A","A","A","A","A","A","A","A","A","A","A","A","A","A","A","A","A","A","A","A","A","A","A","A","A","A","A","A","A","A","A","A","A","A","A","A","A","A","A"],
  "atom_plddts": [51.3,51.82,45.49,44.51,52.6,53.74,55.0,55.95,58.39,58.54,56.82,55.92,56.68,54.99,52.62,51.49,51.38,50.39,48.55,50.25,52.75,63.91,58.79,57.51,63.25,65.16,66.67,68.27,68.22,66.97,67.97,65.45,67.24,66.82,64.47,64.13,65.18,63.65,61.38,62.4,63.57,64.21,66.73,63.3,63.42,67.1,68.79,70.3,71.61,71.24,70.2,71.52,71.22,71.48,71.92,71.03,71.3,72.18,71.98,71.13,71.19,71.4,71.19,72.43,71.22,69.19,69.17,71.26,71.7,72.81,73.29,72.85,71.92,73.25,73.29,73.59,74.09,73.53,73.9,74.64,74.43,74.01,73.9,73.94,73.73,74.59,72.09,70.2,69.33,71.2,71.22,72.05,72.83,72.46,71.42,72.24,71.34,72.66,72.98,72.26,72.34,73.4,73.24,72.47,72.36,72.42,71.75,73.16,60.64,58.12,57.24,60.28,58.56,58.55,56.62,57.62,56.93,55.35,52.86,55.33,52.95,51.01,49.94,49.01,48.06,46.21,48.36,51.09,53.85,48.64,47.68,54.46,54.59,55.42,55.05,57.32,56.5,55.65,54.01,55.54,53.53,50.38,49.36,48.79,47.74,45.94,48.02,50.73,61.28,56.79,55.38,60.25,60.03,61.29,61.46,62.23,60.9,61.57,57.02,59.86,57.97,55.27,54.45,54.59,52.48,50.22,51.49,53.31,53.4,65.81,62.26,62.32,65.73,67.32,68.08,69.78,69.28,68.31,69.41,69.25,69.51,70.0,69.5,69.81,70.75,70.7,69.88,69.74,69.82,69.6,70.76,68.95,66.08,66.02,69.33,70.89,72.05,72.83,72.41,71.47,72.89,73.01,72.96,73.46,72.56,72.97,73.75,73.64,73.08,72.97,73.02,73.01,73.93,70.33,68.66,68.02,69.12,68.57,69.33,70.36,69.88,68.69,69.25,67.31,69.15,69.39,69.27,69.1,70.26,70.05,68.99,68.99,69.02,67.92,69.77,57.5,55.33,54.38,57.11,55.61,55.05,52.41,54.63,53.71,51.8,49.16,50.53,47.23,44.44,42.69,41.47,40.35,38.5,41.21,44.44,56.41,51.24,50.57,56.93,56.86,57.6,57.93,59.4,58.59,57.33,55.69,57.67,56.12,53.44,52.32,52.12,51.07,49.05,51.15,53.59,64.75,60.35,58.63,63.82,64.43,65.64,66.98,66.76,65.5,66.25,63.23,65.35,64.72,62.49,62.06,63.17,61.62,59.33,60.28,61.35,61.56,68.9,65.33,65.17,69.01,70.28,71.91,72.82,72.49,71.42,72.69,72.05,72.83,73.27,72.55,72.82,73.73,73.59,72.8,72.78,72.88,72.61,73.88,71.38,69.22,69.04,71.45,72.17,73.45,73.73,73.38,72.44,73.73,73.66,74.02,74.56,74.03,74.43,75.15,75.02,74.63,74.49,74.45,74.26,75.1,70.39,68.61,67.52,69.18,69.21,69.67,70.76,70.18,69.11,69.81,68.0,69.59,69.8,69.49,69.37,70.76,70.78,69.83,69.4,69.36,68.52,70.2,60.35,58.07,57.54,60.15,58.24,58.47,56.23,57.5,56.42,54.81,52.2,54.53,51.92,49.73,48.55,47.8,46.91,45.26,47.26,49.72,47.7,43.55,42.27,47.84,48.24,48.39,46.73,50.58,49.56,48.72,46.42,46.78,43.9,40.05,38.42,37.37,36.17,34.93,37.47,40.43,54.41,49.03,48.15,54.1,54.68,55.55,54.27,56.36,55.23,55.2,50.79,52.93,50.1,46.71,45.47,44.78,42.29,40.49,42.01,44.13,44.88,67.71,63.87,63.9,68.05,69.6,71.3,72.43,72.1,71.13,72.26,72.04,72.59,73.12,72.43,72.76,73.65,73.55,72.82,72.82,72.91,72.7,73.83,70.31,67.98,67.99,70.91,71.87,73.13,73.6,73.07,72.22,73.61,73.87,73.95,74.5,73.8,74.25,74.94,74.79,74.41,74.32,74.32,74.25,74.96,70.57,68.74,68.25,70.05,70.18,71.11,71.85,71.41,70.34,71.33,70.75,71.66,72.05,71.83,72.04,72.83,72.73,72.2,72.08,71.96,71.44,72.51,64.07,61.35,60.62,63.01,61.59,61.6,61.48,61.11,60.4,58.55,56.58,59.4,57.81,56.92,55.68,55.73,54.87,52.94,54.53,56.33,49.36,45.28,44.52,49.37,50.13,50.02,49.2,51.91,50.73,49.99,48.28,49.67,47.69,45.34,44.41,43.69,42.57,41.24,42.99,45.64],
  "contact_probs": [[1.0,0.89,0.27,0.01,0.0,0.0,0.01,0.01,0.01,0.01,0.05,0.12,0.28,0.53,0.24,0.04,0.01,0.03,0.09,0.2,0.42,0.06,0.01,0.01,0.01],[0.89,1.0,0.93,0.19,0.01,0.01,0.01,0.01,0.02,0.04,0.17,0.2,0.37,0.44,0.18,0.04,0.01,0.02,0.08,0.19,0.56,0.3,0.03,0.01,0.01],[0.27,0.93,1.0,1.0,0.23,0.02,0.02,0.03,0.13,0.25,0.38,0.19,0.22,0.17,0.03,0.03,0.01,0.01,0.02,0.09,0.28,0.72,0.3,0.05,0.02],[0.01,0.19,1.0,1.0,1.0,0.18,0.16,0.17,0.39,0.38,0.54,0.11,0.06,0.04,0.03,0.02,0.02,0.01,0.01,0.04,0.09,0.25,0.68,0.33,0.07],[0.0,0.01,0.23,1.0,1.0,0.49,0.42,0.51,0.64,0.69,0.25,0.04,0.01,0.01,0.01,0.03,0.03,0.02,0.02,0.04,0.04,0.11,0.19,0.47,0.2],[0.0,0.01,0.02,0.18,0.49,1.0,0.51,0.25,0.13,0.05,0.02,0.01,0.01,0.0,0.0,0.01,0.04,0.03,0.03,0.04,0.01,0.02,0.11,0.22,0.17],[0.01,0.01,0.02,0.16,0.42,0.51,1.0,0.58,0.24,0.08,0.02,0.01,0.01,0.01,0.01,0.02,0.11,0.07,0.09,0.12,0.03,0.03,0.15,0.26,0.24],[0.01,0.01,0.03,0.17,0.51,0.25,0.58,1.0,0.78,0.2,0.03,0.01,0.01,0.01,0.04,0.21,0.39,0.15,0.19,0.23,0.06,0.07,0.18,0.23,0.19],[0.01,0.02,0.13,0.39,0.64,0.13,0.24,0.78,1.0,0.99,0.21,0.02,0.03,0.04,0.4,0.52,0.28,0.09,0.11,0.12,0.02,0.04,0.03,0.02,0.02],[0.01,0.04,0.25,0.38,0.69,0.05,0.08,0.2,0.99,1.0,0.99,0.22,0.2,0.34,0.75,0.29,0.08,0.01,0.01,0.03,0.03,0.02,0.06,0.02,0.02],[0.05,0.17,0.38,0.54,0.25,0.02,0.02,0.03,0.21,0.99,1.0,0.66,0.47,0.6,0.51,0.13,0.04,0.01,0.01,0.01,0.02,0.04,0.03,0.04,0.03],[0.12,0.2,0.19,0.11,0.04,0.01,0.01,0.01,0.02,0.22,0.66,1.0,0.5,0.31,0.1,0.01,0.01,0.0,0.01,0.01,0.01,0.01,0.02,0.05,0.04],[0.28,0.37,0.22,0.06,0.01,0.01,0.01,0.01,0.03,0.2,0.47,0.5,1.0,0.71,0.23,0.02,0.01,0.01,0.01,0.02,0.03,0.02,0.02,0.03,0.04],[0.53,0.44,0.17,0.04,0.01,0.0,0.01,0.01,0.04,0.34,0.6,0.31,0.71,1.0,0.9,0.15,0.01,0.01,0.02,0.04,0.12,0.07,0.05,0.03,0.03],[0.24,0.18,0.03,0.03,0.01,0.0,0.01,0.04,0.4,0.75,0.51,0.1,0.23,0.9,1.0,1.0,0.14,0.04,0.07,0.15,0.33,0.18,0.06,0.01,0.01],[0.04,0.04,0.03,0.02,0.03,0.01,0.02,0.21,0.52,0.29,0.13,0.01,0.02,0.15,1.0,1.0,0.99,0.24,0.24,0.43,0.79,0.35,0.15,0.02,0.02],[0.01,0.01,0.01,0.02,0.03,0.04,0.11,0.39,0.28,0.08,0.04,0.01,0.01,0.01,0.14,0.99,1.0,0.48,0.34,0.48,0.66,0.72,0.28,0.1,0.14],[0.03,0.02,0.01,0.01,0.02,0.03,0.07,0.15,0.09,0.01,0.01,0.0,0.01,0.01,0.04,0.24,0.48,1.0,0.48,0.3,0.09,0.03,0.02,0.02,0.04],[0.09,0.08,0.02,0.01,0.02,0.03,0.09,0.19,0.11,0.01,0.01,0.01,0.01,0.02,0.07,0.24,0.34,0.48,1.0,0.62,0.18,0.05,0.02,0.01,0.02],[0.2,0.19,0.09,0.04,0.04,0.04,0.12,0.23,0.12,0.03,0.01,0.01,0.02,0.04,0.15,0.43,0.48,0.3,0.62,1.0,0.67,0.21,0.03,0.01,0.02],[0.42,0.56,0.28,0.09,0.04,0.01,0.03,0.06,0.02,0.03,0.02,0.01,0.03,0.12,0.33,0.79,0.66,0.09,0.18,0.67,1.0,1.0,0.19,0.01,0.01],[0.06,0.3,0.72,0.25,0.11,0.02,0.03,0.07,0.04,0.02,0.04,0.01,0.02,0.07,0.18,0.35,0.72,0.03,0.05,0.21,1.0,1.0,1.0,0.32,0.09],[0.01,0.03,0.3,0.68,0.19,0.11,0.15,0.18,0.03,0.06,0.03,0.02,0.02,0.05,0.06,0.15,0.28,0.02,0.02,0.03,0.19,1.0,1.0,0.93,0.51],[0.01,0.01,0.05,0.33,0.47,0.22,0.26,0.23,0.02,0.02,0.04,0.05,0.03,0.03,0.01,0.02,0.1,0.02,0.01,0.01,0.01,0.32,0.93,1.0,0.73],[0.01,0.01,0.02,0.07,0.2,0.17,0.24,0.19,0.02,0.02,0.03,0.04,0.04,0.03,0.01,0.02,0.14,0.04,0.02,0.02,0.01,0.09,0.51,0.73,1.0]],
  "pae": [[1.5,8.3,5.9,8.4,10.8,11.1,12.3,11.1,10.3,8.8,5.6,10.0,7.9,7.5,9.1,10.4,11.4,14.4,16.5,15.1,8.2,8.8,10.2,11.8,14.3],[4.1,1.2,3.1,4.1,5.3,8.5,9.0,7.4,5.9,5.5,5.6,9.2,6.0,5.9,5.0,5.4,6.3,8.7,11.8,9.6,4.5,4.8,5.9,7.4,9.8],[4.2,2.2,0.9,1.8,3.2,6.5,7.0,5.5,4.7,4.0,4.2,8.4,6.4,4.7,4.0,4.0,4.7,7.7,10.2,7.7,3.9,3.8,4.3,5.3,7.5],[5.4,2.7,1.6,0.8,1.6,5.0,5.9,4.9,3.7,3.1,3.7,7.7,5.9,4.3,3.7,3.4,3.9,7.1,10.1,7.5,3.2,2.8,3.6,4.6,6.7],[5.9,3.8,2.6,1.6,0.9,4.6,4.9,4.6,3.7,3.4,3.9,8.6,6.6,5.0,4.3,4.0,4.4,7.7,10.6,8.4,4.1,3.6,3.9,4.6,7.4],[11.3,12.0,9.1,7.5,7.9,1.3,8.2,9.3,9.7,9.7,10.6,13.8,13.4,12.0,12.6,11.2,12.0,14.8,17.0,15.8,12.0,11.4,10.8,9.8,11.4],[11.2,11.8,10.0,8.2,6.2,6.6,1.3,5.4,6.5,8.0,9.5,13.4,12.2,10.8,10.4,9.1,8.3,12.3,15.0,13.8,10.3,8.9,7.2,6.4,8.1],[10.6,10.3,8.7,8.0,6.5,5.8,5.1,1.2,4.5,6.3,9.3,12.4,11.2,9.4,8.8,7.8,6.4,9.7,13.5,11.8,8.7,8.2,7.6,6.5,8.5],[6.7,5.7,5.6,4.8,4.4,6.3,5.0,3.2,0.9,2.0,3.8,7.7,6.8,5.6,4.4,4.2,4.3,7.4,9.9,8.2,5.1,4.4,4.7,5.6,7.8],[6.3,4.7,4.1,3.8,3.6,6.3,5.6,3.4,1.9,0.9,2.0,6.9,5.8,4.5,3.8,3.5,4.1,7.3,9.7,7.2,4.2,4.0,4.3,5.5,7.5],[6.5,5.4,4.5,4.4,4.3,7.1,6.9,4.7,3.9,2.2,0.9,6.0,5.5,4.2,3.9,4.5,6.0,8.7,10.0,7.9,5.3,5.0,5.5,6.7,8.7],[9.6,14.0,12.2,12.7,13.5,14.0,16.6,15.2,13.4,11.0,9.1,1.6,10.6,9.8,11.7,14.3,16.2,16.3,18.6,17.9,15.2,15.9,16.8,16.2,17.6],[7.9,7.8,8.8,9.4,10.5,11.8,13.2,11.2,10.1,8.9,6.0,6.3,1.4,4.9,6.7,9.0,10.1,11.5,14.0,12.5,8.9,10.9,11.4,12.2,13.7],[6.8,5.6,5.7,5.9,6.6,8.6,9.4,7.5,6.1,5.4,4.8,6.9,3.8,1.0,2.9,4.7,6.2,8.0,10.4,8.5,6.1,6.4,7.5,8.8,11.1],[5.8,4.8,4.1,4.4,4.7,7.5,7.4,5.2,4.1,4.2,3.9,7.5,4.1,2.5,0.9,1.6,3.6,6.6,9.5,7.2,4.3,4.4,5.3,6.6,9.2],[6.0,4.5,4.0,4.0,4.3,6.9,6.8,4.6,3.8,3.7,4.1,8.0,5.6,2.9,1.7,0.9,2.0,5.3,8.2,6.8,3.8,3.6,4.2,6.0,8.0],[7.3,6.1,5.4,5.2,4.8,7.7,7.4,4.7,4.2,4.5,5.2,9.0,6.3,4.0,3.0,1.9,0.9,5.0,8.5,7.3,4.4,3.8,4.7,6.4,8.8],[13.5,13.7,14.7,13.3,13.9,14.8,15.4,11.5,12.3,13.1,12.6,15.2,14.3,11.5,9.5,7.8,9.3,1.4,8.3,8.2,9.6,12.1,12.9,13.7,14.9],[16.3,16.5,17.0,17.4,17.8,17.6,17.3,14.3,16.7,16.5,16.6,18.0,18.2,14.6,12.4,10.6,12.8,7.5,1.4,7.9,12.4,14.1,16.3,17.4,18.5],[12.8,11.6,13.2,13.2,13.6,14.2,15.0,12.8,11.6,11.9,12.1,14.7,12.8,10.9,9.6,8.5,7.7,6.5,5.6,1.2,8.3,9.8,11.1,13.4,14.5],[6.3,4.2,4.7,4.5,5.3,7.7,7.8,6.4,5.0,5.4,5.3,8.8,6.5,5.5,4.2,3.9,4.7,6.3,6.0,4.7,0.9,1.7,4.1,6.4,8.0],[5.8,3.6,3.3,3.1,3.8,6.5,6.6,4.8,3.8,3.7,4.2,8.3,6.2,4.8,3.9,3.4,3.7,6.3,8.4,5.1,1.7,0.8,1.8,3.7,6.4],[6.5,4.7,4.0,4.0,4.3,7.2,7.2,5.4,4.2,4.3,4.8,9.9,7.1,5.9,5.0,3.7,4.0,7.3,9.9,6.8,2.7,1.5,0.9,3.0,6.6],[10.0,8.7,9.2,7.2,6.6,9.2,7.3,6.9,7.1,7.5,8.7,13.2,11.2,9.6,8.4,7.3,6.9,10.9,13.3,11.5,7.0,5.4,5.0,1.2,6.1],[14.1,13.2,12.5,9.9,8.7,10.7,7.2,8.6,10.8,10.6,12.2,15.4,15.1,14.3,12.5,10.8,9.8,13.9,16.9,14.3,12.2,10.0,7.8,5.2,2.2]],
  "token_chain_ids": ["A","A","A","A","A","A","A","A","A","A","A","A","A","A","A","A","A","A","A","A","A","A","A","A","A"],
  "token_res_ids": [1,2,3,4,5,6,7,8,9,10,11,12,13,14,15,16,17,18,19,20,21,22,23,24,25]
}