{
  "atom_chain_ids": ["A","A","A","A","A","A","A","A","A","A","A","A","A","A","A","A","A","A","A","A","A","A","A","A","A","A","A","A","A","A","A","A","A","A","A","A","A","A","A","A","A","A","A","A","A","A","A","A","A","A","A","A","A","A","A","A","A","A","A","A","A","A","A","A","A","A","A","A","A","A","A","A","A","A","A","A","A","A","A","A","A","A","A","A","A","A","A","A","A","A","A","A","A","A","A","A","A","A","A","A","A","A","A","A","A","A","A","A","A","A","A","A","A","A","A","A","A","A","A","A","A","A","A","A","A","A","A","A","A","A","A","A","A","A","A","A","A","A","A","A","A","A","A","A","A","A","A","A","A","A","A","A","A","A","A","A","A","A","A","A","A","A","A","A","A","A","A","A","A","A","A","A","A","A","A","A","A","A","A","A","A","A","A","A","A","A","A","A","A","A","A","A","A","A","A","A","A","A","A","A","A","A","A","A","A","A","A","A","A","A","A","A","A","A","A","A","A","A","A","A","A","A","A","A","A","A","A","A","A","A","A","A","A","A","A","A","A","A","A","A","A","A","A","A","A","A","A","A","A","A","A","A","A","A","A","A","A","A","A","A","A","A","A","A","A","A","A","A","A","A","A","A","A","A","A","A","A","A","A","A","A","A","A","A","A","A","A","A","A","A","A","A","A","A","A","A","A","A","A","A","A","A","A","A","A","A","A","A","A","A","A","A","A","A","A","A","A","A","A","A","A","A","A","A","A","A","A","A","A","A","A","A","A","A","A","A","A","A","A","A","A","A","A","A","A","A","A","A","A","A","A","A","A","A","A","A","A","A","A","A","A","A","A","A","A","A","A","A","A","A","A","A","A","A","A","A","A","A","A","A","A","A","A","A","A","A","A","A","A","A","A","A","A","A","A","A","A","A","A","A","A","A","A","A","A","A","A","A","A","A","A","A","A","A","A","A","A","A","A","A","A","A","A","A","A","A","A","A","A","A","A","A","A","A","A","A","A","A","A","A","A","A","A","A","A","A","A","A","A","A","A","A","A","A","A","A","A","A","A","A","A","A","A","A","A","A","A","A","A","A","A","A","A","A","A","A","A","A","A","A","A","A","A","A","A","A","A","A","A","A","A","A","A","A","A","A","A","A","A","A","A","A","A","A","A","A","A","A","A","A","A","A","A","A","A","A","A","A","A","A","A","A","A","A","A","A","A","A","A"],
  "atom_plddts": [37.13,38.07,34.76,32.68,38.59,38.46,38.41,37.64,41.03,40.86,40.39,38.92,38.42,37.08,35.13,33.89,33.9,33.14,32.46,33.57,35.15,55.37,50.0,49.39,54.69,56.24,57.41,57.95,59.25,58.1,58.31,55.17,57.24,56.27,54.01,53.83,53.74,52.29,50.22,51.18,52.86,53.65,63.25,59.96,60.3,63.68,65.52,66.42,68.44,67.66,66.6,67.72,67.63,67.56,68.1,67.43,67.73,68.62,68.43,67.52,67.46,67.74,67.5,68.71,68.38,66.54,66.46,68.44,69.15,70.12,71.19,70.49,69.53,70.76,70.91,70.96,71.52,70.84,71.24,72.03,71.86,71.3,71.11,71.23,71.07,71.98,70.18,68.36,67.51,69.4,69.71,70.34,71.32,70.9,69.79,70.68,69.83,70.94,71.26,70.45,70.59,71.62,71.47,70.64,70.48,70.63,70.03,71.39,58.15,55.22,54.41,57.92,56.91,57.1,55.22,56.92,56.22,54.82,52.76,54.86,52.42,50.04,49.17,48.14,47.31,45.7,47.7,50.53,51.61,46.81,45.72,51.99,52.24,52.82,52.25,54.47,53.63,52.95,51.44,53.08,51.31,48.61,47.9,47.31,46.41,44.81,46.53,49.0,58.13,53.3,52.06,57.14,57.04,58.14,57.89,59.13,57.83,58.43,53.92,56.73,54.65,52.04,51.31,51.14,49.14,47.06,48.27,50.17,50.39,60.55,56.19,56.75,60.67,62.9,63.58,66.0,65.27,64.23,65.0,65.1,64.88,65.4,64.98,65.32,66.34,66.26,65.29,64.99,65.15,65.06,66.36,66.54,64.16,64.08,66.75,68.1,69.05,70.38,69.77,68.74,69.92,70.02,69.85,70.37,69.47,69.89,70.79,70.68,70.0,69.7,69.8,69.79,70.79,68.28,66.39,65.8,67.26,67.24,67.75,68.93,68.37,67.13,67.85,66.16,67.56,67.83,67.85,67.76,68.76,68.57,67.55,67.55,67.66,66.76,68.32,58.79,56.6,55.88,58.06,56.36,56.2,55.06,55.93,55.0,53.55,51.64,54.09,52.2,51.28,50.45,49.89,49.15,47.41,49.11,51.33,48.88,44.79,43.61,49.02,49.33,49.74,49.29,51.19,50.15,49.55,47.58,49.37,48.12,45.9,45.23,44.8,43.89,42.36,43.86,46.05,60.69,56.81,55.76,59.73,60.74,61.83,62.54,62.44,61.18,61.52,58.75,60.75,60.25,58.59,58.31,58.87,57.55,55.57,56.44,57.53,57.48,63.51,59.53,59.85,63.81,65.69,66.85,68.65,67.99,66.82,68.16,67.74,68.04,68.63,67.98,68.32,69.33,69.19,68.22,68.05,68.2,68.05,69.39,66.17,64.02,63.94,66.22,67.29,68.26,69.64,68.8,67.7,68.94,68.9,69.01,69.69,69.15,69.61,70.5,70.42,69.81,69.41,69.45,69.39,70.32,66.01,64.34,63.41,64.75,65.08,65.21,66.64,66.15,64.95,65.42,63.72,65.0,65.18,64.94,64.92,66.21,66.18,65.12,64.63,64.68,63.84,65.53,51.95,49.9,49.16,51.32,50.86,50.6,48.85,51.03,49.73,49.06,47.0,48.82,46.84,44.78,44.16,43.49,42.95,41.77,43.08,45.18,43.68,40.16,38.71,43.59,44.19,44.4,42.99,46.59,45.34,45.0,42.91,43.38,41.3,38.21,37.1,36.46,35.52,34.47,36.22,38.51,51.65,46.7,46.0,51.11,51.69,52.51,51.5,53.46,52.33,52.14,48.65,51.22,49.33,46.74,46.25,45.82,44.09,42.55,43.42,45.15,45.68,65.2,61.92,61.94,65.4,66.89,67.92,69.57,68.97,67.98,68.91,68.64,68.97,69.54,68.99,69.25,70.17,70.09,69.21,69.13,69.27,68.91,70.16,67.54,65.39,65.3,68.15,69.29,70.4,71.48,70.64,69.87,71.05,71.3,71.2,71.79,70.96,71.42,72.17,72.03,71.47,71.34,71.45,71.39,72.23,67.05,65.6,64.89,66.26,66.27,66.62,67.88,67.24,66.26,66.72,65.88,66.76,67.12,67.18,67.4,68.19,68.14,67.43,67.22,67.18,66.54,67.64,61.38,58.94,58.4,60.26,59.19,58.97,59.11,58.75,57.95,56.47,55.05,57.64,56.36,55.85,55.1,55.0,54.35,52.82,53.96,55.55,45.15,41.48,40.62,45.32,46.23,46.2,45.22,47.88,46.39,46.13,44.57,46.16,44.71,42.85,42.38,41.92,41.09,40.01,41.09,43.22],
  "contact_probs": [[1.0,0.89,0.27,0.01,0.0,0.0,0.01,0.01,0.01,0.01,0.05,0.12,0.28,0.53,0.24,0.04,0.01,0.03,0.09,0.2,0.42,0.06,0.01,0.01,0.01],[0.89,1.0,0.93,0.19,0.01,0.01,0.01,0.01,0.02,0.04,0.17,0.2,0.37,0.44,0.18,0.04,0.01,0.02,0.08,0.19,0.56,0.3,0.03,0.01,0.01],[0.27,0.93,1.0,1.0,0.23,0.02,0.02,0.03,0.13,0.25,0.38,0.19,0.22,0.17,0.03,0.03,0.01,0.01,0.02,0.09,0.28,0.72,0.3,0.05,0.02],[0.01,0.19,1.0,1.0,1.0,0.18,0.16,0.17,0.39,0.38,0.54,0.11,0.06,0.04,0.03,0.02,0.02,0.01,0.01,0.04,0.09,0.25,0.68,0.33,0.07],[0.0,0.01,0.23,1.0,1.0,0.49,0.42,0.51,0.64,0.69,0.25,0.04,0.01,0.01,0.01,0.03,0.03,0.02,0.02,0.04,0.04,0.11,0.19,0.47,0.2],[0.0,0.01,0.02,0.18,0.49,1.0,0.51,0.25,0.13,0.05,0.02,0.01,0.01,0.0,0.0,0.01,0.04,0.03,0.03,0.04,0.01,0.02,0.11,0.22,0.17],[0.01,0.01,0.02,0.16,0.42,0.51,1.0,0.58,0.24,0.08,0.02,0.01,0.01,0.01,0.01,0.02,0.11,0.07,0.09,0.12,0.03,0.03,0.15,0.26,0.24],[0.01,0.01,0.03,0.17,0.51,0.25,0.58,1.0,0.78,0.2,0.03,0.01,0.01,0.01,0.04,0.21,0.39,0.15,0.19,0.23,0.06,0.07,0.18,0.23,0.19],[0.01,0.02,0.13,0.39,0.64,0.13,0.24,0.78,1.0,0.99,0.21,0.02,0.03,0.04,0.4,0.52,0.28,0.09,0.11,0.12,0.02,0.04,0.03,0.02,0.02],[0.01,0.04,0.25,0.38,0.69,0.05,0.08,0.2,0.99,1.0,0.99,0.22,0.2,0.34,0.75,0.29,0.08,0.01,0.01,0.03,0.03,0.02,0.06,0.02,0.02],[0.05,0.17,0.38,0.54,0.25,0.02,0.02,0.03,0.21,0.99,1.0,0.66,0.47,0.6,0.51,0.13,0.04,0.01,0.01,0.01,0.02,0.04,0.03,0.04,0.03],[0.12,0.2,0.19,0.11,0.04,0.01,0.01,0.01,0.02,0.22,0.66,1.0,0.5,0.31,0.1,0.01,0.01,0.0,0.01,0.01,0.01,0.01,0.02,0.05,0.04],[0.28,0.37,0.22,0.06,0.01,0.01,0.01,0.01,0.03,0.2,0.47,0.5,1.0,0.71,0.23,0.02,0.01,0.01,0.01,0.02,0.03,0.02,0.02,0.03,0.04],[0.53,0.44,0.17,0.04,0.01,0.0,0.01,0.01,0.04,0.34,0.6,0.31,0.71,1.0,0.9,0.15,0.01,0.01,0.02,0.04,0.12,0.07,0.05,0.03,0.03],[0.24,0.18,0.03,0.03,0.01,0.0,0.01,0.04,0.4,0.75,0.51,0.1,0.23,0.9,1.0,1.0,0.14,0.04,0.07,0.15,0.33,0.18,0.06,0.01,0.01],[0.04,0.04,0.03,0.02,0.03,0.01,0.02,0.21,0.52,0.29,0.13,0.01,0.02,0.15,1.0,1.0,0.99,0.24,0.24,0.43,0.79,0.35,0.15,0.02,0.02],[0.01,0.01,0.01,0.02,0.03,0.04,0.11,0.39,0.28,0.08,0.04,0.01,0.01,0.01,0.14,0.99,1.0,0.48,0.34,0.48,0.66,0.72,0.28,0.1,0.14],[0.03,0.02,0.01,0.01,0.02,0.03,0.07,0.15,0.09,0.01,0.01,0.0,0.01,0.01,0.04,0.24,0.48,1.0,0.48,0.3,0.09,0.03,0.02,0.02,0.04],[0.09,0.08,0.02,0.01,0.02,0.03,0.09,0.19,0.11,0.01,0.01,0.01,0.01,0.02,0.07,0.24,0.34,0.48,1.0,0.62,0.18,0.05,0.02,0.01,0.02],[0.2,0.19,0.09,0.04,0.04,0.04,0.12,0.23,0.12,0.03,0.01,0.01,0.02,0.04,0.15,0.43,0.48,0.3,0.62,1.0,0.67,0.21,0.03,0.01,0.02],[0.42,0.56,0.28,0.09,0.04,0.01,0.03,0.06,0.02,0.03,0.02,0.01,0.03,0.12,0.33,0.79,0.66,0.09,0.18,0.67,1.0,1.0,0.19,0.01,0.01],[0.06,0.3,0.72,0.25,0.11,0.02,0.03,0.07,0.04,0.02,0.04,0.01,0.02,0.07,0.18,0.35,0.72,0.03,0.05,0.21,1.0,1.0,1.0,0.32,0.09],[0.01,0.03,0.3,0.68,0.19,0.11,0.15,0.18,0.03,0.06,0.03,0.02,0.02,0.05,0.06,0.15,0.28,0.02,0.02,0.03,0.19,1.0,1.0,0.93,0.51],[0.01,0.01,0.05,0.33,0.47,0.22,0.26,0.23,0.02,0.02,0.04,0.05,0.03,0.03,0.01,0.02,0.1,0.02,0.01,0.01,0.01,0.32,0.93,1.0,0.73],[0.01,0.01,0.02,0.07,0.2,0.17,0.24,0.19,0.02,0.02,0.03,0.04,0.04,0.03,0.01,0.02,0.14,0.04,0.02,0.02,0.01,0.09,0.51,0.73,1.0]],
  "pae": [[1.6,15.6,13.9,16.0,18.2,18.3,20.0,19.0,18.5,17.3,14.9,13.3,10.4,11.8,14.9,17.1,18.9,17.9,18.4,14.2,15.2,17.4,19.4,19.2,21.4],[7.7,1.3,5.2,7.3,9.6,11.7,12.5,10.0,8.4,9.0,7.9,9.3,9.0,7.1,7.4,8.0,8.7,11.5,12.8,10.3,6.7,8.7,9.2,9.9,12.5],[7.9,3.0,0.9,2.4,4.7,5.9,7.8,6.8,5.7,5.2,4.9,7.8,8.7,5.7,5.1,5.1,5.8,8.2,10.0,7.7,4.9,5.0,5.6,6.2,8.4],[9.6,3.7,2.2,0.9,2.3,4.6,6.9,5.7,4.4,3.8,3.9,6.8,7.9,5.1,4.6,4.2,4.7,7.7,10.2,7.5,4.2,3.7,4.4,5.3,7.7],[9.6,5.1,3.1,1.9,0.9,4.1,6.0,5.5,4.1,3.8,4.0,7.0,8.4,5.4,5.1,4.6,4.8,8.8,10.6,7.8,4.6,4.0,4.4,4.9,8.4],[14.8,11.1,8.6,7.2,6.8,1.3,8.6,7.7,7.0,7.8,8.1,11.7,13.3,10.6,10.4,9.8,10.5,14.5,15.5,14.7,10.9,10.2,9.9,9.1,10.8],[14.0,11.2,9.9,7.8,6.0,6.4,1.2,5.5,6.0,8.1,9.1,11.6,13.3,11.0,10.3,9.5,8.6,12.5,15.2,14.2,10.3,9.2,7.5,6.6,7.6],[13.7,10.4,9.4,8.0,5.9,5.6,6.1,1.2,4.4,5.8,8.0,10.8,12.9,10.4,8.4,8.0,7.0,11.2,13.5,12.0,9.2,8.7,8.1,7.2,9.1],[11.3,7.7,6.2,5.3,4.7,5.9,5.9,4.0,0.9,2.0,3.9,7.0,9.2,6.6,5.2,5.2,5.1,8.6,10.0,8.5,5.8,4.9,5.4,6.6,8.3],[9.8,6.1,4.5,4.0,4.0,6.1,6.5,3.8,2.1,0.9,2.0,5.1,7.6,4.8,4.6,4.1,4.5,7.8,9.6,7.3,4.9,4.2,4.7,6.0,7.9],[10.2,6.6,4.5,4.2,4.6,5.9,7.1,4.9,3.4,1.9,0.9,4.6,6.7,4.9,4.2,4.8,5.8,8.7,10.2,8.1,5.3,5.1,5.3,6.8,8.8],[12.7,10.6,8.4,8.5,10.6,10.9,13.9,12.3,9.9,7.4,5.5,1.5,8.5,6.5,8.8,10.7,12.6,12.8,14.1,13.7,12.2,11.7,12.7,13.5,14.9],[11.0,9.6,10.3,11.3,13.1,12.9,15.7,13.9,12.4,11.4,7.7,6.9,1.4,6.1,8.6,12.3,13.6,14.0,14.4,12.4,11.4,13.2,14.7,14.5,16.1],[10.2,7.5,7.0,7.3,8.6,9.2,10.8,8.6,7.7,6.5,5.4,6.1,5.3,1.1,4.2,6.3,7.6,9.4,11.1,9.0,6.9,7.7,9.3,10.3,12.2],[9.1,6.2,5.4,6.0,6.7,8.1,8.5,6.5,5.8,5.8,5.3,6.7,5.4,3.5,0.9,2.4,4.8,6.8,9.6,8.2,5.4,5.6,6.7,7.8,9.8],[9.6,6.6,5.6,5.6,6.3,7.6,8.3,6.2,5.1,5.3,5.5,7.4,8.4,4.1,3.1,0.9,2.6,6.5,8.8,7.3,5.0,4.9,5.6,7.3,9.1],[11.0,8.1,6.7,6.2,6.3,8.7,8.8,6.3,4.9,6.1,6.7,8.7,9.5,6.1,4.1,2.5,1.0,5.0,9.1,8.5,5.7,5.3,5.7,7.8,9.6],[14.7,12.3,14.3,13.6,14.5,16.3,16.3,12.7,13.1,13.3,13.9,15.6,15.7,13.0,10.4,7.8,10.2,1.5,8.7,7.8,8.4,12.0,13.2,14.4,16.1],[16.0,14.7,16.8,17.4,17.8,17.4,18.3,14.7,16.2,16.2,17.3,17.3,18.4,15.1,11.5,10.5,12.3,8.8,1.5,10.1,12.8,14.9,17.0,17.8,18.7],[12.9,11.2,12.4,12.9,14.0,13.7,15.6,12.4,12.9,13.1,13.1,13.0,13.3,11.3,9.5,8.8,10.7,7.5,8.2,1.3,8.4,10.4,12.4,13.6,15.8],[10.5,5.6,5.0,5.3,6.5,8.2,8.7,7.1,5.9,6.2,6.1,7.7,8.8,6.4,5.3,5.6,6.2,6.9,7.4,5.4,0.9,1.9,4.5,6.8,9.4],[10.3,5.5,4.4,3.9,4.7,6.5,7.4,5.9,4.7,4.6,5.1,7.2,8.4,5.8,4.8,4.4,4.5,7.3,8.7,5.5,2.2,0.9,2.2,4.3,7.7],[10.9,7.1,5.2,4.9,5.1,7.3,8.4,6.2,5.5,5.3,5.8,8.5,9.9,6.9,5.8,5.0,4.8,8.1,10.9,8.3,3.8,2.4,0.9,3.3,7.5],[13.5,9.7,9.3,7.0,6.7,9.9,7.8,8.7,8.1,8.0,8.7,12.0,12.8,9.9,9.0,7.7,7.4,11.3,13.2,11.5,8.8,5.9,4.9,1.2,7.0],[17.2,13.5,12.9,10.1,8.5,9.7,8.5,9.6,10.4,11.1,11.3,14.8,16.1,14.2,12.3,11.4,10.1,15.0,18.1,15.1,13.2,10.4,8.0,5.7,2.0]],
  "token_chain_ids": ["A","A","A","A","A","A","A","A","A","A","A","A","A","A","A","A","A","A","A","A","A","A","A","A","A"],
  "token_res_ids": [1,2,3,4,5,6,7,8,9,10,11,12,13,14,15,16,17,18,19,20,21,22,23,24,25]
}