{
  "atom_chain_ids": ["A","A","A","A","A","A","A","A","A","A","A","A","A","A","A","A","A","A","A","A","A","A","A","A","A","A","A","A","A","A","A","A","A","A","A","A","A","A","A","A","A","A","A","A","A","A","A","A","A","A","A","A","A","A","A","A","A","A","A","A","A","A","A","A","A","A","A","A","A","A","A","A","A","A","A","A","A","A","A","A","A","A","A","A","A","A","A","A","A","A","A","A","A","A","A","A","A","A","A","A","A","A","A","A","A","A","A","A","A","A","A","A","A","A","A","A","A","A","A","A","A","A","A","A","A","A","A","A","A","A","A","A","A","A","A","A","A","A","A","A","A","A","A","A","A","A","A","A","A","A","A","A","A","A","A","A","A","A","A","A","A","A","A","A","A","A","A","A","A","A","A","A","A","A","A","A","A","A","A","A","A","A","A","A","A","A","A","A","A","A","A","A","A","A","A","A","A","A","A","A","A","A","A","A","A","A","A","A","A","A","A","A","A","A","A","A","A","A","A","A","A","A","A","A","A","A","A","A","A","A","A","A","A","A","A","A","A","A","A","A","A","A","A","A","A","A","A","A","A","A","A","A","A","A","A","A","A","A","A","A","A","A","A","A","A","A","A","A","A","A","A","A","A","A","A","A","A","A","A","A","A","A","A","A","A","A","A","A","A","A","A","A","A","A","A","A","A","A","A","A","A","A","A","A","A","A","A","A","A","A","A","A","A","A","A","A","A","A","A","A","A","A","A","A","A","A","A","A","A","A","A","A","A","A","A","A","A","A","A","A","A","A","A","A","A","A","A","A","A","A","A","A","A","A","A","A","A","A","A","A","A","A","A","A","A","A","A","A","A","A","A","A","A","A","A","A","A","A","A","A","A","A","A","A","A","A","A","A","A","A","A","A","A","A","A","A","A","A","A","A","A","A","A","A","A","A","A","A","A","A","A","A","A","A","A","A","A","A","A","A","A","A","A","A","A","A","A","A","A","A","A","A","A","A","A","A","A","A","A","A","A","A","A","A","A","A","A","A","A","A","A","A","A","A","A","A","A","A","A","A","A","A","A","A","A","A","A","A","A","A","A","A","A","A","A","A","A","A","A","A","A","A","A","A","A","A","A","A","A","A","A","A","A","A","A","A","A","A","A","A","A","A","A","A","A","A","A","A","A","A","A","A","A","A","A","A","A","A","A","A","A","A","A","A","A","A","A","A","A"],
  "atom_plddts": [43.27,43.9,39.36,37.65,44.99,45.51,46.22,46.39,48.9,48.91,47.68,46.65,46.96,45.79,43.72,43.02,42.86,42.17,41.15,42.07,44.08,53.95,49.1,48.69,53.43,55.21,56.46,56.52,58.02,56.82,56.81,53.61,55.64,54.72,52.49,52.29,52.14,50.76,48.82,49.68,51.39,51.96,59.75,56.19,56.92,60.48,62.73,63.55,66.07,65.12,63.99,64.85,65.1,64.61,65.22,64.51,64.92,65.88,65.67,64.73,64.52,64.83,64.6,65.93,63.62,61.91,61.9,63.74,64.53,64.88,67.06,65.79,64.78,65.48,65.93,65.7,66.33,65.98,66.47,67.34,67.21,66.62,66.18,66.34,66.16,67.07,62.66,61.19,60.64,61.5,61.94,61.64,63.7,62.83,61.57,61.51,60.51,61.49,61.68,61.62,61.76,62.88,62.82,61.88,61.38,61.54,60.77,62.03,53.54,51.34,50.33,53.12,52.53,52.01,50.1,51.84,50.8,49.87,47.65,49.42,47.21,45.16,44.35,43.37,42.6,41.23,42.96,45.46,47.95,43.62,42.21,48.02,48.76,49.19,48.07,50.87,49.71,49.22,47.4,48.48,46.44,43.44,42.53,41.83,40.88,39.54,41.31,43.8,56.87,51.8,50.72,55.83,56.08,57.39,57.22,58.45,57.19,57.84,53.91,56.61,54.88,52.55,52.07,51.92,50.09,48.18,49.24,51.01,51.4,61.34,57.61,58.12,61.44,63.43,64.01,66.28,65.49,64.5,65.2,65.22,65.21,65.73,65.37,65.65,66.61,66.54,65.6,65.37,65.53,65.29,66.55,66.37,63.89,63.92,66.59,67.92,68.72,70.12,69.37,68.34,69.59,69.65,69.55,70.09,69.37,69.78,70.68,70.62,69.94,69.65,69.74,69.69,70.65,67.03,65.68,65.12,65.63,65.0,65.16,66.5,65.94,64.64,65.03,63.0,64.75,64.9,65.26,65.17,66.18,66.07,64.97,64.93,65.06,63.91,65.49,48.96,46.84,45.61,48.17,47.9,47.6,45.75,48.29,46.9,46.32,44.18,45.37,43.1,41.14,40.23,39.54,38.69,37.37,38.99,41.37,43.66,40.17,38.73,43.71,44.15,44.96,44.12,46.92,45.55,45.36,43.58,45.01,43.81,41.49,41.14,40.84,40.0,38.95,39.88,41.85,57.49,54.22,53.08,56.24,56.57,57.17,56.93,57.8,56.62,56.41,52.79,55.36,54.07,52.28,51.84,51.89,50.41,48.5,49.35,50.71,50.64,61.24,57.57,58.09,61.63,63.55,64.53,66.51,65.69,64.52,65.53,65.11,65.13,65.66,65.17,65.51,66.59,66.51,65.54,65.16,65.35,65.09,66.42,65.65,64.09,63.81,65.39,66.07,66.78,68.15,67.18,66.06,66.81,66.51,66.72,67.27,67.03,67.41,68.37,68.36,67.71,67.15,67.22,66.93,67.91,64.16,62.72,61.83,62.62,62.65,62.47,63.83,63.35,62.1,62.19,59.99,61.49,61.47,61.53,61.37,62.76,62.75,61.64,61.08,61.11,59.99,61.78,53.88,51.6,50.98,53.47,52.67,52.52,50.44,52.67,51.51,50.41,48.31,50.17,47.84,45.84,45.15,44.4,43.81,42.55,44.03,46.3,50.46,46.09,45.19,51.04,51.1,51.89,51.13,53.23,52.19,51.46,50.01,51.49,49.87,47.4,46.79,46.32,45.46,44.13,45.63,47.81,56.7,51.96,51.1,56.09,56.28,57.14,56.45,57.91,56.73,56.91,52.99,55.76,53.81,51.19,50.64,50.44,48.55,46.7,47.73,49.43,49.7,58.84,55.33,55.97,59.58,61.83,62.45,64.94,63.96,63.04,63.45,63.61,63.32,63.98,63.41,63.83,64.81,64.71,63.81,63.46,63.68,63.41,64.66,64.08,62.33,61.99,64.3,64.97,65.37,67.32,66.02,65.22,65.78,65.93,65.76,66.35,66.1,66.61,67.42,67.36,66.79,66.36,66.47,66.29,67.09,55.23,53.93,54.01,55.0,55.36,55.09,56.67,55.76,54.96,54.46,53.53,54.45,54.86,55.06,55.41,56.21,56.21,55.63,55.09,55.09,54.47,55.44,43.82,42.8,41.48,42.92,42.98,42.46,41.19,42.89,41.38,41.95,40.02,40.97,39.43,38.75,38.27,38.1,37.54,36.6,37.24,38.55,38.51,35.77,34.66,38.51,39.32,39.72,38.49,41.77,39.87,40.05,38.11,39.31,38.13,36.08,35.36,35.41,34.58,33.88,34.71,36.38],
  "contact_probs": [[1.0,0.89,0.27,0.01,0.0,0.0,0.01,0.01,0.01,0.01,0.05,0.12,0.28,0.53,0.24,0.04,0.01,0.03,0.09,0.2,0.42,0.06,0.01,0.01,0.01],[0.89,1.0,0.93,0.19,0.01,0.01,0.01,0.01,0.02,0.04,0.17,0.2,0.37,0.44,0.18,0.04,0.01,0.02,0.08,0.19,0.56,0.3,0.03,0.01,0.01],[0.27,0.93,1.0,1.0,0.23,0.02,0.02,0.03,0.13,0.25,0.38,0.19,0.22,0.17,0.03,0.03,0.01,0.01,0.02,0.09,0.28,0.72,0.3,0.05,0.02],[0.01,0.19,1.0,1.0,1.0,0.18,0.16,0.17,0.39,0.38,0.54,0.11,0.06,0.04,0.03,0.02,0.02,0.01,0.01,0.04,0.09,0.25,0.68,0.33,0.07],[0.0,0.01,0.23,1.0,1.0,0.49,0.42,0.51,0.64,0.69,0.25,0.04,0.01,0.01,0.01,0.03,0.03,0.02,0.02,0.04,0.04,0.11,0.19,0.47,0.2],[0.0,0.01,0.02,0.18,0.49,1.0,0.51,0.25,0.13,0.05,0.02,0.01,0.01,0.0,0.0,0.01,0.04,0.03,0.03,0.04,0.01,0.02,0.11,0.22,0.17],[0.01,0.01,0.02,0.16,0.42,0.51,1.0,0.58,0.24,0.08,0.02,0.01,0.01,0.01,0.01,0.02,0.11,0.07,0.09,0.12,0.03,0.03,0.15,0.26,0.24],[0.01,0.01,0.03,0.17,0.51,0.25,0.58,1.0,0.78,0.2,0.03,0.01,0.01,0.01,0.04,0.21,0.39,0.15,0.19,0.23,0.06,0.07,0.18,0.23,0.19],[0.01,0.02,0.13,0.39,0.64,0.13,0.24,0.78,1.0,0.99,0.21,0.02,0.03,0.04,0.4,0.52,0.28,0.09,0.11,0.12,0.02,0.04,0.03,0.02,0.02],[0.01,0.04,0.25,0.38,0.69,0.05,0.08,0.2,0.99,1.0,0.99,0.22,0.2,0.34,0.75,0.29,0.08,0.01,0.01,0.03,0.03,0.02,0.06,0.02,0.02],[0.05,0.17,0.38,0.54,0.25,0.02,0.02,0.03,0.21,0.99,1.0,0.66,0.47,0.6,0.51,0.13,0.04,0.01,0.01,0.01,0.02,0.04,0.03,0.04,0.03],[0.12,0.2,0.19,0.11,0.04,0.01,0.01,0.01,0.02,0.22,0.66,1.0,0.5,0.31,0.1,0.01,0.01,0.0,0.01,0.01,0.01,0.01,0.02,0.05,0.04],[0.28,0.37,0.22,0.06,0.01,0.01,0.01,0.01,0.03,0.2,0.47,0.5,1.0,0.71,0.23,0.02,0.01,0.01,0.01,0.02,0.03,0.02,0.02,0.03,0.04],[0.53,0.44,0.17,0.04,0.01,0.0,0.01,0.01,0.04,0.34,0.6,0.31,0.71,1.0,0.9,0.15,0.01,0.01,0.02,0.04,0.12,0.07,0.05,0.03,0.03],[0.24,0.18,0.03,0.03,0.01,0.0,0.01,0.04,0.4,0.75,0.51,0.1,0.23,0.9,1.0,1.0,0.14,0.04,0.07,0.15,0.33,0.18,0.06,0.01,0.01],[0.04,0.04,0.03,0.02,0.03,0.01,0.02,0.21,0.52,0.29,0.13,0.01,0.02,0.15,1.0,1.0,0.99,0.24,0.24,0.43,0.79,0.35,0.15,0.02,0.02],[0.01,0.01,0.01,0.02,0.03,0.04,0.11,0.39,0.28,0.08,0.04,0.01,0.01,0.01,0.14,0.99,1.0,0.48,0.34,0.48,0.66,0.72,0.28,0.1,0.14],[0.03,0.02,0.01,0.01,0.02,0.03,0.07,0.15,0.09,0.01,0.01,0.0,0.01,0.01,0.04,0.24,0.48,1.0,0.48,0.3,0.09,0.03,0.02,0.02,0.04],[0.09,0.08,0.02,0.01,0.02,0.03,0.09,0.19,0.11,0.01,0.01,0.01,0.01,0.02,0.07,0.24,0.34,0.48,1.0,0.62,0.18,0.05,0.02,0.01,0.02],[0.2,0.19,0.09,0.04,0.04,0.04,0.12,0.23,0.12,0.03,0.01,0.01,0.02,0.04,0.15,0.43,0.48,0.3,0.62,1.0,0.67,0.21,0.03,0.01,0.02],[0.42,0.56,0.28,0.09,0.04,0.01,0.03,0.06,0.02,0.03,0.02,0.01,0.03,0.12,0.33,0.79,0.66,0.09,0.18,0.67,1.0,1.0,0.19,0.01,0.01],[0.06,0.3,0.72,0.25,0.11,0.02,0.03,0.07,0.04,0.02,0.04,0.01,0.02,0.07,0.18,0.35,0.72,0.03,0.05,0.21,1.0,1.0,1.0,0.32,0.09],[0.01,0.03,0.3,0.68,0.19,0.11,0.15,0.18,0.03,0.06,0.03,0.02,0.02,0.05,0.06,0.15,0.28,0.02,0.02,0.03,0.19,1.0,1.0,0.93,0.51],[0.01,0.01,0.05,0.33,0.47,0.22,0.26,0.23,0.02,0.02,0.04,0.05,0.03,0.03,0.01,0.02,0.1,0.02,0.01,0.01,0.01,0.32,0.93,1.0,0.73],[0.01,0.01,0.02,0.07,0.2,0.17,0.24,0.19,0.02,0.02,0.03,0.04,0.04,0.03,0.01,0.02,0.14,0.04,0.02,0.02,0.01,0.09,0.51,0.73,1.0]],
  "pae": [[1.4,5.9,8.2,10.1,12.4,15.7,15.8,13.8,13.5,12.0,9.4,11.7,10.1,8.3,10.8,13.3,13.4,15.7,16.0,15.9,10.6,10.0,9.4,11.5,15.8],[5.3,1.2,3.8,5.6,7.8,10.7,11.1,9.3,8.3,7.6,7.5,11.3,10.2,8.0,7.4,8.0,9.3,11.0,12.0,10.8,7.3,6.6,6.3,9.9,14.3],[5.5,3.1,0.9,2.5,4.2,7.6,8.6,6.8,6.3,5.3,5.5,10.3,9.4,7.2,5.3,5.6,6.0,8.7,8.8,8.2,5.5,5.4,5.9,9.4,13.0],[7.1,3.8,2.1,0.9,2.4,6.4,7.4,6.1,4.9,4.5,5.1,10.1,9.4,6.7,5.0,4.8,5.5,8.0,7.6,7.2,5.4,4.4,6.7,9.8,13.7],[8.5,5.4,4.0,2.5,1.0,6.1,7.5,6.0,5.1,5.3,5.5,11.8,10.6,7.4,5.9,5.5,6.2,9.0,8.3,7.0,6.0,5.6,6.5,11.8,15.7],[15.4,13.6,10.7,10.6,8.2,1.3,7.0,5.8,9.3,10.6,11.5,16.2,16.5,14.2,12.5,10.4,10.0,13.7,11.7,9.0,11.5,11.5,12.9,15.8,19.2],[16.1,14.0,11.2,11.2,8.7,4.9,1.2,5.7,8.8,10.7,11.9,16.2,16.2,14.4,12.4,11.2,9.3,13.2,10.5,8.6,10.8,11.7,13.1,15.6,19.0],[12.6,10.7,8.9,8.6,7.8,6.1,4.8,1.1,5.0,5.9,8.3,12.9,12.8,9.8,9.0,7.4,6.9,9.9,8.7,7.4,8.0,8.4,10.1,12.7,16.6],[10.4,8.3,7.2,6.6,5.9,7.3,6.6,4.1,0.9,2.2,4.6,9.8,10.2,7.4,6.1,5.5,6.0,8.4,7.8,6.6,6.0,6.2,6.5,10.2,13.6],[8.7,5.9,4.4,4.5,4.5,6.8,6.9,4.0,2.0,0.9,2.0,9.2,8.6,5.3,4.6,4.0,4.7,7.7,7.7,6.4,4.6,4.5,5.6,9.1,13.1],[9.4,7.2,4.8,5.0,5.2,7.8,8.2,5.0,4.2,2.1,0.9,8.4,8.2,5.5,4.5,5.1,6.7,9.5,8.8,7.6,5.9,6.1,6.6,10.3,13.2],[13.3,14.1,13.9,14.2,15.9,18.5,18.9,16.5,15.5,13.1,10.0,1.5,10.6,8.6,13.2,15.8,17.1,17.5,18.7,17.8,16.9,15.4,15.1,17.2,18.1],[11.7,11.9,13.2,13.6,15.2,17.1,18.0,14.8,14.5,14.0,9.0,8.5,1.4,7.9,10.9,12.9,13.8,16.6,15.8,15.5,15.6,13.7,13.2,14.1,14.4],[10.3,8.9,7.3,8.4,9.5,11.7,12.1,9.8,10.1,7.1,5.9,9.3,5.7,1.1,4.8,7.0,9.2,10.6,11.1,11.5,8.9,8.3,9.3,12.3,14.1],[9.3,7.4,5.8,6.3,6.7,8.4,9.0,6.3,5.9,6.1,5.4,9.5,6.7,4.3,0.9,2.4,4.9,7.0,8.2,7.7,6.0,6.1,6.7,10.4,13.6],[8.7,7.1,5.5,5.7,6.0,7.5,7.6,5.9,4.9,5.1,5.3,10.6,9.2,4.7,2.6,0.9,2.4,6.1,6.3,6.8,5.2,5.0,6.3,10.0,14.2],[10.0,8.7,7.1,6.6,6.9,8.3,7.7,5.3,5.0,6.1,6.6,10.8,10.3,7.2,4.3,2.9,1.0,5.6,5.2,6.2,5.7,6.5,7.7,11.2,14.7],[14.5,12.9,11.4,11.2,10.6,12.8,11.9,9.0,9.4,9.4,10.3,15.1,14.8,11.8,8.4,5.8,6.0,1.3,6.5,6.7,7.2,8.6,9.4,14.1,17.7],[15.0,13.5,11.4,11.6,10.0,9.9,8.2,7.2,9.5,10.0,10.8,15.2,15.2,12.2,9.8,7.0,6.0,6.2,1.3,6.3,7.6,9.3,10.7,15.1,17.6],[13.1,10.1,9.4,8.0,7.1,8.0,7.4,6.7,7.8,8.3,9.1,13.7,13.4,10.9,8.5,6.6,6.1,5.1,4.6,1.1,5.8,6.5,8.3,12.5,14.6],[10.1,7.1,5.9,6.2,6.2,8.4,8.2,6.3,5.9,6.2,6.8,11.0,10.4,8.7,6.6,6.0,5.8,7.6,6.0,4.8,1.0,2.6,4.4,8.4,11.3],[8.8,6.3,5.0,4.8,6.1,8.1,8.3,6.6,5.3,5.3,5.8,10.7,9.2,7.6,5.5,5.0,5.6,7.9,7.0,5.1,2.4,0.9,2.9,7.3,10.2],[10.8,8.0,5.7,8.2,10.1,10.5,10.8,9.0,8.2,7.2,7.1,12.7,11.5,10.1,7.2,6.4,6.3,9.3,9.0,7.3,4.3,3.3,0.9,5.2,9.9],[13.0,9.2,10.5,10.6,12.3,15.2,15.4,13.0,12.8,12.5,11.3,14.4,13.2,11.5,10.0,10.4,11.4,13.3,14.4,14.0,9.9,7.1,8.9,1.2,6.8],[13.8,10.2,13.1,15.6,17.7,18.1,18.3,16.7,16.7,14.1,13.3,14.3,12.1,11.8,11.3,13.6,15.3,16.9,18.0,16.8,13.4,13.5,11.4,5.7,2.0]],
  "token_chain_ids": ["A","A","A","A","A","A","A","A","A","A","A","A","A","A","A","A","A","A","A","A","A","A","A","A","A"],
  "token_res_ids": [1,2,3,4,5,6,7,8,9,10,11,12,13,14,15,16,17,18,19,20,21,22,23,24,25]
}