{
  "atom_chain_ids": ["A","A","A","A","A","A","A","A","A","A","A","A","A","A","A","A","A","A","A","A","A","A","A","A","A","A","A","A","A","A","A","A","A","A","A","A","A","A","A","A","A","A","A","A","A","A","A","A","A","A","A","A","A","A","A","A","A","A","A","A","A","A","A","A","A","A","A","A","A","A","A","A","A","A","A","A","A","A","A","A","A","A","A","A","A","A","A","A","A","A","A","A","A","A","A","A","A","A","A","A","A","A","A","A","A","A","A","A","A","A","A","A","A","A","A","A","A","A","A","A","A","A","A","A","A","A","A","A","A","A","A","A","A","A","A","A","A","A","A","A","A","A","A","A","A","A","A","A","A","A","A","A","A","A","A","A","A","A","A","A","A","A","A","A","A","A","A","A","A","A","A","A","A","A","A","A","A","A","A","A","A","A","A","A","A","A","A","A","A","A","A","A","A","A","A","A","A","A","A","A","A","A","A","A","A","A","A","A","A","A","A","A","A","A","A","A","A","A","A","A","A","A","A","A","A","A","A","A","A","A","A","A","A","A","A","A","A","A","A","A","A","A","A","A","A","A","A","A","A","A","A","A","A","A","A","A","A","A","A","A","A","A","A","A","A","A","A","A","A","A","A","A","A","A","A","A","A","A","A","A","A","A","A","A","A","A","A","A","A","A","A","A","A","A","A","A","A","A","A","A","A","A","A","A","A","A","A","A","A","A","A","A","A","A","A","A","A","A","A","A","A","A","A","A","A","A","A","A","A","A","A","A","A","A","A","A","A","A","A","A","A","A","A","A","A","A","A","A","A","A","A","A","A","A","A","A","A","A","A","A","A","A","A","A","A","A","A","A","A","A","A","A","A","A","A","A","A","A","A","A","A","A","A","A","A","A","A","A","A","A","A","A","A","A","A","A","A","A","A","A","A","A","A","A","A","A","A","A","A","A","A","A","A","A","A","A","A","A","A","A","A","A","A","A","A","A","A","A","A","A","A","A","A","A","A","A","A","A","A","A","A","A","A","A","A","A","A","A","A","A","A","A","A","A","A","A","A","A","A","A","A","A","A","A","A","A","A","A","A","A","A","A","A","A","A","A","A","A","A","A","A","A","A","A","A","A","A","A","A","A","A","A","A","A","A","A","A","A","A","A","A","A","A","A","A","A","A","A","A","A","A","A","A","A","A","A","A","A","A","A","A","A","A","A","A","A","A","A","A"],
  "atom_plddts": [55.22,55.27,48.57,48.06,55.85,57.17,58.94,60.27,61.69,61.63,60.12,59.11,60.42,59.05,56.84,55.82,56.07,55.06,53.01,54.61,56.82,64.27,59.63,58.36,63.51,65.1,66.53,67.88,67.84,66.61,67.43,64.65,66.59,66.08,63.78,63.34,64.3,62.78,60.5,61.54,62.74,63.13,67.97,64.42,64.55,68.49,70.19,71.98,73.03,72.9,71.89,73.26,73.18,73.56,74.07,72.95,73.3,74.11,73.8,73.06,73.23,73.44,73.33,74.48,72.23,69.86,69.99,72.48,73.12,74.63,74.8,74.66,73.75,75.17,75.28,75.66,76.19,75.37,75.75,76.45,76.16,75.79,75.81,75.83,75.71,76.56,72.7,70.47,69.64,72.05,72.23,73.44,74.1,73.88,72.9,73.79,73.1,74.39,74.76,73.79,73.95,74.95,74.72,73.99,73.99,74.06,73.5,74.92,61.3,58.56,57.76,60.99,59.26,59.46,57.69,58.59,58.0,56.42,53.88,56.28,53.86,51.78,50.61,49.7,48.74,46.83,49.09,51.82,56.29,50.63,49.92,56.95,57.06,58.36,58.45,60.23,59.42,58.59,57.07,58.69,56.71,53.55,52.48,52.07,50.98,49.11,51.22,53.9,61.12,56.28,54.82,60.11,60.02,61.27,61.63,62.4,61.12,62.0,57.43,60.14,58.3,55.54,54.73,54.94,52.9,50.63,51.87,53.62,53.84,66.48,62.61,62.74,66.4,67.8,69.07,70.63,70.39,69.39,70.36,70.05,70.58,71.05,70.39,70.67,71.67,71.58,70.71,70.63,70.69,70.38,71.75,70.81,67.97,67.84,71.05,72.28,73.92,74.32,74.21,73.23,74.45,74.48,74.75,75.2,74.16,74.53,75.31,75.12,74.59,74.55,74.59,74.48,75.52,71.03,69.04,68.34,69.91,69.52,70.53,71.47,71.03,69.87,70.56,68.73,70.43,70.68,70.49,70.38,71.5,71.28,70.29,70.3,70.3,69.31,71.12,63.68,61.0,60.4,63.1,60.82,61.15,60.18,60.68,59.99,58.02,55.9,58.56,56.47,55.28,54.04,53.67,52.75,50.68,52.79,55.15,55.7,50.68,49.93,56.23,56.06,56.7,56.45,57.89,57.04,55.57,53.76,55.85,54.18,51.71,50.59,50.26,49.08,47.06,49.18,51.73,66.05,62.4,60.6,65.0,65.13,66.31,67.3,67.01,65.72,66.29,63.03,65.45,64.66,62.44,61.89,63.0,61.33,58.98,59.96,61.07,61.05,69.07,65.49,65.38,69.15,70.26,72.01,72.95,72.67,71.58,72.84,72.21,73.1,73.58,72.85,73.15,74.08,73.89,73.12,73.12,73.18,72.91,74.21,71.43,69.06,68.9,71.49,72.33,73.98,74.2,74.01,73.01,74.22,74.12,74.59,75.12,74.4,74.79,75.56,75.41,74.96,74.85,74.82,74.65,75.59,71.01,69.23,68.16,69.76,69.67,70.28,71.29,70.75,69.72,70.36,68.59,70.27,70.51,70.23,70.1,71.48,71.52,70.58,70.18,70.11,69.23,70.94,55.87,53.37,52.77,55.64,54.68,54.38,51.92,53.83,52.69,51.35,48.45,49.96,47.05,44.16,42.69,41.58,40.6,39.1,41.43,44.16,50.11,45.43,44.48,50.78,50.89,51.41,50.68,53.13,52.16,51.41,49.55,50.88,48.81,45.65,44.54,43.81,42.62,41.12,43.24,45.84,57.27,51.86,51.0,56.92,57.27,58.31,58.05,59.38,58.2,58.63,54.51,57.33,55.37,52.38,51.72,51.55,49.39,47.32,48.6,50.46,50.98,69.49,66.14,66.15,69.51,70.47,72.34,73.17,72.97,71.95,72.85,72.43,73.34,73.83,73.21,73.43,74.34,74.24,73.51,73.54,73.58,73.17,74.4,71.52,69.09,69.15,71.96,72.79,74.58,74.73,74.5,73.55,74.72,74.84,75.29,75.83,75.03,75.4,76.12,75.92,75.51,75.5,75.5,75.33,76.17,72.07,70.11,69.52,71.48,71.43,72.84,73.35,73.14,72.03,72.9,72.17,73.29,73.64,73.27,73.39,74.24,74.12,73.52,73.5,73.38,72.79,74.05,67.93,64.97,64.27,66.98,65.4,66.22,65.8,65.56,64.86,62.86,60.74,63.82,62.22,60.79,59.31,59.72,58.8,56.74,58.38,60.22,46.24,42.93,41.91,45.95,46.94,46.2,44.63,48.1,46.84,46.3,44.41,45.11,42.78,40.12,38.84,38.04,36.95,35.81,37.68,40.32],
  "contact_probs": [[1.0,0.89,0.27,0.01,0.0,0.0,0.01,0.01,0.01,0.01,0.05,0.12,0.28,0.53,0.24,0.04,0.01,0.03,0.09,0.2,0.42,0.06,0.01,0.01,0.01],[0.89,1.0,0.93,0.19,0.01,0.01,0.01,0.01,0.02,0.04,0.17,0.2,0.37,0.44,0.18,0.04,0.01,0.02,0.08,0.19,0.56,0.3,0.03,0.01,0.01],[0.27,0.93,1.0,1.0,0.23,0.02,0.02,0.03,0.13,0.25,0.38,0.19,0.22,0.17,0.03,0.03,0.01,0.01,0.02,0.09,0.28,0.72,0.3,0.05,0.02],[0.01,0.19,1.0,1.0,1.0,0.18,0.16,0.17,0.39,0.38,0.54,0.11,0.06,0.04,0.03,0.02,0.02,0.01,0.01,0.04,0.09,0.25,0.68,0.33,0.07],[0.0,0.01,0.23,1.0,1.0,0.49,0.42,0.51,0.64,0.69,0.25,0.04,0.01,0.01,0.01,0.03,0.03,0.02,0.02,0.04,0.04,0.11,0.19,0.47,0.2],[0.0,0.01,0.02,0.18,0.49,1.0,0.51,0.25,0.13,0.05,0.02,0.01,0.01,0.0,0.0,0.01,0.04,0.03,0.03,0.04,0.01,0.02,0.11,0.22,0.17],[0.01,0.01,0.02,0.16,0.42,0.51,1.0,0.58,0.24,0.08,0.02,0.01,0.01,0.01,0.01,0.02,0.11,0.07,0.09,0.12,0.03,0.03,0.15,0.26,0.24],[0.01,0.01,0.03,0.17,0.51,0.25,0.58,1.0,0.78,0.2,0.03,0.01,0.01,0.01,0.04,0.21,0.39,0.15,0.19,0.23,0.06,0.07,0.18,0.23,0.19],[0.01,0.02,0.13,0.39,0.64,0.13,0.24,0.78,1.0,0.99,0.21,0.02,0.03,0.04,0.4,0.52,0.28,0.09,0.11,0.12,0.02,0.04,0.03,0.02,0.02],[0.01,0.04,0.25,0.38,0.69,0.05,0.08,0.2,0.99,1.0,0.99,0.22,0.2,0.34,0.75,0.29,0.08,0.01,0.01,0.03,0.03,0.02,0.06,0.02,0.02],[0.05,0.17,0.38,0.54,0.25,0.02,0.02,0.03,0.21,0.99,1.0,0.66,0.47,0.6,0.51,0.13,0.04,0.01,0.01,0.01,0.02,0.04,0.03,0.04,0.03],[0.12,0.2,0.19,0.11,0.04,0.01,0.01,0.01,0.02,0.22,0.66,1.0,0.5,0.31,0.1,0.01,0.01,0.0,0.01,0.01,0.01,0.01,0.02,0.05,0.04],[0.28,0.37,0.22,0.06,0.01,0.01,0.01,0.01,0.03,0.2,0.47,0.5,1.0,0.71,0.23,0.02,0.01,0.01,0.01,0.02,0.03,0.02,0.02,0.03,0.04],[0.53,0.44,0.17,0.04,0.01,0.0,0.01,0.01,0.04,0.34,0.6,0.31,0.71,1.0,0.9,0.15,0.01,0.01,0.02,0.04,0.12,0.07,0.05,0.03,0.03],[0.24,0.18,0.03,0.03,0.01,0.0,0.01,0.04,0.4,0.75,0.51,0.1,0.23,0.9,1.0,1.0,0.14,0.04,0.07,0.15,0.33,0.18,0.06,0.01,0.01],[0.04,0.04,0.03,0.02,0.03,0.01,0.02,0.21,0.52,0.29,0.13,0.01,0.02,0.15,1.0,1.0,0.99,0.24,0.24,0.43,0.79,0.35,0.15,0.02,0.02],[0.01,0.01,0.01,0.02,0.03,0.04,0.11,0.39,0.28,0.08,0.04,0.01,0.01,0.01,0.14,0.99,1.0,0.48,0.34,0.48,0.66,0.72,0.28,0.1,0.14],[0.03,0.02,0.01,0.01,0.02,0.03,0.07,0.15,0.09,0.01,0.01,0.0,0.01,0.01,0.04,0.24,0.48,1.0,0.48,0.3,0.09,0.03,0.02,0.02,0.04],[0.09,0.08,0.02,0.01,0.02,0.03,0.09,0.19,0.11,0.01,0.01,0.01,0.01,0.02,0.07,0.24,0.34,0.48,1.0,0.62,0.18,0.05,0.02,0.01,0.02],[0.2,0.19,0.09,0.04,0.04,0.04,0.12,0.23,0.12,0.03,0.01,0.01,0.02,0.04,0.15,0.43,0.48,0.3,0.62,1.0,0.67,0.21,0.03,0.01,0.02],[0.42,0.56,0.28,0.09,0.04,0.01,0.03,0.06,0.02,0.03,0.02,0.01,0.03,0.12,0.33,0.79,0.66,0.09,0.18,0.67,1.0,1.0,0.19,0.01,0.01],[0.06,0.3,0.72,0.25,0.11,0.02,0.03,0.07,0.04,0.02,0.04,0.01,0.02,0.07,0.18,0.35,0.72,0.03,0.05,0.21,1.0,1.0,1.0,0.32,0.09],[0.01,0.03,0.3,0.68,0.19,0.11,0.15,0.18,0.03,0.06,0.03,0.02,0.02,0.05,0.06,0.15,0.28,0.02,0.02,0.03,0.19,1.0,1.0,0.93,0.51],[0.01,0.01,0.05,0.33,0.47,0.22,0.26,0.23,0.02,0.02,0.04,0.05,0.03,0.03,0.01,0.02,0.1,0.02,0.01,0.01,0.01,0.32,0.93,1.0,0.73],[0.01,0.01,0.02,0.07,0.2,0.17,0.24,0.19,0.02,0.02,0.03,0.04,0.04,0.03,0.01,0.02,0.14,0.04,0.02,0.02,0.01,0.09,0.51,0.73,1.0]],
  "pae": [[1.3,3.7,5.2,7.0,9.5,9.9,11.1,10.8,9.8,8.4,6.9,8.0,6.1,6.5,7.1,8.6,10.3,13.7,14.0,10.3,6.3,7.4,9.1,10.6,14.2],[3.4,1.2,2.7,4.1,5.3,7.6,8.4,7.4,5.6,5.4,5.5,7.5,6.5,5.2,4.8,5.2,6.2,10.5,10.8,7.3,4.2,4.7,5.3,7.2,10.7],[3.4,2.1,0.9,1.7,3.2,5.5,6.1,5.3,4.3,3.8,3.8,6.5,6.4,4.4,3.7,3.9,4.5,8.5,9.0,6.2,3.8,3.6,4.0,4.9,8.6],[4.2,2.7,1.6,0.8,1.6,4.5,4.5,4.5,3.6,3.0,3.3,6.0,6.1,3.8,3.4,3.2,3.8,7.7,8.7,5.7,3.2,2.7,3.0,4.0,7.7],[5.0,3.6,2.4,1.6,0.9,4.0,3.7,4.2,3.4,3.0,3.5,6.2,6.5,4.2,3.9,3.8,4.1,8.6,9.3,6.2,3.7,3.4,3.3,3.8,7.9],[11.8,10.6,8.4,7.2,6.3,1.3,6.9,8.5,8.3,8.9,9.4,10.9,12.0,10.4,11.1,10.1,11.4,15.6,14.6,13.4,11.0,10.2,9.6,8.9,12.7],[11.1,10.2,8.5,6.5,5.2,5.4,1.3,5.3,5.2,7.3,8.4,10.7,12.1,9.7,8.8,8.2,7.8,12.9,12.3,11.2,8.7,7.6,6.0,6.0,11.0],[10.5,9.5,8.3,7.6,5.9,6.1,5.3,1.1,4.4,5.7,7.9,10.1,11.1,9.2,8.3,7.1,6.3,11.3,10.6,9.6,8.2,7.3,6.8,6.1,9.2],[7.8,6.3,6.0,5.0,4.5,5.8,4.6,3.1,0.9,2.1,4.0,6.4,7.7,5.8,4.7,4.5,4.5,8.7,8.7,7.2,5.4,4.6,4.8,5.7,8.6],[5.6,4.7,4.0,3.5,3.5,5.5,4.8,3.4,1.6,0.9,1.9,4.8,6.0,4.1,3.8,3.6,4.0,7.9,8.4,6.0,4.1,3.8,3.9,5.0,8.3],[6.1,5.1,4.1,4.0,4.0,6.2,6.0,4.4,3.1,1.9,0.9,4.7,5.6,3.8,3.5,4.4,5.4,9.5,9.5,6.9,4.8,4.6,4.8,6.0,9.3],[9.8,10.3,8.6,8.7,10.1,10.8,11.7,12.1,9.6,7.2,6.3,1.5,7.4,6.2,8.8,10.1,12.6,15.2,14.7,12.9,11.3,11.7,12.2,13.0,14.8],[7.6,8.5,9.4,10.2,11.6,11.6,13.8,12.1,11.0,9.7,6.4,6.6,1.3,5.3,8.3,10.7,12.9,14.5,14.6,11.1,10.9,11.6,12.3,13.4,15.7],[5.8,5.7,5.8,6.2,7.0,8.0,9.4,7.6,6.9,6.0,5.0,5.6,4.5,1.1,3.0,5.5,6.8,9.7,10.2,8.0,6.6,6.7,7.0,8.7,11.9],[5.7,4.8,4.6,5.0,5.2,7.2,7.1,5.4,4.7,4.9,4.5,6.0,4.7,3.1,0.9,2.0,4.0,8.4,9.1,6.3,4.9,4.9,5.6,6.5,10.1],[5.8,4.7,4.3,4.3,4.7,6.7,6.1,4.3,4.0,3.9,4.4,6.7,6.8,3.5,1.9,0.9,2.0,6.8,8.0,5.7,3.9,3.8,4.2,5.6,8.8],[6.5,5.0,4.6,4.5,4.7,7.0,6.2,4.2,3.8,4.2,4.9,7.6,7.3,4.3,2.6,1.7,0.9,6.5,7.5,6.0,3.8,3.6,4.2,5.3,8.8],[15.2,15.0,15.9,15.5,16.6,17.9,16.9,13.1,15.6,14.8,16.2,17.0,17.1,15.5,12.9,11.0,11.1,1.6,11.9,11.0,10.7,12.5,13.3,15.7,18.0],[14.4,14.7,15.3,16.0,17.0,17.4,17.4,12.4,15.2,15.3,15.5,16.7,17.6,14.7,11.5,10.4,11.5,8.3,1.6,10.2,10.6,12.9,14.0,16.6,19.4],[10.1,10.7,12.0,11.9,12.1,12.8,13.3,10.3,11.8,12.0,12.1,12.6,12.6,10.8,7.5,7.6,9.3,8.7,7.6,1.3,7.8,7.8,11.0,11.8,14.7],[5.6,4.2,4.4,4.2,5.3,7.3,6.6,5.8,4.6,5.1,5.3,7.1,7.0,5.3,4.4,4.0,4.6,7.7,6.3,3.8,0.9,1.6,4.0,5.6,9.1],[5.3,3.7,3.3,2.8,3.6,6.1,5.6,4.7,3.8,3.6,4.3,6.6,7.0,4.7,3.7,3.4,3.4,7.5,8.0,4.3,1.8,0.9,1.7,3.2,6.7],[6.1,4.5,4.2,3.8,3.9,6.3,6.1,5.2,4.2,4.3,4.8,7.8,7.7,5.5,4.8,4.0,4.0,8.1,8.9,5.9,2.8,1.7,0.9,2.7,7.1],[9.3,7.7,7.7,6.1,5.9,8.6,6.9,7.8,6.5,7.5,7.7,10.8,10.8,8.3,7.8,6.9,6.6,11.8,11.6,9.6,6.7,4.7,4.3,1.2,6.4],[16.8,15.7,14.3,11.5,10.3,12.8,9.9,11.2,12.4,13.8,14.8,16.1,16.8,16.1,14.7,13.1,12.1,17.3,17.6,16.2,14.3,11.5,10.8,8.2,2.4]],
  "token_chain_ids": ["A","A","A","A","A","A","A","A","A","A","A","A","A","A","A","A","A","A","A","A","A","A","A","A","A"],
  "token_res_ids": [1,2,3,4,5,6,7,8,9,10,11,12,13,14,15,16,17,18,19,20,21,22,23,24,25]
}