{
  "atom_chain_ids": ["A","A","A","A","A","A","A","A","A","A","A","A","A","A","A","A","A","A","A","A","A","A","A","A","A","A","A","A","A","A","A","A","A","A","A","A","A","A","A","A","A","A","A","A","A","A","A","A","A","A","A","A","A","A","A","A","A","A","A","A","A","A","A","A","A","A","A","A","A","A","A","A","A","A","A","A","A","A","A","A","A","A","A","A","A","A","A","A","A","A","A","A","A","A","A","A","A","A","A","A","A","A","A","A","A","A","A","A","A","A","A","A","A","A","A","A","A","A","A","A","A","A","A","A","A","A","A","A","A","A","A","A","A","A","A","A","A","A","A","A","A","A","A","A","A","A","A","A","A","A","A","A","A","A","A","A","A","A","A","A","A","A","A","A","A","A","A","A","A","A","A","A","A","A","A","A","A","A","A","A","A","A","A","A","A","A","A","A","A","A","A","A","A","A","A","A","A","A","A","A","A","A","A","A","A","A","A","A","A","A","A","A","A","A","A","A","A","A","A","A","A","A","A","A","A","A","A","A","A","A","A","A","A","A","A","A","A","A","A","A","A","A","A","A","A","A","A","A","A","A","A","A","A","A","A","A","A","A","A","A","A","A","A","A","A","A","A","A","A","A","A","A","A","A","A","A","A","A","A","A","A","A","A","A","A","A","A","A","A","A","A","A","A","A","A","A","A","A","A","A","A","A","A","A","A","A","A","A","A","A","A","A","A","A","A","A","A","A","A","A","A","A","A","A","A","A","A","A","A","A","A","A","A","A","A","A","A","A","A","A","A","A","A","A","A","A","A","A","A","A","A","A","A","A","A","A","A","A","A","A","A","A","A","A","A","A","A","A","A","A","A","A","A","A","A","A","A","A","A","A","A","A","A","A","A","A","A","A","A","A","A","A","A","A","A","A","A","A","A","A","A","A","A","A","A","A","A","A","A","A","A","A","A","A","A","A","A","A","A","A","A","A","A","A","A","A","A","A","A","A","A","A","A","A","A","A","A","A","A","A","A","A","A","A","A","A","A","A","A","A","A","A","A","A","A","A","A","A","A","A","A","A","A","A","A","A","A","A","A","A","A","A","A","A","A","A","A","A","A","A","A","A","A","A","A","A","A","A","A","A","A","A","A","A","A","A","A","A","A","A","A","A","A","A","A","A","A","A","A","A","A","A","A","A","A","A","A","A","A","A","A","A","A","A","A","A","A","A","A"],
  "atom_plddts": [48.29,48.69,43.06,41.44,49.4,50.34,50.93,51.3,54.04,54.29,52.68,51.6,51.81,49.94,47.67,46.39,46.04,45.07,43.54,45.3,47.75,63.55,58.26,57.06,62.82,64.69,66.29,67.73,67.63,66.43,67.34,64.83,66.59,66.22,64.16,63.84,64.82,63.37,61.14,62.19,63.31,63.88,67.13,63.51,63.69,67.79,69.69,71.16,72.39,72.09,71.14,72.64,72.74,72.84,73.37,72.37,72.8,73.57,73.28,72.59,72.72,72.92,72.89,73.92,71.17,68.84,68.85,71.48,72.23,73.55,73.97,73.68,72.76,74.18,74.39,74.59,75.12,74.3,74.73,75.45,75.17,74.77,74.72,74.76,74.68,75.52,71.78,69.81,68.9,70.9,70.95,71.82,72.72,72.34,71.3,72.15,71.3,72.6,72.95,72.2,72.32,73.4,73.22,72.45,72.34,72.38,71.73,73.16,59.28,57.21,56.25,58.78,57.18,56.97,54.46,55.97,55.19,53.67,51.19,53.32,50.63,48.42,47.3,46.11,45.19,43.52,45.74,48.6,54.84,49.31,48.46,55.53,55.62,56.68,56.39,58.42,57.55,56.6,55.07,56.7,54.64,51.63,50.66,50.1,48.96,47.15,49.22,51.95,61.69,56.96,55.51,60.65,60.54,61.88,62.46,62.91,61.61,62.43,58.07,60.84,59.19,56.64,55.91,56.24,54.22,51.93,53.13,54.81,54.99,66.28,62.47,62.47,66.16,67.69,68.77,70.49,70.14,69.16,70.31,70.09,70.43,70.92,70.31,70.64,71.61,71.54,70.72,70.61,70.66,70.49,71.68,70.31,67.45,67.44,70.75,72.17,73.52,74.04,73.8,72.84,74.33,74.53,74.55,75.05,74.09,74.54,75.25,75.08,74.63,74.59,74.61,74.6,75.46,70.75,68.78,68.22,69.76,69.59,70.54,71.54,71.12,69.94,70.76,69.21,70.75,71.06,70.8,70.85,71.87,71.61,70.75,70.74,70.73,69.87,71.52,62.42,59.59,59.04,62.14,60.21,60.56,59.23,60.28,59.47,57.4,55.41,57.76,55.45,53.74,52.49,51.99,51.06,49.08,51.22,53.78,54.14,49.74,48.8,54.47,54.19,54.37,53.42,55.7,54.76,53.24,51.36,53.19,51.15,48.63,47.53,46.94,45.82,43.99,46.08,48.72,64.0,59.91,58.12,62.96,63.19,64.29,65.17,65.23,63.91,64.38,60.88,63.29,62.19,59.77,59.2,60.0,58.14,55.77,56.83,58.13,58.33,68.93,65.35,65.14,69.0,70.06,71.82,72.84,72.6,71.54,72.8,72.19,72.97,73.44,72.68,73.01,73.94,73.75,72.97,72.97,73.03,72.78,74.09,70.68,68.42,68.19,70.64,71.42,72.93,73.38,73.05,72.02,73.22,73.04,73.47,74.01,73.38,73.79,74.59,74.46,73.98,73.78,73.76,73.56,74.53,70.41,68.92,67.87,68.94,68.71,69.17,70.29,69.74,68.66,69.26,67.34,69.0,69.18,69.04,68.91,70.29,70.35,69.38,68.94,68.87,67.9,69.59,55.69,54.14,53.61,55.34,54.07,53.71,50.55,52.85,51.66,50.08,47.03,48.42,45.15,41.94,40.38,39.13,38.15,36.77,39.16,42.04,50.28,46.52,45.65,50.72,50.73,51.06,49.35,52.69,51.66,50.48,48.29,49.05,46.2,42.39,40.84,39.8,38.55,37.22,39.73,42.67,56.13,50.7,49.73,55.77,56.13,57.03,56.08,57.76,56.71,56.86,52.51,54.93,52.43,49.24,48.15,47.63,45.21,43.22,44.75,46.85,47.49,67.13,63.53,63.53,67.35,68.93,70.45,71.67,71.28,70.27,71.32,71.0,71.5,72.01,71.35,71.64,72.56,72.52,71.71,71.67,71.76,71.46,72.67,70.87,68.72,68.65,71.21,71.89,73.23,73.64,73.18,72.31,73.53,73.69,73.92,74.47,73.85,74.25,74.97,74.81,74.4,74.33,74.34,74.18,74.92,71.26,69.54,68.82,70.51,70.27,71.38,72.11,71.82,70.73,71.53,70.67,71.75,72.08,71.8,71.95,72.79,72.66,72.03,71.96,71.86,71.23,72.46,65.68,62.87,62.14,64.75,63.25,63.7,63.29,63.1,62.42,60.38,58.27,61.16,59.47,58.18,56.78,56.93,56.01,53.99,55.69,57.59,51.93,47.4,46.68,51.96,52.8,52.93,52.46,54.69,53.64,52.73,51.13,52.64,50.74,48.43,47.5,46.84,45.7,44.25,46.07,48.76],
  "contact_probs": [[1.0,0.89,0.27,0.01,0.0,0.0,0.01,0.01,0.01,0.01,0.05,0.12,0.28,0.53,0.24,0.04,0.01,0.03,0.09,0.2,0.42,0.06,0.01,0.01,0.01],[0.89,1.0,0.93,0.19,0.01,0.01,0.01,0.01,0.02,0.04,0.17,0.2,0.37,0.44,0.18,0.04,0.01,0.02,0.08,0.19,0.56,0.3,0.03,0.01,0.01],[0.27,0.93,1.0,1.0,0.23,0.02,0.02,0.03,0.13,0.25,0.38,0.19,0.22,0.17,0.03,0.03,0.01,0.01,0.02,0.09,0.28,0.72,0.3,0.05,0.02],[0.01,0.19,1.0,1.0,1.0,0.18,0.16,0.17,0.39,0.38,0.54,0.11,0.06,0.04,0.03,0.02,0.02,0.01,0.01,0.04,0.09,0.25,0.68,0.33,0.07],[0.0,0.01,0.23,1.0,1.0,0.49,0.42,0.51,0.64,0.69,0.25,0.04,0.01,0.01,0.01,0.03,0.03,0.02,0.02,0.04,0.04,0.11,0.19,0.47,0.2],[0.0,0.01,0.02,0.18,0.49,1.0,0.51,0.25,0.13,0.05,0.02,0.01,0.01,0.0,0.0,0.01,0.04,0.03,0.03,0.04,0.01,0.02,0.11,0.22,0.17],[0.01,0.01,0.02,0.16,0.42,0.51,1.0,0.58,0.24,0.08,0.02,0.01,0.01,0.01,0.01,0.02,0.11,0.07,0.09,0.12,0.03,0.03,0.15,0.26,0.24],[0.01,0.01,0.03,0.17,0.51,0.25,0.58,1.0,0.78,0.2,0.03,0.01,0.01,0.01,0.04,0.21,0.39,0.15,0.19,0.23,0.06,0.07,0.18,0.23,0.19],[0.01,0.02,0.13,0.39,0.64,0.13,0.24,0.78,1.0,0.99,0.21,0.02,0.03,0.04,0.4,0.52,0.28,0.09,0.11,0.12,0.02,0.04,0.03,0.02,0.02],[0.01,0.04,0.25,0.38,0.69,0.05,0.08,0.2,0.99,1.0,0.99,0.22,0.2,0.34,0.75,0.29,0.08,0.01,0.01,0.03,0.03,0.02,0.06,0.02,0.02],[0.05,0.17,0.38,0.54,0.25,0.02,0.02,0.03,0.21,0.99,1.0,0.66,0.47,0.6,0.51,0.13,0.04,0.01,0.01,0.01,0.02,0.04,0.03,0.04,0.03],[0.12,0.2,0.19,0.11,0.04,0.01,0.01,0.01,0.02,0.22,0.66,1.0,0.5,0.31,0.1,0.01,0.01,0.0,0.01,0.01,0.01,0.01,0.02,0.05,0.04],[0.28,0.37,0.22,0.06,0.01,0.01,0.01,0.01,0.03,0.2,0.47,0.5,1.0,0.71,0.23,0.02,0.01,0.01,0.01,0.02,0.03,0.02,0.02,0.03,0.04],[0.53,0.44,0.17,0.04,0.01,0.0,0.01,0.01,0.04,0.34,0.6,0.31,0.71,1.0,0.9,0.15,0.01,0.01,0.02,0.04,0.12,0.07,0.05,0.03,0.03],[0.24,0.18,0.03,0.03,0.01,0.0,0.01,0.04,0.4,0.75,0.51,0.1,0.23,0.9,1.0,1.0,0.14,0.04,0.07,0.15,0.33,0.18,0.06,0.01,0.01],[0.04,0.04,0.03,0.02,0.03,0.01,0.02,0.21,0.52,0.29,0.13,0.01,0.02,0.15,1.0,1.0,0.99,0.24,0.24,0.43,0.79,0.35,0.15,0.02,0.02],[0.01,0.01,0.01,0.02,0.03,0.04,0.11,0.39,0.28,0.08,0.04,0.01,0.01,0.01,0.14,0.99,1.0,0.48,0.34,0.48,0.66,0.72,0.28,0.1,0.14],[0.03,0.02,0.01,0.01,0.02,0.03,0.07,0.15,0.09,0.01,0.01,0.0,0.01,0.01,0.04,0.24,0.48,1.0,0.48,0.3,0.09,0.03,0.02,0.02,0.04],[0.09,0.08,0.02,0.01,0.02,0.03,0.09,0.19,0.11,0.01,0.01,0.01,0.01,0.02,0.07,0.24,0.34,0.48,1.0,0.62,0.18,0.05,0.02,0.01,0.02],[0.2,0.19,0.09,0.04,0.04,0.04,0.12,0.23,0.12,0.03,0.01,0.01,0.02,0.04,0.15,0.43,0.48,0.3,0.62,1.0,0.67,0.21,0.03,0.01,0.02],[0.42,0.56,0.28,0.09,0.04,0.01,0.03,0.06,0.02,0.03,0.02,0.01,0.03,0.12,0.33,0.79,0.66,0.09,0.18,0.67,1.0,1.0,0.19,0.01,0.01],[0.06,0.3,0.72,0.25,0.11,0.02,0.03,0.07,0.04,0.02,0.04,0.01,0.02,0.07,0.18,0.35,0.72,0.03,0.05,0.21,1.0,1.0,1.0,0.32,0.09],[0.01,0.03,0.3,0.68,0.19,0.11,0.15,0.18,0.03,0.06,0.03,0.02,0.02,0.05,0.06,0.15,0.28,0.02,0.02,0.03,0.19,1.0,1.0,0.93,0.51],[0.01,0.01,0.05,0.33,0.47,0.22,0.26,0.23,0.02,0.02,0.04,0.05,0.03,0.03,0.01,0.02,0.1,0.02,0.01,0.01,0.01,0.32,0.93,1.0,0.73],[0.01,0.01,0.02,0.07,0.2,0.17,0.24,0.19,0.02,0.02,0.03,0.04,0.04,0.03,0.01,0.02,0.14,0.04,0.02,0.02,0.01,0.09,0.51,0.73,1.0]],
  "pae": [[1.5,8.7,8.2,9.9,13.0,12.4,14.7,14.3,13.3,10.5,6.7,6.3,7.9,7.1,10.9,13.4,15.2,17.0,17.1,15.9,10.7,12.0,13.7,14.2,16.6],[5.3,1.2,2.9,4.4,5.6,8.3,8.9,7.5,6.0,5.7,5.5,6.3,7.8,5.7,5.3,5.3,6.6,10.5,11.1,8.3,4.7,5.2,5.8,7.1,8.8],[5.1,2.2,0.9,1.7,3.2,6.2,6.4,5.4,4.5,3.8,3.9,5.9,7.3,4.4,3.7,3.9,4.6,8.9,9.8,6.8,3.9,3.5,3.8,5.1,6.8],[6.0,2.8,1.6,0.9,1.6,5.5,5.5,5.2,4.0,3.2,3.6,6.0,7.2,4.3,3.8,3.5,4.3,8.7,10.0,6.9,3.5,3.1,3.4,4.6,6.4],[6.5,3.8,2.8,1.9,0.9,4.8,4.5,5.3,3.9,3.5,3.8,6.7,7.7,4.9,4.4,4.1,4.6,9.5,10.1,7.5,4.3,3.8,4.0,4.6,6.9],[14.0,12.3,10.2,8.5,8.0,1.4,8.3,11.1,10.2,11.2,10.2,12.3,15.3,13.0,14.0,12.7,14.5,18.5,18.5,16.6,14.6,13.0,12.3,10.4,12.7],[12.8,11.4,9.8,8.0,6.1,6.9,1.3,6.4,6.8,8.3,9.2,11.6,13.4,11.1,10.3,9.5,9.6,15.4,15.1,13.2,11.0,9.8,7.7,6.3,8.5],[11.3,10.1,8.9,8.6,6.2,6.7,6.1,1.2,4.7,6.2,8.5,10.7,11.6,9.5,8.2,7.6,7.6,11.8,11.4,10.5,8.9,8.6,8.0,6.7,8.5],[8.1,5.8,5.7,5.1,4.3,6.8,5.4,3.5,0.9,1.9,3.8,6.3,7.6,5.2,4.3,4.0,4.2,8.6,9.6,7.4,4.9,4.5,4.7,5.8,7.4],[6.2,4.2,3.9,3.5,3.6,6.6,5.4,3.5,1.8,0.9,1.8,4.6,6.0,3.7,3.5,3.2,3.8,8.0,9.2,6.3,3.8,3.6,3.9,5.3,6.9],[6.5,4.5,3.9,4.0,3.9,7.0,6.4,4.4,3.1,1.8,0.9,4.1,5.3,3.3,3.2,3.9,5.1,9.3,9.6,7.0,4.5,4.6,4.7,6.3,8.0],[7.2,8.7,8.5,9.1,10.0,11.2,13.0,11.3,8.3,7.3,4.7,1.3,6.5,5.2,7.8,9.6,11.3,14.6,14.5,13.0,10.1,10.8,11.2,12.4,13.0],[7.9,8.8,10.3,11.1,12.1,13.0,13.5,13.0,10.3,8.7,6.1,4.7,1.3,5.2,7.0,10.4,12.6,15.1,15.0,12.9,10.4,11.9,13.5,13.0,14.5],[6.5,6.1,6.1,6.6,7.6,9.0,9.6,7.7,6.5,5.6,4.3,4.7,4.5,1.0,3.0,5.9,6.9,9.9,10.7,8.2,6.6,6.8,7.2,8.7,10.2],[6.9,4.7,4.4,5.1,5.4,7.7,7.5,5.3,4.6,4.8,4.3,5.7,5.1,3.2,0.9,2.0,3.5,7.4,8.9,6.3,4.7,4.6,5.3,6.4,8.3],[7.6,5.3,4.7,5.0,5.1,7.7,7.1,4.7,4.3,4.4,4.5,6.6,7.3,3.8,2.4,0.9,2.2,6.5,8.1,6.0,4.1,4.1,4.6,6.1,7.4],[8.4,6.3,5.6,5.5,5.3,8.4,7.5,4.6,3.9,4.6,5.1,7.4,7.6,4.8,3.0,1.9,0.9,5.6,7.3,6.4,4.5,4.1,4.9,6.4,8.2],[17.5,16.2,16.9,16.6,17.0,18.2,16.4,13.3,15.3,15.4,16.1,17.4,17.3,15.1,12.1,10.8,10.0,1.4,6.1,7.3,12.2,13.7,14.3,15.7,17.0],[15.6,15.2,15.6,15.6,16.1,16.4,16.5,14.0,16.3,16.0,15.9,16.4,17.1,15.5,12.1,10.6,10.8,4.6,1.3,7.0,11.0,14.1,14.9,15.9,17.5],[11.9,10.4,11.6,12.2,12.6,14.1,14.1,11.5,11.6,10.9,11.2,12.6,12.8,11.7,9.3,8.6,8.6,6.1,4.3,1.3,7.7,8.6,10.6,12.7,13.0],[7.2,4.7,5.3,4.7,5.5,8.4,7.7,6.9,5.2,5.5,6.1,7.3,7.6,6.1,4.5,4.1,4.6,7.1,6.1,4.2,0.9,1.8,4.4,6.2,7.0],[6.6,4.0,3.5,3.2,3.8,7.0,6.3,5.0,4.0,3.8,4.1,6.3,7.3,4.7,3.7,3.1,3.3,7.7,8.3,4.7,1.8,0.9,1.9,3.5,5.6],[7.3,4.7,4.5,4.2,4.2,7.1,7.1,5.6,4.5,4.3,4.7,7.7,8.5,5.6,4.5,3.9,3.9,8.5,9.3,6.1,2.9,1.9,0.9,3.0,5.5],[10.4,8.0,7.9,6.5,6.3,9.4,7.0,7.9,6.9,7.2,7.9,11.1,11.5,9.2,7.6,6.6,6.6,12.3,12.3,10.3,6.2,5.4,4.5,1.2,4.7],[13.7,11.5,10.3,8.8,7.3,11.0,7.6,8.4,8.8,9.2,10.2,13.2,14.5,12.2,10.0,9.0,9.0,14.8,16.1,13.2,10.2,9.3,6.6,4.1,1.9]],
  "token_chain_ids": ["A","A","A","A","A","A","A","A","A","A","A","A","A","A","A","A","A","A","A","A","A","A","A","A","A"],
  "token_res_ids": [1,2,3,4,5,6,7,8,9,10,11,12,13,14,15,16,17,18,19,20,21,22,23,24,25]
}