{
  "atom_chain_ids": ["A","A","A","A","A","A","A","A","A","A","A","A","A","A","A","A","A","A","A","A","A","A","A","A","A","A","A","A","A","A","A","A","A","A","A","A","A","A","A","A","A","A","A","A","A","A","A","A","A","A","A","A","A","A","A","A","A","A","A","A","A","A","A","A","A","A","A","A","A","A","A","A","A","A","A","A","A","A","A","A","A","A","A","A","A","A","A","A","A","A","A","A","A","A","A","A","A","A","A","A","A","A","A","A","A","A","A","A","A","A","A","A","A","A","A","A","A","A","A","A","A","A","A","A","A","A","A","A","A","A","A","A","A","A","A","A","A","A","A","A","A","A","A","A","A","A","A","A","A","A","A","A","A","A","A","A","A","A","A","A","A","A","A","A","A","A","A","A","A","A","A","A","A","A","A","A","A","A","A","A","A","A","A","A","A","A","A","A","A","A","A","A","A","A","A","A","A","A","A","A","A","A","A","A","A","A","A","A","A","A","A","A","A","A","A","A","A","A","A","A","A","A","A","A","A","A","A","A","A","A","A","A","A","A","A","A","A","A","A","A","A","A","A","A","A","A","A","A","A","A","A","A","A","A","A","A","A","A","A","A","A","A","A","A","A","A","A","A","A","A","A","A","A","A","A","A","A","A","A","A","A","A","A","A","A","A","A","A","A","A","A","A","A","A","A","A","A"],
  "atom_plddts": [58.74,59.81,54.1,54.49,58.86,61.54,64.11,65.74,65.67,64.3,65.47,64.19,64.69,64.39,64.52,64.49,65.45,65.09,63.58,63.79,64.2,64.29,66.92,55.86,54.17,54.59,56.19,55.91,56.89,55.0,56.91,55.15,53.36,51.98,52.0,49.96,47.01,45.58,44.78,43.72,42.08,44.25,46.76,59.98,54.96,54.99,59.78,61.49,62.88,64.92,64.56,62.99,64.32,63.6,63.7,63.69,63.39,63.52,64.5,64.11,62.81,63.11,63.6,62.88,65.16,65.35,62.27,62.7,65.44,64.74,65.4,65.89,65.62,64.0,62.56,62.2,63.29,62.1,61.09,60.05,60.77,60.12,58.41,59.3,60.86,61.26,57.13,57.3,61.51,63.92,65.35,67.42,66.44,65.32,66.66,66.6,66.29,66.72,66.5,66.92,67.71,67.44,66.59,66.64,66.8,66.74,68.03,65.15,62.79,63.74,65.85,64.73,66.72,64.78,66.02,65.2,62.47,61.17,62.29,59.8,57.73,56.46,55.9,54.72,53.01,54.91,57.6,64.03,58.88,59.44,64.44,65.3,67.05,68.42,67.66,66.41,67.63,67.19,67.67,67.91,67.91,68.16,69.07,68.66,67.72,67.89,68.12,67.83,69.33,66.78,63.83,64.3,67.21,68.59,70.01,70.92,70.11,68.54,70.2,69.92,70.24,70.6,70.32,70.57,71.47,71.3,70.83,70.62,70.62,70.35,71.43,68.13,66.44,66.58,67.89,68.37,69.21,69.98,69.05,67.58,68.76,68.01,68.62,68.77,68.94,69.01,70.07,69.93,69.1,68.95,68.97,67.93,69.63,61.74,59.83,60.44,62.17,61.83,63.13,61.78,63.13,61.38,59.51,58.27,59.08,56.63,53.81,52.37,52.06,51.14,49.47,51.13,53.49,60.42,56.63,57.16,60.47,62.16,63.15,65.28,64.37,63.04,64.56,64.54,64.09,64.48,64.72,65.18,65.86,65.65,64.79,64.77,65.05,64.81,66.03,63.85,61.46,62.16,64.16,63.21,63.82,62.9,63.36,61.49,59.82,59.27,60.26,58.63,57.7,56.54,56.64,55.97,54.17,55.58,57.4,60.6,56.43,56.22,60.46,62.75,64.22,65.99,65.68,63.88,65.49,65.02,64.72,65.08,65.04,65.3,66.33,66.12,65.25,65.19,65.28,65.17,66.86,64.76,62.45,62.45,64.35,63.75,64.44,63.22,63.92,62.54,60.25,59.28,60.88,58.94,57.57,56.22,56.18,55.24,53.33,54.98,57.26],
  "contact_probs": [[1.0,0.55,0.94,0.53,0.28,0.02,0.05,0.03,0.03,0.03,0.4,0.29,0.54,0.54],[0.55,1.0,0.74,0.07,0.09,0.08,0.16,0.06,0.03,0.08,0.29,0.22,0.15,0.22],[0.94,0.74,1.0,0.42,0.91,0.23,0.22,0.1,0.06,0.04,0.12,0.12,0.13,0.18],[0.53,0.07,0.42,1.0,0.79,0.06,0.07,0.11,0.27,0.11,0.07,0.07,0.16,0.23],[0.28,0.09,0.91,0.79,1.0,0.31,0.88,0.55,0.28,0.07,0.03,0.02,0.04,0.04],[0.02,0.08,0.23,0.06,0.31,1.0,0.47,0.1,0.03,0.03,0.04,0.03,0.02,0.03],[0.05,0.16,0.22,0.07,0.88,0.47,1.0,0.98,0.35,0.28,0.13,0.04,0.04,0.02],[0.03,0.06,0.1,0.11,0.55,0.1,0.98,1.0,0.98,0.62,0.44,0.08,0.1,0.03],[0.03,0.03,0.06,0.27,0.28,0.03,0.35,0.98,1.0,0.71,0.72,0.15,0.27,0.12],[0.03,0.08,0.04,0.11,0.07,0.03,0.28,0.62,0.71,1.0,0.62,0.19,0.12,0.07],[0.4,0.29,0.12,0.07,0.03,0.04,0.13,0.44,0.72,0.62,1.0,0.63,0.91,0.28],[0.29,0.22,0.12,0.07,0.02,0.03,0.04,0.08,0.15,0.19,0.63,1.0,0.6,0.18],[0.54,0.15,0.13,0.16,0.04,0.02,0.04,0.1,0.27,0.12,0.91,0.6,1.0,0.77],[0.54,0.22,0.18,0.23,0.04,0.03,0.02,0.03,0.12,0.07,0.28,0.18,0.77,1.0]],
  "pae": [[1.1,5.6,6.9,8.3,5.6,12.2,10.7,11.4,10.1,11.9,10.4,9.6,7.9,10.2],[7.6,1.9,10.1,9.2,12.3,15.2,15.1,16.2,14.7,17.3,15.4,13.2,14.1,13.8],[5.3,6.5,1.2,4.2,4.4,8.8,6.4,8.8,8.0,11.6,8.9,10.3,8.0,10.2],[7.3,9.1,5.7,1.6,4.2,7.8,8.0,11.7,9.9,13.9,11.9,11.7,10.3,10.8],[7.2,10.8,5.7,4.2,1.1,5.7,5.6,6.6,7.3,12.2,8.0,9.9,9.1,9.6],[13.2,15.1,11.5,9.4,7.4,1.7,6.9,7.8,10.7,14.6,14.0,13.2,12.7,14.1],[7.9,11.7,7.0,6.8,3.9,5.6,1.0,2.7,4.7,8.8,7.1,9.6,8.2,9.7],[7.2,10.8,6.5,7.5,4.6,6.1,2.7,1.0,2.5,7.8,5.4,8.4,7.1,8.9],[8.1,11.1,7.7,8.4,5.6,9.6,4.8,3.9,1.1,7.3,5.5,8.4,7.8,10.0],[15.8,18.1,15.8,15.2,14.4,15.4,13.4,11.2,9.3,1.8,9.7,10.5,13.6,13.6],[10.0,13.1,9.9,10.2,8.2,11.5,8.2,8.7,6.2,6.3,1.3,6.1,6.9,9.2],[11.0,15.2,13.2,12.3,12.3,15.7,12.4,11.7,8.8,10.4,7.2,1.7,7.7,8.8],[6.1,12.2,8.1,8.3,7.6,12.1,9.8,9.6,8.0,12.6,8.3,5.9,1.4,4.5],[8.7,13.3,10.9,10.3,10.4,14.6,11.4,11.0,10.7,13.2,10.6,6.8,7.1,2.3]],
  "token_chain_ids": ["A","A","A","A","A","A","A","A","A","A","A","A","A","A"],
  "token_res_ids": [1,2,3,4,5,6,7,8,9,10,11,12,13,14]
}