{
  "atom_chain_ids": ["A","A","A","A","A","A","A","A","A","A","A","A","A","A","A","A","A","A","A","A","A","A","A","A","A","A","A","A","A","A","A","A","A","A","A","A","A","A","A","A","A","A","A","A","A","A","A","A","A","A","A","A","A","A","A","A","A","A","A","A","A","A","A","A","A","A","A","A","A","A","A","A","A","A","A","A","A","A","A","A","A","A","A","A","A","A","A","A","A","A","A","A","A","A","A","A","A","A","A","A","A","A","A","A","A","A","A","A","A","A","A","A","A","A","A","A","A","A","A","A","A","A","A","A","A","A","A","A","A","A","A","A","A","A","A","A","A","A","A","A","A","A","A","A","A","A","A","A","A","A","A","A","A","A","A","A","A","A","A","A","A","A","A","A","A","A","A","A","A","A","A","A","A","A","A","A","A","A","A","A","A","A","A","A","A","A","A","A","A","A","A","A","A","A","A","A","A","A","A","A","A","A","A","A","A","A","A","A","A","A","A","A","A","A","A","A","A","A","A","A","A","A","A","A","A","A","A","A","A","A","A","A","A","A","A","A","A","A","A","A","A","A","A","A","A","A","A","A","A","A","A","A","A","A","A","A","A","A","A","A","A","A","A","A","A","A","A","A","A","A","A","A","A","A","A","A","A","A","A","A","A","A","A","A","A","A","A","A","A","A","A","A","A","A","A","A","A"],
  "atom_plddts": [58.18,59.31,53.04,53.47,58.51,61.16,63.83,65.87,65.93,64.54,65.63,64.58,64.93,64.59,64.63,64.7,65.77,65.31,63.77,63.91,64.27,64.62,67.49,55.33,53.51,54.07,55.85,55.62,56.51,55.4,57.0,55.29,53.78,52.94,53.2,51.62,49.03,47.96,47.37,46.51,44.9,46.65,48.85,57.44,53.42,53.57,57.17,59.23,60.4,62.4,62.25,60.63,61.59,60.98,60.74,60.63,60.25,60.44,61.23,60.81,59.66,59.79,60.33,59.49,61.72,62.79,59.9,60.32,62.91,62.58,63.19,63.48,63.63,61.81,60.4,60.18,60.84,59.64,58.64,57.74,58.1,57.49,55.89,56.89,58.6,60.81,57.48,57.23,60.62,62.66,64.09,66.13,65.71,64.37,65.56,65.35,64.94,65.22,65.13,65.66,66.26,65.91,65.12,65.16,65.35,65.07,66.51,62.03,59.14,60.07,63.23,62.39,64.39,62.42,64.13,63.22,60.63,59.59,60.44,58.02,55.77,54.69,54.08,53.04,51.32,53.18,55.92,63.0,58.25,58.75,63.41,64.34,66.08,67.62,67.11,65.77,66.85,66.41,66.67,66.74,66.51,66.82,67.62,67.13,66.18,66.31,66.61,66.25,67.99,65.79,63.35,63.54,66.01,67.52,69.01,69.98,69.26,67.45,69.02,68.59,68.6,68.86,68.62,68.84,69.66,69.39,68.89,68.7,68.71,68.23,69.61,67.88,66.52,66.62,67.65,68.58,69.51,70.05,69.23,67.57,68.78,68.11,68.47,68.51,68.68,68.87,69.76,69.54,68.8,68.65,68.67,67.53,69.35,64.98,62.34,62.96,65.28,64.81,66.07,65.35,65.95,64.29,62.75,61.75,63.44,61.75,59.85,58.76,59.1,58.41,56.66,57.72,59.55,59.72,56.45,56.88,59.66,61.15,62.12,64.32,63.65,62.23,63.48,63.21,62.78,63.04,63.2,63.65,64.27,63.98,63.12,63.05,63.34,62.9,64.37,61.31,59.23,59.87,61.61,60.76,61.31,60.39,61.21,59.31,57.7,57.28,57.88,56.33,55.36,54.36,54.23,53.64,51.98,53.38,55.18,56.38,52.49,52.59,55.97,58.46,60.06,62.06,62.12,60.17,61.4,61.01,60.21,60.63,60.69,60.96,61.78,61.51,60.74,60.59,60.75,60.59,62.22,60.83,58.67,58.75,60.49,60.19,60.77,59.98,60.63,59.44,57.55,56.67,57.89,56.23,55.05,53.88,53.65,52.81,50.98,52.64,54.86],
  "contact_probs": [[1.0,0.55,0.94,0.53,0.28,0.02,0.05,0.03,0.03,0.03,0.4,0.29,0.54,0.54],[0.55,1.0,0.74,0.07,0.09,0.08,0.16,0.06,0.03,0.08,0.29,0.22,0.15,0.22],[0.94,0.74,1.0,0.42,0.91,0.23,0.22,0.1,0.06,0.04,0.12,0.12,0.13,0.18],[0.53,0.07,0.42,1.0,0.79,0.06,0.07,0.11,0.27,0.11,0.07,0.07,0.16,0.23],[0.28,0.09,0.91,0.79,1.0,0.31,0.88,0.55,0.28,0.07,0.03,0.02,0.04,0.04],[0.02,0.08,0.23,0.06,0.31,1.0,0.47,0.1,0.03,0.03,0.04,0.03,0.02,0.03],[0.05,0.16,0.22,0.07,0.88,0.47,1.0,0.98,0.35,0.28,0.13,0.04,0.04,0.02],[0.03,0.06,0.1,0.11,0.55,0.1,0.98,1.0,0.98,0.62,0.44,0.08,0.1,0.03],[0.03,0.03,0.06,0.27,0.28,0.03,0.35,0.98,1.0,0.71,0.72,0.15,0.27,0.12],[0.03,0.08,0.04,0.11,0.07,0.03,0.28,0.62,0.71,1.0,0.62,0.19,0.12,0.07],[0.4,0.29,0.12,0.07,0.03,0.04,0.13,0.44,0.72,0.62,1.0,0.63,0.91,0.28],[0.29,0.22,0.12,0.07,0.02,0.03,0.04,0.08,0.15,0.19,0.63,1.0,0.6,0.18],[0.54,0.15,0.13,0.16,0.04,0.02,0.04,0.1,0.27,0.12,0.91,0.6,1.0,0.77],[0.54,0.22,0.18,0.23,0.04,0.03,0.02,0.03,0.12,0.07,0.28,0.18,0.77,1.0]],
  "pae": [[1.1,3.5,4.7,6.5,5.0,12.0,10.0,10.7,10.0,11.2,7.5,9.2,8.3,10.4],[5.6,2.0,5.4,8.1,10.2,13.7,13.5,14.8,14.9,16.1,14.8,13.5,13.5,12.6],[4.0,5.0,1.1,4.0,4.1,9.6,6.9,7.6,8.0,10.6,8.2,9.7,7.9,9.8],[5.9,7.6,5.8,1.7,4.4,8.1,7.9,10.0,9.3,12.3,11.6,11.7,11.5,11.8],[6.0,7.5,4.8,3.8,1.1,5.3,5.1,5.8,6.1,9.8,7.5,9.6,8.8,9.7],[14.3,14.1,11.9,8.3,8.6,1.8,7.0,9.1,13.2,13.2,14.9,13.7,15.1,15.2],[7.4,10.5,5.8,6.6,4.6,6.0,1.0,2.3,4.3,8.0,7.1,9.4,8.4,10.1],[7.2,9.4,6.6,7.0,5.1,6.0,2.4,1.0,2.7,6.8,5.8,8.2,7.1,9.4],[7.9,10.0,7.1,8.9,6.4,10.5,4.6,3.1,1.1,5.9,4.9,8.0,6.5,9.5],[13.6,15.8,14.4,13.3,12.0,15.2,10.4,7.2,6.7,1.7,6.8,9.7,8.5,12.6],[8.8,11.5,9.6,9.9,7.8,11.7,7.9,8.4,5.8,4.7,1.2,6.0,5.3,9.4],[10.9,13.8,13.0,11.1,13.0,15.0,12.6,11.2,9.7,8.8,6.3,1.7,5.9,9.4],[8.2,9.4,8.6,9.4,8.2,12.6,9.1,10.1,8.1,8.4,5.7,5.1,1.3,5.5],[10.4,11.4,11.1,11.8,11.0,15.7,11.1,11.4,10.2,12.4,9.2,8.2,6.6,2.5]],
  "token_chain_ids": ["A","A","A","A","A","A","A","A","A","A","A","A","A","A"],
  "token_res_ids": [1,2,3,4,5,6,7,8,9,10,11,12,13,14]
}