{
  "atom_chain_ids": ["A","A","A","A","A","A","A","A","A","A","A","A","A","A","A","A","A","A","A","A","A","A","A","A","A","A","A","A","A","A","A","A","A","A","A","A","A","A","A","A","A","A","A","A","A","A","A","A","A","A","A","A","A","A","A","A","A","A","A","A","A","A","A","A","A","A","A","A","A","A","A","A","A","A","A","A","A","A","A","A","A","A","A","A","A","A","A","A","A","A","A","A","A","A","A","A","A","A","A","A","A","A","A","A","A","A","A","A","A","A","A","A","A","A","A","A","A","A","A","A","A","A","A","A","A","A","A","A","A","A","A","A","A","A","A","A","A","A","A","A","A","A","A","A","A","A","A","A","A","A","A","A","A","A","A","A","A","A","A","A","A","A","A","A","A","A","A","A","A","A","A","A","A","A","A","A","A","A","A","A","A","A","A","A","A","A","A","A","A","A","A","A","A","A","A","A","A","A","A","A","A","A","A","A","A","A","A","A","A","A","A","A","A","A","A","A","A","A","A","A","A","A","A","A","A","A","A","A","A","A","A","A","A","A","A","A","A","A","A","A","A","A","A","A","A","A","A","A","A","A","A","A","A","A","A","A","A","A","A","A","A","A","A","A","A","A","A","A","A","A","A","A","A","A","A","A","A","A","A","A","A","A","A","A","A","A","A","A","A","A","A","A","A","A","A","A","A"],
  "atom_plddts": [54.89,56.02,49.93,50.23,55.37,57.29,59.7,61.47,61.77,60.57,61.13,60.31,60.55,60.09,60.49,60.44,61.41,61.02,59.54,59.64,60.11,60.31,62.9,55.69,53.69,54.09,56.19,55.53,56.25,55.02,56.91,55.26,53.59,52.81,53.15,51.46,49.12,48.18,47.56,46.72,45.07,46.74,48.96,53.44,49.62,50.08,53.2,55.18,56.27,57.85,57.95,56.45,56.78,56.41,56.23,56.12,56.1,56.32,56.92,56.52,55.51,55.56,56.18,55.35,57.13,56.26,53.29,53.52,56.37,56.22,56.49,56.58,57.41,55.57,54.16,53.92,54.05,52.87,51.97,51.31,51.21,50.59,49.09,50.2,52.01,56.35,52.24,52.53,56.48,58.32,59.4,61.46,61.33,60.22,60.97,61.09,60.54,60.88,61.23,61.91,62.44,62.18,61.35,61.35,61.56,61.38,62.53,61.94,59.78,60.63,62.29,60.96,62.5,61.47,62.1,61.35,58.95,58.0,59.37,57.78,56.88,56.18,55.85,55.06,53.53,54.8,56.9,60.73,56.33,57.01,61.09,62.6,64.08,65.54,64.72,63.45,64.46,64.47,64.3,64.45,64.53,64.88,65.48,65.06,64.21,64.36,64.73,64.41,65.77,63.45,61.15,61.17,63.5,65.23,66.15,67.33,65.97,64.38,65.89,65.65,65.32,65.65,65.91,66.1,66.79,66.61,66.17,65.94,66.04,65.69,66.61,63.41,62.11,62.16,62.86,64.35,64.97,65.68,64.46,63.03,64.12,63.65,63.49,63.61,64.35,64.5,65.24,65.13,64.4,64.24,64.41,63.4,64.72,60.37,58.41,58.8,60.54,59.87,60.47,59.35,60.46,58.97,57.15,56.12,57.3,55.43,53.74,52.75,52.62,51.93,50.18,51.46,53.44,54.38,50.54,51.57,54.39,56.45,57.33,59.41,58.5,57.3,57.99,58.47,57.71,58.17,58.72,59.35,59.75,59.51,58.83,58.69,59.07,58.9,59.76,58.41,56.42,57.03,58.68,57.86,58.11,56.93,58.34,56.49,55.04,54.56,54.97,53.36,52.44,51.58,51.22,50.63,49.04,50.47,52.36,52.74,48.96,49.4,52.51,54.74,56.09,57.47,57.78,55.91,56.67,56.56,55.89,56.33,56.8,57.22,57.9,57.67,57.01,56.78,56.99,56.86,58.09,57.36,55.46,55.19,56.8,56.27,56.62,55.19,57.29,56.06,54.15,53.42,54.19,52.2,51.0,49.94,49.26,48.35,46.72,48.53,51.11],
  "contact_probs": [[1.0,0.55,0.94,0.53,0.28,0.02,0.05,0.03,0.03,0.03,0.4,0.29,0.54,0.54],[0.55,1.0,0.74,0.07,0.09,0.08,0.16,0.06,0.03,0.08,0.29,0.22,0.15,0.22],[0.94,0.74,1.0,0.42,0.91,0.23,0.22,0.1,0.06,0.04,0.12,0.12,0.13,0.18],[0.53,0.07,0.42,1.0,0.79,0.06,0.07,0.11,0.27,0.11,0.07,0.07,0.16,0.23],[0.28,0.09,0.91,0.79,1.0,0.31,0.88,0.55,0.28,0.07,0.03,0.02,0.04,0.04],[0.02,0.08,0.23,0.06,0.31,1.0,0.47,0.1,0.03,0.03,0.04,0.03,0.02,0.03],[0.05,0.16,0.22,0.07,0.88,0.47,1.0,0.98,0.35,0.28,0.13,0.04,0.04,0.02],[0.03,0.06,0.1,0.11,0.55,0.1,0.98,1.0,0.98,0.62,0.44,0.08,0.1,0.03],[0.03,0.03,0.06,0.27,0.28,0.03,0.35,0.98,1.0,0.71,0.72,0.15,0.27,0.12],[0.03,0.08,0.04,0.11,0.07,0.03,0.28,0.62,0.71,1.0,0.62,0.19,0.12,0.07],[0.4,0.29,0.12,0.07,0.03,0.04,0.13,0.44,0.72,0.62,1.0,0.63,0.91,0.28],[0.29,0.22,0.12,0.07,0.02,0.03,0.04,0.08,0.15,0.19,0.63,1.0,0.6,0.18],[0.54,0.15,0.13,0.16,0.04,0.02,0.04,0.1,0.27,0.12,0.91,0.6,1.0,0.77],[0.54,0.22,0.18,0.23,0.04,0.03,0.02,0.03,0.12,0.07,0.28,0.18,0.77,1.0]],
  "pae": [[1.1,4.4,5.2,10.9,6.9,12.7,11.2,12.3,11.7,12.7,9.3,11.7,8.9,12.4],[4.9,2.0,4.9,9.9,9.8,12.7,12.7,13.3,14.0,16.3,13.2,14.6,13.0,14.5],[5.5,5.0,1.2,6.9,4.5,10.5,8.0,9.1,9.8,12.1,10.1,13.0,10.0,11.8],[10.0,7.8,6.7,1.8,5.9,8.5,9.8,12.9,13.3,16.2,13.8,15.5,14.2,15.8],[10.1,8.6,5.7,6.4,1.2,5.9,7.0,8.5,8.7,13.3,9.5,12.8,11.6,12.5],[13.9,13.0,11.1,8.7,7.9,1.7,7.3,8.0,12.1,14.5,14.6,16.0,16.1,15.7],[8.6,9.7,6.4,9.0,4.9,5.4,1.0,2.5,4.7,9.5,8.3,12.1,8.9,11.7],[8.2,9.7,7.5,9.8,5.7,5.8,2.5,1.0,2.4,8.7,6.7,11.2,8.4,11.4],[9.2,10.2,8.4,11.2,7.7,8.4,5.4,3.1,1.1,6.8,6.3,10.6,8.3,12.7],[15.6,16.6,15.8,17.0,15.8,16.3,13.3,11.9,9.4,1.8,9.3,11.4,9.0,13.9],[10.6,12.2,10.5,13.4,10.4,12.4,9.5,9.5,6.9,5.6,1.3,7.9,7.2,11.5],[13.8,15.7,15.4,17.2,16.1,18.5,14.0,14.4,13.4,11.8,7.6,1.6,6.9,10.8],[8.7,10.1,10.1,13.0,9.2,13.8,10.6,13.1,11.4,10.1,7.9,6.6,1.4,6.1],[12.2,13.3,12.5,15.7,13.9,16.7,13.5,13.5,13.3,13.8,11.8,8.0,8.3,2.3]],
  "token_chain_ids": ["A","A","A","A","A","A","A","A","A","A","A","A","A","A"],
  "token_res_ids": [1,2,3,4,5,6,7,8,9,10,11,12,13,14]
}