{
  "atom_chain_ids": ["A","A","A","A","A","A","A","A","A","A","A","A","A","A","A","A","A","A","A","A","A","A","A","A","A","A","A","A","A","A","A","A","A","A","A","A","A","A","A","A","A","A","A","A","A","A","A","A","A","A","A","A","A","A","A","A","A","A","A","A","A","A","A","A","A","A","A","A","A","A","A","A","A","A","A","A","A","A","A","A","A","A","A","A","A","A","A","A","A","A","A","A","A","A","A","A","A","A","A","A","A","A","A","A","A","A","A","A","A","A","A","A","A","A","A","A","A","A","A","A","A","A","A","A","A","A","A","A","A","A","A","A","A","A","A","A","A","A","A","A","A","A","A","A","A","A","A","A","A","A","A","A","A","A","A","A","A","A","A","A","A","A","A","A","A","A","A","A","A","A","A","A","A","A","A","A","A","A","A","A","A","A","A","A","A","A","A","A","A","A","A","A","A","A","A","A","A","A","A","A","A","A","A","A","A","A","A","A","A","A","A","A","A","A","A","A","A","A","A","A","A","A","A","A","A","A","A","A","A","A","A","A","A","A","A","A","A","A","A","A","A","A","A","A","A","A","A","A","A","A","A","A","A","A","A","A","A","A","A","A","A","A","A","A","A","A","A","A","A","A","A","A","A","A","A","A","A","A","A","A","A","A","A","A","A","A","A","A","A","A","A","A","A","A","A","A","A"],
  "atom_plddts": [57.62,58.65,52.66,53.1,57.85,60.48,62.94,64.84,64.69,63.38,64.36,63.39,63.71,63.46,63.61,63.62,64.64,64.22,62.71,62.85,63.22,63.45,66.11,53.36,51.64,52.07,53.64,53.48,54.05,52.94,54.74,53.1,51.73,50.65,50.86,49.28,46.75,45.71,45.03,44.15,42.58,44.3,46.49,55.15,50.81,51.07,54.85,57.13,58.47,60.54,60.57,58.99,59.94,59.65,59.2,59.19,58.94,59.28,59.92,59.53,58.45,58.59,59.17,58.52,60.48,63.38,60.72,60.74,63.33,62.53,62.91,62.83,63.19,61.38,59.76,59.44,60.12,58.62,57.63,56.71,56.94,56.25,54.58,55.68,57.51,62.89,58.63,58.58,63.18,65.69,67.05,68.98,68.08,66.88,68.49,68.67,68.11,68.53,68.44,69.04,69.73,69.4,68.72,68.78,68.87,68.9,70.03,67.66,64.89,65.59,68.18,67.06,69.04,68.13,68.8,68.05,66.04,65.1,66.37,64.79,63.62,62.8,62.83,61.95,60.51,61.57,63.53,65.32,60.68,61.02,65.73,66.67,68.36,69.57,68.96,67.56,68.7,68.11,68.61,68.72,68.48,68.75,69.62,69.1,68.23,68.34,68.58,68.16,69.84,67.35,64.76,64.99,67.68,69.27,70.71,71.51,70.79,69.06,70.72,70.32,70.54,70.8,70.44,70.67,71.48,71.23,70.77,70.6,70.61,70.21,71.46,69.23,67.61,67.65,69.09,69.88,70.73,71.28,70.47,68.89,70.23,69.65,70.14,70.26,70.31,70.54,71.44,71.19,70.51,70.43,70.44,69.49,71.12,67.84,65.06,65.63,68.0,67.47,68.98,68.6,68.86,67.21,65.89,64.83,66.87,65.43,63.48,62.33,63.07,62.36,60.63,61.47,63.09,63.11,59.28,59.6,63.12,64.52,65.42,67.47,66.41,65.0,66.67,66.59,66.38,66.81,67.1,67.62,68.41,68.16,67.39,67.29,67.43,67.27,68.46,63.57,61.23,62.02,63.98,63.06,63.77,63.16,63.63,61.86,60.45,60.11,60.9,59.36,58.32,57.22,57.34,56.8,55.06,56.43,58.12,61.05,57.29,56.64,60.65,62.92,64.37,66.2,66.31,64.27,66.05,65.4,64.88,65.12,64.99,65.33,66.23,65.95,65.18,65.1,65.16,65.01,66.84,65.44,63.26,62.95,64.8,63.9,64.47,63.08,63.97,62.6,60.43,59.32,60.9,58.81,57.44,56.0,55.82,54.87,52.87,54.72,57.13],
  "contact_probs": [[1.0,0.55,0.94,0.53,0.28,0.02,0.05,0.03,0.03,0.03,0.4,0.29,0.54,0.54],[0.55,1.0,0.74,0.07,0.09,0.08,0.16,0.06,0.03,0.08,0.29,0.22,0.15,0.22],[0.94,0.74,1.0,0.42,0.91,0.23,0.22,0.1,0.06,0.04,0.12,0.12,0.13,0.18],[0.53,0.07,0.42,1.0,0.79,0.06,0.07,0.11,0.27,0.11,0.07,0.07,0.16,0.23],[0.28,0.09,0.91,0.79,1.0,0.31,0.88,0.55,0.28,0.07,0.03,0.02,0.04,0.04],[0.02,0.08,0.23,0.06,0.31,1.0,0.47,0.1,0.03,0.03,0.04,0.03,0.02,0.03],[0.05,0.16,0.22,0.07,0.88,0.47,1.0,0.98,0.35,0.28,0.13,0.04,0.04,0.02],[0.03,0.06,0.1,0.11,0.55,0.1,0.98,1.0,0.98,0.62,0.44,0.08,0.1,0.03],[0.03,0.03,0.06,0.27,0.28,0.03,0.35,0.98,1.0,0.71,0.72,0.15,0.27,0.12],[0.03,0.08,0.04,0.11,0.07,0.03,0.28,0.62,0.71,1.0,0.62,0.19,0.12,0.07],[0.4,0.29,0.12,0.07,0.03,0.04,0.13,0.44,0.72,0.62,1.0,0.63,0.91,0.28],[0.29,0.22,0.12,0.07,0.02,0.03,0.04,0.08,0.15,0.19,0.63,1.0,0.6,0.18],[0.54,0.15,0.13,0.16,0.04,0.02,0.04,0.1,0.27,0.12,0.91,0.6,1.0,0.77],[0.54,0.22,0.18,0.23,0.04,0.03,0.02,0.03,0.12,0.07,0.28,0.18,0.77,1.0]],
  "pae": [[1.2,5.5,4.8,10.2,7.6,12.2,10.5,10.7,10.5,11.0,7.7,10.6,8.9,11.0],[7.1,2.0,8.3,10.8,14.0,16.9,15.1,15.1,15.6,16.0,15.6,14.6,14.8,13.9],[5.3,6.8,1.2,5.1,5.5,10.0,8.3,8.5,9.0,10.9,9.2,11.6,9.3,10.3],[9.6,12.1,6.7,1.8,6.5,8.1,8.6,11.6,11.9,13.4,12.7,14.4,14.4,13.7],[7.5,10.0,5.4,4.7,1.2,6.2,5.0,5.6,6.7,9.1,6.7,10.0,9.0,10.2],[12.1,14.6,10.1,7.2,7.2,1.6,5.9,6.7,10.0,10.2,11.5,12.8,12.9,13.4],[7.5,11.6,6.3,7.1,4.5,4.3,1.0,2.3,4.4,6.2,6.5,8.8,7.1,9.2],[6.7,10.1,6.5,7.4,4.5,4.4,2.2,0.9,2.4,4.5,5.2,7.4,6.3,8.7],[7.3,10.7,7.1,8.9,5.4,6.1,4.5,2.6,1.0,3.6,4.2,7.3,6.0,10.0],[12.1,14.7,12.1,12.0,10.6,10.4,7.5,4.7,6.0,1.5,6.9,9.4,7.0,11.2],[8.0,11.0,7.5,9.6,6.8,9.2,6.5,5.9,4.9,4.0,1.1,5.2,4.6,8.5],[11.7,13.7,11.8,12.8,12.1,13.1,10.2,9.2,9.1,8.5,5.9,1.7,5.9,8.7],[7.6,10.9,7.9,10.6,7.5,10.5,7.5,8.9,6.6,6.8,4.6,5.0,1.2,4.5],[9.7,12.1,10.0,11.2,9.7,12.4,10.1,9.2,8.5,10.9,8.6,8.2,6.2,2.1]],
  "token_chain_ids": ["A","A","A","A","A","A","A","A","A","A","A","A","A","A"],
  "token_res_ids": [1,2,3,4,5,6,7,8,9,10,11,12,13,14]
}