{
  "atom_chain_ids": ["A","A","A","A","A","A","A","A","A","A","A","A","A","A","A","A","A","A","A","A","A","A","A","A","A","A","A","A","A","A","A","A","A","A","A","A","A","A","A","A","A","A","A","A","A","A","A","A","A","A","A","A","A","A","A","A","A","A","A","A","A","A","A","A","A","A","A","A","A","A","A","A","A","A","A","A","A","A","A","A","A","A","A","A","A","A","A","A","A","A","A","A","A","A","A","A","A","A","A","A","A","A","A","A","A","A","A","A","A","A","A","A","A","A","A","A","A","A","A","A","A","A","A","A","A","A","A","A","A","A","A","A","A","A","A","A","A","A","A","A","A","A","A","A","A","A","A","A","A","A","A","A","A","A","A","A","A","A","A","A","A","A","A","A","A","A","A","A","A","A","A","A","A","A","A","A","A","A","A","A","A","A","A","A","A","A","A","A","A","A","A","A","A","A","A","A","A","A","A","A","A","A","A","A","A","A","A","A","A","A","A","A","A","A","A","A","A","A","A","A","A","A","A","A","A","A","A","A","A","A","A","A","A","A","A","A","A","A","A","A","A","A","A","A","A","A","A","A","A","A","A","A","A","A","A","A","A","A","A","A","A","A","A","A","A","A","A","A","A","A","A","A","A","A","A","A","A","A","A","A","A","A","A","A","A","A","A","A","A","A","A","A","A","A","A","A","A","A","A","A","A","A","A","A","A","A","A","A","A","A","A","A","A","A","A","A","A","A","A","A","A","A","A","A","A","A","A","A","A","A","A","A","A","A","A","A","A","A","A","A","A","A","A","A","A","A","A","A","A","A","A","A","A","A","A","A","A"],
  "atom_plddts": [70.95,72.97,69.16,69.67,73.64,77.96,80.41,80.32,80.35,79.31,80.4,80.82,81.39,81.4,80.72,81.4,81.46,80.73,80.59,80.9,81.04,80.73,81.97,75.04,71.82,71.79,75.67,77.04,78.57,78.28,78.06,76.64,78.19,78.79,79.12,79.29,79.01,79.77,80.03,79.32,79.41,79.34,79.21,79.01,80.01,75.09,72.2,72.11,74.46,73.33,75.68,74.68,75.47,73.93,71.75,70.43,72.83,70.57,67.06,65.3,65.89,64.6,62.69,63.89,66.53,70.96,65.48,65.71,71.03,72.94,75.23,76.4,76.85,75.13,75.87,75.43,77.05,76.3,73.31,72.77,73.87,73.26,71.94,72.29,73.96,72.78,68.01,68.36,73.0,74.31,76.54,77.59,78.21,76.46,76.92,76.27,78.19,77.44,74.08,73.39,74.67,73.88,72.41,72.77,74.59,78.6,75.0,74.94,79.69,81.15,83.18,83.1,83.25,82.38,83.45,83.89,84.47,84.43,83.55,84.15,84.36,83.66,83.79,84.02,84.07,84.04,84.63,81.22,79.71,79.9,81.1,80.84,82.5,82.16,81.87,80.79,81.84,81.84,82.81,82.57,82.05,82.38,82.46,81.72,81.84,82.04,81.99,81.28,82.43,79.53,77.67,77.48,78.17,76.22,78.41,77.85,77.78,76.32,75.23,73.73,76.87,75.53,73.61,72.51,73.26,72.3,71.01,71.57,73.29,74.37,69.89,69.65,74.27,74.33,76.91,77.23,77.22,75.8,75.64,74.03,76.69,75.28,72.26,71.2,72.35,71.19,69.68,70.23,72.18,74.9,70.03,69.93,74.84,76.76,78.57,80.07,79.76,78.53,79.3,78.93,80.49,80.02,77.61,77.27,78.38,77.8,76.97,76.94,78.35,72.79,68.4,68.39,72.69,73.69,75.89,76.72,76.96,75.54,75.54,74.55,76.83,76.02,72.95,72.29,73.84,73.02,71.61,71.52,73.26,76.35,72.21,71.85,77.92,80.1,81.63,81.43,81.32,80.47,82.05,82.65,83.09,83.26,82.63,83.33,83.62,83.0,83.23,83.37,83.38,83.45,83.92,80.84,79.4,79.34,80.28,80.83,81.95,81.59,81.33,80.1,81.18,81.06,82.43,82.42,81.77,82.04,82.43,81.95,82.05,82.02,81.83,81.03,82.31,74.7,72.9,72.81,73.46,72.31,73.95,73.05,73.6,71.76,70.14,69.11,71.64,70.21,68.13,66.72,67.6,66.82,65.18,65.85,67.68,73.13,67.95,68.33,73.32,75.61,77.57,78.82,79.24,77.64,78.16,77.8,79.47,79.19,76.62,76.32,77.41,76.88,75.86,75.84,77.18,76.62,72.19,72.06,77.86,80.1,82.09,81.97,82.18,81.12,82.4,82.96,83.56,83.72,83.02,83.71,83.96,83.29,83.43,83.53,83.6,83.72,84.26,81.16,79.74,79.23,80.9,81.35,82.49,82.17,81.96,80.8,81.89,81.88,83.24,83.35,82.91,83.23,83.61,83.09,83.22,83.24,82.98,82.45,83.47],
  "contact_probs": [[1.0,1.0,0.08,0.41,0.01,0.06,0.29,0.39,0.24,0.91,0.06,0.33,0.85,0.02,0.04,0.01,0.01],[1.0,1.0,0.81,0.93,0.08,0.33,0.7,0.08,0.02,0.6,0.01,0.04,0.3,0.12,0.16,0.03,0.01],[0.08,0.81,1.0,0.77,0.22,0.08,0.03,0.01,0.01,0.01,0.01,0.0,0.17,0.49,0.38,0.02,0.0],[0.41,0.93,0.77,1.0,0.79,0.78,0.25,0.02,0.01,0.02,0.01,0.02,0.49,0.49,0.79,0.29,0.03],[0.01,0.08,0.22,0.79,1.0,0.81,0.03,0.01,0.01,0.01,0.01,0.03,0.13,0.35,0.79,0.81,0.47],[0.06,0.33,0.08,0.78,0.81,1.0,1.0,0.54,0.05,0.05,0.02,0.01,0.01,0.01,0.07,0.3,0.84],[0.29,0.7,0.03,0.25,0.03,1.0,1.0,0.97,0.73,0.67,0.05,0.01,0.01,0.0,0.0,0.04,0.29],[0.39,0.08,0.01,0.02,0.01,0.54,0.97,1.0,0.93,0.81,0.32,0.01,0.0,0.0,0.0,0.01,0.29],[0.24,0.02,0.01,0.01,0.01,0.05,0.73,0.93,1.0,0.88,0.75,0.11,0.01,0.0,0.0,0.02,0.47],[0.91,0.6,0.01,0.02,0.01,0.05,0.67,0.81,0.88,1.0,0.63,0.63,0.21,0.01,0.01,0.04,0.11],[0.06,0.01,0.01,0.01,0.01,0.02,0.05,0.32,0.75,0.63,1.0,0.91,0.06,0.01,0.03,0.38,0.67],[0.33,0.04,0.0,0.02,0.03,0.01,0.01,0.01,0.11,0.63,0.91,1.0,1.0,0.06,0.77,0.83,0.22],[0.85,0.3,0.17,0.49,0.13,0.01,0.01,0.0,0.01,0.21,0.06,1.0,1.0,0.68,0.94,0.42,0.01],[0.02,0.12,0.49,0.49,0.35,0.01,0.0,0.0,0.0,0.01,0.01,0.06,0.68,1.0,0.73,0.1,0.01],[0.04,0.16,0.38,0.79,0.79,0.07,0.0,0.0,0.0,0.01,0.03,0.77,0.94,0.73,1.0,0.98,0.1],[0.01,0.03,0.02,0.29,0.81,0.3,0.04,0.01,0.02,0.04,0.38,0.83,0.42,0.1,0.98,1.0,1.0],[0.01,0.01,0.0,0.03,0.47,0.84,0.29,0.29,0.47,0.11,0.67,0.22,0.01,0.01,0.1,1.0,1.0]],
  "pae": [[0.9,2.2,4.8,3.2,5.2,5.1,3.8,4.7,4.1,3.3,4.1,4.3,4.7,6.4,4.2,4.6,4.1],[1.9,0.9,3.7,2.9,4.1,3.6,3.9,4.9,4.5,4.1,4.6,4.1,3.8,5.7,4.4,3.7,4.0],[5.7,4.3,1.3,4.2,6.5,6.3,7.7,9.3,9.3,7.5,9.2,9.3,7.5,7.5,6.9,8.1,9.1],[5.3,3.2,3.7,1.2,4.3,3.9,5.5,7.8,7.5,6.7,7.5,6.3,5.7,6.1,4.3,4.7,5.9],[6.7,5.5,5.5,3.6,1.2,3.9,5.4,7.1,7.4,6.7,8.1,6.9,6.5,7.6,5.0,4.5,5.4],[4.7,3.6,5.3,3.6,2.9,0.9,2.1,4.0,4.3,4.3,4.9,5.1,4.9,6.1,4.2,3.6,3.7],[4.2,4.3,6.3,4.5,3.1,2.0,0.9,2.9,3.0,3.4,4.2,4.3,4.8,5.8,4.3,3.4,3.5],[4.9,6.1,8.5,6.6,6.0,4.7,3.2,1.1,3.0,3.3,3.9,5.8,6.3,8.2,6.8,6.3,5.0],[4.6,6.7,8.7,7.6,6.8,5.8,4.9,3.0,1.0,3.2,3.4,4.7,6.2,8.6,7.2,6.2,5.6],[3.8,6.4,8.9,7.3,6.7,6.6,5.1,3.3,2.2,1.0,3.1,4.0,4.8,7.9,6.6,5.8,5.7],[5.7,7.1,8.5,7.3,7.3,7.4,7.1,4.3,2.9,2.3,1.1,3.1,4.9,8.3,6.4,5.8,5.8],[4.0,4.4,6.5,5.1,4.7,4.2,4.2,4.1,3.3,2.5,2.5,0.9,2.0,5.1,3.8,3.9,3.9],[4.0,4.3,6.5,4.7,4.6,4.5,4.4,4.8,4.1,3.0,2.8,1.6,0.9,4.6,3.2,3.7,4.3],[8.2,8.3,8.2,7.1,7.6,9.1,9.8,9.3,9.5,8.5,8.6,6.3,5.4,1.3,4.2,6.1,9.2],[5.5,5.7,6.2,4.7,5.0,5.4,5.9,6.9,6.7,5.9,5.7,4.8,3.6,3.6,1.1,3.3,4.6],[4.4,4.3,6.3,4.4,3.6,3.6,3.7,4.8,4.8,4.1,4.3,3.6,3.8,4.1,2.4,0.9,1.8],[4.6,4.6,6.4,4.3,3.5,3.5,2.9,4.4,4.9,4.2,4.4,3.3,4.0,4.9,2.8,1.4,0.9]],
  "token_chain_ids": ["A","A","A","A","A","A","A","A","A","A","A","A","A","A","A","A","A"],
  "token_res_ids": [1,2,3,4,5,6,7,8,9,10,11,12,13,14,15,16,17]
}