{
  "atom_chain_ids": ["A","A","A","A","A","A","A","A","A","A","A","A","A","A","A","A","A","A","A","A","A","A","A","A","A","A","A","A","A","A","A","A","A","A","A","A","A","A","A","A","A","A","A","A","A","A","A","A","A","A","A","A","A","A","A","A","A","A","A","A","A","A","A","A","A","A","A","A","A","A","A","A","A","A","A","A","A","A","A","A","A","A","A","A","A","A","A","A","A","A","A","A","A","A","A","A","A","A","A","A","A","A","A","A","A","A","A","A","A","A","A","A","A","A","A","A","A","A","A","A","A","A","A","A","A","A","A","A","A","A","A","A","A","A","A","A","A","A","A","A","A","A","A","A","A","A","A","A","A","A","A","A","A","A","A","A","A","A","A","A","A","A","A","A","A","A","A","A","A","A","A","A","A","A","A","A","A","A","A","A","A","A","A","A","A","A","A","A","A","A","A","A","A","A","A","A","A","A","A","A","A","A","A","A","A","A","A","A","A","A","A","A","A","A","A","A","A","A","A","A","A","A","A","A","A","A","A","A","A","A","A","A","A","A","A","A","A","A","A","A","A","A","A","A","A","A","A","A","A","A","A","A","A","A","A","A","A","A","A","A","A","A","A","A","A","A","A","A","A","A","A","A","A","A","A","A","A","A","A","A","A","A","A","A","A","A","A","A","A","A","A","A","A","A","A","A","A","A","A","A","A","A","A","A","A","A","A","A","A","A","A","A","A","A","A","A","A","A","A","A","A","A","A","A","A","A","A","A","A","A","A","A","A","A","A","A","A","A","A","A","A","A","A","A","A","A","A","A","A","A","A","A","A","A","A","A","A"],
  "atom_plddts": [69.59,70.88,66.96,67.45,71.58,76.2,78.37,78.37,78.25,77.12,78.69,79.25,79.52,79.69,79.21,80.05,80.18,79.5,79.36,79.57,79.66,79.47,80.64,75.2,71.71,71.75,76.05,77.57,79.31,79.03,78.91,77.56,79.21,79.95,80.23,80.4,80.02,80.84,81.09,80.34,80.45,80.43,80.35,80.34,81.19,75.07,72.31,72.48,74.32,73.36,75.69,75.15,75.63,74.1,72.44,71.47,73.84,72.26,69.47,68.16,69.07,68.07,66.6,67.14,69.13,72.3,66.72,66.77,72.44,74.52,76.8,77.98,78.36,76.67,77.37,76.86,78.57,77.83,74.7,74.16,75.32,74.66,73.41,73.66,75.37,73.27,68.42,68.9,73.53,74.99,77.33,78.44,78.97,77.22,77.8,77.27,79.09,78.43,75.26,74.75,76.04,75.3,74.05,74.19,75.94,76.73,73.29,73.28,77.85,79.54,81.35,81.39,81.31,80.24,81.6,82.09,82.54,82.5,81.75,82.38,82.61,81.88,81.99,82.21,82.26,82.08,82.86,81.83,80.46,80.75,81.65,81.37,83.03,82.7,82.41,81.27,82.31,82.37,83.36,83.07,82.52,82.85,82.86,82.1,82.26,82.47,82.42,81.65,82.82,78.02,75.84,75.55,76.82,74.97,77.09,76.45,76.26,74.79,73.62,72.32,75.23,73.85,71.97,70.94,71.61,70.68,69.35,69.97,71.76,72.62,68.31,68.05,72.4,72.29,74.65,74.61,74.61,73.05,72.73,71.38,73.92,72.5,69.84,68.9,69.92,68.9,67.35,67.91,69.8,72.6,67.59,67.6,72.65,74.76,76.59,78.12,77.76,76.4,77.29,77.01,78.49,77.92,75.53,75.17,76.34,75.82,74.84,74.82,76.31,70.92,66.14,66.44,71.19,72.41,74.71,75.58,75.89,74.5,74.6,73.93,75.87,74.94,71.72,71.15,72.58,71.74,70.29,70.28,72.26,73.45,69.8,69.5,74.9,77.44,78.98,79.06,78.66,77.53,79.53,80.19,80.42,80.68,80.0,80.77,81.14,80.49,80.58,80.69,80.7,80.72,81.45,77.85,76.15,76.03,77.59,78.55,79.49,79.33,78.83,77.37,78.89,78.77,79.83,79.81,79.13,79.48,79.88,79.36,79.37,79.37,79.25,78.4,79.8,72.46,70.74,70.76,71.28,70.32,71.8,70.53,71.1,69.23,67.45,66.67,68.8,67.2,65.38,64.01,64.61,63.88,62.27,63.05,65.03,72.47,67.27,67.59,72.69,74.82,76.85,78.21,78.73,77.06,77.56,77.17,78.84,78.42,75.62,75.23,76.3,75.7,74.52,74.63,76.16,76.74,72.61,72.44,77.95,80.09,82.0,81.85,82.02,80.95,82.23,82.85,83.41,83.53,82.74,83.4,83.62,82.93,83.04,83.16,83.24,83.29,83.92,80.21,79.16,78.63,79.94,80.38,81.31,80.99,80.62,79.38,80.76,80.78,82.03,82.16,81.76,82.12,82.48,81.94,82.08,82.1,81.81,81.22,82.24],
  "contact_probs": [[1.0,1.0,0.08,0.41,0.01,0.06,0.29,0.39,0.24,0.91,0.06,0.33,0.85,0.02,0.04,0.01,0.01],[1.0,1.0,0.81,0.93,0.08,0.33,0.7,0.08,0.02,0.6,0.01,0.04,0.3,0.12,0.16,0.03,0.01],[0.08,0.81,1.0,0.77,0.22,0.08,0.03,0.01,0.01,0.01,0.01,0.0,0.17,0.49,0.38,0.02,0.0],[0.41,0.93,0.77,1.0,0.79,0.78,0.25,0.02,0.01,0.02,0.01,0.02,0.49,0.49,0.79,0.29,0.03],[0.01,0.08,0.22,0.79,1.0,0.81,0.03,0.01,0.01,0.01,0.01,0.03,0.13,0.35,0.79,0.81,0.47],[0.06,0.33,0.08,0.78,0.81,1.0,1.0,0.54,0.05,0.05,0.02,0.01,0.01,0.01,0.07,0.3,0.84],[0.29,0.7,0.03,0.25,0.03,1.0,1.0,0.97,0.73,0.67,0.05,0.01,0.01,0.0,0.0,0.04,0.29],[0.39,0.08,0.01,0.02,0.01,0.54,0.97,1.0,0.93,0.81,0.32,0.01,0.0,0.0,0.0,0.01,0.29],[0.24,0.02,0.01,0.01,0.01,0.05,0.73,0.93,1.0,0.88,0.75,0.11,0.01,0.0,0.0,0.02,0.47],[0.91,0.6,0.01,0.02,0.01,0.05,0.67,0.81,0.88,1.0,0.63,0.63,0.21,0.01,0.01,0.04,0.11],[0.06,0.01,0.01,0.01,0.01,0.02,0.05,0.32,0.75,0.63,1.0,0.91,0.06,0.01,0.03,0.38,0.67],[0.33,0.04,0.0,0.02,0.03,0.01,0.01,0.01,0.11,0.63,0.91,1.0,1.0,0.06,0.77,0.83,0.22],[0.85,0.3,0.17,0.49,0.13,0.01,0.01,0.0,0.01,0.21,0.06,1.0,1.0,0.68,0.94,0.42,0.01],[0.02,0.12,0.49,0.49,0.35,0.01,0.0,0.0,0.0,0.01,0.01,0.06,0.68,1.0,0.73,0.1,0.01],[0.04,0.16,0.38,0.79,0.79,0.07,0.0,0.0,0.0,0.01,0.03,0.77,0.94,0.73,1.0,0.98,0.1],[0.01,0.03,0.02,0.29,0.81,0.3,0.04,0.01,0.02,0.04,0.38,0.83,0.42,0.1,0.98,1.0,1.0],[0.01,0.01,0.0,0.03,0.47,0.84,0.29,0.29,0.47,0.11,0.67,0.22,0.01,0.01,0.1,1.0,1.0]],
  "pae": [[1.0,2.2,4.9,3.7,5.2,5.0,4.6,4.8,4.9,3.7,4.6,4.7,4.8,6.9,4.4,5.1,4.6],[1.8,0.9,4.2,3.2,3.9,3.2,3.9,4.7,4.4,4.2,4.3,4.1,3.8,5.9,4.2,3.7,4.1],[6.3,4.8,1.4,5.5,7.0,6.6,9.3,10.2,10.7,9.4,10.4,10.9,9.3,7.8,7.6,9.2,10.5],[5.2,3.6,4.7,1.2,3.0,4.0,5.5,7.4,7.5,6.9,6.7,6.1,5.5,6.2,4.0,4.6,6.0],[5.9,5.1,4.9,2.9,1.1,2.9,5.1,6.3,7.2,6.2,7.3,6.7,5.9,7.1,4.5,4.2,5.0],[4.6,3.7,5.4,3.5,2.6,0.9,2.1,4.1,4.4,4.9,4.7,5.7,4.8,6.7,4.0,3.7,4.2],[4.0,4.1,5.7,4.2,3.2,2.0,0.9,2.9,3.1,3.6,4.1,4.6,4.4,6.8,4.3,3.8,3.5],[5.3,6.2,8.8,6.5,6.3,4.7,4.0,1.1,3.5,3.5,4.5,6.9,6.7,8.9,7.0,7.1,5.6],[5.7,7.5,9.5,8.0,7.3,5.8,5.3,3.3,1.1,3.6,4.5,6.3,6.8,9.9,7.1,7.7,6.1],[4.6,6.8,8.8,7.2,7.1,6.5,5.9,3.6,3.0,1.1,3.8,4.7,5.1,9.0,6.9,6.4,5.7],[6.2,8.0,9.2,8.1,7.8,8.1,8.0,5.3,4.3,2.9,1.3,3.8,4.9,9.4,7.1,6.7,5.6],[4.4,4.5,6.5,5.1,4.9,4.5,4.7,4.8,4.7,3.0,2.9,0.9,2.0,5.6,3.7,4.4,4.0],[4.1,4.0,6.4,4.6,4.6,4.6,4.8,5.1,5.0,3.4,3.1,1.7,0.9,5.2,3.2,3.9,4.5],[10.2,10.7,9.3,6.7,7.7,10.6,13.0,10.6,11.1,10.1,10.6,7.7,6.0,1.4,5.4,7.9,11.0],[5.9,6.3,7.3,5.0,5.7,5.9,6.6,7.4,7.5,7.5,6.9,5.8,4.2,4.0,1.2,3.9,5.2],[4.3,4.1,6.2,4.3,3.9,3.4,3.8,5.1,5.6,4.5,4.7,3.9,4.0,4.7,2.5,0.9,2.0],[4.8,4.3,6.3,4.4,3.9,3.6,3.2,4.6,5.4,4.5,4.8,3.8,4.1,5.5,2.9,1.5,1.0]],
  "token_chain_ids": ["A","A","A","A","A","A","A","A","A","A","A","A","A","A","A","A","A"],
  "token_res_ids": [1,2,3,4,5,6,7,8,9,10,11,12,13,14,15,16,17]
}