{
  "atom_chain_ids": ["A","A","A","A","A","A","A","A","A","A","A","A","A","A","A","A","A","A","A","A","A","A","A","A","A","A","A","A","A","A","A","A","A","A","A","A","A","A","A","A","A","A","A","A","A","A","A","A","A","A","A","A","A","A","A","A","A","A","A","A","A","A","A","A","A","A","A","A","A","A","A","A","A","A","A","A","A","A","A","A","A","A","A","A","A","A","A","A","A","A","A","A","A","A","A","A","A","A","A","A","A","A","A","A","A","A","A","A","A","A","A","A","A","A","A","A","A","A","A","A","A","A","A","A","A","A","A","A","A","A","A","A","A","A","A","A","A","A","A","A","A","A","A","A","A","A","A","A","A","A","A","A","A","A","A","A","A","A","A","A","A","A","A","A","A","A","A","A","A","A","A","A","A","A","A","A","A","A","A","A","A","A","A","A","A","A","A","A","A","A","A","A","A","A","A","A","A","A","A","A","A","A","A","A","A","A","A","A","A","A","A","A","A","A","A","A","A","A","A","A","A","A","A","A","A","A","A","A","A","A","A","A","A","A","A","A","A","A","A","A","A","A","A","A","A","A","A","A","A","A","A","A","A","A","A","A","A","A","A","A","A","A","A","A","A","A","A","A","A","A","A","A","A","A","A","A","A","A","A","A","A","A","A","A","A","A","A","A","A","A","A","A","A","A","A","A","A","A","A","A","A","A","A","A","A","A","A","A","A","A","A","A","A","A","A","A","A","A","A","A","A","A","A","A","A","A","A","A","A","A","A","A","A","A","A","A","A","A","A","A","A","A","A","A","A","A","A","A","A","A","A","A","A","A","A","A","A"],
  "atom_plddts": [72.33,73.89,69.97,70.39,74.74,79.25,81.57,81.51,81.5,80.6,81.79,82.35,82.94,82.96,82.41,83.18,83.16,82.41,82.51,82.77,82.88,82.65,83.58,76.16,72.63,72.58,77.05,78.51,80.09,79.75,79.58,78.34,80.01,80.82,81.05,81.16,80.84,81.7,81.83,81.04,81.28,81.26,81.14,81.12,81.88,77.26,74.45,74.39,76.34,75.23,77.64,77.03,77.61,76.0,74.21,73.04,75.52,73.59,70.41,68.87,69.74,68.55,67.0,67.63,69.95,73.69,68.44,68.61,73.64,75.63,77.83,78.93,79.2,77.59,78.24,77.83,79.57,78.88,75.95,75.52,76.62,76.01,74.99,75.03,76.7,74.48,69.77,70.23,74.56,75.98,78.22,79.31,79.78,78.06,78.63,78.16,79.99,79.34,76.29,75.84,77.03,76.29,75.19,75.21,77.0,79.66,76.18,76.08,80.65,82.03,84.0,83.86,83.97,83.09,84.14,84.65,85.3,85.19,84.4,85.03,85.15,84.43,84.66,84.89,84.91,84.85,85.38,82.96,81.54,81.74,82.73,82.41,84.04,83.67,83.32,82.19,83.21,83.34,84.38,84.01,83.52,83.92,83.85,83.02,83.31,83.5,83.41,82.65,83.76,80.77,79.21,79.06,79.22,77.24,79.31,78.69,78.59,77.02,75.91,74.46,77.67,76.27,74.33,73.26,73.93,72.96,71.81,72.21,74.03,77.65,73.52,73.05,77.05,77.11,79.35,79.59,79.64,78.17,78.01,76.57,79.21,77.91,75.07,74.13,75.28,74.19,72.92,73.12,75.05,75.11,70.26,70.11,75.0,77.21,79.06,80.63,80.23,78.97,79.75,79.56,81.13,80.55,78.1,77.87,78.88,78.26,77.58,77.35,79.0,73.01,68.21,68.41,73.21,74.64,77.11,78.23,78.44,77.05,77.33,76.66,78.68,77.84,74.58,74.15,75.53,74.59,73.43,73.19,75.24,76.83,72.68,72.2,78.47,80.73,82.28,82.03,81.91,81.07,82.68,83.38,83.87,83.99,83.37,84.13,84.37,83.72,84.04,84.15,84.15,84.23,84.64,81.27,79.53,79.38,80.95,81.55,82.58,82.25,81.94,80.74,81.97,82.02,83.27,83.18,82.48,82.84,83.11,82.57,82.75,82.8,82.65,81.96,83.09,75.35,73.65,73.6,74.09,73.0,74.7,73.72,74.31,72.32,70.71,69.67,72.23,70.73,68.53,67.1,68.01,67.24,65.68,66.23,68.06,73.11,67.7,68.27,73.57,76.11,78.2,79.63,80.09,78.52,79.2,79.06,80.53,80.21,77.58,77.41,78.37,77.75,76.85,76.81,78.34,77.85,73.66,73.46,79.03,81.12,83.06,82.86,83.12,82.1,83.3,83.91,84.55,84.67,83.92,84.57,84.78,84.1,84.28,84.37,84.44,84.52,85.04,81.11,79.79,79.33,81.06,81.59,82.63,82.37,82.15,80.99,82.32,82.49,83.73,83.88,83.33,83.73,84.07,83.51,83.72,83.74,83.47,83.05,83.91],
  "contact_probs": [[1.0,1.0,0.08,0.41,0.01,0.06,0.29,0.39,0.24,0.91,0.06,0.33,0.85,0.02,0.04,0.01,0.01],[1.0,1.0,0.81,0.93,0.08,0.33,0.7,0.08,0.02,0.6,0.01,0.04,0.3,0.12,0.16,0.03,0.01],[0.08,0.81,1.0,0.77,0.22,0.08,0.03,0.01,0.01,0.01,0.01,0.0,0.17,0.49,0.38,0.02,0.0],[0.41,0.93,0.77,1.0,0.79,0.78,0.25,0.02,0.01,0.02,0.01,0.02,0.49,0.49,0.79,0.29,0.03],[0.01,0.08,0.22,0.79,1.0,0.81,0.03,0.01,0.01,0.01,0.01,0.03,0.13,0.35,0.79,0.81,0.47],[0.06,0.33,0.08,0.78,0.81,1.0,1.0,0.54,0.05,0.05,0.02,0.01,0.01,0.01,0.07,0.3,0.84],[0.29,0.7,0.03,0.25,0.03,1.0,1.0,0.97,0.73,0.67,0.05,0.01,0.01,0.0,0.0,0.04,0.29],[0.39,0.08,0.01,0.02,0.01,0.54,0.97,1.0,0.93,0.81,0.32,0.01,0.0,0.0,0.0,0.01,0.29],[0.24,0.02,0.01,0.01,0.01,0.05,0.73,0.93,1.0,0.88,0.75,0.11,0.01,0.0,0.0,0.02,0.47],[0.91,0.6,0.01,0.02,0.01,0.05,0.67,0.81,0.88,1.0,0.63,0.63,0.21,0.01,0.01,0.04,0.11],[0.06,0.01,0.01,0.01,0.01,0.02,0.05,0.32,0.75,0.63,1.0,0.91,0.06,0.01,0.03,0.38,0.67],[0.33,0.04,0.0,0.02,0.03,0.01,0.01,0.01,0.11,0.63,0.91,1.0,1.0,0.06,0.77,0.83,0.22],[0.85,0.3,0.17,0.49,0.13,0.01,0.01,0.0,0.01,0.21,0.06,1.0,1.0,0.68,0.94,0.42,0.01],[0.02,0.12,0.49,0.49,0.35,0.01,0.0,0.0,0.0,0.01,0.01,0.06,0.68,1.0,0.73,0.1,0.01],[0.04,0.16,0.38,0.79,0.79,0.07,0.0,0.0,0.0,0.01,0.03,0.77,0.94,0.73,1.0,0.98,0.1],[0.01,0.03,0.02,0.29,0.81,0.3,0.04,0.01,0.02,0.04,0.38,0.83,0.42,0.1,0.98,1.0,1.0],[0.01,0.01,0.0,0.03,0.47,0.84,0.29,0.29,0.47,0.11,0.67,0.22,0.01,0.01,0.1,1.0,1.0]],
  "pae": [[0.9,1.9,4.2,3.3,4.9,4.6,3.3,4.0,3.7,3.1,3.6,4.1,4.2,5.6,3.7,4.2,4.0],[1.6,0.9,3.6,2.9,3.9,3.2,3.5,4.3,4.1,3.8,4.0,3.8,3.4,4.9,3.6,3.4,3.7],[5.0,3.4,1.3,4.1,6.0,5.7,7.3,8.2,9.1,7.7,8.7,8.5,6.6,5.9,6.2,7.3,8.7],[4.7,2.9,3.3,1.1,3.4,3.8,4.7,6.5,6.7,5.9,6.0,5.2,4.9,5.0,3.6,4.0,5.2],[5.5,4.5,4.7,2.9,1.1,3.3,4.6,5.8,6.7,5.5,6.6,5.8,5.4,5.9,3.7,3.6,4.7],[4.0,3.1,4.7,3.3,2.6,0.9,1.9,3.5,3.8,4.0,4.2,4.4,4.3,5.4,3.2,2.9,3.5],[3.6,3.7,5.3,3.9,2.8,1.8,0.8,2.6,2.6,3.2,3.6,3.9,4.2,5.5,3.6,3.3,3.2],[4.5,5.0,7.6,6.1,5.5,4.3,3.1,1.0,3.4,3.2,3.7,5.5,6.1,7.6,5.9,5.8,5.4],[3.8,5.4,8.0,6.5,6.1,4.7,3.7,2.5,1.0,2.7,3.6,5.1,5.7,7.7,5.7,5.6,5.2],[3.5,5.6,7.6,6.7,6.3,6.1,4.6,3.2,2.4,1.0,3.1,3.9,4.4,7.4,5.7,5.5,5.3],[5.3,5.9,7.5,6.8,6.5,6.3,6.3,4.1,2.8,2.5,1.1,3.0,4.0,7.5,5.5,5.2,5.5],[3.8,4.0,5.6,4.6,4.2,4.0,3.8,4.0,3.3,2.5,2.2,0.9,2.0,4.7,3.2,3.8,3.4],[3.3,3.7,5.7,3.9,4.0,4.2,4.3,4.4,3.7,2.8,2.6,1.5,0.9,4.1,2.7,3.3,3.9],[7.2,6.7,6.8,5.5,6.2,7.7,8.5,8.7,8.4,7.3,7.6,6.4,5.0,1.3,4.5,4.7,8.3],[4.9,5.0,6.1,3.8,4.1,4.7,4.9,6.0,5.7,5.5,5.1,4.4,3.2,3.6,1.1,2.7,3.9],[4.0,3.9,5.6,3.6,3.3,3.4,3.4,4.3,4.1,3.9,3.9,3.4,3.4,4.1,2.0,0.9,1.9],[4.4,4.1,5.9,3.9,3.5,3.4,2.7,4.2,4.2,4.0,3.8,3.1,3.9,4.6,2.5,1.3,0.9]],
  "token_chain_ids": ["A","A","A","A","A","A","A","A","A","A","A","A","A","A","A","A","A"],
  "token_res_ids": [1,2,3,4,5,6,7,8,9,10,11,12,13,14,15,16,17]
}