{
  "atom_chain_ids": ["A","A","A","A","A","A","A","A","A","A","A","A","A","A","A","A","A","A","A","A","A","A","A","A","A","A","A","A","A","A","A","A","A","A","A","A","A","A","A","A","A","A","A","A","A","A","A","A","A","A","A","A","A","A","A","A","A","A","A","A","A","A","A","A","A","A","A","A","A","A","A","A","A","A","A","A","A","A","A","A","A","A","A","A","A","A","A","A","A","A","A","A","A","A","A","A","A","A","A","A","A","A","A","A","A","A","A","A","A","A","A","A","A","A","A","A","A","A","A","A","A","A","A","A","A","A","A","A","A","A","A","A","A","A","A","A","A","A","A","A","A","A","A","A","A","A","A","A","A","A","A","A","A","A","A","A","A","A","A","A","A","A","A","A","A","A","A","A","A","A","A","A","A","A","A","A","A","A","A","A","A","A","A","A","A","A","A","A","A","A","A","A","A","A","A","A","A","A","A","A","A","A","A","A","A","A","A","A","A","A","A","A","A","A","A","A","A","A","A","A","A","A","A","A","A","A","A","A","A","A","A","A","A","A","A","A","A","A","A","A","A","A","A","A","A","A","A","A","A","A","A","A","A","A","A","A","A","A","A","A","A","A","A","A","A","A","A","A","A","A","A","A","A","A","A","A","A","A","A","A","A","A","A","A","A","A","A","A","A","A","A","A","A","A","A","A","A","A","A","A","A","A","A","A","A","A","A","A","A","A","A","A","A","A","A","A","A","A","A","A","A","A","A","A","A","A","A","A","A","A","A","A","A","A","A","A","A","A","A","A","A","A","A","A","A","A","A","A","A","A","A","A","A","A","A","A","A"],
  "atom_plddts": [71.4,72.22,68.33,68.78,72.99,77.31,79.37,79.25,79.2,78.15,79.69,80.3,80.74,80.91,80.52,81.39,81.5,80.82,80.86,81.01,81.04,80.87,81.8,75.07,71.47,71.55,76.14,77.79,79.55,79.3,79.18,77.91,79.67,80.49,80.7,80.89,80.48,81.35,81.56,80.8,80.97,80.96,80.88,80.96,81.69,75.58,73.15,73.03,74.59,73.22,75.42,74.62,75.25,73.67,71.72,70.88,73.19,71.4,68.67,67.36,68.09,67.06,65.56,66.16,68.34,74.7,69.0,69.06,74.84,77.02,79.23,80.43,80.77,79.25,79.91,79.47,81.07,80.44,77.57,77.22,78.26,77.63,76.68,76.76,78.4,75.88,71.5,71.59,75.69,77.1,79.11,80.13,80.56,78.91,79.37,78.72,80.58,79.95,76.9,76.39,77.59,76.86,75.76,75.77,77.47,77.92,74.25,74.2,79.1,80.79,82.83,82.74,82.82,81.82,83.1,83.67,84.21,84.17,83.38,84.08,84.28,83.56,83.76,83.94,83.96,83.95,84.51,81.85,80.35,80.72,81.73,81.53,83.23,82.87,82.67,81.57,82.62,82.73,83.75,83.57,83.05,83.4,83.48,82.78,82.97,83.12,83.04,82.41,83.43,79.64,77.57,77.46,78.52,76.79,79.09,78.67,78.69,77.25,76.28,75.03,77.9,76.54,74.25,73.23,73.9,72.88,71.68,72.2,74.07,74.75,70.34,69.99,74.55,74.55,77.03,77.24,77.33,75.83,75.66,74.22,76.81,75.41,72.44,71.5,72.62,71.5,70.02,70.45,72.42,75.1,70.23,70.04,75.04,76.99,78.89,80.4,80.13,78.79,79.6,79.33,80.96,80.38,77.78,77.47,78.56,77.89,77.07,76.91,78.58,72.19,67.12,67.39,72.61,74.1,76.56,77.65,77.95,76.56,76.8,76.15,78.1,77.18,73.85,73.38,74.78,73.85,72.55,72.42,74.54,76.3,72.01,71.61,77.77,80.15,82.01,81.84,81.75,80.83,82.43,83.04,83.56,83.72,83.06,83.81,84.1,83.43,83.66,83.77,83.79,83.93,84.41,80.35,78.51,78.49,80.07,80.95,82.15,81.9,81.6,80.31,81.52,81.5,82.71,82.63,81.78,82.12,82.43,81.86,81.95,82.02,81.92,81.19,82.49,76.1,74.2,74.14,74.88,73.89,75.5,74.81,75.38,73.47,72.21,71.3,73.77,72.52,70.44,69.19,70.14,69.43,68.01,68.44,70.13,75.4,70.15,70.32,75.67,78.34,80.09,81.34,81.78,80.31,80.91,80.65,82.08,81.78,79.19,78.98,79.88,79.28,78.43,78.39,79.85,78.2,74.08,73.83,79.23,81.32,83.4,83.19,83.45,82.42,83.57,84.18,84.83,84.95,84.18,84.81,85.02,84.34,84.5,84.6,84.66,84.71,85.27,80.49,79.16,78.64,80.31,80.9,82.24,81.93,81.7,80.44,81.66,81.75,83.17,83.27,82.65,83.07,83.47,82.86,83.02,82.97,82.67,82.24,83.29],
  "contact_probs": [[1.0,1.0,0.08,0.41,0.01,0.06,0.29,0.39,0.24,0.91,0.06,0.33,0.85,0.02,0.04,0.01,0.01],[1.0,1.0,0.81,0.93,0.08,0.33,0.7,0.08,0.02,0.6,0.01,0.04,0.3,0.12,0.16,0.03,0.01],[0.08,0.81,1.0,0.77,0.22,0.08,0.03,0.01,0.01,0.01,0.01,0.0,0.17,0.49,0.38,0.02,0.0],[0.41,0.93,0.77,1.0,0.79,0.78,0.25,0.02,0.01,0.02,0.01,0.02,0.49,0.49,0.79,0.29,0.03],[0.01,0.08,0.22,0.79,1.0,0.81,0.03,0.01,0.01,0.01,0.01,0.03,0.13,0.35,0.79,0.81,0.47],[0.06,0.33,0.08,0.78,0.81,1.0,1.0,0.54,0.05,0.05,0.02,0.01,0.01,0.01,0.07,0.3,0.84],[0.29,0.7,0.03,0.25,0.03,1.0,1.0,0.97,0.73,0.67,0.05,0.01,0.01,0.0,0.0,0.04,0.29],[0.39,0.08,0.01,0.02,0.01,0.54,0.97,1.0,0.93,0.81,0.32,0.01,0.0,0.0,0.0,0.01,0.29],[0.24,0.02,0.01,0.01,0.01,0.05,0.73,0.93,1.0,0.88,0.75,0.11,0.01,0.0,0.0,0.02,0.47],[0.91,0.6,0.01,0.02,0.01,0.05,0.67,0.81,0.88,1.0,0.63,0.63,0.21,0.01,0.01,0.04,0.11],[0.06,0.01,0.01,0.01,0.01,0.02,0.05,0.32,0.75,0.63,1.0,0.91,0.06,0.01,0.03,0.38,0.67],[0.33,0.04,0.0,0.02,0.03,0.01,0.01,0.01,0.11,0.63,0.91,1.0,1.0,0.06,0.77,0.83,0.22],[0.85,0.3,0.17,0.49,0.13,0.01,0.01,0.0,0.01,0.21,0.06,1.0,1.0,0.68,0.94,0.42,0.01],[0.02,0.12,0.49,0.49,0.35,0.01,0.0,0.0,0.0,0.01,0.01,0.06,0.68,1.0,0.73,0.1,0.01],[0.04,0.16,0.38,0.79,0.79,0.07,0.0,0.0,0.0,0.01,0.03,0.77,0.94,0.73,1.0,0.98,0.1],[0.01,0.03,0.02,0.29,0.81,0.3,0.04,0.01,0.02,0.04,0.38,0.83,0.42,0.1,0.98,1.0,1.0],[0.01,0.01,0.0,0.03,0.47,0.84,0.29,0.29,0.47,0.11,0.67,0.22,0.01,0.01,0.1,1.0,1.0]],
  "pae": [[1.0,1.8,5.3,3.5,4.9,4.6,4.3,4.6,4.4,3.6,4.7,4.2,4.1,6.1,4.1,4.7,4.6],[1.7,0.9,4.7,2.9,3.8,3.1,3.5,4.5,4.2,3.8,4.4,3.9,3.5,5.4,3.8,3.5,4.0],[7.1,4.5,1.5,5.9,8.2,7.7,10.4,10.7,10.8,9.9,10.6,11.4,10.2,9.3,8.1,10.4,11.6],[4.8,3.1,4.6,1.2,2.9,4.4,5.0,7.1,7.1,6.9,7.1,5.7,4.6,6.0,3.9,4.0,6.1],[5.3,4.2,5.0,2.6,1.1,3.0,4.8,6.2,6.8,6.1,6.7,6.4,4.6,5.8,3.9,4.0,5.0],[3.9,3.1,5.3,3.0,2.5,0.9,2.0,3.6,4.0,4.2,4.5,5.2,4.2,5.4,3.4,3.2,3.5],[3.9,3.6,5.6,3.4,2.9,1.9,0.9,2.8,2.9,3.4,4.1,4.4,4.1,5.3,3.8,3.4,3.2],[5.1,5.7,8.3,5.8,5.9,4.5,3.6,1.1,3.1,3.3,3.9,5.9,6.1,7.8,6.3,6.7,5.3],[5.4,6.9,8.9,7.0,6.9,5.8,4.9,3.0,1.1,3.2,3.8,5.4,6.3,8.6,6.7,6.6,5.6],[4.1,6.0,8.3,6.5,6.7,5.9,5.1,3.5,2.8,1.1,3.4,4.1,4.9,7.6,6.3,5.7,5.2],[5.3,7.3,8.7,7.0,7.1,7.4,7.3,4.6,3.6,2.7,1.3,3.5,4.8,7.8,6.2,5.8,5.5],[4.1,4.1,6.1,4.1,4.3,4.2,4.2,4.4,3.6,2.8,2.7,0.9,1.9,4.6,3.1,3.7,3.5],[3.5,3.5,5.8,3.6,4.0,4.2,4.4,4.7,4.1,3.0,3.0,1.7,0.9,4.1,2.7,3.3,3.9],[8.1,8.2,8.3,5.9,7.3,8.6,9.4,9.2,8.8,8.0,8.3,5.8,4.7,1.3,5.3,5.9,8.9],[4.7,4.9,6.5,3.5,4.1,5.0,5.4,6.2,5.9,5.9,5.5,4.5,3.0,3.3,1.1,3.1,4.3],[4.0,3.8,6.0,3.5,3.5,3.1,3.3,4.7,4.7,4.1,4.3,3.6,3.3,3.9,2.1,0.9,1.9],[4.6,4.3,6.9,4.0,4.0,3.8,3.4,4.8,5.0,4.3,4.4,3.9,3.7,5.1,2.6,1.6,1.0]],
  "token_chain_ids": ["A","A","A","A","A","A","A","A","A","A","A","A","A","A","A","A","A"],
  "token_res_ids": [1,2,3,4,5,6,7,8,9,10,11,12,13,14,15,16,17]
}