{
  "atom_chain_ids": ["A","A","A","A","A","A","A","A","A","A","A","A","A","A","A","A","A","A","A","A","A","A","A","A","A","A","A","A","A","A","A","A","A","A","A","A","A","A","A","A","A","A","A","A","A","A","A","A","A","A","A","A","A","A","A","A","A","A","A","A","A","A","A","A","A","A","A","A","A","A","A","A","A","A","A","A","A","A","A","A","A","A","A","A","A","A","A","A","A","A","A","A","A","A","A","A","A","A","A","A","A","A","A","A","A","A","A","A","A","A","A","A","A","A","A","A","A","A","A","A","A","A","A","A","A","A","A","A","A","A","A","A","A","A","A","A","A","A","A","A","A","A","A","A","A","A","A","A","A","A","A","A","A","A","A","A","A","A","A","A","A","A","A","A","A","A","A","A","A","A","A","A","A","A","A","A","A","A","A","A","A","A","A","A","A","A","A","A","A","A","A","A","A","A","A","A","A","A","A","A","A","A","A","A","A","A","A","A","A","A","A","A","A","A","A","A","A","A","A","A","A","A","A","A","A","A","A","A","A","A","A","A","A","A","A","A","A","A","A","A","A","A","A","A","A","A","A","A","A","A","A","A","A","A","A","A","A","A","A","A","A","A","A","A","A","A","A","A","A","A","A","A","A","A","A","A","A","A","A","A","A","A","A","A","A","A","A","A","A","A","A","A","A","A","A","A","A","A","A","A","A","A","A","A","A","A","A","A","A","A","A","A","A","A","A","A","A","A","A","A","A","A","A","A","A","A","A","A","A","A","A","A","A","A","A","A","A","A","A","A","A","A","A","A","A","A","A","A","A","A","A","A","A","A","A","A","A","A","A","A","A","A","A","A","A","A","A","A","A","A","A","A","A","A","A","A","A","A","A","A","A","A","A","A","A","A","A","A","A","A","A","A","A","A","A","A","A","A","A","A","A","A","A","A","A","A","A","A","A","A","A","A","A","A","A","A","A","A","A","A","A","A","A","A","A","A","A","A","A","A","A","A"],
  "atom_plddts": [61.79,62.48,57.19,58.55,62.5,65.66,67.54,69.65,69.1,67.38,69.04,69.05,69.28,69.65,69.06,69.66,70.13,69.64,68.34,68.61,68.94,69.37,71.16,64.06,61.1,61.61,64.8,65.26,67.01,69.22,68.15,66.64,67.7,68.52,68.26,68.9,68.29,68.84,69.61,69.3,68.57,68.33,68.44,68.5,69.59,63.46,60.71,61.25,63.8,63.34,64.21,66.04,65.1,63.78,64.11,63.99,64.88,64.95,64.36,64.74,65.58,65.17,64.16,63.98,64.34,63.55,65.14,58.6,56.34,56.97,59.63,58.51,58.94,58.24,59.78,59.04,56.51,56.64,56.91,55.05,52.34,51.28,50.89,50.24,48.53,50.07,52.41,58.57,54.46,55.01,58.61,58.61,60.2,62.02,62.69,61.1,61.02,60.54,61.09,60.28,57.94,58.19,58.68,57.45,56.1,56.12,57.11,57.87,60.86,57.09,57.76,61.38,62.18,63.89,66.35,65.65,64.05,64.85,65.54,65.67,66.15,65.39,65.96,66.74,66.24,65.43,65.26,65.43,65.34,66.77,64.16,61.58,61.67,64.89,66.08,67.71,69.64,68.51,67.04,68.21,68.86,68.64,69.22,68.56,69.11,69.79,69.41,68.67,68.57,68.69,68.73,69.83,63.77,62.18,61.97,63.81,62.84,63.49,64.6,63.7,62.07,62.13,62.08,62.76,62.75,62.87,63.26,63.9,63.54,62.48,62.39,62.49,61.35,63.27,59.08,56.99,56.74,58.96,57.8,58.39,58.35,58.8,57.63,56.73,54.92,55.96,54.22,52.32,52.28,51.65,50.29,48.65,49.43,51.1,51.1,54.67,49.65,49.15,55.39,55.64,56.43,57.82,58.1,57.56,57.13,56.04,57.1,55.81,53.89,54.31,53.83,52.47,50.71,51.7,53.51,52.26,55.29,55.73,51.42,52.75,57.31,57.08,58.33,60.77,59.28,59.22,58.06,59.19,58.9,58.52,57.07,57.0,57.14,56.93,55.52,56.28,62.39,58.24,58.44,63.03,63.54,64.62,67.22,66.21,64.94,65.6,65.48,66.15,66.48,65.27,65.7,66.68,66.13,64.99,64.89,65.24,65.0,66.66,63.11,60.73,61.04,63.49,63.8,65.4,67.63,66.35,65.2,65.96,66.53,66.46,67.08,66.62,67.33,67.94,67.61,67.01,66.71,66.79,66.75,67.75,63.61,62.01,61.8,63.39,62.8,63.73,65.58,64.45,63.42,63.49,63.62,64.34,64.77,64.69,65.39,66.03,65.71,65.0,64.68,64.7,64.34,65.42,54.75,53.43,53.28,54.11,52.73,53.34,51.86,54.82,53.24,51.91,50.61,51.61,49.4,47.04,46.9,45.97,44.54,43.42,43.93,45.55,46.24,53.13,49.22,49.19,53.8,53.23,54.65,55.13,56.9,56.27,54.99,54.29,55.19,53.69,51.5,51.73,50.95,49.5,48.25,49.16,50.82,49.5,52.69,54.59,50.53,50.7,54.92,53.82,55.29,56.01,58.13,56.68,56.27,55.18,56.1,54.58,52.31,52.46,52.16,50.7,49.37,49.81,51.09,52.11,64.27,60.61,61.19,64.84,65.33,66.89,69.21,68.39,67.24,68.18,68.24,68.5,69.06,68.37,68.93,69.71,69.25,68.51,68.31,68.47,68.56,69.71,66.76,64.47,64.78,67.13,67.71,69.47,71.09,70.0,68.85,69.78,70.0,70.35,70.98,70.35,70.89,71.61,71.27,70.71,70.52,70.57,70.58,71.5,65.4,63.38,63.49,65.06,65.63,66.14,67.76,66.62,65.28,66.14,65.75,66.34,66.49,66.45,66.62,67.21,66.89,65.97,66.14,66.37,65.97,67.23],
  "contact_probs": [[1.0,1.0,0.34,0.02,0.03,0.12,0.36,0.55,0.3,0.33,0.19,0.28,0.62,0.38,0.02,0.01,0.01,0.03,0.03,0.03],[1.0,1.0,0.99,0.19,0.3,0.43,0.61,0.34,0.06,0.04,0.02,0.07,0.24,0.49,0.06,0.01,0.05,0.06,0.07,0.03],[0.34,0.99,1.0,0.67,0.81,0.7,0.32,0.04,0.01,0.01,0.01,0.02,0.1,0.32,0.16,0.08,0.19,0.08,0.03,0.02],[0.02,0.19,0.67,1.0,0.61,0.2,0.02,0.01,0.01,0.0,0.01,0.0,0.01,0.09,0.13,0.06,0.19,0.11,0.01,0.0],[0.03,0.3,0.81,0.61,1.0,0.91,0.29,0.01,0.01,0.01,0.01,0.01,0.01,0.07,0.12,0.1,0.34,0.46,0.17,0.02],[0.12,0.43,0.7,0.2,0.91,1.0,0.99,0.31,0.03,0.02,0.01,0.02,0.02,0.02,0.01,0.01,0.08,0.23,0.7,0.38],[0.36,0.61,0.32,0.02,0.29,0.99,1.0,0.98,0.44,0.19,0.04,0.05,0.03,0.01,0.0,0.0,0.01,0.07,0.3,0.75],[0.55,0.34,0.04,0.01,0.01,0.31,0.98,1.0,0.83,0.65,0.14,0.08,0.03,0.01,0.0,0.0,0.01,0.02,0.11,0.28],[0.3,0.06,0.01,0.01,0.01,0.03,0.44,0.83,1.0,0.86,0.34,0.11,0.02,0.01,0.01,0.0,0.01,0.01,0.08,0.42],[0.33,0.04,0.01,0.0,0.01,0.02,0.19,0.65,0.86,1.0,0.86,0.55,0.06,0.01,0.01,0.0,0.01,0.02,0.14,0.49],[0.19,0.02,0.01,0.01,0.01,0.01,0.04,0.14,0.34,0.86,1.0,0.82,0.13,0.01,0.01,0.0,0.01,0.04,0.21,0.39],[0.28,0.07,0.02,0.0,0.01,0.02,0.05,0.08,0.11,0.55,0.82,1.0,0.99,0.16,0.02,0.01,0.03,0.42,0.59,0.23],[0.62,0.24,0.1,0.01,0.01,0.02,0.03,0.03,0.02,0.06,0.13,0.99,1.0,0.98,0.14,0.06,0.21,0.68,0.22,0.06],[0.38,0.49,0.32,0.09,0.07,0.02,0.01,0.01,0.01,0.01,0.01,0.16,0.98,1.0,0.56,0.15,0.49,0.43,0.07,0.05],[0.02,0.06,0.16,0.13,0.12,0.01,0.0,0.0,0.01,0.01,0.01,0.02,0.14,0.56,1.0,0.53,0.35,0.09,0.01,0.01],[0.01,0.01,0.08,0.06,0.1,0.01,0.0,0.0,0.0,0.0,0.0,0.01,0.06,0.15,0.53,1.0,0.57,0.09,0.01,0.0],[0.01,0.05,0.19,0.19,0.34,0.08,0.01,0.01,0.01,0.01,0.01,0.03,0.21,0.49,0.35,0.57,1.0,0.73,0.09,0.01],[0.03,0.06,0.08,0.11,0.46,0.23,0.07,0.02,0.01,0.02,0.04,0.42,0.68,0.43,0.09,0.09,0.73,1.0,0.99,0.06],[0.03,0.07,0.03,0.01,0.17,0.7,0.3,0.11,0.08,0.14,0.21,0.59,0.22,0.07,0.01,0.01,0.09,0.99,1.0,1.0],[0.03,0.03,0.02,0.0,0.02,0.38,0.75,0.28,0.42,0.49,0.39,0.23,0.06,0.05,0.01,0.0,0.01,0.06,1.0,1.0]],
  "pae": [[0.9,1.9,3.3,8.2,4.8,5.4,5.0,6.0,8.0,8.2,8.3,4.8,4.9,5.5,11.0,11.7,8.7,5.7,4.8,5.6],[1.5,0.9,1.9,6.4,3.9,3.7,3.8,5.6,8.0,7.8,7.7,4.3,3.8,4.9,9.5,9.3,7.4,4.5,3.9,4.6],[3.2,2.1,0.9,5.3,4.1,4.2,5.6,7.3,9.3,9.7,9.0,6.2,5.3,4.8,9.1,8.4,6.8,5.4,5.7,7.0],[8.9,6.5,6.4,1.2,5.5,7.2,9.0,11.2,12.8,13.6,14.0,11.9,10.9,10.1,10.5,10.0,10.0,10.7,11.9,13.4],[6.1,4.9,3.7,5.0,1.1,2.7,4.6,6.4,9.0,9.8,9.6,7.0,7.3,6.9,10.1,9.3,7.4,6.1,6.6,7.3],[4.9,4.6,3.6,5.8,3.0,0.9,2.0,4.6,6.3,7.5,8.4,5.6,5.5,6.2,9.6,8.3,7.6,4.5,4.8,5.4],[4.6,4.4,5.5,7.5,3.4,2.3,0.9,2.7,5.7,5.9,7.5,5.2,5.3,6.4,9.8,10.0,7.7,4.4,3.7,4.8],[5.8,6.0,7.4,10.2,5.6,4.7,3.5,1.0,4.4,4.6,6.6,6.3,7.8,9.0,12.6,13.1,10.5,6.7,5.3,5.9],[10.4,10.9,12.8,14.1,12.1,8.6,6.9,5.3,1.1,3.9,6.1,7.0,10.8,13.3,15.1,15.9,13.2,9.8,9.1,7.3],[10.6,11.5,13.9,14.8,12.9,9.7,7.8,6.4,4.1,1.1,5.5,6.1,11.2,12.7,16.3,16.9,14.7,11.7,10.4,7.2],[10.2,11.5,14.1,14.2,13.4,11.0,10.3,9.8,6.3,4.7,1.5,5.0,7.1,11.4,13.7,14.8,13.0,12.4,8.9,8.2],[5.1,5.2,6.2,9.5,6.7,5.6,5.8,6.4,6.4,5.4,4.7,1.0,2.2,4.6,8.5,8.9,7.8,6.2,5.0,5.2],[4.6,4.7,5.2,9.1,6.2,5.4,5.1,6.7,7.4,7.1,4.8,2.2,0.9,2.8,8.5,7.7,7.2,5.1,4.6,5.4],[4.6,4.5,5.3,9.5,6.1,5.4,5.9,7.3,8.1,8.1,6.1,3.6,2.3,1.0,7.4,8.7,5.9,5.1,5.3,6.4],[13.7,14.2,11.9,14.3,14.8,16.5,15.3,17.5,17.4,16.5,16.4,13.0,11.1,9.3,1.3,7.3,6.5,11.9,14.9,16.0],[12.8,12.7,9.9,9.8,12.2,13.7,14.0,15.2,16.4,14.8,14.8,9.1,8.2,6.0,6.1,1.1,6.7,9.4,10.3,13.7],[12.1,11.3,8.9,10.0,10.8,10.7,11.9,13.3,14.6,14.3,13.4,8.7,7.3,8.0,6.6,4.9,1.2,8.2,10.0,10.8],[4.9,5.1,5.0,9.5,5.3,3.9,4.9,4.8,6.7,6.9,6.6,4.8,4.1,5.2,8.6,7.5,6.5,0.9,1.7,3.0],[4.0,4.4,5.4,9.5,5.1,4.2,4.1,4.3,5.4,6.4,5.9,4.2,3.8,5.0,8.8,8.7,6.2,1.8,0.9,2.0],[6.2,6.4,7.2,12.0,7.2,5.5,5.2,5.5,6.9,7.4,6.3,5.0,6.2,7.4,10.9,10.9,7.4,3.6,2.4,1.0]],
  "token_chain_ids": ["A","A","A","A","A","A","A","A","A","A","A","A","A","A","A","A","A","A","A","A"],
  "token_res_ids": [1,2,3,4,5,6,7,8,9,10,11,12,13,14,15,16,17,18,19,20]
}