{
  "atom_chain_ids": ["A","A","A","A","A","A","A","A","A","A","A","A","A","A","A","A","A","A","A","A","A","A","A","A","A","A","A","A","A","A","A","A","A","A","A","A","A","A","A","A","A","A","A","A","A","A","A","A","A","A","A","A","A","A","A","A","A","A","A","A","A","A","A","A","A","A","A","A","A","A","A","A","A","A","A","A","A","A","A","A","A","A","A","A","A","A","A","A","A","A","A","A","A","A","A","A","A","A","A","A","A","A","A","A","A","A","A","A","A","A","A","A","A","A","A","A","A","A","A","A","A","A","A","A","A","A","A","A","A","A","A","A","A","A","A","A","A","A","A","A","A","A","A","A","A","A","A","A","A","A","A","A","A","A","A","A","A","A","A","A","A","A","A","A","A","A","A","A","A","A","A","A","A","A","A","A","A","A","A","A","A","A","A","A","A","A","A","A","A","A","A","A","A","A","A","A","A","A","A","A","A","A","A","A","A","A","A","A","A","A","A","A","A","A","A","A","A","A","A","A","A","A","A","A","A","A","A","A","A","A","A","A","A","A","A","A","A","A","A","A","A","A","A","A","A","A","A","A","A","A","A","A","A","A","A","A","A","A","A","A","A","A","A","A","A","A","A","A","A","A","A","A","A","A","A","A","A","A","A","A","A","A","A","A","A","A","A","A","A","A","A","A","A","A","A","A","A","A","A","A","A","A","A","A","A","A","A","A","A","A","A","A","A","A","A","A","A","A","A","A","A","A","A","A","A","A","A","A","A","A","A","A","A","A","A","A","A","A","A","A","A","A","A","A","A","A","A","A","A","A","A","A","A","A","A","A","A","A","A","A","A","A","A","A","A","A","A","A","A","A","A","A","A","A","A","A","A","A","A","A","A","A","A","A","A","A","A","A","A","A","A","A","A","A","A","A","A","A","A","A","A","A","A","A","A","A","A","A","A","A","A","A","A","A","A","A","A","A","A","A","A","A","A","A","A","A","A","A","A","A","A","A"],
  "atom_plddts": [63.42,64.54,59.15,60.42,64.49,67.74,69.69,71.6,71.26,69.49,71.08,70.94,71.52,71.91,71.24,71.9,72.39,71.78,70.53,70.84,71.18,71.57,73.46,66.78,63.61,64.0,67.69,68.4,70.32,71.89,71.21,69.56,70.73,71.44,71.39,71.97,71.2,71.77,72.51,72.1,71.41,71.26,71.36,71.45,72.67,67.03,64.24,64.47,67.36,66.58,67.75,69.23,68.59,67.04,67.51,67.1,68.31,68.31,67.51,67.82,68.68,68.14,67.1,67.04,67.42,66.64,68.46,63.96,61.58,62.03,64.69,63.12,63.79,63.11,64.07,63.29,60.48,60.33,61.23,59.19,56.59,55.25,55.15,54.37,52.45,54.08,56.46,60.69,56.28,56.7,60.72,60.83,62.51,64.28,64.81,63.1,63.29,62.66,63.39,62.57,60.23,60.44,61.07,59.78,58.37,58.44,59.43,60.25,62.51,58.59,59.28,63.16,63.81,65.88,68.22,67.87,66.14,67.01,67.7,68.09,68.57,67.66,68.31,69.11,68.48,67.67,67.55,67.72,67.69,69.3,66.48,63.68,63.72,67.28,68.28,70.07,71.67,70.79,69.18,70.37,70.97,71.07,71.63,70.97,71.6,72.28,71.78,71.13,71.01,71.08,71.19,72.34,66.05,64.06,63.92,66.34,65.51,66.64,67.55,67.01,65.17,65.46,65.6,66.16,66.15,66.16,66.64,67.26,66.81,65.87,65.8,65.91,65.03,66.85,62.74,60.47,60.15,62.69,61.29,62.17,62.06,62.14,60.79,59.89,58.05,59.19,57.33,55.48,55.36,54.95,53.39,51.65,52.51,54.17,54.08,57.21,52.16,51.75,58.12,58.39,59.23,60.55,60.83,60.1,59.57,58.2,59.4,57.85,55.85,56.06,55.68,54.0,52.12,53.32,55.19,53.81,57.37,57.38,53.02,54.52,59.18,58.83,60.2,62.43,61.12,60.9,59.72,60.7,60.61,59.93,58.46,58.18,58.31,57.99,56.51,57.48,64.77,60.21,60.3,65.48,65.89,67.35,69.63,68.84,67.44,68.27,68.01,69.02,69.33,68.09,68.55,69.62,69.0,67.87,67.8,68.08,67.91,69.74,66.48,63.8,64.07,67.0,67.36,69.33,70.99,70.15,68.77,69.77,70.24,70.43,71.0,70.41,71.11,71.76,71.34,70.77,70.53,70.58,70.57,71.72,67.26,65.31,65.21,67.17,66.42,67.6,69.0,67.99,66.77,67.03,67.0,68.18,68.61,68.55,69.15,69.9,69.47,68.78,68.49,68.45,68.11,69.33,55.85,54.01,54.02,55.31,54.42,55.6,53.98,57.09,55.28,54.12,53.13,53.49,51.1,48.45,48.3,47.16,45.33,44.31,44.93,46.75,47.86,55.1,50.71,50.65,55.88,55.19,56.58,57.22,58.79,58.08,56.88,56.21,57.17,55.7,53.72,54.04,53.33,51.85,50.57,51.48,53.07,51.88,55.0,58.06,53.75,53.83,58.44,57.28,58.76,59.7,61.17,59.61,59.51,58.17,59.3,57.68,55.37,55.46,55.35,53.74,52.22,52.74,54.06,55.11,66.48,62.9,63.57,67.04,67.6,69.31,71.27,70.61,69.42,70.44,70.52,70.95,71.52,70.88,71.44,72.19,71.73,71.06,70.92,71.04,71.14,72.25,68.54,66.05,66.41,68.83,69.21,71.23,72.56,71.82,70.59,71.51,71.74,72.32,72.97,72.32,72.91,73.63,73.22,72.7,72.54,72.53,72.56,73.53,68.43,66.19,66.26,68.17,68.53,69.52,70.72,70.01,68.47,69.43,68.85,69.86,69.98,69.7,69.85,70.57,70.11,69.18,69.39,69.55,69.11,70.7],
  "contact_probs": [[1.0,1.0,0.34,0.02,0.03,0.12,0.36,0.55,0.3,0.33,0.19,0.28,0.62,0.38,0.02,0.01,0.01,0.03,0.03,0.03],[1.0,1.0,0.99,0.19,0.3,0.43,0.61,0.34,0.06,0.04,0.02,0.07,0.24,0.49,0.06,0.01,0.05,0.06,0.07,0.03],[0.34,0.99,1.0,0.67,0.81,0.7,0.32,0.04,0.01,0.01,0.01,0.02,0.1,0.32,0.16,0.08,0.19,0.08,0.03,0.02],[0.02,0.19,0.67,1.0,0.61,0.2,0.02,0.01,0.01,0.0,0.01,0.0,0.01,0.09,0.13,0.06,0.19,0.11,0.01,0.0],[0.03,0.3,0.81,0.61,1.0,0.91,0.29,0.01,0.01,0.01,0.01,0.01,0.01,0.07,0.12,0.1,0.34,0.46,0.17,0.02],[0.12,0.43,0.7,0.2,0.91,1.0,0.99,0.31,0.03,0.02,0.01,0.02,0.02,0.02,0.01,0.01,0.08,0.23,0.7,0.38],[0.36,0.61,0.32,0.02,0.29,0.99,1.0,0.98,0.44,0.19,0.04,0.05,0.03,0.01,0.0,0.0,0.01,0.07,0.3,0.75],[0.55,0.34,0.04,0.01,0.01,0.31,0.98,1.0,0.83,0.65,0.14,0.08,0.03,0.01,0.0,0.0,0.01,0.02,0.11,0.28],[0.3,0.06,0.01,0.01,0.01,0.03,0.44,0.83,1.0,0.86,0.34,0.11,0.02,0.01,0.01,0.0,0.01,0.01,0.08,0.42],[0.33,0.04,0.01,0.0,0.01,0.02,0.19,0.65,0.86,1.0,0.86,0.55,0.06,0.01,0.01,0.0,0.01,0.02,0.14,0.49],[0.19,0.02,0.01,0.01,0.01,0.01,0.04,0.14,0.34,0.86,1.0,0.82,0.13,0.01,0.01,0.0,0.01,0.04,0.21,0.39],[0.28,0.07,0.02,0.0,0.01,0.02,0.05,0.08,0.11,0.55,0.82,1.0,0.99,0.16,0.02,0.01,0.03,0.42,0.59,0.23],[0.62,0.24,0.1,0.01,0.01,0.02,0.03,0.03,0.02,0.06,0.13,0.99,1.0,0.98,0.14,0.06,0.21,0.68,0.22,0.06],[0.38,0.49,0.32,0.09,0.07,0.02,0.01,0.01,0.01,0.01,0.01,0.16,0.98,1.0,0.56,0.15,0.49,0.43,0.07,0.05],[0.02,0.06,0.16,0.13,0.12,0.01,0.0,0.0,0.01,0.01,0.01,0.02,0.14,0.56,1.0,0.53,0.35,0.09,0.01,0.01],[0.01,0.01,0.08,0.06,0.1,0.01,0.0,0.0,0.0,0.0,0.0,0.01,0.06,0.15,0.53,1.0,0.57,0.09,0.01,0.0],[0.01,0.05,0.19,0.19,0.34,0.08,0.01,0.01,0.01,0.01,0.01,0.03,0.21,0.49,0.35,0.57,1.0,0.73,0.09,0.01],[0.03,0.06,0.08,0.11,0.46,0.23,0.07,0.02,0.01,0.02,0.04,0.42,0.68,0.43,0.09,0.09,0.73,1.0,0.99,0.06],[0.03,0.07,0.03,0.01,0.17,0.7,0.3,0.11,0.08,0.14,0.21,0.59,0.22,0.07,0.01,0.01,0.09,0.99,1.0,1.0],[0.03,0.03,0.02,0.0,0.02,0.38,0.75,0.28,0.42,0.49,0.39,0.23,0.06,0.05,0.01,0.0,0.01,0.06,1.0,1.0]],
  "pae": [[1.0,1.8,3.0,5.9,5.5,5.4,5.0,5.5,6.8,6.8,7.5,4.8,4.7,5.2,12.1,10.0,6.6,5.4,4.7,5.0],[1.5,0.9,1.6,3.9,3.8,3.4,3.6,4.8,7.1,6.8,7.2,4.1,3.7,4.4,10.3,8.6,5.3,4.2,3.7,4.2],[2.7,1.7,0.9,2.6,3.5,3.5,4.8,5.6,7.9,7.9,7.9,5.0,4.5,4.1,9.3,7.9,5.0,4.6,4.4,5.5],[6.5,4.1,3.7,1.2,4.0,4.7,6.5,8.3,10.1,10.6,10.2,8.5,8.1,6.5,13.3,10.0,7.2,6.7,6.9,9.0],[5.3,4.5,3.2,3.4,1.1,2.7,4.5,5.4,7.7,8.0,8.3,6.2,6.0,5.6,10.1,8.3,5.4,5.0,4.9,5.8],[4.7,4.1,3.2,3.5,2.4,0.9,2.2,4.1,5.8,7.0,7.4,5.0,5.0,5.5,9.3,7.4,5.7,4.4,4.1,4.4],[4.1,3.9,4.5,5.1,3.0,2.3,0.9,2.4,4.7,5.3,6.2,4.3,4.4,5.3,10.0,8.7,5.9,3.9,3.4,3.6],[5.4,5.5,6.6,7.9,5.2,4.7,3.3,1.0,3.7,3.9,6.0,6.0,6.6,7.4,12.7,11.2,7.9,6.1,5.1,4.7],[9.1,9.7,10.8,11.7,10.0,8.0,6.5,4.8,1.1,3.5,5.6,7.1,9.8,11.3,14.2,14.1,11.6,9.1,7.9,7.0],[9.3,10.6,11.9,13.4,12.2,9.8,8.1,5.8,3.9,1.1,5.4,6.8,9.5,11.4,16.7,14.6,12.7,9.9,8.9,7.2],[9.3,10.8,13.1,12.9,12.6,10.7,9.6,7.9,4.8,4.5,1.4,5.1,6.8,11.0,14.6,13.6,11.3,11.8,8.9,8.3],[5.1,5.1,5.6,7.6,6.2,5.9,5.8,5.8,5.7,4.6,4.5,1.0,2.1,4.3,10.2,8.7,6.4,5.6,5.1,5.6],[4.4,4.2,4.5,6.7,5.7,5.1,4.8,5.9,6.7,6.2,4.5,2.3,0.9,2.3,8.7,7.1,5.3,4.5,4.3,4.8],[4.8,4.6,4.6,7.0,5.6,5.1,5.5,6.2,7.5,7.2,5.9,3.5,2.0,0.9,7.1,6.1,4.4,4.4,5.2,6.1],[17.5,17.0,15.0,15.5,16.8,18.9,18.6,19.7,18.2,17.8,18.7,17.1,13.7,11.2,1.4,8.1,9.9,15.5,17.5,17.1],[12.9,12.4,10.0,10.4,11.1,12.7,13.7,14.6,14.6,14.2,13.8,12.1,10.0,6.2,7.9,1.3,6.4,8.7,11.3,13.2],[10.6,9.8,8.2,9.2,8.9,9.6,10.6,12.2,12.5,11.9,11.5,10.4,8.8,6.8,6.4,4.1,1.2,6.4,8.6,9.9],[4.4,4.7,4.3,6.7,4.2,3.9,4.1,4.5,6.3,6.5,6.4,3.8,3.7,4.4,9.4,6.9,4.6,0.9,1.6,2.7],[3.7,3.9,4.4,6.7,4.3,3.8,3.0,3.7,5.3,6.1,5.8,3.6,3.5,4.5,9.6,7.6,4.8,1.7,0.9,1.7],[5.6,5.5,5.9,8.2,5.7,4.8,4.3,4.8,5.9,5.9,6.2,4.4,5.1,6.4,12.1,8.9,5.9,3.3,2.1,1.0]],
  "token_chain_ids": ["A","A","A","A","A","A","A","A","A","A","A","A","A","A","A","A","A","A","A","A"],
  "token_res_ids": [1,2,3,4,5,6,7,8,9,10,11,12,13,14,15,16,17,18,19,20]
}