{
  "atom_chain_ids": ["A","A","A","A","A","A","A","A","A","A","A","A","A","A","A","A","A","A","A","A","A","A","A","A","A","A","A","A","A","A","A","A","A","A","A","A","A","A","A","A","A","A","A","A","A","A","A","A","A","A","A","A","A","A","A","A","A","A","A","A","A","A","A","A","A","A","A","A","A","A","A","A","A","A","A","A","A","A","A","A","A","A","A","A","A","A","A","A","A","A","A","A","A","A","A","A","A","A","A","A","A","A","A","A","A","A","A","A","A","A","A","A","A","A","A","A","A","A","A","A","A","A","A","A","A","A","A","A","A","A","A","A","A","A","A","A","A","A","A","A","A","A","A","A","A","A","A","A","A","A","A","A","A","A","A","A","A","A","A","A","A","A","A","A","A","A","A","A","A","A","A","A","A","A","A","A","A","A","A","A","A","A","A","A","A","A","A","A","A","A","A","A","A","A","A","A","A","A","A","A","A","A","A","A","A","A","A","A","A","A","A","A","A","A","A","A","A","A","A","A","A","A","A","A","A","A","A","A","A","A","A","A","A","A","A","A","A","A","A","A","A","A","A","A","A","A","A","A","A","A","A","A","A","A","A","A","A","A","A","A","A","A","A","A","A","A","A","A","A","A","A","A","A","A","A","A","A","A","A","A","A","A","A","A","A","A","A","A","A","A","A","A","A","A","A","A","A","A","A","A","A","A","A","A","A","A","A","A","A","A","A","A","A","A","A","A","A","A","A","A","A","A","A","A","A","A","A","A","A","A","A","A","A","A","A","A","A","A","A","A","A","A","A","A","A","A","A","A","A","A","A","A","A","A","A","A","A","A","A","A","A","A","A","A","A","A","A","A","A","A","A","A","A","A","A","A","A","A","A","A","A","A","A","A","A","A","A","A","A","A","A","A","A","A","A","A","A","A","A","A","A","A","A","A","A","A","A","A","A","A","A","A","A","A","A","A","A","A","A","A","A","A","A","A","A","A","A","A","A","A","A","A"],
  "atom_plddts": [63.64,64.64,59.17,60.45,64.6,67.94,69.93,71.88,71.56,69.79,71.42,71.33,71.91,72.3,71.57,72.25,72.72,72.11,70.88,71.19,71.52,72.0,73.83,66.75,63.63,63.99,67.66,68.41,70.29,71.86,71.16,69.52,70.77,71.51,71.36,71.93,71.13,71.73,72.43,72.04,71.38,71.22,71.33,71.48,72.61,67.21,64.29,64.62,67.65,67.09,68.4,69.89,69.28,67.69,68.33,67.94,69.14,69.2,68.29,68.62,69.46,68.91,67.93,67.88,68.26,67.64,69.35,63.59,61.06,61.6,64.43,62.97,63.74,63.07,64.06,63.25,60.43,60.45,61.3,59.32,56.71,55.49,55.39,54.59,52.75,54.27,56.65,61.08,56.76,57.2,61.11,61.29,62.99,64.68,65.23,63.45,63.52,62.9,63.64,62.76,60.39,60.57,61.21,59.9,58.47,58.52,59.54,60.38,62.2,58.21,58.91,62.84,63.79,65.9,68.34,67.96,66.23,67.18,67.92,68.19,68.69,67.73,68.39,69.16,68.54,67.76,67.63,67.79,67.79,69.39,65.76,63.05,63.16,66.57,67.71,69.47,71.19,70.27,68.67,69.87,70.52,70.51,71.09,70.42,71.05,71.72,71.28,70.64,70.48,70.56,70.68,71.78,65.67,63.5,63.45,66.0,65.19,66.24,67.3,66.59,64.8,65.14,65.2,65.92,65.96,65.93,66.38,67.05,66.57,65.62,65.56,65.69,64.81,66.65,62.09,59.55,59.35,62.24,60.93,61.85,62.0,62.21,60.82,59.93,58.23,59.35,57.54,55.53,55.49,55.08,53.48,51.76,52.61,54.3,54.35,58.56,53.38,53.1,59.52,59.64,60.58,62.19,62.1,61.34,61.06,59.75,60.99,59.82,58.06,58.36,58.3,56.83,55.02,56.04,57.65,56.38,59.61,58.63,54.13,55.7,60.43,59.94,61.34,63.77,62.29,62.03,60.99,61.98,62.03,61.55,60.26,60.06,60.41,60.05,58.62,59.42,64.72,60.21,60.36,65.48,66.19,67.69,69.99,69.19,67.79,68.74,68.65,69.49,69.88,68.58,69.08,70.06,69.41,68.36,68.33,68.64,68.57,70.26,66.19,63.55,63.85,66.83,67.39,69.35,70.99,70.12,68.79,69.88,70.35,70.45,71.0,70.31,71.01,71.6,71.18,70.63,70.43,70.52,70.56,71.65,67.27,65.4,65.15,67.08,66.34,67.41,68.79,67.76,66.53,66.65,66.59,67.74,68.13,68.16,68.76,69.44,68.98,68.31,68.01,68.0,67.61,68.85,53.87,51.63,51.83,53.5,52.76,54.13,52.49,55.94,54.13,52.97,51.96,52.2,49.81,46.96,46.73,45.62,43.78,42.82,43.44,45.23,46.39,54.21,49.8,49.67,54.91,54.45,55.92,56.53,58.18,57.5,56.36,55.76,56.57,55.09,53.06,53.37,52.59,51.11,49.84,50.78,52.45,51.29,54.39,57.27,52.7,52.89,57.83,56.82,58.5,59.3,61.06,59.47,59.34,58.1,59.13,57.5,55.04,55.14,55.0,53.36,51.88,52.4,53.72,54.83,65.86,62.21,62.91,66.45,67.22,68.88,70.89,70.13,68.92,70.03,70.16,70.54,71.15,70.51,71.09,71.84,71.39,70.75,70.56,70.68,70.85,71.88,68.34,65.7,66.2,68.92,69.75,71.81,73.07,72.42,71.16,72.34,72.69,73.09,73.74,72.87,73.48,74.17,73.76,73.29,73.14,73.18,73.36,74.22,68.05,65.77,65.79,67.82,68.35,69.32,70.57,69.79,68.28,69.25,68.62,69.58,69.7,69.36,69.49,70.2,69.77,68.83,69.03,69.21,68.79,70.34],
  "contact_probs": [[1.0,1.0,0.34,0.02,0.03,0.12,0.36,0.55,0.3,0.33,0.19,0.28,0.62,0.38,0.02,0.01,0.01,0.03,0.03,0.03],[1.0,1.0,0.99,0.19,0.3,0.43,0.61,0.34,0.06,0.04,0.02,0.07,0.24,0.49,0.06,0.01,0.05,0.06,0.07,0.03],[0.34,0.99,1.0,0.67,0.81,0.7,0.32,0.04,0.01,0.01,0.01,0.02,0.1,0.32,0.16,0.08,0.19,0.08,0.03,0.02],[0.02,0.19,0.67,1.0,0.61,0.2,0.02,0.01,0.01,0.0,0.01,0.0,0.01,0.09,0.13,0.06,0.19,0.11,0.01,0.0],[0.03,0.3,0.81,0.61,1.0,0.91,0.29,0.01,0.01,0.01,0.01,0.01,0.01,0.07,0.12,0.1,0.34,0.46,0.17,0.02],[0.12,0.43,0.7,0.2,0.91,1.0,0.99,0.31,0.03,0.02,0.01,0.02,0.02,0.02,0.01,0.01,0.08,0.23,0.7,0.38],[0.36,0.61,0.32,0.02,0.29,0.99,1.0,0.98,0.44,0.19,0.04,0.05,0.03,0.01,0.0,0.0,0.01,0.07,0.3,0.75],[0.55,0.34,0.04,0.01,0.01,0.31,0.98,1.0,0.83,0.65,0.14,0.08,0.03,0.01,0.0,0.0,0.01,0.02,0.11,0.28],[0.3,0.06,0.01,0.01,0.01,0.03,0.44,0.83,1.0,0.86,0.34,0.11,0.02,0.01,0.01,0.0,0.01,0.01,0.08,0.42],[0.33,0.04,0.01,0.0,0.01,0.02,0.19,0.65,0.86,1.0,0.86,0.55,0.06,0.01,0.01,0.0,0.01,0.02,0.14,0.49],[0.19,0.02,0.01,0.01,0.01,0.01,0.04,0.14,0.34,0.86,1.0,0.82,0.13,0.01,0.01,0.0,0.01,0.04,0.21,0.39],[0.28,0.07,0.02,0.0,0.01,0.02,0.05,0.08,0.11,0.55,0.82,1.0,0.99,0.16,0.02,0.01,0.03,0.42,0.59,0.23],[0.62,0.24,0.1,0.01,0.01,0.02,0.03,0.03,0.02,0.06,0.13,0.99,1.0,0.98,0.14,0.06,0.21,0.68,0.22,0.06],[0.38,0.49,0.32,0.09,0.07,0.02,0.01,0.01,0.01,0.01,0.01,0.16,0.98,1.0,0.56,0.15,0.49,0.43,0.07,0.05],[0.02,0.06,0.16,0.13,0.12,0.01,0.0,0.0,0.01,0.01,0.01,0.02,0.14,0.56,1.0,0.53,0.35,0.09,0.01,0.01],[0.01,0.01,0.08,0.06,0.1,0.01,0.0,0.0,0.0,0.0,0.0,0.01,0.06,0.15,0.53,1.0,0.57,0.09,0.01,0.0],[0.01,0.05,0.19,0.19,0.34,0.08,0.01,0.01,0.01,0.01,0.01,0.03,0.21,0.49,0.35,0.57,1.0,0.73,0.09,0.01],[0.03,0.06,0.08,0.11,0.46,0.23,0.07,0.02,0.01,0.02,0.04,0.42,0.68,0.43,0.09,0.09,0.73,1.0,0.99,0.06],[0.03,0.07,0.03,0.01,0.17,0.7,0.3,0.11,0.08,0.14,0.21,0.59,0.22,0.07,0.01,0.01,0.09,0.99,1.0,1.0],[0.03,0.03,0.02,0.0,0.02,0.38,0.75,0.28,0.42,0.49,0.39,0.23,0.06,0.05,0.01,0.0,0.01,0.06,1.0,1.0]],
  "pae": [[1.0,2.0,3.1,5.8,5.3,5.3,4.7,5.6,6.6,6.1,6.5,4.6,4.5,4.7,11.3,9.3,6.7,5.3,4.5,5.0],[1.4,0.9,1.6,4.0,3.4,3.2,3.4,4.8,5.9,5.7,5.8,3.9,3.4,3.9,9.7,7.6,5.5,3.9,3.3,3.9],[2.6,1.8,0.9,3.0,3.4,3.3,4.4,5.1,6.8,6.8,6.9,4.8,4.3,3.9,9.0,7.2,5.4,4.6,4.3,5.2],[6.3,4.1,4.0,1.2,3.5,4.2,6.0,7.8,10.1,10.2,10.6,8.0,7.3,6.6,11.4,8.6,7.2,7.2,7.4,9.2],[5.1,4.4,2.9,3.3,1.1,2.7,4.3,5.5,7.5,7.5,7.9,6.0,5.7,5.5,9.8,7.7,5.7,5.0,5.0,6.0],[4.6,4.1,3.2,3.6,2.5,0.9,2.2,3.8,5.2,6.0,7.0,5.3,5.1,5.5,9.2,6.8,6.3,4.4,4.1,4.4],[3.9,3.7,4.3,5.3,3.0,2.2,0.9,2.5,4.4,4.8,5.9,4.5,4.6,5.2,9.8,8.2,6.3,3.9,3.2,3.7],[5.0,5.4,5.8,7.6,4.7,4.2,3.0,1.0,3.5,3.6,5.4,5.7,6.4,7.0,12.3,10.2,7.7,5.7,4.7,4.5],[7.9,8.0,9.5,10.2,8.8,6.8,5.1,3.8,1.1,3.1,4.8,6.3,8.0,10.2,13.4,12.6,9.9,8.0,6.7,6.2],[7.2,8.2,9.4,10.6,9.5,7.4,6.3,4.7,3.7,1.1,4.5,5.7,7.2,9.6,14.6,12.7,10.6,8.2,7.1,6.3],[7.6,9.3,10.8,11.0,10.8,9.3,8.0,6.5,4.5,4.2,1.4,4.3,6.0,9.3,13.8,12.4,10.3,9.2,7.3,7.2],[4.7,4.8,5.4,7.2,5.6,5.4,5.2,5.2,4.9,3.9,3.6,1.0,2.1,4.0,9.7,7.4,6.3,5.0,4.3,4.9],[4.1,4.2,4.3,6.8,5.5,4.8,4.6,5.6,5.9,5.2,3.7,2.1,0.9,2.3,7.8,5.9,5.5,4.3,4.0,4.7],[4.2,4.3,4.4,6.9,5.2,5.0,5.3,5.8,6.6,6.4,4.8,3.4,2.1,0.9,6.8,5.7,4.7,4.2,5.0,6.0],[17.3,16.9,15.5,14.8,16.7,19.2,18.7,19.4,18.5,18.9,18.8,17.8,14.0,10.8,1.3,7.9,9.0,14.9,17.8,18.0],[12.8,12.1,10.8,9.7,10.5,12.8,14.6,14.4,15.0,14.2,14.0,12.8,9.2,6.4,7.7,1.3,6.6,9.0,11.8,14.1],[10.2,10.7,8.5,9.5,9.4,9.3,10.5,11.8,12.8,11.9,11.2,10.1,6.9,7.3,6.3,4.2,1.1,7.1,9.0,10.6],[4.3,4.2,4.1,6.9,4.5,3.6,4.1,4.3,5.6,5.3,5.5,3.8,3.8,4.3,9.6,6.3,5.2,0.9,1.7,2.7],[3.5,3.6,4.3,6.8,4.4,3.7,3.0,3.5,4.7,5.0,5.2,3.6,3.2,4.2,9.8,7.1,5.1,1.8,0.9,1.8],[5.4,5.0,5.9,8.5,5.7,4.4,4.2,4.5,5.3,5.0,5.3,4.2,5.0,6.2,12.3,8.5,5.9,3.2,2.0,1.0]],
  "token_chain_ids": ["A","A","A","A","A","A","A","A","A","A","A","A","A","A","A","A","A","A","A","A"],
  "token_res_ids": [1,2,3,4,5,6,7,8,9,10,11,12,13,14,15,16,17,18,19,20]
}