{
  "atom_chain_ids": ["A","A","A","A","A","A","A","A","A","A","A","A","A","A","A","A","A","A","A","A","A","A","A","A","A","A","A","A","A","A","A","A","A","A","A","A","A","A","A","A","A","A","A","A","A","A","A","A","A","A","A","A","A","A","A","A","A","A","A","A","A","A","A","A","A","A","A","A","A","A","A","A","A","A","A","A","A","A","A","A","A","A","A","A","A","A","A","A","A","A","A","A","A","A","A","A","A","A","A","A","A","A","A","A","A","A","A","A","A","A","A","A","A","A","A","A","A","A","A","A","A","A","A","A","A","A","A","A","A","A","A","A","A","A","A","A","A","A","A","A","A","A","A","A","A","A","A","A","A","A","A","A","A","A","A","A","A","A","A","A","A","A","A","A","A","A","A","A","A","A","A","A","A","A","A","A","A","A","A","A","A","A","A","A","A","A","A","A","A","A","A","A","A","A","A","A","A","A","A","A","A","A","A","A","A","A","A","A","A","A","A","A","A","A","A","A","A","A","A","A","A","A","A","A","A","A","A","A","A","A","A","A","A","A","A","A","A","A","A","A","A","A","A","A","A","A","A","A","A","A","A","A","A","A","A","A","A","A","A","A","A","A","A","A","A","A","A","A","A","A","A","A","A","A","A","A","A","A","A","A","A","A","A","A","A","A","A","A","A","A","A","A","A","A","A","A","A","A","A","A","A","A","A","A","A","A","A","A","A","A","A","A","A","A","A","A","A","A","A","A","A","A","A","A","A","A","A","A","A","A","A","A","A","A","A","A","A","A","A","A","A","A","A","A","A","A","A","A","A","A","A","A","A","A","A","A","A","A","A","A","A","A","A","A","A","A","A","A","A","A","A","A","A","A","A","A","A","A","A","A","A","A","A","A","A","A","A","A","A","A","A","A","A","A","A","A","A","A","A","A","A","A","A","A","A","A","A","A","A","A","A","A","A","A","A","A","A","A","A","A","A","A","A","A","A","A","A","A","A","A","A","A"],
  "atom_plddts": [63.88,64.85,59.53,60.75,64.77,68.0,69.85,71.77,71.41,69.69,71.3,71.2,71.73,72.12,71.42,72.06,72.54,71.94,70.72,71.05,71.37,71.8,73.6,66.49,63.37,63.65,67.32,67.9,69.76,71.44,70.69,69.07,70.32,71.06,70.9,71.46,70.68,71.27,72.0,71.6,70.93,70.76,70.88,71.05,72.16,66.57,63.63,63.96,66.97,66.21,67.43,69.0,68.32,66.8,67.31,66.95,68.15,68.18,67.37,67.73,68.59,68.05,67.02,66.95,67.33,66.62,68.4,63.07,60.67,61.17,63.92,62.37,62.99,62.27,63.38,62.62,59.77,59.71,60.5,58.47,55.81,54.55,54.38,53.61,51.72,53.32,55.7,62.19,57.86,58.22,62.24,62.33,63.93,65.82,66.22,64.47,64.82,64.18,65.03,64.26,61.79,62.04,62.81,61.55,60.1,60.12,61.04,61.91,63.47,59.7,60.19,64.02,64.67,66.5,68.74,68.31,66.58,67.53,68.16,68.47,68.9,68.04,68.65,69.45,68.87,68.07,67.94,68.09,68.12,69.64,66.73,64.04,64.0,67.52,68.63,70.35,71.89,71.05,69.48,70.66,71.25,71.27,71.79,71.05,71.61,72.29,71.81,71.15,71.06,71.15,71.27,72.4,65.85,64.01,63.81,66.02,64.9,65.85,66.72,66.03,64.25,64.38,64.33,65.16,65.06,65.13,65.58,66.21,65.71,64.69,64.63,64.75,63.69,65.72,62.45,60.35,59.99,62.3,60.88,61.69,61.67,61.73,60.39,59.54,57.66,58.89,57.07,55.28,55.19,54.77,53.25,51.52,52.38,54.02,53.92,58.16,53.09,52.86,59.15,59.2,59.98,61.53,61.62,60.92,60.51,59.26,60.53,59.24,57.35,57.67,57.45,55.93,54.09,55.18,56.89,55.64,58.93,57.27,52.88,54.35,58.99,58.61,59.91,62.24,60.89,60.7,59.58,60.56,60.41,59.8,58.4,58.18,58.32,58.0,56.54,57.47,63.91,59.43,59.43,64.62,65.1,66.49,68.97,68.22,66.86,67.72,67.5,68.32,68.61,67.23,67.73,68.73,68.09,66.94,66.9,67.23,67.12,68.93,65.61,63.0,63.28,66.1,66.46,68.35,70.18,69.3,67.99,68.97,69.41,69.55,70.13,69.45,70.15,70.77,70.36,69.79,69.55,69.62,69.63,70.73,66.74,64.67,64.53,66.71,66.02,67.3,68.83,67.93,66.7,66.94,66.92,68.07,68.51,68.26,68.91,69.67,69.17,68.44,68.17,68.14,67.84,69.19,54.14,52.64,52.72,53.5,52.52,53.52,51.89,55.27,53.54,52.41,51.31,51.76,49.44,46.76,46.55,45.47,43.83,42.86,43.39,45.12,46.08,53.03,48.7,48.56,53.81,53.17,54.56,54.93,56.77,56.18,54.89,54.04,55.01,53.35,51.05,51.15,50.36,48.76,47.38,48.43,50.2,48.89,52.27,56.76,52.51,52.66,57.19,56.13,57.74,58.53,60.39,58.84,58.86,57.69,58.7,57.16,54.69,54.87,54.68,53.16,51.74,52.19,53.48,54.57,66.0,62.26,62.88,66.61,67.27,68.96,71.05,70.36,69.19,70.26,70.37,70.72,71.3,70.62,71.21,71.96,71.46,70.81,70.66,70.79,70.96,72.04,68.26,65.7,66.05,68.69,69.3,71.31,72.68,71.97,70.77,71.78,72.08,72.5,73.14,72.34,72.95,73.64,73.24,72.74,72.59,72.6,72.73,73.63,68.36,66.21,66.16,68.04,68.4,69.36,70.62,69.83,68.35,69.28,68.58,69.58,69.68,69.38,69.48,70.2,69.76,68.79,69.02,69.2,68.74,70.34],
  "contact_probs": [[1.0,1.0,0.34,0.02,0.03,0.12,0.36,0.55,0.3,0.33,0.19,0.28,0.62,0.38,0.02,0.01,0.01,0.03,0.03,0.03],[1.0,1.0,0.99,0.19,0.3,0.43,0.61,0.34,0.06,0.04,0.02,0.07,0.24,0.49,0.06,0.01,0.05,0.06,0.07,0.03],[0.34,0.99,1.0,0.67,0.81,0.7,0.32,0.04,0.01,0.01,0.01,0.02,0.1,0.32,0.16,0.08,0.19,0.08,0.03,0.02],[0.02,0.19,0.67,1.0,0.61,0.2,0.02,0.01,0.01,0.0,0.01,0.0,0.01,0.09,0.13,0.06,0.19,0.11,0.01,0.0],[0.03,0.3,0.81,0.61,1.0,0.91,0.29,0.01,0.01,0.01,0.01,0.01,0.01,0.07,0.12,0.1,0.34,0.46,0.17,0.02],[0.12,0.43,0.7,0.2,0.91,1.0,0.99,0.31,0.03,0.02,0.01,0.02,0.02,0.02,0.01,0.01,0.08,0.23,0.7,0.38],[0.36,0.61,0.32,0.02,0.29,0.99,1.0,0.98,0.44,0.19,0.04,0.05,0.03,0.01,0.0,0.0,0.01,0.07,0.3,0.75],[0.55,0.34,0.04,0.01,0.01,0.31,0.98,1.0,0.83,0.65,0.14,0.08,0.03,0.01,0.0,0.0,0.01,0.02,0.11,0.28],[0.3,0.06,0.01,0.01,0.01,0.03,0.44,0.83,1.0,0.86,0.34,0.11,0.02,0.01,0.01,0.0,0.01,0.01,0.08,0.42],[0.33,0.04,0.01,0.0,0.01,0.02,0.19,0.65,0.86,1.0,0.86,0.55,0.06,0.01,0.01,0.0,0.01,0.02,0.14,0.49],[0.19,0.02,0.01,0.01,0.01,0.01,0.04,0.14,0.34,0.86,1.0,0.82,0.13,0.01,0.01,0.0,0.01,0.04,0.21,0.39],[0.28,0.07,0.02,0.0,0.01,0.02,0.05,0.08,0.11,0.55,0.82,1.0,0.99,0.16,0.02,0.01,0.03,0.42,0.59,0.23],[0.62,0.24,0.1,0.01,0.01,0.02,0.03,0.03,0.02,0.06,0.13,0.99,1.0,0.98,0.14,0.06,0.21,0.68,0.22,0.06],[0.38,0.49,0.32,0.09,0.07,0.02,0.01,0.01,0.01,0.01,0.01,0.16,0.98,1.0,0.56,0.15,0.49,0.43,0.07,0.05],[0.02,0.06,0.16,0.13,0.12,0.01,0.0,0.0,0.01,0.01,0.01,0.02,0.14,0.56,1.0,0.53,0.35,0.09,0.01,0.01],[0.01,0.01,0.08,0.06,0.1,0.01,0.0,0.0,0.0,0.0,0.0,0.01,0.06,0.15,0.53,1.0,0.57,0.09,0.01,0.0],[0.01,0.05,0.19,0.19,0.34,0.08,0.01,0.01,0.01,0.01,0.01,0.03,0.21,0.49,0.35,0.57,1.0,0.73,0.09,0.01],[0.03,0.06,0.08,0.11,0.46,0.23,0.07,0.02,0.01,0.02,0.04,0.42,0.68,0.43,0.09,0.09,0.73,1.0,0.99,0.06],[0.03,0.07,0.03,0.01,0.17,0.7,0.3,0.11,0.08,0.14,0.21,0.59,0.22,0.07,0.01,0.01,0.09,0.99,1.0,1.0],[0.03,0.03,0.02,0.0,0.02,0.38,0.75,0.28,0.42,0.49,0.39,0.23,0.06,0.05,0.01,0.0,0.01,0.06,1.0,1.0]],
  "pae": [[0.9,1.9,3.1,6.6,5.0,5.2,4.7,5.5,7.0,7.1,7.9,4.7,4.6,4.8,11.7,10.8,7.3,5.0,4.7,5.2],[1.5,0.9,1.7,5.0,3.6,3.4,3.5,4.9,6.9,6.6,7.3,4.0,3.4,4.1,10.0,8.4,5.7,4.1,3.7,4.2],[2.8,2.0,0.9,3.6,3.4,3.5,4.8,5.8,7.6,7.9,8.2,5.2,4.4,4.0,9.3,7.7,5.2,4.4,4.8,5.7],[7.2,4.9,4.2,1.2,4.1,5.4,6.5,9.0,11.1,11.4,11.7,9.6,8.5,7.6,12.1,8.7,7.3,7.5,8.7,10.3],[5.0,4.5,3.1,4.5,1.1,2.2,3.7,5.3,7.5,7.8,8.5,6.0,5.7,5.5,9.9,7.8,6.2,5.0,4.9,5.6],[4.5,4.2,3.0,4.4,2.3,0.9,2.0,3.9,5.4,6.4,7.6,4.9,4.9,5.1,9.4,7.7,6.3,4.3,3.8,4.5],[4.0,3.7,4.5,5.9,2.9,2.1,0.9,2.3,4.1,4.8,6.6,4.3,4.6,5.2,10.0,9.1,6.4,3.8,3.1,3.7],[5.3,5.6,6.5,8.3,5.1,4.4,3.2,1.0,3.5,3.7,6.0,6.0,6.4,7.3,12.2,11.5,8.4,6.2,5.0,5.0],[8.7,8.9,10.2,11.5,9.5,7.0,5.3,4.2,1.1,3.3,5.6,7.0,9.1,11.1,13.9,13.8,11.5,8.3,7.5,6.7],[8.6,9.4,10.5,12.6,10.6,8.1,6.3,5.1,3.9,1.1,5.1,6.4,8.2,10.6,15.3,13.9,12.1,8.8,7.7,6.9],[9.5,10.6,13.0,12.9,12.2,10.1,8.7,7.9,5.0,4.6,1.5,5.0,6.9,10.9,14.6,14.0,11.9,10.9,8.2,8.1],[5.6,5.7,6.2,8.5,6.7,6.5,6.1,6.3,5.7,4.7,4.6,1.0,2.7,5.2,10.4,8.5,7.4,6.2,5.4,6.0],[4.5,4.3,4.7,7.4,5.5,5.2,5.1,6.1,6.9,6.0,4.9,2.4,0.9,2.5,8.5,7.0,6.3,4.4,4.3,5.2],[5.0,4.8,4.9,8.0,5.8,5.7,6.0,7.0,8.4,8.0,6.7,3.9,2.5,1.0,7.1,6.9,6.0,4.3,5.5,6.8],[17.4,16.5,14.0,14.7,17.1,18.8,17.8,20.3,18.7,18.3,18.7,17.0,12.9,11.1,1.4,9.7,9.4,14.5,17.1,18.2],[14.1,13.3,10.4,9.4,12.1,13.8,14.0,14.6,16.3,15.3,14.8,12.2,10.7,7.0,7.6,1.3,8.7,8.8,12.1,14.5],[10.8,10.2,8.0,9.1,10.0,9.7,10.5,12.5,13.5,13.0,12.1,10.3,9.0,7.7,6.9,5.0,1.2,7.1,8.4,10.8],[4.4,4.4,4.4,7.3,4.2,3.8,4.3,4.7,6.3,6.3,6.9,4.1,4.0,4.4,9.3,6.6,5.5,0.9,1.8,3.0],[3.7,3.9,4.4,7.3,4.1,3.6,3.1,3.9,5.2,5.6,6.2,3.9,3.5,4.5,9.6,7.9,5.5,1.9,0.9,1.9],[5.8,5.5,6.0,9.1,5.3,4.6,4.3,4.7,5.6,5.5,6.5,4.5,5.1,6.6,12.4,9.8,6.3,3.3,2.1,1.0]],
  "token_chain_ids": ["A","A","A","A","A","A","A","A","A","A","A","A","A","A","A","A","A","A","A","A"],
  "token_res_ids": [1,2,3,4,5,6,7,8,9,10,11,12,13,14,15,16,17,18,19,20]
}