{
  "atom_chain_ids": ["A","A","A","A","A","A","A","A","A","A","A","A","A","A","A","A","A","A","A","A","A","A","A","A","A","A","A","A","A","A","A","A","A","A","A","A","A","A","A","A","A","A","A","A","A","A","A","A","A","A","A","A","A","A","A","A","A","A","A","A","A","A","A","A","A","A","A","A","A","A","A","A","A","A","A","A","A","A","A","A","A","A","A","A","A","A","A","A","A","A","A","A","A","A","A","A","A","A","A","A","A","A","A","A","A","A","A","A","A","A","A","A","A","A","A","A","A","A","A","A","A","A","A","A","A","A","A","A","A","A","A","A","A","A","A","A","A","A","A","A","A","A","A","A","A","A","A","A","A","A","A","A","A","A","A","A","A","A","A","A","A","A","A","A","A","A","A","A","A","A","A","A","A","A","A","A","A","A","A","A","A","A","A","A","A","A","A","A","A","A","A","A","A","A","A","A","A","A","A","A","A","A","A","A","A","A","A","A","A","A","A","A","A","A","A","A","A","A","A","A","A","A","A","A","A","A","A","A","A","A","A","A","A","A","A","A","A","A","A","A","A","A","A","A","A","A","A","A","A","A","A","A","A","A","A","A","A","A","A","A","A","A","A","A","A","A","A","A","A","A","A","A","A","A","A","A","A","A","A","A","A","A","A","A","A","A","A","A","A","A","A","A","A","A","A","A","A","A","A","A","A","A","A","A","A","A","A","A","A","A","A","A","A","A","A","A","A","A","A","A","A","A","A","A","A","A","A","A","A","A","A","A","A","A","A","A","A","A","A","A","A","A","A","A","A","A","A","A","A","A","A","A","A","A","A","A","A","A","A","A","A","A","A","A","A","A","A","A","A","A","A","A","A","A","A","A","A","A","A","A","A","A","A","A","A","A","A","A","A","A","A","A","A","A","A","A","A","A","A","A","A","A","A","A","A","A","A","A","A","A","A","A","A","A","A","A","A","A","A","A","A","A","A","A","A","A","A","A","A","A","A","A"],
  "atom_plddts": [64.42,65.64,60.17,61.3,65.56,68.89,70.88,72.67,72.45,70.68,72.23,72.08,72.72,73.07,72.32,73.0,73.49,72.82,71.61,71.95,72.28,72.7,74.58,67.53,64.32,64.6,68.43,69.05,70.95,72.36,71.76,70.08,71.29,72.02,71.94,72.49,71.74,72.37,73.06,72.61,71.97,71.81,71.92,72.08,73.24,67.62,64.86,65.15,67.9,67.04,68.21,69.52,68.94,67.31,67.77,67.44,68.73,68.73,68.03,68.4,69.22,68.67,67.7,67.61,67.96,67.21,68.95,63.12,60.58,61.09,64.02,62.55,63.22,62.22,63.5,62.64,59.64,59.71,60.39,58.26,55.65,54.42,54.22,53.42,51.59,53.13,55.61,62.51,57.91,58.32,62.68,62.83,64.48,66.24,66.74,64.83,65.01,64.51,65.39,64.56,62.07,62.41,63.22,61.86,60.44,60.39,61.32,62.32,63.3,59.3,59.98,63.93,64.57,66.42,68.68,68.2,66.39,67.4,68.17,68.49,68.96,68.25,68.98,69.79,69.17,68.43,68.24,68.36,68.46,69.91,66.31,63.43,63.59,67.24,68.44,70.17,71.8,70.92,69.28,70.55,71.37,71.26,71.85,71.2,71.91,72.58,72.08,71.5,71.33,71.39,71.6,72.64,66.24,64.16,64.04,66.54,65.54,66.65,67.53,66.99,65.1,65.35,65.61,66.25,66.21,66.26,66.86,67.45,66.91,66.02,65.9,66.0,65.16,67.0,63.33,60.66,60.37,63.48,62.16,63.21,63.18,63.3,61.87,60.99,59.45,60.45,58.54,56.48,56.51,56.1,54.41,52.71,53.54,55.22,55.39,59.35,54.05,53.84,60.52,60.67,61.61,62.93,63.12,62.26,61.68,60.47,61.75,60.37,58.56,58.91,58.74,57.07,55.28,56.38,58.06,56.79,60.16,58.63,54.12,55.67,60.56,60.12,61.5,63.71,62.43,62.21,60.98,62.02,61.98,61.26,59.95,59.72,59.85,59.46,58.0,58.99,65.9,61.26,61.17,66.64,67.17,68.74,70.9,70.31,68.89,69.82,69.59,70.54,70.82,69.45,69.97,70.98,70.27,69.23,69.2,69.49,69.43,71.23,67.94,65.19,65.43,68.52,68.85,70.79,72.15,71.44,70.04,71.08,71.51,71.81,72.34,71.72,72.41,73.01,72.53,72.03,71.82,71.86,71.88,73.0,69.06,66.84,66.67,69.07,68.56,69.95,71.12,70.42,69.04,69.46,69.43,70.67,71.08,70.77,71.41,72.14,71.55,70.91,70.69,70.64,70.43,71.75,56.37,54.53,54.56,55.86,54.88,56.14,54.34,57.56,55.68,54.43,53.39,53.82,51.27,48.53,48.32,47.12,45.16,44.14,44.81,46.7,47.84,56.47,52.1,52.23,57.33,56.51,58.02,58.73,60.08,59.37,58.13,57.37,58.51,56.98,54.99,55.23,54.55,52.89,51.55,52.58,54.23,53.02,56.34,59.59,55.09,55.24,60.22,59.38,61.4,62.24,63.96,62.19,62.37,61.47,62.43,60.81,58.18,58.51,58.43,56.71,55.3,55.72,57.03,58.43,67.39,63.56,64.17,68.02,68.56,70.33,72.23,71.74,70.56,71.58,71.75,72.18,72.76,72.08,72.73,73.45,72.9,72.31,72.17,72.27,72.44,73.54,69.02,66.43,66.82,69.37,69.78,71.76,73.08,72.41,71.19,72.16,72.47,73.0,73.67,72.98,73.63,74.31,73.85,73.39,73.23,73.21,73.29,74.22,68.03,65.71,65.71,67.74,68.09,69.06,70.39,69.69,68.14,69.1,68.61,69.49,69.6,69.33,69.56,70.24,69.75,68.84,69.05,69.22,68.82,70.39],
  "contact_probs": [[1.0,1.0,0.34,0.02,0.03,0.12,0.36,0.55,0.3,0.33,0.19,0.28,0.62,0.38,0.02,0.01,0.01,0.03,0.03,0.03],[1.0,1.0,0.99,0.19,0.3,0.43,0.61,0.34,0.06,0.04,0.02,0.07,0.24,0.49,0.06,0.01,0.05,0.06,0.07,0.03],[0.34,0.99,1.0,0.67,0.81,0.7,0.32,0.04,0.01,0.01,0.01,0.02,0.1,0.32,0.16,0.08,0.19,0.08,0.03,0.02],[0.02,0.19,0.67,1.0,0.61,0.2,0.02,0.01,0.01,0.0,0.01,0.0,0.01,0.09,0.13,0.06,0.19,0.11,0.01,0.0],[0.03,0.3,0.81,0.61,1.0,0.91,0.29,0.01,0.01,0.01,0.01,0.01,0.01,0.07,0.12,0.1,0.34,0.46,0.17,0.02],[0.12,0.43,0.7,0.2,0.91,1.0,0.99,0.31,0.03,0.02,0.01,0.02,0.02,0.02,0.01,0.01,0.08,0.23,0.7,0.38],[0.36,0.61,0.32,0.02,0.29,0.99,1.0,0.98,0.44,0.19,0.04,0.05,0.03,0.01,0.0,0.0,0.01,0.07,0.3,0.75],[0.55,0.34,0.04,0.01,0.01,0.31,0.98,1.0,0.83,0.65,0.14,0.08,0.03,0.01,0.0,0.0,0.01,0.02,0.11,0.28],[0.3,0.06,0.01,0.01,0.01,0.03,0.44,0.83,1.0,0.86,0.34,0.11,0.02,0.01,0.01,0.0,0.01,0.01,0.08,0.42],[0.33,0.04,0.01,0.0,0.01,0.02,0.19,0.65,0.86,1.0,0.86,0.55,0.06,0.01,0.01,0.0,0.01,0.02,0.14,0.49],[0.19,0.02,0.01,0.01,0.01,0.01,0.04,0.14,0.34,0.86,1.0,0.82,0.13,0.01,0.01,0.0,0.01,0.04,0.21,0.39],[0.28,0.07,0.02,0.0,0.01,0.02,0.05,0.08,0.11,0.55,0.82,1.0,0.99,0.16,0.02,0.01,0.03,0.42,0.59,0.23],[0.62,0.24,0.1,0.01,0.01,0.02,0.03,0.03,0.02,0.06,0.13,0.99,1.0,0.98,0.14,0.06,0.21,0.68,0.22,0.06],[0.38,0.49,0.32,0.09,0.07,0.02,0.01,0.01,0.01,0.01,0.01,0.16,0.98,1.0,0.56,0.15,0.49,0.43,0.07,0.05],[0.02,0.06,0.16,0.13,0.12,0.01,0.0,0.0,0.01,0.01,0.01,0.02,0.14,0.56,1.0,0.53,0.35,0.09,0.01,0.01],[0.01,0.01,0.08,0.06,0.1,0.01,0.0,0.0,0.0,0.0,0.0,0.01,0.06,0.15,0.53,1.0,0.57,0.09,0.01,0.0],[0.01,0.05,0.19,0.19,0.34,0.08,0.01,0.01,0.01,0.01,0.01,0.03,0.21,0.49,0.35,0.57,1.0,0.73,0.09,0.01],[0.03,0.06,0.08,0.11,0.46,0.23,0.07,0.02,0.01,0.02,0.04,0.42,0.68,0.43,0.09,0.09,0.73,1.0,0.99,0.06],[0.03,0.07,0.03,0.01,0.17,0.7,0.3,0.11,0.08,0.14,0.21,0.59,0.22,0.07,0.01,0.01,0.09,0.99,1.0,1.0],[0.03,0.03,0.02,0.0,0.02,0.38,0.75,0.28,0.42,0.49,0.39,0.23,0.06,0.05,0.01,0.0,0.01,0.06,1.0,1.0]],
  "pae": [[1.0,1.9,3.0,6.7,5.9,5.6,5.0,5.5,7.5,7.6,7.8,4.9,5.1,5.3,11.0,9.6,6.8,5.2,4.5,5.2],[1.6,0.9,1.7,4.4,4.1,3.5,3.9,5.1,6.9,7.1,7.3,4.4,3.8,4.5,9.3,7.5,5.2,4.3,3.7,4.3],[3.1,2.1,0.9,4.2,4.7,4.1,5.7,6.5,8.4,8.5,8.3,5.7,5.1,4.6,9.1,6.7,5.6,4.9,5.1,6.3],[8.5,5.2,4.9,1.2,5.4,6.2,8.2,10.1,11.9,12.4,12.2,10.8,9.8,8.1,10.4,8.1,7.9,8.6,9.9,11.2],[6.0,5.1,4.1,4.7,1.1,2.8,4.7,6.1,8.5,8.7,8.5,6.9,7.0,6.4,9.5,6.7,6.6,6.2,6.1,6.7],[4.6,4.6,3.7,4.3,2.7,0.9,2.3,4.0,5.5,6.5,7.2,5.3,5.2,5.2,8.7,6.6,6.3,4.5,4.2,4.8],[4.3,4.2,5.8,6.3,3.6,2.4,0.9,2.4,4.6,5.0,6.6,4.7,5.0,5.5,9.9,8.6,6.4,4.1,3.4,3.9],[5.5,5.7,7.1,8.7,5.8,4.6,3.1,1.0,3.1,3.9,6.0,6.0,6.2,7.7,12.0,10.6,8.4,6.1,4.8,4.8],[8.3,8.9,10.3,11.7,9.5,7.3,5.2,3.7,1.1,3.4,5.5,6.9,8.8,10.9,13.6,12.9,10.7,8.4,6.7,6.1],[8.5,9.1,10.8,12.8,10.2,7.9,6.4,5.0,4.0,1.1,5.3,6.0,8.1,10.5,14.8,13.1,11.4,8.7,7.3,6.3],[9.4,10.4,13.0,13.2,12.1,10.9,8.6,7.4,5.0,4.5,1.5,4.8,6.9,10.6,14.1,13.5,11.6,10.6,8.4,7.5],[5.5,5.7,6.4,8.7,7.2,6.6,6.1,6.0,5.7,4.7,4.5,1.0,2.5,5.1,10.0,8.7,6.9,6.2,5.4,5.9],[4.6,4.6,4.9,7.4,5.9,5.5,4.9,5.9,6.7,6.2,4.7,2.3,0.9,2.3,8.1,6.4,5.7,4.5,4.2,5.1],[4.8,4.9,5.1,7.6,5.9,5.4,5.7,6.4,7.5,7.6,6.2,3.7,2.1,1.0,7.1,6.1,5.2,4.2,5.3,6.0],[17.1,16.4,13.0,13.3,15.6,17.5,17.7,19.1,18.1,17.8,18.2,16.8,12.4,10.6,1.4,8.9,8.9,14.6,16.3,16.6],[12.3,10.9,8.6,8.0,9.6,11.4,12.7,13.4,14.4,13.5,14.0,10.6,8.4,5.8,6.7,1.3,6.3,7.3,9.7,12.3],[10.3,9.4,7.2,8.2,8.8,9.2,10.6,11.3,12.0,11.7,11.2,9.0,7.7,6.5,5.5,3.5,1.1,6.0,7.3,9.6],[4.5,4.5,4.5,7.0,4.8,3.8,4.2,4.5,6.2,6.2,6.7,4.0,3.9,4.3,8.7,6.2,4.3,0.9,1.8,3.0],[3.8,4.2,4.9,8.1,5.2,3.9,3.1,4.0,5.0,5.8,6.0,4.0,3.6,4.6,9.5,7.4,5.0,1.8,0.9,1.9],[5.8,5.8,6.9,9.9,6.9,5.0,4.3,4.8,5.8,6.2,6.5,4.6,5.3,6.9,12.2,8.8,6.2,3.3,2.1,1.0]],
  "token_chain_ids": ["A","A","A","A","A","A","A","A","A","A","A","A","A","A","A","A","A","A","A","A"],
  "token_res_ids": [1,2,3,4,5,6,7,8,9,10,11,12,13,14,15,16,17,18,19,20]
}