{
  "atom_chain_ids": ["A","B","C","D","E","F","G","H","H","H","H","H","H","H","H","H","H","H","H","H","H","H","H","H","H","H","H","H","H","H","H","H","H","H","H","H","H","H","H","H","H","H","H","H","H","H","H","H","H","H","H","H","H","H","H","H","H","H","H","H","H","H","H","H","H","H","H","H","H","H","H","H","H","H","H","H","H","H","H","H","H","H","H","H","H","H","H","H","H","H","H","H","H","H","H","H","H","H","H","H","H","H","H","H","H","H","H","H","H","H","H","H","H","H","H","H","H","H","H","H","H","H","H","H","H","H","H","H","H","H","H","H","H","H","H","H","H","H","H","H","H","H","H","H","H","H","H","H","H","H","H","H","H","H","H","H","H","H","H","H","H","H","H","H","H","H","H","H","H","H","H"],
  "atom_plddts": [79.95,76.56,70.1,63.63,57.17,54.39,42.6,87.46,91.78,89.16,87.96,91.39,92.97,95.39,95.85,95.76,95.31,95.63,95.9,96.56,96.48,96.06,96.22,96.14,95.51,95.73,95.99,94.57,92.93,92.53,93.81,93.83,94.74,95.17,94.83,94.19,94.56,94.74,95.28,95.05,94.05,94.11,94.31,93.46,93.88,92.79,94.2,94.4,91.68,91.29,93.76,94.12,95.06,95.59,95.48,94.84,95.17,95.23,95.63,95.52,94.48,94.39,94.6,93.8,93.91,93.16,94.56,94.23,92.58,92.36,93.88,94.5,96.0,96.29,96.01,95.59,95.98,96.2,96.75,96.58,96.6,96.91,96.97,96.59,96.89,96.97,96.69,96.94,97.07,94.49,93.04,93.23,94.09,94.08,95.61,95.8,95.6,94.98,95.28,95.67,96.41,96.4,96.15,96.36,96.47,96.04,96.12,96.31,94.75,93.5,93.23,93.92,93.93,94.94,95.03,94.75,94.11,94.48,94.41,95.13,94.58,93.99,94.35,94.22,93.22,93.72,93.48,93.66,94.19,94.58,92.69,92.59,94.03,94.25,95.15,95.56,95.45,94.82,95.14,95.25,95.71,95.48,94.37,94.19,94.33,93.51,93.65,92.96,94.45,94.86,93.02,91.73,94.19,94.55,95.98,96.3,96.17,95.6,95.99,96.21,96.86,96.67,96.5,96.97,96.95,96.38,96.76,96.83,96.63,96.97,97.15],
  "contact_probs": [[1.0,0.01,0.35,0.05,0.17,0.09,0.16,0.1,0.63,0.44,0.52,0.06,0.1,0.01,0.01],[0.01,1.0,0.03,0.44,0.07,0.26,0.12,0.07,0.09,0.03,0.03,0.17,0.44,0.74,0.49],[0.35,0.03,1.0,0.08,0.4,0.08,0.19,0.13,0.12,0.58,0.72,0.24,0.09,0.06,0.07],[0.05,0.44,0.08,1.0,0.24,0.35,0.16,0.25,0.43,0.08,0.15,0.28,0.64,0.27,0.32],[0.17,0.07,0.4,0.24,1.0,0.27,0.23,0.25,0.22,0.39,0.55,0.4,0.21,0.23,0.21],[0.09,0.26,0.08,0.35,0.27,1.0,0.27,0.27,0.4,0.12,0.23,0.34,0.57,0.31,0.3],[0.16,0.12,0.19,0.16,0.23,0.27,1.0,0.24,0.27,0.27,0.31,0.3,0.29,0.22,0.24],[0.1,0.07,0.13,0.25,0.25,0.27,0.24,1.0,1.0,1.0,1.0,1.0,0.87,0.19,1.0],[0.63,0.09,0.12,0.43,0.22,0.4,0.27,1.0,1.0,0.31,0.99,0.99,1.0,0.0,0.9],[0.44,0.03,0.58,0.08,0.39,0.12,0.27,1.0,0.31,1.0,1.0,0.56,0.0,0.0,0.34],[0.52,0.03,0.72,0.15,0.55,0.23,0.31,1.0,0.99,1.0,1.0,1.0,0.94,0.38,0.72],[0.06,0.17,0.24,0.28,0.4,0.34,0.3,1.0,0.99,0.56,1.0,1.0,0.99,1.0,1.0],[0.1,0.44,0.09,0.64,0.21,0.57,0.29,0.87,1.0,0.0,0.94,0.99,1.0,0.35,0.46],[0.01,0.74,0.06,0.27,0.23,0.31,0.22,0.19,0.0,0.0,0.38,1.0,0.35,1.0,1.0],[0.01,0.49,0.07,0.32,0.21,0.3,0.24,1.0,0.9,0.34,0.72,1.0,0.46,1.0,1.0]],
  "pae": [[1.2,11.3,8.6,11.2,10.4,12.7,12.2,8.2,7.4,7.8,7.4,8.1,9.3,9.5,9.8],[10.8,1.4,11.6,8.8,12.0,10.9,14.7,8.8,9.0,9.5,8.8,7.7,8.0,7.4,7.7],[9.1,15.7,1.3,14.0,12.5,14.9,15.7,10.8,9.8,9.1,8.6,10.2,11.8,12.5,11.8],[14.4,10.0,15.8,1.7,11.7,12.4,16.2,9.0,8.2,11.8,9.0,9.1,8.9,9.2,8.7],[12.0,13.6,11.7,12.9,1.8,12.5,15.5,10.9,9.8,11.5,8.9,9.0,10.7,11.3,11.4],[17.6,10.7,15.1,12.3,13.2,1.7,15.0,10.6,10.7,12.7,10.1,9.0,10.2,9.1,10.1],[16.0,17.0,16.9,14.2,13.2,15.2,1.3,12.9,11.0,14.0,11.8,12.4,11.9,14.0,14.0],[4.2,4.1,4.6,6.1,6.2,7.1,9.2,0.9,1.8,1.8,1.7,1.8,2.2,1.8,1.8],[4.0,4.3,4.4,5.9,5.8,7.0,8.8,1.3,1.0,1.6,1.6,1.8,1.9,2.1,1.8],[3.9,4.7,4.4,6.1,5.8,7.0,8.7,1.4,1.6,0.9,1.2,1.7,2.3,2.1,2.2],[3.6,3.7,4.0,5.6,5.6,6.7,8.7,1.2,1.4,1.1,0.8,1.1,1.8,1.6,1.5],[3.7,3.8,4.0,5.4,5.5,6.5,8.3,1.5,1.9,1.5,1.0,0.8,1.7,1.4,1.4],[4.3,3.7,4.9,5.7,5.9,6.8,9.0,2.1,2.1,2.3,1.9,1.5,0.9,1.7,1.8],[4.7,3.8,4.9,5.8,6.2,6.7,9.2,1.7,2.2,2.3,2.0,1.3,1.9,0.9,1.4],[4.2,3.5,4.5,5.6,6.1,6.7,9.2,1.3,1.9,1.8,1.6,1.3,1.9,1.1,0.9]],
  "token_chain_ids": ["A","B","C","D","E","F","G","H","H","H","H","H","H","H","H"],
  "token_res_ids": [1,1,1,1,1,1,1,1,2,3,4,5,6,7,8]
}