{
  "atom_chain_ids": ["A","B","C","D","E","F","G","H","H","H","H","H","H","H","H","H","H","H","H","H","H","H","H","H","H","H","H","H","H","H","H","H","H","H","H","H","H","H","H","H","H","H","H","H","H","H","H","H","H","H","H","H","H","H","H","H","H","H","H","H","H","H","H","H","H","H","H","H","H","H","H","H","H","H","H","H","H","H","H","H","H","H","H","H","H","H","H","H","H","H","H","H","H","H","H","H","H","H","H","H","H","H","H","H","H","H","H","H","H","H","H","H","H","H","H","H","H","H","H","H","H","H","H","H","H","H","H","H","H","H","H","H","H","H","H","H","H","H","H","H","H","H","H","H","H","H","H","H","H","H","H","H","H","H","H","H","H","H","H","H","H","H","H","H","H","H","H","H","H","H","H"],
  "atom_plddts": [83.23,80.23,71.45,63.22,56.95,56.66,50.19,87.42,92.02,89.42,88.29,91.71,93.3,95.64,96.07,96.01,95.58,95.87,96.11,96.73,96.65,96.24,96.4,96.31,95.68,95.91,96.16,95.0,93.57,93.24,94.34,94.35,95.16,95.54,95.23,94.64,94.98,95.17,95.66,95.45,94.47,94.54,94.71,93.89,94.28,93.22,94.6,94.67,92.05,91.75,94.09,94.43,95.34,95.83,95.71,95.1,95.41,95.48,95.87,95.76,94.76,94.68,94.87,94.07,94.19,93.43,94.83,94.57,92.9,92.73,94.22,94.73,96.15,96.43,96.17,95.75,96.12,96.31,96.88,96.71,96.76,97.06,97.12,96.77,97.05,97.12,96.85,97.09,97.21,94.61,93.31,93.48,94.25,94.24,95.67,95.84,95.64,95.04,95.35,95.75,96.45,96.45,96.17,96.37,96.49,96.07,96.15,96.34,94.82,93.51,93.26,94.03,94.1,95.11,95.21,94.95,94.34,94.7,94.63,95.32,94.8,94.26,94.6,94.5,93.55,94.01,93.79,93.98,94.5,94.71,92.84,92.8,94.19,94.39,95.32,95.7,95.57,94.94,95.25,95.38,95.84,95.61,94.54,94.38,94.52,93.71,93.88,93.12,94.63,94.94,93.16,91.9,94.34,94.72,96.13,96.45,96.32,95.77,96.14,96.38,96.98,96.79,96.64,97.1,97.08,96.54,96.91,96.97,96.77,97.09,97.26],
  "contact_probs": [[1.0,0.01,0.35,0.05,0.17,0.09,0.16,0.1,0.63,0.44,0.52,0.06,0.1,0.01,0.01],[0.01,1.0,0.03,0.44,0.07,0.26,0.12,0.07,0.09,0.03,0.03,0.17,0.44,0.74,0.49],[0.35,0.03,1.0,0.08,0.4,0.08,0.19,0.13,0.12,0.58,0.72,0.24,0.09,0.06,0.07],[0.05,0.44,0.08,1.0,0.24,0.35,0.16,0.25,0.43,0.08,0.15,0.28,0.64,0.27,0.32],[0.17,0.07,0.4,0.24,1.0,0.27,0.23,0.25,0.22,0.39,0.55,0.4,0.21,0.23,0.21],[0.09,0.26,0.08,0.35,0.27,1.0,0.27,0.27,0.4,0.12,0.23,0.34,0.57,0.31,0.3],[0.16,0.12,0.19,0.16,0.23,0.27,1.0,0.24,0.27,0.27,0.31,0.3,0.29,0.22,0.24],[0.1,0.07,0.13,0.25,0.25,0.27,0.24,1.0,1.0,1.0,1.0,1.0,0.87,0.19,1.0],[0.63,0.09,0.12,0.43,0.22,0.4,0.27,1.0,1.0,0.31,0.99,0.99,1.0,0.0,0.9],[0.44,0.03,0.58,0.08,0.39,0.12,0.27,1.0,0.31,1.0,1.0,0.56,0.0,0.0,0.34],[0.52,0.03,0.72,0.15,0.55,0.23,0.31,1.0,0.99,1.0,1.0,1.0,0.94,0.38,0.72],[0.06,0.17,0.24,0.28,0.4,0.34,0.3,1.0,0.99,0.56,1.0,1.0,0.99,1.0,1.0],[0.1,0.44,0.09,0.64,0.21,0.57,0.29,0.87,1.0,0.0,0.94,0.99,1.0,0.35,0.46],[0.01,0.74,0.06,0.27,0.23,0.31,0.22,0.19,0.0,0.0,0.38,1.0,0.35,1.0,1.0],[0.01,0.49,0.07,0.32,0.21,0.3,0.24,1.0,0.9,0.34,0.72,1.0,0.46,1.0,1.0]],
  "pae": [[1.1,12.0,9.1,11.8,11.8,13.1,12.5,8.8,7.7,8.1,7.3,8.2,9.6,10.9,10.0],[11.9,1.3,11.9,9.8,12.9,10.9,14.4,8.6,8.3,9.8,8.4,7.4,7.7,7.9,8.1],[9.5,15.6,1.3,13.0,12.6,15.1,17.1,11.1,10.0,9.5,8.3,9.8,11.1,12.4,12.2],[15.7,11.0,14.8,1.7,12.9,13.5,17.9,11.4,10.0,12.2,9.4,9.8,9.6,11.3,10.8],[14.7,14.3,11.4,11.7,1.6,13.3,18.4,11.0,10.2,11.0,8.6,8.9,10.6,10.9,11.3],[17.7,10.0,15.7,13.3,15.7,1.8,15.2,9.7,9.8,12.4,10.0,9.0,9.9,8.6,8.7],[17.0,15.1,19.0,15.4,16.2,15.3,1.4,12.2,11.0,13.5,12.1,12.4,12.2,14.1,12.8],[4.4,4.3,4.8,5.5,5.9,5.7,8.3,0.9,1.8,1.9,1.7,2.0,2.0,2.0,1.8],[4.1,4.2,4.5,5.4,5.8,5.9,8.2,1.2,1.0,1.6,1.6,1.8,1.8,2.1,1.8],[3.9,4.7,4.5,5.7,5.6,5.8,8.1,1.4,1.5,0.9,1.1,1.7,2.0,2.2,2.2],[3.7,3.8,4.1,4.9,5.4,5.4,8.1,1.3,1.4,1.1,0.8,1.1,1.6,1.8,1.6],[3.6,3.7,3.9,4.8,5.2,5.0,7.7,1.5,1.8,1.4,1.0,0.8,1.4,1.4,1.5],[4.4,3.9,4.9,5.3,5.7,5.4,8.2,2.0,2.0,2.3,1.7,1.4,0.9,1.6,1.8],[4.8,3.9,4.8,5.3,5.7,5.1,8.3,1.8,2.2,2.2,1.9,1.2,1.7,0.9,1.4],[4.2,3.7,4.6,5.1,5.7,5.1,8.3,1.3,1.9,1.8,1.7,1.4,1.7,1.2,0.9]],
  "token_chain_ids": ["A","B","C","D","E","F","G","H","H","H","H","H","H","H","H"],
  "token_res_ids": [1,1,1,1,1,1,1,1,2,3,4,5,6,7,8]
}