{
  "atom_chain_ids": ["A","B","C","D","E","F","G","H","H","H","H","H","H","H","H","H","H","H","H","H","H","H","H","H","H","H","H","H","H","H","H","H","H","H","H","H","H","H","H","H","H","H","H","H","H","H","H","H","H","H","H","H","H","H","H","H","H","H","H","H","H","H","H","H","H","H","H","H","H","H","H","H","H","H","H","H","H","H","H","H","H","H","H","H","H","H","H","H","H","H","H","H","H","H","H","H","H","H","H","H","H","H","H","H","H","H","H","H","H","H","H","H","H","H","H","H","H","H","H","H","H","H","H","H","H","H","H","H","H","H","H","H","H","H","H","H","H","H","H","H","H","H","H","H","H","H","H","H","H","H","H","H","H","H","H","H","H","H","H","H","H","H","H","H","H","H","H","H","H","H","H"],
  "atom_plddts": [84.08,76.75,70.51,63.07,56.15,52.39,47.54,87.8,91.83,89.16,87.97,91.44,92.97,95.34,95.79,95.71,95.27,95.58,95.83,96.49,96.41,95.99,96.14,96.06,95.43,95.65,95.92,94.59,92.97,92.58,93.83,93.85,94.73,95.16,94.82,94.2,94.56,94.72,95.27,95.05,94.06,94.13,94.31,93.48,93.89,92.83,94.21,94.47,91.79,91.42,93.82,94.15,95.08,95.61,95.5,94.86,95.19,95.24,95.66,95.55,94.52,94.42,94.63,93.85,93.95,93.21,94.59,94.17,92.45,92.22,93.83,94.48,96.0,96.29,96.01,95.58,95.98,96.21,96.77,96.6,96.63,96.94,97.0,96.63,96.94,97.01,96.73,96.98,97.1,94.43,92.98,93.15,94.03,94.04,95.57,95.77,95.56,94.94,95.25,95.66,96.39,96.39,96.12,96.33,96.44,96.01,96.09,96.28,94.34,93.01,92.69,93.5,93.6,94.59,94.74,94.47,93.84,94.2,94.12,94.83,94.29,93.64,93.98,93.85,92.86,93.33,93.12,93.32,93.85,94.52,92.68,92.59,93.97,94.19,95.05,95.47,95.36,94.74,95.08,95.17,95.64,95.41,94.3,94.13,94.26,93.46,93.6,92.91,94.38,94.91,93.05,91.8,94.2,94.53,95.94,96.26,96.14,95.54,95.92,96.13,96.81,96.61,96.45,96.92,96.9,96.34,96.71,96.79,96.57,96.92,97.11],
  "contact_probs": [[1.0,0.01,0.35,0.05,0.17,0.09,0.16,0.1,0.63,0.44,0.52,0.06,0.1,0.01,0.01],[0.01,1.0,0.03,0.44,0.07,0.26,0.12,0.07,0.09,0.03,0.03,0.17,0.44,0.74,0.49],[0.35,0.03,1.0,0.08,0.4,0.08,0.19,0.13,0.12,0.58,0.72,0.24,0.09,0.06,0.07],[0.05,0.44,0.08,1.0,0.24,0.35,0.16,0.25,0.43,0.08,0.15,0.28,0.64,0.27,0.32],[0.17,0.07,0.4,0.24,1.0,0.27,0.23,0.25,0.22,0.39,0.55,0.4,0.21,0.23,0.21],[0.09,0.26,0.08,0.35,0.27,1.0,0.27,0.27,0.4,0.12,0.23,0.34,0.57,0.31,0.3],[0.16,0.12,0.19,0.16,0.23,0.27,1.0,0.24,0.27,0.27,0.31,0.3,0.29,0.22,0.24],[0.1,0.07,0.13,0.25,0.25,0.27,0.24,1.0,1.0,1.0,1.0,1.0,0.87,0.19,1.0],[0.63,0.09,0.12,0.43,0.22,0.4,0.27,1.0,1.0,0.31,0.99,0.99,1.0,0.0,0.9],[0.44,0.03,0.58,0.08,0.39,0.12,0.27,1.0,0.31,1.0,1.0,0.56,0.0,0.0,0.34],[0.52,0.03,0.72,0.15,0.55,0.23,0.31,1.0,0.99,1.0,1.0,1.0,0.94,0.38,0.72],[0.06,0.17,0.24,0.28,0.4,0.34,0.3,1.0,0.99,0.56,1.0,1.0,0.99,1.0,1.0],[0.1,0.44,0.09,0.64,0.21,0.57,0.29,0.87,1.0,0.0,0.94,0.99,1.0,0.35,0.46],[0.01,0.74,0.06,0.27,0.23,0.31,0.22,0.19,0.0,0.0,0.38,1.0,0.35,1.0,1.0],[0.01,0.49,0.07,0.32,0.21,0.3,0.24,1.0,0.9,0.34,0.72,1.0,0.46,1.0,1.0]],
  "pae": [[1.0,12.6,8.7,11.6,11.4,13.2,14.3,9.2,8.1,8.6,7.7,8.8,10.1,11.1,10.1],[11.4,1.3,13.0,8.6,12.4,11.8,15.7,8.9,9.0,9.5,9.1,8.0,8.0,7.7,7.8],[9.0,17.5,1.4,14.5,12.8,15.8,17.0,11.9,10.4,10.3,9.0,10.9,12.7,13.4,13.5],[16.8,9.1,17.3,1.9,12.3,12.7,17.1,9.6,8.3,11.9,9.0,8.9,9.1,8.6,9.0],[13.8,13.7,11.3,11.8,2.0,13.0,16.2,10.5,9.0,11.5,8.8,8.8,9.9,11.4,11.6],[16.8,12.9,15.4,11.1,12.4,1.5,16.0,9.9,9.5,13.1,11.0,10.4,9.5,11.1,10.5],[17.8,19.1,15.5,15.4,12.5,14.1,1.5,14.3,12.3,15.0,12.2,12.6,12.5,14.6,14.7],[4.5,4.0,5.0,5.6,6.4,7.7,10.3,0.9,1.9,2.0,1.9,2.0,2.4,2.1,2.1],[4.2,4.2,4.6,5.3,6.0,7.6,9.9,1.3,1.0,1.6,1.7,1.8,2.0,2.2,1.9],[4.0,4.6,4.6,5.7,6.2,7.5,9.6,1.4,1.6,0.9,1.1,1.7,2.4,2.2,2.3],[3.8,3.8,4.3,5.3,6.0,7.5,9.6,1.3,1.5,1.1,0.8,1.1,1.9,1.8,1.7],[3.7,3.7,4.1,4.9,5.8,7.2,9.2,1.6,2.1,1.5,1.0,0.8,1.7,1.5,1.5],[4.7,3.6,5.3,5.0,5.9,7.5,10.2,2.3,2.2,2.4,2.0,1.5,0.9,1.8,2.1],[5.1,3.8,5.2,5.2,6.5,7.6,10.2,1.8,2.2,2.3,2.0,1.3,2.0,0.9,1.4],[4.7,3.5,4.9,4.9,6.1,7.4,10.2,1.4,2.1,2.0,1.7,1.4,2.0,1.2,0.9]],
  "token_chain_ids": ["A","B","C","D","E","F","G","H","H","H","H","H","H","H","H"],
  "token_res_ids": [1,1,1,1,1,1,1,1,2,3,4,5,6,7,8]
}