{
  "atom_chain_ids": ["A","B","C","D","E","F","G","H","H","H","H","H","H","H","H","H","H","H","H","H","H","H","H","H","H","H","H","H","H","H","H","H","H","H","H","H","H","H","H","H","H","H","H","H","H","H","H","H","H","H","H","H","H","H","H","H","H","H","H","H","H","H","H","H","H","H","H","H","H","H","H","H","H","H","H","H","H","H","H","H","H","H","H","H","H","H","H","H","H","H","H","H","H","H","H","H","H","H","H","H","H","H","H","H","H","H","H","H","H","H","H","H","H","H","H","H","H","H","H","H","H","H","H","H","H","H","H","H","H","H","H","H","H","H","H","H","H","H","H","H","H","H","H","H","H","H","H","H","H","H","H","H","H","H","H","H","H","H","H","H","H","H","H","H","H","H","H","H","H","H","H"],
  "atom_plddts": [82.62,76.98,70.35,63.49,57.13,55.8,51.38,87.19,91.7,89.07,87.84,91.34,92.96,95.38,95.83,95.76,95.32,95.63,95.89,96.53,96.45,96.01,96.17,96.07,95.43,95.66,95.92,94.77,93.3,92.93,94.07,94.07,94.9,95.3,94.96,94.35,94.7,94.87,95.4,95.15,94.12,94.16,94.33,93.48,93.89,92.83,94.25,94.31,91.61,91.24,93.72,94.08,95.01,95.56,95.43,94.81,95.13,95.2,95.6,95.49,94.43,94.34,94.53,93.74,93.85,93.1,94.5,94.21,92.49,92.25,93.82,94.39,95.91,96.2,95.93,95.48,95.88,96.1,96.68,96.51,96.55,96.87,96.93,96.55,96.85,96.93,96.65,96.89,97.03,94.41,92.98,93.14,94.0,94.0,95.52,95.72,95.52,94.89,95.22,95.63,96.36,96.36,96.08,96.29,96.41,95.98,96.06,96.25,94.59,93.27,92.98,93.78,93.79,94.78,94.9,94.62,93.96,94.33,94.29,94.99,94.42,93.81,94.2,94.07,93.07,93.6,93.33,93.51,94.1,94.54,92.63,92.53,94.0,94.22,95.13,95.53,95.41,94.78,95.09,95.21,95.69,95.44,94.32,94.18,94.31,93.47,93.64,92.91,94.42,95.02,93.2,91.97,94.34,94.69,96.09,96.39,96.26,95.68,96.05,96.26,96.92,96.72,96.55,97.01,96.99,96.44,96.8,96.88,96.67,97.0,97.19],
  "contact_probs": [[1.0,0.01,0.35,0.05,0.17,0.09,0.16,0.1,0.63,0.44,0.52,0.06,0.1,0.01,0.01],[0.01,1.0,0.03,0.44,0.07,0.26,0.12,0.07,0.09,0.03,0.03,0.17,0.44,0.74,0.49],[0.35,0.03,1.0,0.08,0.4,0.08,0.19,0.13,0.12,0.58,0.72,0.24,0.09,0.06,0.07],[0.05,0.44,0.08,1.0,0.24,0.35,0.16,0.25,0.43,0.08,0.15,0.28,0.64,0.27,0.32],[0.17,0.07,0.4,0.24,1.0,0.27,0.23,0.25,0.22,0.39,0.55,0.4,0.21,0.23,0.21],[0.09,0.26,0.08,0.35,0.27,1.0,0.27,0.27,0.4,0.12,0.23,0.34,0.57,0.31,0.3],[0.16,0.12,0.19,0.16,0.23,0.27,1.0,0.24,0.27,0.27,0.31,0.3,0.29,0.22,0.24],[0.1,0.07,0.13,0.25,0.25,0.27,0.24,1.0,1.0,1.0,1.0,1.0,0.87,0.19,1.0],[0.63,0.09,0.12,0.43,0.22,0.4,0.27,1.0,1.0,0.31,0.99,0.99,1.0,0.0,0.9],[0.44,0.03,0.58,0.08,0.39,0.12,0.27,1.0,0.31,1.0,1.0,0.56,0.0,0.0,0.34],[0.52,0.03,0.72,0.15,0.55,0.23,0.31,1.0,0.99,1.0,1.0,1.0,0.94,0.38,0.72],[0.06,0.17,0.24,0.28,0.4,0.34,0.3,1.0,0.99,0.56,1.0,1.0,0.99,1.0,1.0],[0.1,0.44,0.09,0.64,0.21,0.57,0.29,0.87,1.0,0.0,0.94,0.99,1.0,0.35,0.46],[0.01,0.74,0.06,0.27,0.23,0.31,0.22,0.19,0.0,0.0,0.38,1.0,0.35,1.0,1.0],[0.01,0.49,0.07,0.32,0.21,0.3,0.24,1.0,0.9,0.34,0.72,1.0,0.46,1.0,1.0]],
  "pae": [[1.1,12.5,9.2,11.8,10.9,12.3,13.4,9.0,7.9,8.0,7.3,8.1,9.6,10.1,10.0],[11.1,1.2,10.8,8.8,11.6,10.5,14.4,8.9,8.9,9.5,8.8,7.7,7.9,7.3,7.5],[10.1,15.0,1.4,12.9,11.8,14.4,16.9,10.9,10.0,8.6,7.6,9.1,11.1,11.6,11.6],[16.3,9.3,15.5,1.9,12.3,13.9,19.5,11.3,10.2,13.1,10.3,9.2,9.7,9.6,10.2],[14.0,14.2,11.6,12.5,1.6,12.8,18.5,10.5,9.6,11.6,8.8,9.1,9.7,11.8,11.4],[17.2,11.2,15.1,12.8,13.6,1.9,15.1,9.6,8.7,12.9,10.1,9.4,8.8,10.2,9.4],[17.8,18.1,18.5,16.7,15.7,14.2,1.3,11.3,10.8,12.8,11.3,11.6,11.8,14.2,11.9],[4.2,4.0,4.3,5.0,6.0,7.3,9.0,0.9,1.9,2.0,1.9,2.1,2.3,2.0,1.9],[3.8,4.3,4.0,5.0,5.6,6.9,8.7,1.3,1.0,1.6,1.7,1.9,1.9,2.2,2.0],[3.6,4.7,3.9,5.5,5.7,7.3,8.6,1.4,1.6,0.9,1.1,1.7,2.2,2.2,2.3],[3.3,3.7,3.5,4.6,5.4,6.8,8.5,1.3,1.5,1.1,0.8,1.1,1.8,1.8,1.7],[3.3,3.4,3.4,4.4,5.3,6.3,8.2,1.6,1.9,1.5,1.0,0.8,1.7,1.5,1.5],[4.2,3.6,4.6,4.6,5.6,6.9,9.3,2.4,2.3,2.5,2.0,1.6,0.9,1.7,2.2],[4.5,3.6,4.3,4.5,5.8,6.7,8.8,2.0,2.3,2.4,2.1,1.4,2.0,0.9,1.5],[4.1,3.2,4.0,4.3,5.7,6.8,8.9,1.5,2.0,2.0,1.8,1.5,2.0,1.2,0.9]],
  "token_chain_ids": ["A","B","C","D","E","F","G","H","H","H","H","H","H","H","H"],
  "token_res_ids": [1,1,1,1,1,1,1,1,2,3,4,5,6,7,8]
}