{
  "atom_chain_ids": ["A","B","C","D","E","F","G","H","H","H","H","H","H","H","H","H","H","H","H","H","H","H","H","H","H","H","H","H","H","H","H","H","H","H","H","H","H","H","H","H","H","H","H","H","H","H","H","H","H","H","H","H","H","H","H","H","H","H","H","H","H","H","H","H","H","H","H","H","H","H","H","H","H","H","H","H","H","H","H","H","H","H","H","H","H","H","H","H","H","H","H","H","H","H","H","H","H","H","H","H","H","H","H","H","H","H","H","H","H","H","H","H","H","H","H","H","H","H","H","H","H","H","H","H","H","H","H","H","H","H","H","H","H","H","H","H","H","H","H","H","H","H","H","H","H","H","H","H","H","H","H","H","H","H","H","H","H","H","H","H","H","H","H","H","H","H","H","H","H","H","H"],
  "atom_plddts": [82.16,80.24,70.72,61.44,56.04,56.59,49.06,86.71,91.48,88.82,87.62,91.18,92.9,95.38,95.85,95.76,95.31,95.62,95.89,96.55,96.47,96.04,96.2,96.11,95.47,95.69,95.96,94.64,93.03,92.65,93.89,93.91,94.82,95.24,94.91,94.27,94.63,94.79,95.35,95.12,94.11,94.18,94.38,93.53,93.95,92.84,94.26,94.4,91.67,91.29,93.8,94.17,95.1,95.63,95.51,94.87,95.2,95.26,95.67,95.55,94.51,94.4,94.6,93.8,93.9,93.16,94.57,94.27,92.58,92.36,93.89,94.47,95.99,96.27,96.0,95.55,95.95,96.17,96.75,96.58,96.61,96.93,96.99,96.61,96.92,96.99,96.71,96.96,97.09,94.47,93.07,93.25,94.07,94.08,95.58,95.76,95.56,94.93,95.25,95.68,96.4,96.41,96.13,96.34,96.46,96.03,96.11,96.3,94.67,93.32,93.05,93.89,94.0,95.02,95.14,94.89,94.28,94.64,94.56,95.25,94.72,94.13,94.46,94.35,93.36,93.82,93.62,93.83,94.38,94.8,93.01,92.93,94.23,94.4,95.28,95.67,95.55,94.91,95.23,95.33,95.81,95.57,94.46,94.27,94.41,93.59,93.73,93.02,94.52,95.0,93.22,91.99,94.33,94.65,96.07,96.38,96.25,95.67,96.04,96.27,96.92,96.72,96.57,97.02,97.0,96.45,96.83,96.89,96.69,97.01,97.19],
  "contact_probs": [[1.0,0.01,0.35,0.05,0.17,0.09,0.16,0.1,0.63,0.44,0.52,0.06,0.1,0.01,0.01],[0.01,1.0,0.03,0.44,0.07,0.26,0.12,0.07,0.09,0.03,0.03,0.17,0.44,0.74,0.49],[0.35,0.03,1.0,0.08,0.4,0.08,0.19,0.13,0.12,0.58,0.72,0.24,0.09,0.06,0.07],[0.05,0.44,0.08,1.0,0.24,0.35,0.16,0.25,0.43,0.08,0.15,0.28,0.64,0.27,0.32],[0.17,0.07,0.4,0.24,1.0,0.27,0.23,0.25,0.22,0.39,0.55,0.4,0.21,0.23,0.21],[0.09,0.26,0.08,0.35,0.27,1.0,0.27,0.27,0.4,0.12,0.23,0.34,0.57,0.31,0.3],[0.16,0.12,0.19,0.16,0.23,0.27,1.0,0.24,0.27,0.27,0.31,0.3,0.29,0.22,0.24],[0.1,0.07,0.13,0.25,0.25,0.27,0.24,1.0,1.0,1.0,1.0,1.0,0.87,0.19,1.0],[0.63,0.09,0.12,0.43,0.22,0.4,0.27,1.0,1.0,0.31,0.99,0.99,1.0,0.0,0.9],[0.44,0.03,0.58,0.08,0.39,0.12,0.27,1.0,0.31,1.0,1.0,0.56,0.0,0.0,0.34],[0.52,0.03,0.72,0.15,0.55,0.23,0.31,1.0,0.99,1.0,1.0,1.0,0.94,0.38,0.72],[0.06,0.17,0.24,0.28,0.4,0.34,0.3,1.0,0.99,0.56,1.0,1.0,0.99,1.0,1.0],[0.1,0.44,0.09,0.64,0.21,0.57,0.29,0.87,1.0,0.0,0.94,0.99,1.0,0.35,0.46],[0.01,0.74,0.06,0.27,0.23,0.31,0.22,0.19,0.0,0.0,0.38,1.0,0.35,1.0,1.0],[0.01,0.49,0.07,0.32,0.21,0.3,0.24,1.0,0.9,0.34,0.72,1.0,0.46,1.0,1.0]],
  "pae": [[1.1,11.8,8.9,10.6,12.0,12.1,12.2,8.6,7.8,7.9,7.3,8.1,9.6,9.9,9.9],[12.3,1.3,11.9,10.3,12.8,11.5,15.1,8.8,8.4,9.4,8.5,7.3,7.8,7.6,7.9],[9.6,15.8,1.4,12.0,13.5,14.9,16.9,11.2,10.2,8.7,8.1,9.4,11.9,12.6,12.1],[12.9,12.9,12.9,1.8,12.2,14.3,17.8,10.9,9.4,12.2,9.3,9.4,10.1,11.4,11.0],[15.0,13.7,12.9,10.4,1.6,13.8,19.4,12.1,10.3,11.8,9.2,9.2,11.2,12.0,12.6],[17.3,14.1,15.6,12.6,14.4,1.8,15.6,9.9,9.6,12.5,10.0,9.4,9.7,10.1,9.4],[17.1,17.2,18.9,14.9,16.7,15.0,1.4,12.0,11.0,14.4,12.5,12.5,12.4,14.4,13.1],[4.5,4.2,4.6,5.9,6.4,7.3,9.6,0.9,1.9,2.0,1.9,2.0,2.3,2.0,1.9],[4.2,4.3,4.4,5.7,6.2,7.2,9.3,1.3,1.0,1.7,1.8,1.9,2.1,2.3,2.0],[4.0,4.8,4.4,5.7,6.1,7.3,9.4,1.5,1.7,0.9,1.2,1.8,2.3,2.4,2.3],[3.7,3.9,4.0,5.5,5.9,6.9,9.3,1.4,1.6,1.1,0.8,1.2,1.9,1.9,1.7],[3.7,3.6,3.8,5.0,5.9,6.2,8.6,1.7,2.1,1.6,1.1,0.8,1.6,1.6,1.5],[4.6,3.5,4.9,5.4,6.1,6.9,9.8,2.2,2.1,2.3,1.9,1.5,0.9,1.6,1.9],[4.8,3.7,4.7,5.6,6.1,6.7,9.5,1.9,2.3,2.3,2.1,1.3,1.9,0.9,1.4],[4.4,3.5,4.4,5.5,6.3,6.8,9.6,1.4,2.1,1.9,1.8,1.4,1.9,1.2,0.9]],
  "token_chain_ids": ["A","B","C","D","E","F","G","H","H","H","H","H","H","H","H"],
  "token_res_ids": [1,1,1,1,1,1,1,1,2,3,4,5,6,7,8]
}