{
  "atom_chain_ids": ["A","A","A","A","A","A","A","A","A","A","A","A","A","A","A","A","A","A","A","A","A","A","A","A","A","A","A","A","A","A","A","A","A","A","A","A","A","A","A","A","A","A","A","A","A","A","A","A","A","A","A","A","A","A","A","A","A","A","A","A","A","A","A","A","A","A","A","A","A","A","A","A","A","A","A","A","A","A","A","A","A","A","A","A","A","A","A","A","A","A","A","A","A","A","A","A","A","A","A","A","A","A","A","A","A","A","A","A","A","A","A","A","A","A","A","A","A","A","A","A","A","A","A","A","A","A","A","A","A","A","A","A","A","A","A","A","A","A","A","A","A","A","A","A","A","A","A","A","A","A","A","A","A","A","A","A","A","A","A","A","A","A","A","A","A","A","A","A","A","A","A","A","A","A","A","A","A","A","A","A","A","A","A","A","A","A","A","A","A","A","A","A","A","A","A","A","A","A","A","A","A","A","A","A","A","A","A","A","A","A","A","A","A","A","A","A","A","A","A","A","A","A","A","A","A","A","A","A","A","A","A","A","A","A","A","A","A","A","A","A","A","A","A","A","A","A","A","A","A","A","A","A","A","A","A","A","A","A","A","A","A","A","A","A","A","A","A","A","A","A","A","A","A","A","A","A","A","A","A","A","A","A","A","A","A","A","A","A","A","A","A","A","A","A","A","A","A","A","A","A","A","A","A","A","A","A","A","A","A","A","A","A","A","A","A","A","A","A","A","A","A","A","A","A","A","A","A","A","A","A","A","A","A","A","A","A","A","A","A","A","A","A","A","A","A","A","A","A","A","A","A","A","A","A","A","A","A","A","A","A","A","A","A","A","A","A","A","A","A","A","A","A","A","A","A","A","A","A","A","A","A","A","A","A","A","A","A","A","A","A","A","A","A","A","A","A","A","A","A","A","A","A","A","A","A","A","A","A","A","A","A","A","A","A","A","A","A","A","A","A","A","A","A","A","A","A","A","A","A","A","A","A","A","A","A","A","A","A","A"],
  "atom_plddts": [55.84,57.32,51.09,52.56,57.38,60.54,63.14,64.96,65.2,63.51,64.69,64.66,64.76,64.73,64.39,64.91,65.21,64.55,63.33,63.53,64.16,64.56,66.58,56.97,54.12,55.39,57.38,59.14,60.67,62.81,61.61,60.28,61.3,61.83,61.21,62.04,62.04,62.58,63.03,62.68,62.29,62.09,62.29,62.12,62.82,56.51,55.23,56.04,56.28,56.88,57.95,59.75,58.45,57.26,57.4,58.01,57.97,58.54,59.1,59.71,60.09,59.83,59.6,59.14,59.26,58.69,59.36,44.63,41.91,41.79,44.55,44.17,45.26,46.0,47.02,45.94,45.54,46.35,46.19,45.84,44.91,45.26,45.04,45.02,44.56,44.82,43.44,39.96,39.4,43.3,43.15,44.71,45.17,46.51,45.27,44.43,44.26,44.61,43.92,42.49,42.42,42.28,41.94,41.23,41.9,46.6,41.98,41.56,47.35,47.18,48.88,49.41,50.58,49.55,49.31,49.09,49.76,48.72,46.61,46.51,45.99,45.25,44.06,44.98,47.26,47.89,43.33,43.58,48.6,50.08,52.12,53.94,53.41,52.59,52.44,53.34,53.39,53.46,52.35,53.39,52.99,52.42,51.7,51.72,52.87,52.31,53.52,54.41,52.31,53.58,54.8,56.08,57.52,59.97,58.79,57.65,58.05,58.83,58.05,58.88,58.76,59.36,59.82,59.54,59.27,58.82,58.95,58.74,59.38,56.51,55.53,56.06,56.17,56.47,57.55,59.37,58.09,56.93,57.09,57.41,57.49,58.14,58.71,59.4,59.61,59.33,59.15,58.79,58.85,58.37,58.93,55.47,54.64,55.58,55.59,54.58,54.92,57.06,55.13,54.49,54.0,54.99,55.02,55.45,55.77,55.96,56.1,56.21,55.69,55.82,52.6,49.94,50.45,52.63,52.26,53.5,54.61,54.8,53.4,52.85,53.25,53.45,53.01,52.31,52.11,51.83,51.69,50.77,51.76,55.76,51.18,51.98,56.47,57.02,58.04,58.7,59.29,57.76,56.88,57.07,57.4,56.64,55.52,55.11,54.98,54.34,52.92,53.89,55.94,56.34,51.38,52.06,56.78,59.29,60.57,62.25,61.61,60.05,61.17,61.43,61.14,61.39,61.03,61.26,61.8,61.43,60.48,60.7,61.32,60.7,62.12,55.48,53.58,54.54,55.57,57.19,58.62,60.34,59.3,57.91,58.62,58.84,58.24,59.06,59.19,59.51,60.12,59.84,59.54,59.16,59.28,58.86,59.64,54.11,53.11,53.85,53.78,54.68,55.77,57.35,56.19,55.0,54.96,55.44,55.42,56.11,56.69,57.33,57.62,57.33,57.21,56.75,56.85,56.4,57.0,44.4,43.11,43.65,43.83,43.45,44.49,45.6,45.71,45.01,44.83,45.23,44.87,44.95,44.21,44.42,44.31,44.37,43.82,44.07,40.04,37.65,37.4,39.66,39.28,41.07,41.54,43.26,41.86,41.68,41.89,42.27,42.02,40.33,40.49,40.53,40.42,39.91,40.18,45.16,41.02,40.66,45.7,45.67,47.26,48.11,48.78,47.83,47.55,47.38,47.92,47.3,45.59,45.66,45.26,44.67,43.62,44.2,46.09,49.61,46.06,46.32,50.08,51.21,52.62,53.83,53.58,52.39,52.16,51.92,52.77,52.23,51.26,51.87,51.74,51.05,50.39,50.38,51.53,50.43,52.08,50.93,48.6,50.07,51.08,52.38,53.99,55.96,54.81,53.68,53.87,54.66,54.37,55.25,55.26,55.81,56.14,55.75,55.74,55.37,55.54,55.41,55.83,55.02,53.44,54.06,54.64,55.59,56.58,58.11,56.6,55.25,55.47,55.35,56.18,56.68,57.1,57.56,57.85,57.49,57.09,56.9,57.07,56.56,57.43],
  "contact_probs": [[1.0,0.99,0.28,0.03,0.03,0.01,0.04,0.09,0.28,0.31,0.39,0.4,0.66,0.53,0.14,0.05,0.04,0.02,0.01,0.02,0.04],[0.99,1.0,0.98,0.22,0.2,0.05,0.15,0.32,0.52,0.27,0.4,0.17,0.37,0.36,0.24,0.13,0.08,0.03,0.02,0.04,0.06],[0.28,0.98,1.0,0.69,0.36,0.21,0.42,0.64,0.46,0.25,0.22,0.04,0.04,0.12,0.17,0.24,0.11,0.06,0.05,0.06,0.07],[0.03,0.22,0.69,1.0,0.46,0.22,0.25,0.28,0.19,0.12,0.08,0.02,0.02,0.05,0.15,0.19,0.1,0.09,0.09,0.08,0.13],[0.03,0.2,0.36,0.46,1.0,0.59,0.3,0.22,0.1,0.04,0.03,0.01,0.01,0.03,0.08,0.14,0.16,0.22,0.22,0.19,0.11],[0.01,0.05,0.21,0.22,0.59,1.0,0.87,0.2,0.03,0.01,0.01,0.01,0.01,0.02,0.05,0.12,0.23,0.64,0.63,0.2,0.08],[0.04,0.15,0.42,0.25,0.3,0.87,1.0,0.95,0.15,0.01,0.01,0.01,0.01,0.02,0.04,0.13,0.2,0.66,0.64,0.47,0.09],[0.09,0.32,0.64,0.28,0.22,0.2,0.95,1.0,0.99,0.29,0.06,0.03,0.05,0.05,0.07,0.14,0.34,0.24,0.42,0.54,0.35],[0.28,0.52,0.46,0.19,0.1,0.03,0.15,0.99,1.0,0.92,0.53,0.27,0.21,0.1,0.08,0.24,0.19,0.06,0.07,0.4,0.4],[0.31,0.27,0.25,0.12,0.04,0.01,0.01,0.29,0.92,1.0,0.75,0.52,0.41,0.1,0.14,0.17,0.1,0.02,0.01,0.1,0.37],[0.39,0.4,0.22,0.08,0.03,0.01,0.01,0.06,0.53,0.75,1.0,0.72,0.36,0.14,0.11,0.08,0.03,0.01,0.01,0.03,0.17],[0.4,0.17,0.04,0.02,0.01,0.01,0.01,0.03,0.27,0.52,0.72,1.0,0.85,0.22,0.03,0.02,0.02,0.01,0.01,0.05,0.39],[0.66,0.37,0.04,0.02,0.01,0.01,0.01,0.05,0.21,0.41,0.36,0.85,1.0,0.97,0.2,0.04,0.03,0.01,0.03,0.12,0.46],[0.53,0.36,0.12,0.05,0.03,0.02,0.02,0.05,0.1,0.1,0.14,0.22,0.97,1.0,0.98,0.26,0.14,0.05,0.2,0.37,0.5],[0.14,0.24,0.17,0.15,0.08,0.05,0.04,0.07,0.08,0.14,0.11,0.03,0.2,0.98,1.0,0.74,0.34,0.34,0.57,0.53,0.26],[0.05,0.13,0.24,0.19,0.14,0.12,0.13,0.14,0.24,0.17,0.08,0.02,0.04,0.26,0.74,1.0,0.48,0.38,0.37,0.17,0.05],[0.04,0.08,0.11,0.1,0.16,0.23,0.2,0.34,0.19,0.1,0.03,0.02,0.03,0.14,0.34,0.48,1.0,0.65,0.28,0.1,0.03],[0.02,0.03,0.06,0.09,0.22,0.64,0.66,0.24,0.06,0.02,0.01,0.01,0.01,0.05,0.34,0.38,0.65,1.0,0.92,0.21,0.02],[0.01,0.02,0.05,0.09,0.22,0.63,0.64,0.42,0.07,0.01,0.01,0.01,0.03,0.2,0.57,0.37,0.28,0.92,1.0,0.95,0.12],[0.02,0.04,0.06,0.08,0.19,0.2,0.47,0.54,0.4,0.1,0.03,0.05,0.12,0.37,0.53,0.17,0.1,0.21,0.95,1.0,0.99],[0.04,0.06,0.07,0.13,0.11,0.08,0.09,0.35,0.4,0.37,0.17,0.39,0.46,0.5,0.26,0.05,0.03,0.02,0.12,0.99,1.0]],
  "pae": [[1.3,4.0,6.2,10.5,12.3,13.3,12.6,10.4,8.6,8.6,8.5,7.4,6.5,7.2,6.8,11.7,14.0,12.9,11.9,11.4,9.6],[2.8,1.0,4.2,10.6,11.6,12.8,12.2,8.7,8.1,9.0,8.2,8.6,6.8,7.1,6.7,11.0,13.1,12.0,11.5,10.8,8.7],[4.9,4.6,1.1,9.2,10.0,12.1,10.2,8.4,8.9,10.3,10.2,9.6,7.6,9.0,7.7,11.7,12.9,12.1,10.8,10.4,9.6],[16.8,12.5,12.7,1.5,10.9,10.5,13.1,14.6,16.0,15.5,16.2,16.9,17.3,17.8,17.3,15.4,16.0,19.0,17.4,17.8,17.2],[18.6,17.7,14.2,10.5,1.9,11.7,10.4,15.4,19.5,18.5,20.4,19.7,21.0,20.2,19.9,18.1,14.9,18.1,15.7,17.0,19.1],[17.2,16.9,15.2,11.3,10.6,1.4,7.8,9.4,14.1,14.1,17.2,16.8,17.4,16.6,16.5,14.8,11.2,14.9,12.0,13.8,15.0],[14.0,14.2,11.7,10.3,8.8,6.5,1.1,5.9,8.4,9.4,13.7,13.1,13.6,12.8,12.9,12.6,11.4,12.1,9.5,9.6,10.0],[9.7,10.6,9.9,11.3,10.8,6.8,4.6,1.0,4.7,5.8,9.9,10.1,9.8,9.7,9.9,12.2,11.5,11.7,9.1,7.8,7.4],[7.9,7.8,8.2,11.5,12.0,9.4,5.1,3.4,1.0,4.0,8.1,7.5,9.1,8.9,8.8,11.9,14.0,11.9,10.1,7.6,7.3],[9.4,9.9,10.7,13.2,13.3,11.7,8.0,5.5,4.8,1.2,7.8,7.5,7.6,10.6,12.3,13.5,15.3,13.3,11.4,10.6,9.5],[10.0,10.6,14.8,15.4,17.2,16.9,15.7,13.7,9.6,8.4,1.7,7.5,7.1,12.5,13.9,15.3,18.6,17.3,17.2,16.2,14.3],[8.9,10.1,13.0,15.2,15.8,15.5,13.2,12.3,12.0,8.2,7.5,1.3,5.0,6.5,9.2,12.8,15.3,14.7,15.0,14.1,12.8],[6.0,6.4,7.8,12.4,13.5,13.6,11.0,10.1,8.3,8.5,6.7,3.9,1.1,3.2,5.5,9.1,13.5,11.8,12.1,10.9,9.0],[5.6,6.8,7.4,12.0,13.0,13.0,10.6,8.9,8.9,8.9,8.1,5.0,3.4,1.0,3.2,9.7,11.7,12.1,11.8,11.1,9.2],[6.6,7.1,8.3,11.9,13.3,13.1,11.1,11.1,10.2,10.3,9.7,7.5,5.5,4.2,1.0,8.3,10.5,12.2,10.9,12.2,9.5],[16.1,16.6,17.2,14.1,16.9,14.4,16.9,17.5,17.7,17.1,16.8,16.4,15.6,12.2,11.7,1.4,10.6,11.7,11.6,16.5,16.5],[19.9,19.9,20.3,15.5,17.9,11.9,17.2,17.9,20.9,19.3,21.3,20.7,20.2,17.9,14.6,9.9,1.6,11.7,10.3,16.3,18.8],[18.6,18.0,18.0,16.5,18.8,12.7,16.1,16.3,17.3,17.8,19.1,19.3,19.2,18.1,17.0,12.2,9.9,1.4,9.1,10.2,14.0],[13.0,12.5,11.4,13.5,13.1,10.5,8.8,9.5,10.8,12.0,13.7,13.1,12.4,12.6,11.7,12.2,9.6,6.2,1.2,4.1,7.2],[10.9,10.0,10.3,12.2,12.4,11.9,8.3,7.6,9.4,10.1,11.7,11.0,11.9,10.2,10.2,11.2,11.1,5.7,3.3,1.0,3.6],[11.8,9.8,10.4,12.9,13.6,12.5,9.6,8.3,8.0,9.4,12.0,10.1,10.3,9.5,9.5,12.5,12.8,8.3,4.6,3.1,1.3]],
  "token_chain_ids": ["A","A","A","A","A","A","A","A","A","A","A","A","A","A","A","A","A","A","A","A","A"],
  "token_res_ids": [1,2,3,4,5,6,7,8,9,10,11,12,13,14,15,16,17,18,19,20,21]
}