{
  "atom_chain_ids": ["A","A","A","A","A","A","A","A","A","A","A","A","A","A","A","A","A","A","A","A","A","A","A","A","A","A","A","A","A","A","A","A","A","A","A","A","A","A","A","A","A","A","A","A","A","A","A","A","A","A","A","A","A","A","A","A","A","A","A","A","A","A","A","A","A","A","A","A","A","A","A","A","A","A","A","A","A","A","A","A","A","A","A","A","A","A","A","A","A","A","A","A","A","A","A","A","A","A","A","A","A","A","A","A","A","A","A","A","A","A","A","A","A","A","A","A","A","A","A","A","A","A","A","A","A","A","A","A","A","A","A","A","A","A","A","A","A","A","A","A","A","A","A","A","A","A","A","A","A","A","A","A","A","A","A","A","A","A","A","A","A","A","A","A","A","A","A","A","A","A","A","A","A","A","A","A","A","A","A","A","A","A","A","A","A","A","A","A","A","A","A","A","A","A","A","A","A","A","A","A","A","A","A","A","A","A","A","A","A","A","A","A","A","A","A","A","A","A","A","A","A","A","A","A","A","A","A","A","A","A","A","A","A","A","A","A","A","A","A","A","A","A","A","A","A","A","A","A","A","A","A","A","A","A","A","A","A","A","A","A","A","A","A","A","A","A","A","A","A","A","A","A","A","A","A","A","A","A","A","A","A","A","A","A","A","A","A","A","A","A","A","A","A","A","A","A","A","A","A","A","A","A","A","A","A","A","A","A","A","A","A","A","A","A","A","A","A","A","A","A","A","A","A","A","A","A","A","A","A","A","A","A","A","A","A","A","A","A","A","A","A","A","A","A","A","A","A","A","A","A","A","A","A","A","A","A","A","A","A","A","A","A","A","A","A","A","A","A","A","A","A","A","A","A","A","A","A","A","A","A","A","A","A","A","A","A","A","A","A","A","A","A","A","A","A","A","A","A","A","A","A","A","A","A","A","A","A","A","A","A","A","A","A","A","A","A","A","A","A","A","A","A","A","A","A","A","A","A","A","A","A","A","A","A","A","A","A","A","A"],
  "atom_plddts": [52.7,54.52,48.55,49.81,54.87,57.24,60.01,61.74,61.91,60.47,61.01,61.11,61.1,60.82,60.45,60.88,61.21,60.58,59.4,59.44,60.2,60.54,62.68,55.15,52.26,53.66,55.59,57.37,59.08,61.3,60.31,58.96,59.82,60.31,59.63,60.51,60.34,60.92,61.36,60.97,60.61,60.37,60.57,60.38,61.12,56.6,55.65,56.32,56.25,56.59,57.48,59.24,57.89,56.68,56.83,57.59,57.52,58.07,58.69,59.41,59.74,59.51,59.39,58.84,58.92,58.38,58.96,44.18,41.34,41.11,44.19,43.69,44.69,45.36,46.67,45.56,45.01,45.81,45.42,44.96,44.01,44.26,44.04,44.03,43.53,43.91,40.78,37.51,36.71,40.51,40.44,42.03,42.22,43.74,42.57,42.1,41.72,41.9,41.26,39.74,39.68,39.66,39.32,38.75,39.27,43.94,39.57,38.81,44.69,44.55,46.39,46.65,47.83,46.75,46.76,46.34,47.11,46.2,44.04,44.08,43.69,43.0,42.01,42.64,44.72,49.04,44.44,44.85,49.78,51.64,53.54,55.49,54.55,53.71,53.62,54.78,54.58,54.76,53.72,54.77,54.46,53.91,53.26,53.25,54.27,53.81,54.89,53.58,51.9,53.09,53.82,54.86,56.08,58.45,57.19,56.15,56.46,57.17,56.56,57.41,57.3,57.92,58.35,58.04,57.9,57.41,57.49,57.28,57.85,52.72,51.38,52.27,52.56,53.31,54.6,56.28,55.28,54.06,54.25,54.84,54.59,55.4,55.77,56.55,56.64,56.33,56.3,55.95,56.04,55.74,56.14,52.92,52.19,53.02,52.98,51.86,52.15,53.99,52.39,51.94,51.56,52.63,52.48,52.92,53.19,53.61,53.55,53.73,53.27,53.35,46.41,44.0,44.13,46.41,45.8,46.99,47.44,48.91,47.67,47.22,47.59,47.57,47.05,45.85,45.79,45.56,45.56,44.81,45.6,50.84,46.53,46.9,51.6,52.08,53.22,53.61,54.68,53.26,52.71,52.87,52.92,52.23,50.93,50.71,50.34,49.78,48.51,49.44,51.62,50.89,45.78,46.25,51.72,53.83,55.42,56.82,56.53,55.12,55.76,56.15,55.73,55.97,55.45,55.92,56.32,55.96,55.13,55.16,55.93,55.09,56.6,51.27,49.41,50.74,51.52,52.52,54.0,55.5,55.0,53.69,54.13,54.33,53.86,54.76,54.74,55.25,55.84,55.6,55.46,54.93,54.91,54.45,55.26,50.17,49.46,50.48,49.91,50.25,51.1,52.36,51.66,50.42,50.59,51.06,51.2,51.88,52.36,53.28,53.46,53.27,53.31,52.65,52.58,52.24,52.78,43.17,41.24,41.74,42.94,42.67,43.79,44.83,45.09,44.37,44.07,44.47,44.08,44.3,43.64,43.85,43.81,43.88,43.31,43.58,41.84,39.52,39.33,41.37,40.85,42.58,43.47,45.12,43.87,43.54,44.07,44.22,43.97,42.4,42.59,42.47,42.5,41.94,42.37,44.48,40.56,40.22,44.92,45.01,46.47,47.03,47.69,46.67,46.53,46.16,46.75,46.05,44.33,44.39,44.03,43.43,42.48,42.99,44.75,48.31,44.16,44.12,48.87,49.89,51.63,52.91,52.71,51.59,51.38,51.45,52.21,51.7,50.58,51.39,51.18,50.49,49.83,49.8,51.01,50.09,51.75,49.77,47.44,49.04,50.16,51.26,52.88,54.97,53.94,52.9,53.03,53.87,53.64,54.55,54.36,55.11,55.48,55.11,55.1,54.6,54.68,54.63,55.16,51.85,50.31,51.16,51.63,52.36,53.7,54.98,54.1,52.69,52.95,53.06,53.79,54.23,54.45,55.24,55.4,55.09,54.81,54.43,54.55,54.13,54.94],
  "contact_probs": [[1.0,0.99,0.28,0.03,0.03,0.01,0.04,0.09,0.28,0.31,0.39,0.4,0.66,0.53,0.14,0.05,0.04,0.02,0.01,0.02,0.04],[0.99,1.0,0.98,0.22,0.2,0.05,0.15,0.32,0.52,0.27,0.4,0.17,0.37,0.36,0.24,0.13,0.08,0.03,0.02,0.04,0.06],[0.28,0.98,1.0,0.69,0.36,0.21,0.42,0.64,0.46,0.25,0.22,0.04,0.04,0.12,0.17,0.24,0.11,0.06,0.05,0.06,0.07],[0.03,0.22,0.69,1.0,0.46,0.22,0.25,0.28,0.19,0.12,0.08,0.02,0.02,0.05,0.15,0.19,0.1,0.09,0.09,0.08,0.13],[0.03,0.2,0.36,0.46,1.0,0.59,0.3,0.22,0.1,0.04,0.03,0.01,0.01,0.03,0.08,0.14,0.16,0.22,0.22,0.19,0.11],[0.01,0.05,0.21,0.22,0.59,1.0,0.87,0.2,0.03,0.01,0.01,0.01,0.01,0.02,0.05,0.12,0.23,0.64,0.63,0.2,0.08],[0.04,0.15,0.42,0.25,0.3,0.87,1.0,0.95,0.15,0.01,0.01,0.01,0.01,0.02,0.04,0.13,0.2,0.66,0.64,0.47,0.09],[0.09,0.32,0.64,0.28,0.22,0.2,0.95,1.0,0.99,0.29,0.06,0.03,0.05,0.05,0.07,0.14,0.34,0.24,0.42,0.54,0.35],[0.28,0.52,0.46,0.19,0.1,0.03,0.15,0.99,1.0,0.92,0.53,0.27,0.21,0.1,0.08,0.24,0.19,0.06,0.07,0.4,0.4],[0.31,0.27,0.25,0.12,0.04,0.01,0.01,0.29,0.92,1.0,0.75,0.52,0.41,0.1,0.14,0.17,0.1,0.02,0.01,0.1,0.37],[0.39,0.4,0.22,0.08,0.03,0.01,0.01,0.06,0.53,0.75,1.0,0.72,0.36,0.14,0.11,0.08,0.03,0.01,0.01,0.03,0.17],[0.4,0.17,0.04,0.02,0.01,0.01,0.01,0.03,0.27,0.52,0.72,1.0,0.85,0.22,0.03,0.02,0.02,0.01,0.01,0.05,0.39],[0.66,0.37,0.04,0.02,0.01,0.01,0.01,0.05,0.21,0.41,0.36,0.85,1.0,0.97,0.2,0.04,0.03,0.01,0.03,0.12,0.46],[0.53,0.36,0.12,0.05,0.03,0.02,0.02,0.05,0.1,0.1,0.14,0.22,0.97,1.0,0.98,0.26,0.14,0.05,0.2,0.37,0.5],[0.14,0.24,0.17,0.15,0.08,0.05,0.04,0.07,0.08,0.14,0.11,0.03,0.2,0.98,1.0,0.74,0.34,0.34,0.57,0.53,0.26],[0.05,0.13,0.24,0.19,0.14,0.12,0.13,0.14,0.24,0.17,0.08,0.02,0.04,0.26,0.74,1.0,0.48,0.38,0.37,0.17,0.05],[0.04,0.08,0.11,0.1,0.16,0.23,0.2,0.34,0.19,0.1,0.03,0.02,0.03,0.14,0.34,0.48,1.0,0.65,0.28,0.1,0.03],[0.02,0.03,0.06,0.09,0.22,0.64,0.66,0.24,0.06,0.02,0.01,0.01,0.01,0.05,0.34,0.38,0.65,1.0,0.92,0.21,0.02],[0.01,0.02,0.05,0.09,0.22,0.63,0.64,0.42,0.07,0.01,0.01,0.01,0.03,0.2,0.57,0.37,0.28,0.92,1.0,0.95,0.12],[0.02,0.04,0.06,0.08,0.19,0.2,0.47,0.54,0.4,0.1,0.03,0.05,0.12,0.37,0.53,0.17,0.1,0.21,0.95,1.0,0.99],[0.04,0.06,0.07,0.13,0.11,0.08,0.09,0.35,0.4,0.37,0.17,0.39,0.46,0.5,0.26,0.05,0.03,0.02,0.12,0.99,1.0]],
  "pae": [[1.2,3.4,6.4,11.5,15.1,14.4,13.1,11.3,10.5,9.8,10.8,7.7,6.7,7.5,9.1,12.3,14.1,15.1,13.6,10.9,10.0],[2.8,1.0,3.8,12.0,13.7,12.6,12.0,9.0,9.4,10.5,11.8,9.0,7.8,6.8,8.2,12.0,13.5,12.6,11.9,10.6,9.4],[4.1,3.1,1.0,9.8,11.7,11.9,10.4,8.7,9.0,10.8,11.3,9.1,7.5,6.4,7.9,12.4,13.4,12.5,11.5,9.4,9.8],[16.3,14.5,15.3,1.4,13.3,10.3,14.9,16.1,16.8,16.3,17.6,17.6,16.9,17.6,15.9,12.5,15.4,16.8,16.9,17.9,17.1],[19.1,17.9,14.2,12.3,2.0,11.1,12.1,16.8,19.2,19.6,21.1,21.6,20.6,21.1,19.6,15.8,16.8,14.9,15.1,17.3,20.5],[17.1,17.6,15.2,11.6,9.5,1.4,8.2,9.7,14.5,15.2,17.7,18.0,18.0,18.9,17.2,15.1,13.9,12.1,12.3,13.7,15.8],[13.9,14.5,11.3,11.4,10.3,5.5,1.0,4.1,7.4,9.6,13.8,14.1,14.3,12.9,12.8,13.4,12.7,9.2,8.0,8.0,11.1],[11.5,11.4,10.1,12.6,12.4,6.6,4.5,1.0,3.5,6.4,10.6,11.4,11.0,10.3,10.9,13.4,12.5,11.2,7.5,8.2,8.3],[9.8,9.2,9.5,13.4,14.1,9.1,5.9,4.2,1.0,6.2,9.8,10.9,10.6,9.5,9.9,13.7,15.1,12.3,9.4,8.3,8.3],[12.2,13.1,13.3,15.7,16.4,12.9,10.0,7.2,6.7,1.3,9.0,8.8,8.9,11.4,12.2,15.2,16.0,14.3,12.2,10.7,9.7],[13.6,14.9,17.0,17.1,20.1,19.1,19.1,15.7,12.3,10.0,1.7,9.9,8.4,13.8,16.0,17.0,19.0,19.4,18.7,15.5,12.7],[9.7,11.1,13.9,16.5,18.7,17.5,17.8,14.4,14.6,11.8,8.5,1.4,6.1,8.2,10.6,14.7,16.4,17.2,17.0,15.9,13.5],[6.9,7.4,8.6,13.1,16.1,15.4,13.5,9.4,9.5,9.9,7.6,4.6,1.1,3.7,6.0,10.8,13.5,13.4,13.5,12.1,10.5],[6.2,6.9,7.5,12.4,14.4,13.8,11.5,9.2,9.7,10.4,10.5,5.6,3.9,1.0,3.3,10.6,12.8,12.6,12.4,11.4,10.5],[7.7,9.3,10.2,12.1,14.7,13.8,12.3,10.9,11.8,11.7,12.4,8.8,6.5,4.8,1.1,8.9,12.4,13.2,13.1,11.8,10.5],[17.4,17.3,16.7,10.3,16.8,16.1,16.3,16.9,16.6,16.4,16.3,17.4,16.4,13.0,13.9,1.3,10.6,14.1,15.7,14.8,15.8],[19.8,19.8,18.9,13.8,16.9,14.7,15.6,16.8,19.8,17.4,19.2,19.9,19.1,18.2,13.8,10.2,1.5,12.2,8.8,14.0,18.1],[18.4,16.9,16.5,14.5,14.9,11.7,12.0,11.8,13.3,14.9,16.6,18.0,17.5,17.6,16.1,12.5,8.3,1.2,6.2,9.7,13.6],[13.4,11.7,11.5,13.5,13.6,10.4,7.8,8.2,9.2,10.3,13.2,13.6,13.6,14.4,13.3,12.1,9.8,5.0,1.1,3.5,7.8],[11.2,9.9,10.1,13.2,14.4,11.7,8.5,8.7,7.3,8.7,11.5,11.8,12.4,12.9,13.6,13.7,12.0,5.7,3.6,1.0,3.4],[11.5,10.2,11.0,14.8,15.7,12.4,9.3,8.6,6.1,7.3,11.2,10.9,10.3,11.9,10.1,14.7,13.4,9.0,5.6,3.5,1.4]],
  "token_chain_ids": ["A","A","A","A","A","A","A","A","A","A","A","A","A","A","A","A","A","A","A","A","A"],
  "token_res_ids": [1,2,3,4,5,6,7,8,9,10,11,12,13,14,15,16,17,18,19,20,21]
}