{
  "atom_chain_ids": ["A","A","A","A","A","A","A","A","A","A","A","A","A","A","A","A","A","A","A","A","A","A","A","A","A","A","A","A","A","A","A","A","A","A","A","A","A","A","A","A","A","A","A","A","A","A","A","A","A","A","A","A","A","A","A","A","A","A","A","A","A","A","A","A","A","A","A","A","A","A","A","A","A","A","A","A","A","A","A","A","A","A","A","A","A","A","A","A","A","A","A","A","A","A","A","A","A","A","A","A","A","A","A","A","A","A","A","A","A","A","A","A","A","A","A","A","A","A","A","A","A","A","A","A","A","A","A","A","A","A","A","A","A","A","A","A","A","A","A","A","A","A","A","A","A","A","A","A","A","A","A","A","A","A","A","A","A","A","A","A","A","A","A","A","A","A","A","A","A","A","A","A","A","A","A","A","A","A","A","A","A","A","A","A","A","A","A","A","A","A","A","A","A","A","A","A","A","A","A","A","A","A","A","A","A","A","A","A","A","A","A","A","A","A","A","A","A","A","A","A","A","A","A","A","A","A","A","A","A","A","A","A","A","A","A","A","A","A","A","A","A","A","A","A","A","A","A","A","A","A","A","A","A","A","A","A","A","A","A","A","A","A","A","A","A","A","A","A","A","A","A","A","A","A","A","A","A","A","A","A","A","A","A","A","A","A","A","A","A","A","A","A","A","A","A","A","A","A","A","A","A","A","A","A","A","A","A","A","A","A","A","A","A","A","A","A","A","A","A","A","A","A","A","A","A","A","A","A","A","A","A","A","A","A","A","A","A","A","A","A","A","A","A","A","A","A","A","A","A","A","A","A","A","A","A","A","A","A","A","A","A","A","A","A","A","A","A","A","A","A","A","A","A","A","A","A","A","A","A","A","A","A","A","A","A","A","A","A","A","A","A","A","A","A","A","A","A","A","A","A","A","A","A","A","A","A","A","A","A","A","A","A","A","A","A","A","A","A","A","A","A","A","A","A","A","A","A","A","A","A","A","A","A","A","A","A","A","A","A"],
  "atom_plddts": [56.71,58.26,52.2,53.71,58.18,61.42,63.93,65.73,65.93,64.23,65.53,65.49,65.62,65.59,65.21,65.74,66.06,65.37,64.18,64.4,64.98,65.4,67.44,57.61,54.7,55.95,58.11,60.17,61.63,63.84,62.58,61.24,62.37,63.03,62.23,63.08,62.92,63.49,64.0,63.6,63.23,62.99,63.18,63.13,63.83,59.25,58.19,58.61,58.94,59.59,60.61,62.29,60.91,59.69,60.17,60.94,60.71,61.22,61.75,62.45,62.76,62.5,62.32,61.86,61.98,61.53,62.14,44.07,41.2,40.98,44.04,43.61,44.67,45.29,46.61,45.51,45.01,45.9,45.49,45.05,44.12,44.44,44.19,44.19,43.74,44.07,40.28,36.99,36.1,39.97,39.91,41.53,41.57,43.34,42.09,41.58,41.07,41.32,40.54,38.91,38.76,38.77,38.39,37.78,38.38,46.31,41.56,41.05,47.11,47.13,48.96,49.62,50.73,49.67,49.42,49.28,49.84,48.91,46.76,46.7,46.22,45.5,44.34,45.2,47.48,52.25,47.66,48.28,52.89,54.49,56.01,58.24,57.42,56.51,56.42,57.48,57.27,57.33,56.46,57.35,57.19,56.58,55.79,55.9,56.86,56.27,57.58,56.57,54.52,55.55,56.83,58.17,59.45,61.96,60.62,59.5,60.1,60.98,60.13,60.94,60.77,61.44,61.91,61.59,61.34,60.87,60.98,60.9,61.49,54.74,53.04,53.8,54.58,55.46,56.78,58.68,57.48,56.32,56.61,57.3,56.93,57.7,58.12,58.9,59.05,58.73,58.61,58.29,58.39,58.14,58.57,56.32,55.66,56.5,56.46,54.95,55.17,57.18,55.17,54.57,53.99,55.07,55.18,55.49,55.97,56.22,56.33,56.49,55.93,56.03,50.53,47.79,48.26,50.74,50.35,51.6,52.54,53.26,51.92,51.42,52.14,52.08,51.57,50.67,50.61,50.23,50.14,49.26,50.25,55.29,50.78,51.46,56.01,56.54,57.58,57.96,58.84,57.27,56.42,56.78,56.96,56.07,54.94,54.59,54.33,53.71,52.31,53.31,55.52,57.03,52.03,52.71,57.45,59.88,61.1,62.69,62.11,60.44,61.69,61.91,61.63,61.8,61.45,61.73,62.31,61.94,61.01,61.19,61.78,61.09,62.58,56.23,54.13,54.97,56.36,57.75,59.15,60.98,59.98,58.52,59.36,59.75,58.96,59.79,59.93,60.4,61.05,60.83,60.53,60.05,60.11,59.69,60.51,55.18,54.67,55.03,54.74,55.29,56.02,57.7,56.3,55.09,55.15,55.85,55.67,56.37,57.18,57.96,58.18,57.97,57.93,57.38,57.44,56.97,57.43,45.07,43.64,44.15,44.57,44.25,45.23,46.46,46.34,45.68,45.36,45.87,45.47,45.63,45.1,45.34,45.19,45.28,44.73,45.03,44.48,41.88,41.89,44.25,43.94,45.57,46.6,47.53,46.16,45.58,46.25,46.43,46.14,44.94,45.19,44.89,44.81,44.16,44.69,46.7,42.82,42.75,47.1,47.31,48.67,49.58,49.9,48.91,48.6,48.51,49.05,48.41,46.79,46.9,46.48,45.92,44.94,45.45,47.22,49.35,45.23,45.44,49.91,51.02,52.61,54.07,53.65,52.49,52.27,52.39,53.03,52.61,51.69,52.45,52.31,51.62,50.98,50.93,52.09,51.18,52.74,51.39,48.95,50.41,51.61,52.86,54.66,57.13,55.9,54.79,54.96,55.92,55.45,56.37,56.23,56.92,57.36,57.0,56.9,56.42,56.53,56.47,57.02,53.91,52.5,53.19,53.62,54.13,55.33,56.7,55.62,54.16,54.33,54.38,55.23,55.64,56.04,56.76,57.03,56.7,56.35,55.98,56.06,55.51,56.45],
  "contact_probs": [[1.0,0.99,0.28,0.03,0.03,0.01,0.04,0.09,0.28,0.31,0.39,0.4,0.66,0.53,0.14,0.05,0.04,0.02,0.01,0.02,0.04],[0.99,1.0,0.98,0.22,0.2,0.05,0.15,0.32,0.52,0.27,0.4,0.17,0.37,0.36,0.24,0.13,0.08,0.03,0.02,0.04,0.06],[0.28,0.98,1.0,0.69,0.36,0.21,0.42,0.64,0.46,0.25,0.22,0.04,0.04,0.12,0.17,0.24,0.11,0.06,0.05,0.06,0.07],[0.03,0.22,0.69,1.0,0.46,0.22,0.25,0.28,0.19,0.12,0.08,0.02,0.02,0.05,0.15,0.19,0.1,0.09,0.09,0.08,0.13],[0.03,0.2,0.36,0.46,1.0,0.59,0.3,0.22,0.1,0.04,0.03,0.01,0.01,0.03,0.08,0.14,0.16,0.22,0.22,0.19,0.11],[0.01,0.05,0.21,0.22,0.59,1.0,0.87,0.2,0.03,0.01,0.01,0.01,0.01,0.02,0.05,0.12,0.23,0.64,0.63,0.2,0.08],[0.04,0.15,0.42,0.25,0.3,0.87,1.0,0.95,0.15,0.01,0.01,0.01,0.01,0.02,0.04,0.13,0.2,0.66,0.64,0.47,0.09],[0.09,0.32,0.64,0.28,0.22,0.2,0.95,1.0,0.99,0.29,0.06,0.03,0.05,0.05,0.07,0.14,0.34,0.24,0.42,0.54,0.35],[0.28,0.52,0.46,0.19,0.1,0.03,0.15,0.99,1.0,0.92,0.53,0.27,0.21,0.1,0.08,0.24,0.19,0.06,0.07,0.4,0.4],[0.31,0.27,0.25,0.12,0.04,0.01,0.01,0.29,0.92,1.0,0.75,0.52,0.41,0.1,0.14,0.17,0.1,0.02,0.01,0.1,0.37],[0.39,0.4,0.22,0.08,0.03,0.01,0.01,0.06,0.53,0.75,1.0,0.72,0.36,0.14,0.11,0.08,0.03,0.01,0.01,0.03,0.17],[0.4,0.17,0.04,0.02,0.01,0.01,0.01,0.03,0.27,0.52,0.72,1.0,0.85,0.22,0.03,0.02,0.02,0.01,0.01,0.05,0.39],[0.66,0.37,0.04,0.02,0.01,0.01,0.01,0.05,0.21,0.41,0.36,0.85,1.0,0.97,0.2,0.04,0.03,0.01,0.03,0.12,0.46],[0.53,0.36,0.12,0.05,0.03,0.02,0.02,0.05,0.1,0.1,0.14,0.22,0.97,1.0,0.98,0.26,0.14,0.05,0.2,0.37,0.5],[0.14,0.24,0.17,0.15,0.08,0.05,0.04,0.07,0.08,0.14,0.11,0.03,0.2,0.98,1.0,0.74,0.34,0.34,0.57,0.53,0.26],[0.05,0.13,0.24,0.19,0.14,0.12,0.13,0.14,0.24,0.17,0.08,0.02,0.04,0.26,0.74,1.0,0.48,0.38,0.37,0.17,0.05],[0.04,0.08,0.11,0.1,0.16,0.23,0.2,0.34,0.19,0.1,0.03,0.02,0.03,0.14,0.34,0.48,1.0,0.65,0.28,0.1,0.03],[0.02,0.03,0.06,0.09,0.22,0.64,0.66,0.24,0.06,0.02,0.01,0.01,0.01,0.05,0.34,0.38,0.65,1.0,0.92,0.21,0.02],[0.01,0.02,0.05,0.09,0.22,0.63,0.64,0.42,0.07,0.01,0.01,0.01,0.03,0.2,0.57,0.37,0.28,0.92,1.0,0.95,0.12],[0.02,0.04,0.06,0.08,0.19,0.2,0.47,0.54,0.4,0.1,0.03,0.05,0.12,0.37,0.53,0.17,0.1,0.21,0.95,1.0,0.99],[0.04,0.06,0.07,0.13,0.11,0.08,0.09,0.35,0.4,0.37,0.17,0.39,0.46,0.5,0.26,0.05,0.03,0.02,0.12,0.99,1.0]],
  "pae": [[1.2,3.6,5.5,9.9,14.1,11.9,10.6,8.9,8.4,8.4,9.5,6.4,6.0,7.4,7.8,11.1,13.0,12.2,10.7,9.3,8.4],[2.6,1.0,3.4,10.1,13.0,11.3,10.1,8.0,7.5,8.9,10.2,7.7,5.7,6.1,7.0,10.6,12.5,11.1,10.5,8.7,8.0],[3.9,3.3,1.0,8.7,11.9,10.9,9.6,8.0,8.4,10.0,10.7,8.1,6.5,6.7,7.8,11.6,12.5,11.8,10.8,9.1,8.6],[17.1,13.1,14.4,1.4,14.1,9.4,13.0,15.5,16.9,16.8,17.5,17.0,17.8,17.5,16.2,11.9,14.5,17.6,17.1,18.1,17.3],[19.9,18.0,14.2,12.2,2.0,10.6,13.1,17.5,19.6,20.2,21.9,22.2,21.3,21.0,19.7,16.2,14.5,14.1,16.3,19.0,20.8],[16.2,15.9,14.2,10.6,11.1,1.4,8.2,9.3,14.4,14.0,16.4,16.3,16.4,17.0,16.2,14.5,11.8,11.9,13.4,14.3,15.9],[12.3,12.0,9.7,10.2,11.1,5.7,1.1,4.2,7.6,8.3,12.5,11.9,11.9,11.5,11.4,12.1,11.3,9.6,8.9,8.0,10.5],[9.8,9.3,8.3,11.6,12.1,5.7,4.5,1.0,3.3,5.6,9.4,9.5,9.6,8.8,8.9,11.8,10.8,11.3,8.1,7.4,9.2],[8.4,7.4,8.0,11.6,13.7,8.3,5.2,3.8,1.0,4.9,7.3,7.8,8.7,8.7,8.5,12.1,13.2,12.3,9.5,7.8,7.4],[10.5,10.9,12.3,14.4,15.1,11.7,8.1,5.9,5.6,1.3,7.9,7.2,8.1,11.7,12.9,14.3,14.7,13.3,10.7,10.4,9.5],[13.2,14.8,15.8,16.9,20.0,18.1,16.9,13.7,10.4,9.6,1.7,8.9,8.3,14.4,15.9,16.3,18.5,18.5,16.8,15.0,11.7],[9.0,10.2,12.5,15.2,17.5,16.0,14.8,12.5,12.8,10.3,8.6,1.4,6.3,8.2,10.9,13.7,15.2,16.0,14.7,14.4,11.3],[6.0,6.1,6.3,11.3,14.6,12.7,10.2,8.6,7.2,8.5,6.8,4.1,1.0,2.9,5.0,8.8,12.2,12.0,11.0,9.8,7.5],[5.4,6.2,6.5,11.0,13.8,11.7,9.5,8.7,7.7,8.7,8.8,4.5,3.6,1.0,3.0,8.8,10.8,11.6,11.1,9.3,9.2],[6.8,7.9,8.9,10.9,14.1,11.3,9.9,9.2,9.9,10.0,9.4,7.0,5.1,4.0,1.0,8.0,10.2,12.3,10.5,9.9,9.5],[16.9,15.3,15.7,10.4,17.6,13.9,15.6,14.8,15.9,16.0,16.4,15.7,15.5,11.9,13.1,1.3,9.6,12.5,10.7,15.1,16.4],[20.2,18.5,18.3,12.9,18.0,12.3,15.3,16.0,18.9,18.1,19.8,19.5,18.9,17.2,14.4,7.7,1.5,12.1,8.6,16.0,18.1],[18.6,16.4,15.3,14.4,16.3,10.7,13.2,10.7,14.3,15.3,16.8,18.1,17.3,16.0,14.8,10.3,8.2,1.3,7.4,10.9,14.6],[12.8,11.5,10.6,12.7,14.2,9.8,9.0,9.5,9.2,11.3,12.0,11.9,11.7,11.4,10.8,10.4,9.8,6.4,1.1,4.1,8.0],[10.0,9.0,9.6,12.1,14.0,11.9,9.9,8.3,8.0,9.7,10.1,10.0,9.9,10.5,10.6,11.4,11.0,5.9,4.2,1.0,3.4],[10.9,9.3,10.3,13.2,15.5,12.4,9.6,9.0,7.4,9.4,8.9,9.5,8.6,9.1,7.9,12.6,12.6,10.8,6.3,3.4,1.3]],
  "token_chain_ids": ["A","A","A","A","A","A","A","A","A","A","A","A","A","A","A","A","A","A","A","A","A"],
  "token_res_ids": [1,2,3,4,5,6,7,8,9,10,11,12,13,14,15,16,17,18,19,20,21]
}