{
  "atom_chain_ids": ["A","A","A","A","A","A","A","A","A","A","A","A","A","A","A","A","A","A","A","A","A","A","A","A","A","A","A","A","A","A","A","A","A","A","A","A","A","A","A","A","A","A","A","A","A","A","A","A","A","A","A","A","A","A","A","A","A","A","A","A","A","A","A","A","A","A","A","A","A","A","A","A","A","A","A","A","A","A","A","A","A","A","A","A","A","A","A","A","A","A","A","A","A","A","A","A","A","A","A","A","A","A","A","A","A","A","A","A","A","A","A","A","A","A","A","A","A","A","A","A","A","A","A","A","A","A","A","A","A","A","A","A","A","A","A","A","A","A","A","A","A","A","A","A","A","A","A","A","A","A","A","A","A","A","A","A","A","A","A","A","A","A","A","A","A","A","A","A","A","A","A","A","A","A","A","A","A","A","A","A","A","A","A","A","A","A","A","A","A","A","A","A","A","A","A","A","A","A","A","A","A","A","A","A","A","A","A","A","A","A","A","A","A","A","A","A","A","A","A","A","A","A","A","A","A","A","A","A","A","A","A","A","A","A","A","A","A","A","A","A","A","A","A","A","A","A","A","A","A","A","A","A","A","A","A","A","A","A","A","A","A","A","A","A","A","A","A","A","A","A","A","A","A","A","A","A","A","A","A","A","A","A","A","A","A","A","A","A","A","A","A","A","A","A","A","A","A","A","A","A","A","A","A","A","A","A","A","A","A","A","A","A","A","A","A","A","A","A","A","A","A","A","A","A","A","A","A","A","A","A","A","A","A","A","A","A","A","A","A","A","A","A","A","A","A","A","A","A","A","A","A","A","A","A","A","A","A","A","A","A","A","A","A","A","A","A","A","A","A","A","A","A","A","A","A","A","A","A","A","A","A","A","A","A","A","A","A","A","A","A","A","A","A","A","A","A","A","A","A","A","A","A","A","A","A","A","A","A","A","A","A","A","A","A","A","A","A","A","A","A","A","A","A","A","A","A","A","A","A","A","A","A","A","A","A","A","A","A","A"],
  "atom_plddts": [55.86,57.82,52.0,53.59,57.84,60.8,63.23,64.96,65.23,63.56,64.61,64.49,64.66,64.52,64.14,64.65,64.99,64.3,63.11,63.26,63.89,64.16,66.28,56.81,54.08,55.32,57.24,59.05,60.63,62.93,61.84,60.46,61.55,62.05,61.26,62.09,61.88,62.45,62.91,62.53,62.15,61.91,62.11,61.96,62.68,57.84,57.04,57.53,57.35,57.48,58.19,59.94,58.55,57.34,57.53,58.18,58.22,58.75,59.52,60.21,60.51,60.28,60.15,59.64,59.73,59.17,59.71,45.3,42.54,42.35,45.35,44.76,45.66,46.38,47.52,46.51,45.95,46.98,46.68,46.21,45.4,45.78,45.48,45.47,44.99,45.32,43.9,40.38,39.75,43.67,43.65,45.07,45.38,46.48,45.24,44.53,44.43,44.65,43.87,42.56,42.5,42.3,41.94,41.2,41.92,43.65,39.23,38.41,44.31,44.19,45.92,46.04,47.58,46.52,46.52,46.09,46.78,45.67,43.44,43.38,42.96,42.22,41.17,41.93,44.15,49.15,44.51,44.81,49.78,51.46,53.35,55.32,54.59,53.74,53.64,54.66,54.54,54.61,53.52,54.53,54.21,53.63,52.92,52.94,54.01,53.48,54.68,54.87,52.94,54.06,55.13,56.38,57.7,60.2,58.92,57.86,58.28,59.04,58.31,59.14,58.96,59.6,60.05,59.72,59.5,59.04,59.15,58.99,59.6,55.3,53.65,54.34,55.16,56.16,57.36,59.21,57.92,56.72,57.09,57.83,57.38,58.14,58.7,59.45,59.54,59.22,59.11,58.84,58.99,58.75,59.1,57.53,56.83,57.49,57.55,56.12,56.35,58.38,56.26,55.66,55.13,56.11,56.28,56.59,57.16,57.34,57.47,57.58,57.02,57.17,49.76,47.21,47.63,49.88,49.37,50.47,51.27,52.06,50.79,50.31,50.92,50.91,50.45,49.57,49.57,49.23,49.2,48.38,49.23,54.43,50.07,50.62,55.12,55.62,56.6,57.02,58.11,56.59,55.81,56.17,56.31,55.4,54.16,53.85,53.5,52.88,51.52,52.55,54.8,52.33,47.63,48.05,52.99,54.52,55.71,56.87,56.95,55.5,56.12,56.07,56.06,56.03,55.64,56.06,56.47,56.12,55.24,55.3,56.05,54.85,56.62,54.47,52.68,53.57,54.62,55.56,56.96,58.65,57.91,56.52,57.24,57.47,56.84,57.67,57.74,58.24,58.85,58.65,58.39,57.91,57.94,57.48,58.28,51.02,50.24,51.2,50.78,51.13,52.0,53.36,52.59,51.37,51.46,51.79,52.01,52.67,53.22,54.1,54.3,54.08,54.03,53.44,53.4,52.96,53.57,46.22,45.24,45.91,45.87,45.35,46.15,47.51,47.27,46.66,46.16,46.79,46.36,46.47,45.97,46.19,46.07,46.23,45.67,45.96,44.68,42.09,42.1,44.35,43.97,45.58,46.65,47.75,46.42,45.9,46.61,46.82,46.49,45.19,45.43,45.1,45.07,44.39,44.98,46.92,42.62,42.36,47.27,47.58,48.98,49.84,50.27,49.29,48.99,48.86,49.36,48.6,46.97,47.01,46.55,45.93,44.85,45.5,47.39,49.55,45.86,46.04,49.95,50.98,52.44,53.86,53.55,52.42,52.16,52.11,52.86,52.29,51.29,52.0,51.84,51.15,50.48,50.45,51.61,50.58,52.31,52.6,50.09,51.53,52.88,54.18,55.81,58.2,56.78,55.71,55.94,56.88,56.55,57.45,57.47,58.14,58.52,58.15,58.02,57.62,57.78,57.71,58.24,53.9,52.23,53.07,53.67,54.43,55.6,57.21,55.92,54.52,54.78,54.93,55.68,56.21,56.48,57.2,57.48,57.17,56.84,56.49,56.57,56.14,56.99],
  "contact_probs": [[1.0,0.99,0.28,0.03,0.03,0.01,0.04,0.09,0.28,0.31,0.39,0.4,0.66,0.53,0.14,0.05,0.04,0.02,0.01,0.02,0.04],[0.99,1.0,0.98,0.22,0.2,0.05,0.15,0.32,0.52,0.27,0.4,0.17,0.37,0.36,0.24,0.13,0.08,0.03,0.02,0.04,0.06],[0.28,0.98,1.0,0.69,0.36,0.21,0.42,0.64,0.46,0.25,0.22,0.04,0.04,0.12,0.17,0.24,0.11,0.06,0.05,0.06,0.07],[0.03,0.22,0.69,1.0,0.46,0.22,0.25,0.28,0.19,0.12,0.08,0.02,0.02,0.05,0.15,0.19,0.1,0.09,0.09,0.08,0.13],[0.03,0.2,0.36,0.46,1.0,0.59,0.3,0.22,0.1,0.04,0.03,0.01,0.01,0.03,0.08,0.14,0.16,0.22,0.22,0.19,0.11],[0.01,0.05,0.21,0.22,0.59,1.0,0.87,0.2,0.03,0.01,0.01,0.01,0.01,0.02,0.05,0.12,0.23,0.64,0.63,0.2,0.08],[0.04,0.15,0.42,0.25,0.3,0.87,1.0,0.95,0.15,0.01,0.01,0.01,0.01,0.02,0.04,0.13,0.2,0.66,0.64,0.47,0.09],[0.09,0.32,0.64,0.28,0.22,0.2,0.95,1.0,0.99,0.29,0.06,0.03,0.05,0.05,0.07,0.14,0.34,0.24,0.42,0.54,0.35],[0.28,0.52,0.46,0.19,0.1,0.03,0.15,0.99,1.0,0.92,0.53,0.27,0.21,0.1,0.08,0.24,0.19,0.06,0.07,0.4,0.4],[0.31,0.27,0.25,0.12,0.04,0.01,0.01,0.29,0.92,1.0,0.75,0.52,0.41,0.1,0.14,0.17,0.1,0.02,0.01,0.1,0.37],[0.39,0.4,0.22,0.08,0.03,0.01,0.01,0.06,0.53,0.75,1.0,0.72,0.36,0.14,0.11,0.08,0.03,0.01,0.01,0.03,0.17],[0.4,0.17,0.04,0.02,0.01,0.01,0.01,0.03,0.27,0.52,0.72,1.0,0.85,0.22,0.03,0.02,0.02,0.01,0.01,0.05,0.39],[0.66,0.37,0.04,0.02,0.01,0.01,0.01,0.05,0.21,0.41,0.36,0.85,1.0,0.97,0.2,0.04,0.03,0.01,0.03,0.12,0.46],[0.53,0.36,0.12,0.05,0.03,0.02,0.02,0.05,0.1,0.1,0.14,0.22,0.97,1.0,0.98,0.26,0.14,0.05,0.2,0.37,0.5],[0.14,0.24,0.17,0.15,0.08,0.05,0.04,0.07,0.08,0.14,0.11,0.03,0.2,0.98,1.0,0.74,0.34,0.34,0.57,0.53,0.26],[0.05,0.13,0.24,0.19,0.14,0.12,0.13,0.14,0.24,0.17,0.08,0.02,0.04,0.26,0.74,1.0,0.48,0.38,0.37,0.17,0.05],[0.04,0.08,0.11,0.1,0.16,0.23,0.2,0.34,0.19,0.1,0.03,0.02,0.03,0.14,0.34,0.48,1.0,0.65,0.28,0.1,0.03],[0.02,0.03,0.06,0.09,0.22,0.64,0.66,0.24,0.06,0.02,0.01,0.01,0.01,0.05,0.34,0.38,0.65,1.0,0.92,0.21,0.02],[0.01,0.02,0.05,0.09,0.22,0.63,0.64,0.42,0.07,0.01,0.01,0.01,0.03,0.2,0.57,0.37,0.28,0.92,1.0,0.95,0.12],[0.02,0.04,0.06,0.08,0.19,0.2,0.47,0.54,0.4,0.1,0.03,0.05,0.12,0.37,0.53,0.17,0.1,0.21,0.95,1.0,0.99],[0.04,0.06,0.07,0.13,0.11,0.08,0.09,0.35,0.4,0.37,0.17,0.39,0.46,0.5,0.26,0.05,0.03,0.02,0.12,0.99,1.0]],
  "pae": [[1.2,3.5,6.3,10.8,14.2,14.6,12.7,10.7,9.7,9.1,9.9,6.2,6.1,7.3,8.9,11.6,13.5,14.3,11.7,10.1,9.6],[2.9,1.0,3.5,10.7,12.3,12.7,11.4,8.2,9.1,9.3,10.3,7.7,7.2,6.5,8.0,11.0,12.8,11.9,10.7,8.9,8.3],[4.1,3.3,1.1,9.7,10.6,12.0,9.8,7.6,7.6,9.9,10.8,8.1,7.4,6.4,7.0,11.7,12.8,12.2,10.0,8.7,8.8],[15.5,13.2,14.2,1.4,12.2,11.6,13.9,15.8,16.3,16.3,16.7,16.8,16.2,16.9,15.4,11.7,14.0,17.5,16.0,17.3,16.4],[18.0,17.5,13.8,11.6,2.0,11.1,10.5,15.7,18.5,18.5,19.7,19.7,19.6,18.9,17.8,15.0,14.2,15.0,14.5,16.2,19.3],[17.4,17.8,15.1,11.8,7.9,1.4,8.0,10.1,14.5,15.5,17.4,18.5,18.5,18.6,16.8,15.4,14.1,14.4,13.3,14.9,16.2],[13.5,14.7,11.3,11.3,9.6,5.6,1.1,4.5,8.0,9.2,13.4,13.9,14.2,13.4,12.3,12.8,11.9,11.4,8.1,8.4,10.5],[10.3,10.9,9.1,11.8,11.4,6.3,4.1,1.0,3.8,6.0,10.1,10.9,11.3,10.0,10.0,12.8,11.2,11.8,7.7,7.6,8.3],[8.9,8.4,8.2,12.9,13.3,8.7,5.6,4.2,1.0,5.1,9.2,10.3,10.9,9.1,9.0,13.8,14.4,12.9,8.7,7.3,6.9],[10.0,11.6,11.1,14.8,14.7,13.3,8.8,6.4,6.0,1.3,8.8,8.8,10.2,11.6,11.3,14.8,15.3,14.5,10.0,8.5,8.4],[12.0,14.4,17.0,16.8,19.2,18.8,17.1,15.5,11.9,8.8,1.7,9.6,8.8,12.6,16.5,16.3,19.5,19.6,17.2,15.2,12.5],[8.3,10.0,12.7,15.4,17.2,16.8,16.6,13.6,13.7,11.4,8.0,1.4,4.4,7.6,10.1,13.2,15.8,16.0,15.4,15.1,12.8],[6.5,7.4,9.0,13.6,16.2,16.6,14.3,10.3,9.7,9.7,7.6,4.6,1.1,3.3,6.5,11.0,14.5,14.7,14.3,12.3,11.0],[5.8,7.7,7.7,12.4,13.6,13.7,10.7,9.2,9.2,9.2,9.4,5.4,4.7,1.0,3.3,9.5,12.2,12.6,11.5,9.9,9.0],[7.7,9.9,10.5,12.0,13.6,13.6,12.2,11.1,11.3,11.0,12.4,9.0,7.4,5.5,1.1,8.0,12.0,13.6,11.8,11.3,10.5],[16.2,16.8,15.7,10.3,15.4,16.1,16.2,16.4,16.7,15.8,15.2,15.7,15.4,11.8,11.4,1.4,10.0,13.9,13.0,14.9,16.4],[18.8,19.0,17.4,11.8,15.0,15.6,14.9,15.4,18.9,16.8,19.1,18.6,17.4,17.4,13.6,9.6,1.4,13.1,8.0,13.9,16.9],[17.4,16.6,15.8,13.7,12.7,13.4,12.3,11.3,12.3,14.2,16.2,17.2,17.0,15.8,14.6,11.8,7.9,1.3,7.0,10.5,12.7],[12.5,12.0,10.7,13.1,12.8,11.7,7.9,7.9,8.3,9.7,12.6,13.2,14.0,13.1,12.8,12.2,9.8,7.9,1.2,3.9,7.6],[10.1,9.0,9.1,12.9,13.1,11.8,8.6,7.9,6.2,7.9,11.2,11.2,11.9,11.1,11.5,12.9,11.9,7.1,4.1,1.1,3.3],[11.2,9.7,10.1,14.5,14.9,13.2,8.8,8.5,6.0,6.9,10.7,10.9,11.7,10.3,9.8,14.0,13.3,10.3,6.1,3.3,1.3]],
  "token_chain_ids": ["A","A","A","A","A","A","A","A","A","A","A","A","A","A","A","A","A","A","A","A","A"],
  "token_res_ids": [1,2,3,4,5,6,7,8,9,10,11,12,13,14,15,16,17,18,19,20,21]
}