{
  "atom_chain_ids": ["A","A","A","A","A","A","A","A","A","A","A","A","A","A","A","A","A","A","A","A","A","A","A","A","A","A","A","A","A","A","A","A","A","A","A","A","A","A","A","A","A","A","A","A","A","A","A","A","A","A","A","A","A","A","A","A","A","A","A","A","A","A","A","A","A","A","A","A","A","A","A","A","A","A","A","A","A","A","A","A","A","A","A","A","A","A","A","A","A","A","A","A","A","A","A","A","A","A","A","A","A","A","A","A","A","A","A","A","A","A","A","A","A","A","A","A","A","A","A","A","A","A","A","A","A","A","A","A","A","A","A","A","A","A","A","A","A","A","A","A","A","A","A","A","A","A","A","A","A","A","A","A","A","A","A","A","A","A","A","A","A","A","A","A","A","A","A","A","A","A","A","A","A","A","A","A","A","A","A","A","A","A","A","A","A","A","A","A","A","A","A","A","A","A","A","A","A","A","A","A","A","A","A","A","A","A","A","A","A","A","A","A","A","A","A","A","A","A","A","A","A","A","A","A","A","A","A","A","A","A","A","A","A","A","A","A","A","A","A","A","A","A","A","A","A","A","A","A","A","A","A","A","A","A","A","A","A","A","A","A","A","A","A","A","A","A","A","A","A","A","A","A","A","A","A","A","A","A","A","A","A","A","A","A","A","A","A","A","A","A","A","A","A","A","A","A","A","A","A","A","A","A","A","A","A","A","A","A","A","A","A","A","A","A","A","A","A","A","A","A","A","A","A","A","A","A","A","A","A","A","A","A","A","A","A","A","A","A","A","A","A","A","A","A","A","A","A","A","A","A","A","A","A","A","A","A","A","A","A","A","A","A","A","A","A","A","A","A","A","A","A","A","A","A","A","A","A","A","A","A","A","A","A","A","A","A","A","A","A","A","A","A","A","A","A","A","A","A","A","A","A","A","A","A","A","A","A","A","A","A","A","A","A","A","A","A","A","A","A","A","A","A","A","A","A","A","A","A","A","A","A","A","A","A","A","A","A","A","A","A","A","A","A","A","A","A","A","A","A","A","A","A","A","A","A","A","A","A","A","A","A","A","A","A","A","A"],
  "atom_plddts": [56.85,59.78,53.73,54.46,59.57,63.48,66.93,68.27,69.32,67.5,69.19,66.86,67.1,65.43,62.7,62.37,62.71,60.67,58.59,59.18,61.03,63.75,66.06,61.45,61.34,66.06,67.0,68.88,70.6,70.94,69.29,70.46,69.56,70.74,70.88,69.66,70.08,71.08,70.36,69.27,69.36,69.84,69.51,71.72,71.71,68.71,68.61,72.11,72.89,74.72,75.19,75.3,74.05,75.28,75.25,75.79,76.26,75.25,75.74,76.54,76.06,75.57,75.55,75.63,75.49,76.81,73.55,71.1,70.64,73.7,74.29,76.0,76.28,76.43,75.44,76.27,76.25,76.98,77.36,76.25,76.72,77.4,76.91,76.58,76.55,76.63,76.38,77.59,72.85,70.98,70.57,72.56,70.5,72.34,73.03,72.0,70.94,70.78,70.34,72.03,72.19,72.61,72.43,73.25,72.97,72.46,72.48,60.29,57.12,57.78,60.98,60.02,61.51,61.11,61.59,60.29,58.49,58.26,59.44,58.21,57.08,56.71,56.41,55.62,54.54,55.63,57.42,64.43,60.42,60.7,64.57,64.42,66.71,67.48,67.82,66.6,66.35,64.49,66.46,65.74,63.69,63.88,64.49,62.8,61.63,61.75,62.78,63.45,66.95,62.82,63.79,67.87,69.64,71.95,73.09,73.26,72.09,73.46,73.91,73.88,74.39,73.64,74.37,74.82,74.29,73.97,73.88,74.08,74.48,75.27,72.19,69.39,69.45,72.38,72.85,74.54,74.87,74.98,73.77,74.78,74.76,75.48,75.89,74.75,75.09,75.89,75.42,74.76,74.83,75.01,74.63,76.14,73.95,71.56,71.34,74.02,74.64,76.57,76.7,77.03,75.58,76.56,76.55,77.32,77.59,76.3,76.62,77.19,76.69,76.19,76.34,76.51,76.12,77.51,71.53,69.56,69.34,71.64,69.91,71.32,72.24,71.12,69.65,69.49,69.49,70.66,70.48,70.62,69.99,70.73,70.46,69.44,69.97,63.02,60.08,60.3,63.58,62.85,63.92,63.12,64.19,62.8,60.59,60.03,60.6,58.65,56.47,55.12,55.02,53.98,52.17,53.81,56.32,64.78,61.31,60.51,64.03,64.14,65.64,65.23,65.9,63.75,64.44,60.75,63.19,61.48,58.74,57.97,58.6,56.41,54.17,55.26,57.02,57.16,67.05,62.78,63.08,67.43,68.76,70.59,71.85,72.15,70.51,71.95,71.75,72.45,72.73,71.8,72.27,73.16,72.69,71.91,71.93,72.21,72.04,73.71,71.66,68.71,68.65,72.39,73.6,75.65,76.02,76.15,74.8,76.09,76.37,76.73,77.14,75.84,76.31,77.06,76.58,76.11,76.16,76.33,76.27,77.53,73.22,70.73,70.3,73.09,73.5,75.13,75.64,75.65,74.48,75.3,75.03,75.88,76.24,75.19,75.56,76.28,75.83,75.34,75.31,75.45,75.09,76.53,72.35,70.21,69.76,72.33,70.61,72.35,73.0,72.13,71.06,70.61,70.58,71.86,71.93,71.85,71.48,72.37,72.23,71.55,71.63,59.07,56.18,56.38,59.98,59.05,60.44,59.29,60.79,59.84,57.3,57.17,57.83,56.29,54.22,53.54,53.1,52.27,50.97,52.4,54.51,65.06,61.49,61.4,64.89,64.35,66.19,66.89,67.34,66.28,65.57,62.92,65.24,64.11,61.69,61.66,62.39,60.57,59.0,59.32,60.59,60.88,66.69,62.48,62.79,67.27,68.79,70.88,72.33,72.27,71.07,72.65,72.69,72.79,73.34,72.73,73.42,74.01,73.52,73.11,73.03,73.2,73.46,74.38,72.2,69.4,69.24,72.78,73.71,75.21,75.51,75.37,74.22,75.56,75.72,76.12,76.63,75.77,76.2,76.91,76.51,76.09,76.11,76.15,76.04,77.06,73.66,71.27,70.27,73.49,74.86,75.88,76.44,76.23,75.15,76.35,76.1,76.88,77.26,76.44,76.73,77.4,77.0,76.49,76.66,76.66,76.43,77.73],
  "contact_probs": [[1.0,0.92,0.51,0.12,0.01,0.0,0.0,0.0,0.02,0.1,0.32,0.46,0.71,0.5,0.09,0.01,0.0,0.0,0.0,0.0,0.08,0.78],[0.92,1.0,0.99,0.35,0.01,0.0,0.0,0.01,0.34,0.62,0.66,0.43,0.43,0.05,0.03,0.01,0.0,0.0,0.0,0.0,0.03,0.38],[0.51,0.99,1.0,0.99,0.17,0.01,0.03,0.5,0.8,0.31,0.09,0.04,0.05,0.02,0.02,0.02,0.01,0.0,0.01,0.02,0.14,0.45],[0.12,0.35,0.99,1.0,0.98,0.21,0.58,0.77,0.32,0.04,0.01,0.0,0.01,0.01,0.01,0.03,0.01,0.02,0.04,0.18,0.38,0.74],[0.01,0.01,0.17,0.98,1.0,0.82,0.8,0.4,0.03,0.0,0.0,0.0,0.0,0.0,0.0,0.01,0.03,0.1,0.46,0.96,0.86,0.39],[0.0,0.0,0.01,0.21,0.82,1.0,0.88,0.29,0.01,0.0,0.0,0.0,0.0,0.0,0.0,0.01,0.09,0.52,0.8,0.52,0.12,0.0],[0.0,0.0,0.03,0.58,0.8,0.88,1.0,0.97,0.29,0.0,0.0,0.0,0.0,0.0,0.0,0.03,0.42,0.86,0.6,0.19,0.03,0.0],[0.0,0.01,0.5,0.77,0.4,0.29,0.97,1.0,1.0,0.1,0.0,0.0,0.0,0.01,0.02,0.15,0.97,0.61,0.19,0.03,0.01,0.0],[0.02,0.34,0.8,0.32,0.03,0.01,0.29,1.0,1.0,1.0,0.32,0.01,0.01,0.03,0.1,0.41,0.9,0.14,0.03,0.01,0.01,0.01],[0.1,0.62,0.31,0.04,0.0,0.0,0.0,0.1,1.0,1.0,0.99,0.42,0.29,0.27,0.3,0.82,0.45,0.0,0.0,0.0,0.01,0.01],[0.32,0.66,0.09,0.01,0.0,0.0,0.0,0.0,0.32,0.99,1.0,0.88,0.74,0.75,0.7,0.34,0.01,0.0,0.0,0.0,0.0,0.02],[0.46,0.43,0.04,0.0,0.0,0.0,0.0,0.0,0.01,0.42,0.88,1.0,0.83,0.44,0.12,0.02,0.0,0.0,0.0,0.0,0.01,0.04],[0.71,0.43,0.05,0.01,0.0,0.0,0.0,0.0,0.01,0.29,0.74,0.83,1.0,0.93,0.5,0.02,0.0,0.0,0.0,0.0,0.02,0.26],[0.5,0.05,0.02,0.01,0.0,0.0,0.0,0.01,0.03,0.27,0.75,0.44,0.93,1.0,1.0,0.37,0.0,0.0,0.0,0.02,0.44,0.64],[0.09,0.03,0.02,0.01,0.0,0.0,0.0,0.02,0.1,0.3,0.7,0.12,0.5,1.0,1.0,1.0,0.17,0.01,0.02,0.6,0.83,0.3],[0.01,0.01,0.02,0.03,0.01,0.01,0.03,0.15,0.41,0.82,0.34,0.02,0.02,0.37,1.0,1.0,0.99,0.24,0.55,0.82,0.27,0.04],[0.0,0.0,0.01,0.01,0.03,0.09,0.42,0.97,0.9,0.45,0.01,0.0,0.0,0.0,0.17,0.99,1.0,0.87,0.76,0.37,0.02,0.0],[0.0,0.0,0.0,0.02,0.1,0.52,0.86,0.61,0.14,0.0,0.0,0.0,0.0,0.0,0.01,0.24,0.87,1.0,0.9,0.34,0.01,0.0],[0.0,0.0,0.01,0.04,0.46,0.8,0.6,0.19,0.03,0.0,0.0,0.0,0.0,0.0,0.02,0.55,0.76,0.9,1.0,0.97,0.22,0.0],[0.0,0.0,0.02,0.18,0.96,0.52,0.19,0.03,0.01,0.0,0.0,0.0,0.0,0.02,0.6,0.82,0.37,0.34,0.97,1.0,1.0,0.11],[0.08,0.03,0.14,0.38,0.86,0.12,0.03,0.01,0.01,0.01,0.0,0.01,0.02,0.44,0.83,0.27,0.02,0.01,0.22,1.0,1.0,1.0],[0.78,0.38,0.45,0.74,0.39,0.0,0.0,0.0,0.01,0.01,0.02,0.04,0.26,0.64,0.3,0.04,0.0,0.0,0.0,0.11,1.0,1.0]],
  "pae": [[1.2,4.0,5.2,6.5,9.0,11.3,9.6,9.1,8.0,7.0,6.0,5.8,5.5,5.8,6.8,8.2,9.3,12.4,9.7,9.0,6.8,5.9],[3.8,1.0,2.8,4.2,6.3,8.0,6.7,6.0,5.9,5.3,5.1,5.7,5.4,4.9,4.9,5.7,6.5,9.3,7.0,6.6,5.4,4.8],[3.9,2.1,0.9,1.8,4.2,6.7,5.2,4.5,4.4,3.8,4.5,5.9,5.3,4.4,4.1,4.3,5.3,8.2,5.4,4.7,4.0,3.8],[4.9,3.2,2.3,0.9,3.0,6.0,4.4,4.4,4.5,4.3,5.1,6.5,5.6,4.5,4.2,4.5,5.1,7.9,5.0,4.1,3.7,3.6],[6.3,5.4,4.2,2.9,1.2,5.9,4.3,4.5,5.4,6.0,6.4,8.6,7.1,5.5,5.6,5.3,5.6,7.9,5.4,4.2,4.4,4.7],[12.3,11.3,10.3,7.0,6.1,1.4,6.1,7.9,9.9,13.5,13.0,13.8,12.6,12.8,12.0,12.3,9.6,11.5,7.6,8.7,8.2,9.9],[9.0,8.6,8.0,5.6,5.4,5.3,1.1,4.6,5.8,7.2,9.0,10.1,9.2,8.5,7.9,6.5,6.1,7.7,5.4,5.7,7.3,7.9],[6.5,5.0,5.1,4.9,4.4,4.8,3.0,0.9,2.3,3.6,4.6,6.9,6.4,5.3,4.7,4.0,3.2,6.5,4.4,4.3,4.8,5.1],[5.3,3.9,3.7,3.4,3.9,5.7,3.2,2.0,0.9,1.7,2.8,5.4,5.2,4.2,3.5,3.0,3.1,6.0,4.4,3.8,3.8,4.0],[5.1,3.7,3.2,3.6,4.5,6.9,3.8,2.7,1.6,0.9,2.2,4.0,4.7,3.5,3.3,3.0,3.3,6.5,4.8,3.9,3.7,4.1],[5.2,4.4,4.8,5.3,5.5,7.8,5.7,4.6,3.8,2.4,1.0,2.8,3.8,3.9,4.2,5.0,4.9,8.4,6.6,6.1,5.6,5.2],[6.4,6.0,7.0,7.9,9.0,12.0,9.5,8.2,6.9,5.5,3.8,1.1,3.9,5.1,6.0,7.4,8.4,11.1,10.0,9.1,8.0,7.6],[6.5,6.5,8.2,9.1,10.1,12.5,10.8,9.6,8.5,7.1,4.9,3.3,1.1,4.8,5.8,7.9,10.0,11.8,10.1,10.2,9.0,7.9],[5.3,5.0,5.4,6.0,7.1,9.2,7.2,6.9,5.7,4.8,3.8,3.8,3.4,1.0,3.1,4.7,6.5,8.6,7.1,6.8,5.8,5.3],[4.5,3.9,3.9,4.3,5.0,7.2,4.7,4.6,4.5,3.8,3.5,4.7,4.0,2.1,0.9,2.2,4.0,6.6,4.8,4.5,3.8,3.8],[5.3,3.9,4.2,4.2,4.5,6.7,4.1,3.8,3.6,3.4,3.7,5.8,5.0,3.5,2.2,0.9,3.0,6.0,4.5,3.9,3.5,4.0],[7.0,5.7,5.7,5.2,5.5,7.3,4.6,3.5,4.2,4.6,5.1,7.9,6.8,5.9,4.6,2.5,1.1,6.2,4.1,4.5,5.2,6.4],[15.0,14.4,15.7,14.4,13.4,12.3,9.8,10.9,11.3,12.8,12.1,14.1,13.5,13.7,12.7,9.4,7.2,1.5,7.1,9.5,12.6,14.3],[9.8,9.1,8.4,7.0,7.6,8.5,5.7,5.8,8.0,9.1,9.4,11.0,10.1,9.2,9.4,7.1,5.7,6.2,1.1,4.7,6.1,7.3],[6.1,5.6,5.2,4.7,4.5,6.5,4.4,5.2,5.8,5.6,6.1,7.8,6.9,6.7,5.6,5.1,4.8,5.0,3.4,1.0,2.9,4.3],[5.2,4.3,3.9,3.9,4.0,6.0,4.4,4.2,4.3,4.2,4.9,6.5,5.4,4.5,3.7,3.5,4.5,6.5,3.8,2.0,0.9,2.5],[4.9,4.0,4.0,3.8,4.3,6.5,5.1,4.8,4.5,4.4,4.8,6.6,5.5,4.3,3.3,4.4,5.1,7.3,4.7,3.0,1.9,1.0]],
  "token_chain_ids": ["A","A","A","A","A","A","A","A","A","A","A","A","A","A","A","A","A","A","A","A","A","A"],
  "token_res_ids": [1,2,3,4,5,6,7,8,9,10,11,12,13,14,15,16,17,18,19,20,21,22]
}