{
  "atom_chain_ids": ["A","A","A","A","A","A","A","A","A","A","A","A","A","A","A","A","A","A","A","A","A","A","A","A","A","A","A","A","A","A","A","A","A","A","A","A","A","A","A","A","A","A","A","A","A","A","A","A","A","A","A","A","A","A","A","A","A","A","A","A","A","A","A","A","A","A","A","A","A","A","A","A","A","A","A","A","A","A","A","A","A","A","A","A","A","A","A","A","A","A","A","A","A","A","A","A","A","A","A","A","A","A","A","A","A","A","A","A","A","A","A","A","A","A","A","A","A","A","A","A","A","A","A","A","A","A","A","A","A","A","A","A","A","A","A","A","A","A","A","A","A","A","A","A","A","A","A","A","A","A","A","A","A","A","A","A","A","A","A","A","A","A","A","A","A","A","A","A","A","A","A","A","A","A","A","A","A","A","A","A","A","A","A","A","A","A","A","A","A","A","A","A","A","A","A","A","A","A","A","A","A","A","A","A","A","A","A","A","A","A","A","A","A","A","A","A","A","A","A","A","A","A","A","A","A","A","A","A","A","A","A","A","A","A","A","A","A","A","A","A","A","A","A","A","A","A","A","A","A","A","A","A","A","A","A","A","A","A","A","A","A","A","A","A","A","A","A","A","A","A","A","A","A","A","A","A","A","A","A","A","A","A","A","A","A","A","A","A","A","A","A","A","A","A","A","A","A","A","A","A","A","A","A","A","A","A","A","A","A","A","A","A","A","A","A","A","A","A","A","A","A","A","A","A","A","A","A","A","A","A","A","A","A","A","A","A","A","A","A","A","A","A","A","A","A","A","A","A","A","A","A","A","A","A","A","A","A","A","A","A","A","A","A","A","A","A","A","A","A","A","A","A","A","A","A","A","A","A","A","A","A","A","A","A","A","A","A","A","A","A","A","A","A","A","A","A","A","A","A","A","A","A","A","A","A","A","A","A","A","A","A","A","A","A","A","A","A","A","A","A","A","A","A","A","A","A","A","A","A","A","A","A","A","A","A","A","A","A","A","A","A","A","A","A","A","A","A","A","A","A","A","A","A","A","A","A","A","A","A","A","A","A","A","A","A","A"],
  "atom_plddts": [53.22,56.43,51.2,51.75,56.36,59.82,63.25,63.82,65.25,63.48,64.82,62.48,62.19,60.19,57.63,57.14,57.17,55.16,53.36,53.93,55.96,58.61,65.55,60.82,60.8,65.67,66.98,68.99,70.47,70.95,69.18,70.33,69.5,70.65,70.63,69.49,70.05,70.89,70.09,69.09,69.19,69.72,69.32,71.6,72.9,69.45,69.4,73.47,74.54,76.54,76.87,77.1,75.86,77.05,77.11,77.73,78.13,77.08,77.68,78.37,77.8,77.46,77.47,77.51,77.48,78.74,75.24,72.9,72.42,75.19,75.65,77.4,77.5,77.69,76.64,77.36,77.27,78.19,78.5,77.45,77.9,78.56,78.04,77.77,77.74,77.77,77.38,78.69,73.23,71.31,70.93,72.89,70.72,72.55,73.22,72.16,71.11,70.7,70.45,72.12,72.22,72.78,72.67,73.43,73.1,72.65,72.64,61.26,57.76,58.62,62.05,61.3,62.97,62.65,63.11,61.77,59.84,59.95,61.01,59.87,58.96,58.85,58.6,57.81,57.01,57.78,59.5,65.98,62.4,62.68,65.88,65.66,67.84,68.16,68.52,67.15,66.66,64.67,66.83,65.9,64.03,64.2,64.72,62.95,61.85,61.93,63.01,63.62,68.58,64.72,65.59,69.38,70.74,73.09,74.0,74.37,73.13,74.26,74.55,74.79,75.21,74.51,75.25,75.67,75.05,74.76,74.68,74.86,75.13,76.06,73.59,70.57,70.63,73.77,74.37,76.27,76.41,76.7,75.45,76.37,76.37,77.25,77.6,76.36,76.76,77.51,76.94,76.38,76.48,76.65,76.26,77.85,75.55,72.99,72.81,75.6,76.29,78.36,78.36,78.76,77.29,78.21,78.22,79.18,79.43,78.12,78.5,79.01,78.44,78.04,78.21,78.33,77.95,79.36,73.25,71.12,70.89,73.35,71.54,73.08,73.81,72.84,71.24,71.18,71.19,72.54,72.39,72.47,71.95,72.66,72.29,71.4,71.87,65.57,62.26,62.57,66.09,65.43,66.91,66.2,67.07,65.62,63.42,63.0,63.85,62.0,60.0,58.77,58.97,57.86,56.13,57.46,59.87,66.24,62.22,61.56,65.75,66.4,68.19,67.96,68.69,66.38,67.23,63.66,66.1,64.49,61.34,60.64,61.55,59.26,57.04,58.01,59.7,60.09,68.67,64.96,65.29,69.03,70.23,72.08,73.02,73.38,71.65,72.94,72.67,73.66,73.86,72.83,73.3,74.17,73.64,72.93,72.93,73.17,72.75,74.63,72.83,69.67,69.7,73.68,74.93,77.18,77.43,77.68,76.31,77.54,77.87,78.38,78.75,77.4,77.95,78.67,78.11,77.72,77.8,77.95,77.93,79.19,75.15,72.68,72.32,74.98,75.4,77.19,77.48,77.61,76.41,77.08,76.83,77.89,78.17,77.03,77.45,78.11,77.56,77.2,77.18,77.27,76.88,78.39,73.22,70.95,70.59,73.18,71.51,73.29,73.9,73.05,71.87,71.52,71.51,72.85,72.92,72.88,72.61,73.46,73.28,72.72,72.73,60.2,56.92,57.29,61.2,60.24,61.88,60.77,62.09,61.11,58.38,58.36,59.15,57.64,55.81,55.21,54.9,54.03,52.79,54.04,56.13,65.83,62.24,62.27,65.62,65.27,67.25,67.72,68.27,67.02,66.31,63.7,66.01,64.7,62.2,62.24,62.91,60.93,59.48,59.72,61.03,61.56,66.5,62.33,62.78,67.11,68.53,70.74,72.2,72.25,70.99,72.49,72.63,72.68,73.19,72.68,73.52,74.05,73.51,73.16,73.01,73.15,73.36,74.38,72.38,69.21,69.09,73.08,74.31,76.03,76.34,76.25,75.04,76.39,76.65,77.05,77.57,76.64,77.21,77.9,77.41,77.05,77.05,77.08,77.06,78.14,74.64,72.09,71.11,74.48,75.87,76.96,77.43,77.27,76.15,77.37,77.19,78.01,78.37,77.55,77.94,78.57,78.12,77.71,77.87,77.83,77.62,78.9],
  "contact_probs": [[1.0,0.92,0.51,0.12,0.01,0.0,0.0,0.0,0.02,0.1,0.32,0.46,0.71,0.5,0.09,0.01,0.0,0.0,0.0,0.0,0.08,0.78],[0.92,1.0,0.99,0.35,0.01,0.0,0.0,0.01,0.34,0.62,0.66,0.43,0.43,0.05,0.03,0.01,0.0,0.0,0.0,0.0,0.03,0.38],[0.51,0.99,1.0,0.99,0.17,0.01,0.03,0.5,0.8,0.31,0.09,0.04,0.05,0.02,0.02,0.02,0.01,0.0,0.01,0.02,0.14,0.45],[0.12,0.35,0.99,1.0,0.98,0.21,0.58,0.77,0.32,0.04,0.01,0.0,0.01,0.01,0.01,0.03,0.01,0.02,0.04,0.18,0.38,0.74],[0.01,0.01,0.17,0.98,1.0,0.82,0.8,0.4,0.03,0.0,0.0,0.0,0.0,0.0,0.0,0.01,0.03,0.1,0.46,0.96,0.86,0.39],[0.0,0.0,0.01,0.21,0.82,1.0,0.88,0.29,0.01,0.0,0.0,0.0,0.0,0.0,0.0,0.01,0.09,0.52,0.8,0.52,0.12,0.0],[0.0,0.0,0.03,0.58,0.8,0.88,1.0,0.97,0.29,0.0,0.0,0.0,0.0,0.0,0.0,0.03,0.42,0.86,0.6,0.19,0.03,0.0],[0.0,0.01,0.5,0.77,0.4,0.29,0.97,1.0,1.0,0.1,0.0,0.0,0.0,0.01,0.02,0.15,0.97,0.61,0.19,0.03,0.01,0.0],[0.02,0.34,0.8,0.32,0.03,0.01,0.29,1.0,1.0,1.0,0.32,0.01,0.01,0.03,0.1,0.41,0.9,0.14,0.03,0.01,0.01,0.01],[0.1,0.62,0.31,0.04,0.0,0.0,0.0,0.1,1.0,1.0,0.99,0.42,0.29,0.27,0.3,0.82,0.45,0.0,0.0,0.0,0.01,0.01],[0.32,0.66,0.09,0.01,0.0,0.0,0.0,0.0,0.32,0.99,1.0,0.88,0.74,0.75,0.7,0.34,0.01,0.0,0.0,0.0,0.0,0.02],[0.46,0.43,0.04,0.0,0.0,0.0,0.0,0.0,0.01,0.42,0.88,1.0,0.83,0.44,0.12,0.02,0.0,0.0,0.0,0.0,0.01,0.04],[0.71,0.43,0.05,0.01,0.0,0.0,0.0,0.0,0.01,0.29,0.74,0.83,1.0,0.93,0.5,0.02,0.0,0.0,0.0,0.0,0.02,0.26],[0.5,0.05,0.02,0.01,0.0,0.0,0.0,0.01,0.03,0.27,0.75,0.44,0.93,1.0,1.0,0.37,0.0,0.0,0.0,0.02,0.44,0.64],[0.09,0.03,0.02,0.01,0.0,0.0,0.0,0.02,0.1,0.3,0.7,0.12,0.5,1.0,1.0,1.0,0.17,0.01,0.02,0.6,0.83,0.3],[0.01,0.01,0.02,0.03,0.01,0.01,0.03,0.15,0.41,0.82,0.34,0.02,0.02,0.37,1.0,1.0,0.99,0.24,0.55,0.82,0.27,0.04],[0.0,0.0,0.01,0.01,0.03,0.09,0.42,0.97,0.9,0.45,0.01,0.0,0.0,0.0,0.17,0.99,1.0,0.87,0.76,0.37,0.02,0.0],[0.0,0.0,0.0,0.02,0.1,0.52,0.86,0.61,0.14,0.0,0.0,0.0,0.0,0.0,0.01,0.24,0.87,1.0,0.9,0.34,0.01,0.0],[0.0,0.0,0.01,0.04,0.46,0.8,0.6,0.19,0.03,0.0,0.0,0.0,0.0,0.0,0.02,0.55,0.76,0.9,1.0,0.97,0.22,0.0],[0.0,0.0,0.02,0.18,0.96,0.52,0.19,0.03,0.01,0.0,0.0,0.0,0.0,0.02,0.6,0.82,0.37,0.34,0.97,1.0,1.0,0.11],[0.08,0.03,0.14,0.38,0.86,0.12,0.03,0.01,0.01,0.01,0.0,0.01,0.02,0.44,0.83,0.27,0.02,0.01,0.22,1.0,1.0,1.0],[0.78,0.38,0.45,0.74,0.39,0.0,0.0,0.0,0.01,0.01,0.02,0.04,0.26,0.64,0.3,0.04,0.0,0.0,0.0,0.11,1.0,1.0]],
  "pae": [[1.3,7.4,8.8,9.7,12.5,15.2,13.6,12.9,13.2,11.5,8.0,6.9,5.5,8.6,11.8,14.6,13.9,16.4,14.3,13.6,12.1,10.9],[5.0,1.1,3.8,5.3,8.3,9.1,8.7,6.6,7.3,5.8,5.8,6.7,5.8,5.6,5.7,7.1,7.9,10.7,9.1,7.8,6.9,5.5],[6.2,2.4,1.0,2.6,5.0,6.9,5.5,5.0,4.7,4.3,5.1,6.0,5.4,4.6,4.6,4.7,5.7,8.5,5.8,5.4,5.1,4.3],[7.3,4.2,2.7,1.0,3.4,6.1,4.6,4.6,4.8,4.7,5.6,7.0,6.0,4.9,4.6,4.9,5.3,7.6,5.0,4.7,4.4,4.3],[8.6,6.0,4.7,3.1,1.2,5.6,4.0,4.4,5.4,6.1,7.0,8.3,7.5,5.8,5.8,5.3,5.4,7.7,5.1,4.4,4.7,4.9],[13.8,10.8,10.4,6.9,5.6,1.4,4.6,6.9,9.4,13.3,12.0,13.5,12.6,12.1,11.1,11.0,8.7,9.6,7.1,7.7,8.2,8.9],[10.6,8.1,7.4,5.5,5.5,4.9,1.1,4.5,6.0,7.1,9.4,9.9,9.5,8.9,8.4,7.0,6.7,7.8,5.7,6.8,7.3,8.3],[8.4,5.6,5.6,5.1,4.7,4.9,3.4,1.0,2.7,4.3,5.4,7.5,6.6,5.3,5.1,4.5,3.7,6.7,4.6,4.8,5.3,5.5],[6.8,4.4,3.8,3.7,4.0,5.7,3.3,2.1,0.9,1.8,2.9,5.2,5.0,4.0,3.6,3.1,3.3,6.0,4.3,4.1,3.9,3.8],[6.1,3.9,3.3,3.7,4.5,6.7,3.9,3.0,1.8,0.9,2.3,3.9,4.2,3.3,3.4,3.1,3.4,6.5,4.6,4.0,3.8,3.9],[5.9,4.5,5.0,5.4,6.0,7.6,6.0,4.8,4.2,3.0,1.0,3.1,3.3,3.6,4.1,5.5,5.2,8.7,6.7,6.0,6.2,5.1],[6.5,6.5,7.5,8.4,9.7,11.4,10.3,8.9,8.5,5.7,3.8,1.2,3.9,4.9,5.9,7.5,9.3,11.1,10.3,10.0,9.6,7.8],[6.6,6.1,7.9,8.1,9.8,11.7,10.7,9.1,8.3,6.9,4.7,3.5,1.1,4.6,5.3,7.8,10.1,11.9,9.7,9.5,8.9,7.1],[6.1,5.4,6.0,6.3,7.4,9.4,7.8,7.0,6.4,5.3,3.9,3.8,3.1,1.0,3.2,4.7,6.7,9.4,7.2,6.9,6.2,5.7],[6.1,4.4,4.2,4.4,4.9,6.7,4.7,4.7,4.9,4.2,3.7,4.4,3.9,2.2,0.9,2.9,4.2,6.8,4.7,4.9,4.0,3.9],[6.9,4.2,4.3,4.1,4.4,6.1,4.0,3.8,3.6,3.3,3.8,5.4,4.9,3.5,2.2,0.9,2.9,5.8,4.1,3.7,3.6,4.0],[8.5,6.3,5.9,5.4,5.0,6.8,5.0,3.7,4.1,4.5,5.5,7.7,6.7,5.5,4.7,2.5,1.1,6.2,4.1,4.4,5.4,6.4],[16.0,14.8,15.4,13.3,11.1,10.8,9.0,9.5,11.1,12.3,12.6,15.0,13.6,13.0,12.1,9.3,6.8,1.5,6.8,8.4,11.4,14.5],[11.0,8.5,8.0,6.9,6.8,7.5,6.4,6.1,7.2,7.8,9.3,10.2,9.2,8.3,8.3,5.5,5.4,5.6,1.2,4.4,5.0,6.9],[8.7,6.7,5.5,4.8,4.3,6.2,5.1,5.0,5.6,5.7,7.0,7.9,7.2,7.0,6.5,5.1,4.9,5.1,3.2,1.0,3.1,4.4],[7.6,5.2,4.5,4.1,4.2,5.9,4.7,4.4,4.6,4.4,5.2,6.4,5.7,4.8,3.9,3.8,4.6,6.4,3.6,2.5,0.9,3.1],[7.1,4.6,4.1,3.7,4.4,6.4,5.1,4.8,4.3,4.4,5.2,6.3,5.6,4.2,3.5,4.4,5.3,7.0,4.6,3.3,1.9,1.0]],
  "token_chain_ids": ["A","A","A","A","A","A","A","A","A","A","A","A","A","A","A","A","A","A","A","A","A","A"],
  "token_res_ids": [1,2,3,4,5,6,7,8,9,10,11,12,13,14,15,16,17,18,19,20,21,22]
}