{
  "atom_chain_ids": ["A","A","A","A","A","A","A","A","A","A","A","A","A","A","A","A","A","A","A","A","A","A","A","A","A","A","A","A","A","A","A","A","A","A","A","A","A","A","A","A","A","A","A","A","A","A","A","A","A","A","A","A","A","A","A","A","A","A","A","A","A","A","A","A","A","A","A","A","A","A","A","A","A","A","A","A","A","A","A","A","A","A","A","A","A","A","A","A","A","A","A","A","A","A","A","A","A","A","A","A","A","A","A","A","A","A","A","A","A","A","A","A","A","A","A","A","A","A","A","A","A","A","A","A","A","A","A","A","A","A","A","A","A","A","A","A","A","A","A","A","A","A","A","A","A","A","A","A","A","A","A","A","A","A","A","A","A","A","A","A","A","A","A","A","A","A","A","A","A","A","A","A","A","A","A","A","A","A","A","A","A","A","A","A","A","A","A","A","A","A","A","A","A","A","A","A","A","A","A","A","A","A","A","A","A","A","A","A","A","A","A","A","A","A","A","A","A","A","A","A","A","A","A","A","A","A","A","A","A","A","A","A","A","A","A","A","A","A","A","A","A","A","A","A","A","A","A","A","A","A","A","A","A","A","A","A","A","A","A","A","A","A","A","A","A","A","A","A","A","A","A","A","A","A","A","A","A","A","A","A","A","A","A","A","A","A","A","A","A","A","A","A","A","A","A","A","A","A","A","A","A","A","A","A","A","A","A","A","A","A","A","A","A","A","A","A","A","A","A","A","A","A","A","A","A","A","A","A","A","A","A","A","A","A","A","A","A","A","A","A","A","A","A","A","A","A","A","A","A","A","A","A","A","A","A","A","A","A","A","A","A","A","A","A","A","A","A","A","A","A","A","A","A","A","A","A","A","A","A","A","A","A","A","A","A","A","A","A","A","A","A","A","A","A","A","A","A","A","A","A","A","A","A","A","A","A","A","A","A","A","A","A","A","A","A","A","A","A","A","A","A","A","A","A","A","A","A","A","A","A","A","A","A","A","A","A","A","A","A","A","A","A","A","A","A","A","A","A","A","A","A","A","A","A","A","A","A","A","A","A","A","A","A","A","A","A"],
  "atom_plddts": [56.06,58.91,53.03,53.78,58.77,62.69,66.11,67.47,68.48,66.73,68.42,66.15,66.26,64.63,61.97,61.65,61.95,59.99,57.94,58.5,60.33,63.01,66.21,61.9,61.79,66.29,67.29,69.15,70.87,71.21,69.6,70.72,69.75,70.95,71.0,69.57,69.92,70.89,70.13,69.02,69.14,69.67,69.26,71.62,72.38,69.44,69.33,72.72,73.53,75.43,75.8,75.94,74.75,75.84,75.76,76.41,76.83,75.78,76.2,77.01,76.52,76.03,76.05,76.11,75.93,77.3,75.03,72.79,72.35,74.96,75.29,77.07,77.17,77.36,76.4,77.06,76.93,77.85,78.17,77.12,77.5,78.18,77.72,77.38,77.4,77.45,77.09,78.34,73.03,71.47,71.01,72.53,70.22,71.89,72.46,71.33,70.37,69.95,69.51,71.25,71.34,72.01,71.77,72.55,72.3,71.75,71.8,57.96,54.96,55.43,58.69,57.88,59.22,58.74,59.45,58.05,56.42,56.27,57.21,55.98,54.65,54.38,53.94,53.23,52.14,53.25,55.03,62.96,59.15,59.47,63.16,63.07,65.17,65.7,66.09,64.92,64.38,62.39,64.32,63.39,61.26,61.37,61.77,60.02,58.84,59.03,60.17,60.71,66.64,62.75,63.58,67.45,68.85,71.14,72.35,72.53,71.36,72.63,72.93,72.97,73.45,72.74,73.44,73.9,73.36,72.96,72.87,73.09,73.37,74.34,72.56,69.85,69.9,72.61,72.82,74.58,74.87,74.95,73.69,74.67,74.51,75.46,75.88,74.8,75.09,75.96,75.48,74.79,74.85,75.01,74.53,76.15,74.24,71.74,71.54,74.4,75.13,77.23,77.34,77.73,76.31,77.23,77.28,78.06,78.32,76.92,77.27,77.83,77.3,76.81,76.99,77.15,76.81,78.22,71.98,70.41,70.11,71.9,70.08,71.39,72.01,70.8,69.3,69.07,68.85,70.14,69.84,70.16,69.36,70.02,69.77,68.68,69.36,63.74,60.85,60.89,64.17,63.33,64.38,63.59,64.48,63.15,60.92,60.11,60.84,58.92,56.77,55.29,55.25,54.19,52.26,54.0,56.49,65.01,61.61,60.88,64.34,64.48,66.07,65.73,66.36,64.26,64.99,61.16,63.66,61.98,59.04,58.1,58.76,56.44,54.1,55.32,57.16,57.25,66.95,62.51,62.82,67.44,68.96,70.93,72.19,72.53,70.89,72.37,72.26,72.93,73.22,72.21,72.71,73.58,73.09,72.32,72.39,72.68,72.57,74.21,72.91,69.85,69.73,73.68,74.89,77.01,77.23,77.43,76.17,77.29,77.52,77.99,78.33,77.0,77.44,78.16,77.66,77.22,77.33,77.5,77.46,78.69,74.54,72.43,71.96,74.17,74.28,75.88,76.15,76.19,75.02,75.62,75.16,76.24,76.5,75.53,75.79,76.51,76.04,75.54,75.53,75.65,75.09,76.68,72.18,70.23,69.71,72.06,70.26,71.85,72.41,71.38,70.35,69.78,69.59,70.98,70.98,71.05,70.56,71.42,71.28,70.53,70.69,61.19,58.16,58.35,61.85,60.61,61.8,61.06,61.87,61.09,58.59,58.18,59.29,57.96,56.46,55.73,55.53,54.72,53.29,54.64,56.56,65.23,61.69,61.51,65.0,64.44,66.19,66.92,67.3,66.26,65.54,62.84,65.12,63.94,61.53,61.5,62.24,60.39,58.83,59.13,60.39,60.7,66.89,62.52,62.88,67.59,69.32,71.62,72.91,72.9,71.68,73.27,73.37,73.53,74.07,73.41,74.13,74.7,74.19,73.84,73.77,73.94,74.25,75.12,72.88,69.98,69.79,73.47,74.41,76.0,76.15,76.1,74.94,76.21,76.3,76.77,77.23,76.36,76.78,77.47,77.04,76.64,76.67,76.73,76.62,77.67,74.71,72.42,71.31,74.42,75.64,76.68,77.12,76.92,75.86,76.91,76.57,77.46,77.79,77.04,77.3,77.96,77.56,77.09,77.25,77.23,76.94,78.26],
  "contact_probs": [[1.0,0.92,0.51,0.12,0.01,0.0,0.0,0.0,0.02,0.1,0.32,0.46,0.71,0.5,0.09,0.01,0.0,0.0,0.0,0.0,0.08,0.78],[0.92,1.0,0.99,0.35,0.01,0.0,0.0,0.01,0.34,0.62,0.66,0.43,0.43,0.05,0.03,0.01,0.0,0.0,0.0,0.0,0.03,0.38],[0.51,0.99,1.0,0.99,0.17,0.01,0.03,0.5,0.8,0.31,0.09,0.04,0.05,0.02,0.02,0.02,0.01,0.0,0.01,0.02,0.14,0.45],[0.12,0.35,0.99,1.0,0.98,0.21,0.58,0.77,0.32,0.04,0.01,0.0,0.01,0.01,0.01,0.03,0.01,0.02,0.04,0.18,0.38,0.74],[0.01,0.01,0.17,0.98,1.0,0.82,0.8,0.4,0.03,0.0,0.0,0.0,0.0,0.0,0.0,0.01,0.03,0.1,0.46,0.96,0.86,0.39],[0.0,0.0,0.01,0.21,0.82,1.0,0.88,0.29,0.01,0.0,0.0,0.0,0.0,0.0,0.0,0.01,0.09,0.52,0.8,0.52,0.12,0.0],[0.0,0.0,0.03,0.58,0.8,0.88,1.0,0.97,0.29,0.0,0.0,0.0,0.0,0.0,0.0,0.03,0.42,0.86,0.6,0.19,0.03,0.0],[0.0,0.01,0.5,0.77,0.4,0.29,0.97,1.0,1.0,0.1,0.0,0.0,0.0,0.01,0.02,0.15,0.97,0.61,0.19,0.03,0.01,0.0],[0.02,0.34,0.8,0.32,0.03,0.01,0.29,1.0,1.0,1.0,0.32,0.01,0.01,0.03,0.1,0.41,0.9,0.14,0.03,0.01,0.01,0.01],[0.1,0.62,0.31,0.04,0.0,0.0,0.0,0.1,1.0,1.0,0.99,0.42,0.29,0.27,0.3,0.82,0.45,0.0,0.0,0.0,0.01,0.01],[0.32,0.66,0.09,0.01,0.0,0.0,0.0,0.0,0.32,0.99,1.0,0.88,0.74,0.75,0.7,0.34,0.01,0.0,0.0,0.0,0.0,0.02],[0.46,0.43,0.04,0.0,0.0,0.0,0.0,0.0,0.01,0.42,0.88,1.0,0.83,0.44,0.12,0.02,0.0,0.0,0.0,0.0,0.01,0.04],[0.71,0.43,0.05,0.01,0.0,0.0,0.0,0.0,0.01,0.29,0.74,0.83,1.0,0.93,0.5,0.02,0.0,0.0,0.0,0.0,0.02,0.26],[0.5,0.05,0.02,0.01,0.0,0.0,0.0,0.01,0.03,0.27,0.75,0.44,0.93,1.0,1.0,0.37,0.0,0.0,0.0,0.02,0.44,0.64],[0.09,0.03,0.02,0.01,0.0,0.0,0.0,0.02,0.1,0.3,0.7,0.12,0.5,1.0,1.0,1.0,0.17,0.01,0.02,0.6,0.83,0.3],[0.01,0.01,0.02,0.03,0.01,0.01,0.03,0.15,0.41,0.82,0.34,0.02,0.02,0.37,1.0,1.0,0.99,0.24,0.55,0.82,0.27,0.04],[0.0,0.0,0.01,0.01,0.03,0.09,0.42,0.97,0.9,0.45,0.01,0.0,0.0,0.0,0.17,0.99,1.0,0.87,0.76,0.37,0.02,0.0],[0.0,0.0,0.0,0.02,0.1,0.52,0.86,0.61,0.14,0.0,0.0,0.0,0.0,0.0,0.01,0.24,0.87,1.0,0.9,0.34,0.01,0.0],[0.0,0.0,0.01,0.04,0.46,0.8,0.6,0.19,0.03,0.0,0.0,0.0,0.0,0.0,0.02,0.55,0.76,0.9,1.0,0.97,0.22,0.0],[0.0,0.0,0.02,0.18,0.96,0.52,0.19,0.03,0.01,0.0,0.0,0.0,0.0,0.02,0.6,0.82,0.37,0.34,0.97,1.0,1.0,0.11],[0.08,0.03,0.14,0.38,0.86,0.12,0.03,0.01,0.01,0.01,0.0,0.01,0.02,0.44,0.83,0.27,0.02,0.01,0.22,1.0,1.0,1.0],[0.78,0.38,0.45,0.74,0.39,0.0,0.0,0.0,0.01,0.01,0.02,0.04,0.26,0.64,0.3,0.04,0.0,0.0,0.0,0.11,1.0,1.0]],
  "pae": [[1.2,5.1,6.3,7.4,10.1,12.9,10.7,9.7,8.4,7.5,6.8,6.3,5.2,6.4,7.5,9.3,10.3,12.7,11.0,9.8,7.9,7.0],[4.3,1.0,2.7,5.1,6.8,9.4,7.6,6.9,6.3,5.5,5.9,6.6,5.9,5.6,5.3,6.1,7.0,9.3,7.6,7.3,6.0,5.1],[4.4,2.1,0.9,2.3,4.8,7.2,5.4,5.1,4.5,3.8,4.9,6.5,5.4,4.7,4.3,4.6,5.1,7.8,5.8,5.1,4.8,4.4],[5.4,3.5,2.2,0.9,3.7,6.4,4.9,4.9,4.3,4.3,5.4,7.4,5.9,4.9,4.5,4.5,5.0,6.9,5.1,4.6,4.1,4.1],[7.0,5.9,4.8,3.0,1.2,6.7,4.6,5.3,6.2,6.5,7.5,9.1,8.0,6.5,6.1,5.5,5.7,7.2,5.7,4.3,5.0,5.4],[13.8,12.6,11.9,6.7,6.1,1.3,5.0,6.9,10.4,15.4,13.9,14.9,14.0,14.4,13.3,12.5,10.4,10.5,8.0,9.2,9.0,11.0],[10.4,10.4,9.1,6.2,6.0,6.2,1.1,5.5,8.0,7.9,10.7,10.9,10.6,10.5,8.6,7.1,7.2,8.1,6.2,7.2,8.8,9.3],[7.3,6.4,6.0,5.9,5.0,5.3,3.6,1.0,3.6,4.8,6.2,8.6,7.2,6.4,5.6,5.0,4.0,6.9,5.1,5.3,6.0,6.7],[5.7,4.2,3.7,3.7,4.5,7.0,3.7,2.1,0.9,2.0,3.4,5.8,5.3,4.3,3.8,3.4,3.8,6.2,4.9,4.5,4.1,4.4],[5.5,3.7,3.5,3.8,5.0,8.0,4.4,3.0,1.7,0.9,2.3,3.9,4.5,3.7,3.6,3.4,3.7,6.7,5.4,4.3,4.1,4.3],[5.9,5.0,6.1,6.5,7.2,10.0,6.8,5.5,5.0,2.8,1.0,3.4,3.9,4.3,4.8,6.3,6.2,9.7,7.8,7.4,6.8,6.4],[6.9,6.8,7.9,8.6,10.1,13.0,11.2,9.7,8.3,5.6,4.4,1.1,4.0,5.2,6.3,7.5,9.8,12.1,11.1,11.0,9.2,7.9],[6.4,6.3,8.2,8.5,10.1,12.9,10.9,10.3,8.7,6.8,4.8,3.7,1.1,5.0,5.7,7.6,10.0,12.4,10.2,9.6,8.9,7.6],[5.5,4.9,5.7,5.8,7.2,10.3,7.6,7.1,5.9,4.9,4.1,4.1,3.5,1.0,3.0,5.1,6.4,8.6,7.4,7.1,6.0,5.6],[5.1,4.0,4.1,4.1,5.1,8.3,4.9,4.8,4.5,3.9,4.1,5.0,4.0,2.2,0.9,2.0,4.1,6.5,5.0,5.3,4.7,4.1],[5.7,4.3,4.5,4.3,4.8,7.6,4.2,4.0,4.1,3.7,4.5,6.6,5.5,3.8,2.4,0.9,3.1,6.3,4.8,4.2,4.1,4.3],[7.4,6.3,6.5,5.7,5.7,8.4,5.2,3.8,4.8,5.1,6.1,9.0,7.2,6.4,4.9,2.8,1.1,6.5,4.6,4.9,6.3,7.3],[13.0,12.4,11.5,10.5,8.0,9.3,6.9,8.7,10.1,10.3,11.5,13.3,11.5,11.7,10.3,7.9,5.9,1.4,5.1,6.6,9.4,12.1],[9.4,8.8,8.0,6.7,6.4,8.4,5.1,5.4,8.1,7.6,9.2,10.5,9.6,9.1,8.4,6.1,5.0,5.7,1.2,3.9,5.5,6.9],[6.5,5.7,5.2,4.8,4.2,6.8,4.6,4.9,5.4,5.5,6.4,8.3,7.3,7.4,6.4,5.4,4.5,5.0,3.6,0.9,2.8,4.8],[5.7,4.3,4.0,3.9,4.1,6.6,4.6,4.3,4.4,4.4,5.3,6.8,5.6,4.5,3.9,3.6,4.1,6.0,4.0,2.2,0.9,2.7],[5.3,4.0,3.8,3.7,4.2,7.2,5.1,4.5,4.4,4.4,5.2,7.0,5.7,4.1,3.3,4.3,4.8,6.7,4.6,3.0,1.9,1.0]],
  "token_chain_ids": ["A","A","A","A","A","A","A","A","A","A","A","A","A","A","A","A","A","A","A","A","A","A"],
  "token_res_ids": [1,2,3,4,5,6,7,8,9,10,11,12,13,14,15,16,17,18,19,20,21,22]
}