{
  "atom_chain_ids": ["A","A","A","A","A","A","A","A","A","A","A","A","A","A","A","A","A","A","A","A","A","A","A","A","A","A","A","A","A","A","A","A","A","A","A","A","A","A","A","A","A","A","A","A","A","A","A","A","A","A","A","A","A","A","A","A","A","A","A","A","A","A","A","A","A","A","A","A","A","A","A","A","A","A","A","A","A","A","A","A","A","A","A","A","A","A","A","A","A","A","A","A","A","A","A","A","A","A","A","A","A","A","A","A","A","A","A","A","A","A","A","A","A","A","A","A","A","A","A","A","A","A","A","A","A","A","A","A","A","A","A","A","A","A","A","A","A","A","A","A","A","A","A","A","A","A","A","A","A","A","A","A","A","A","A","A","A","A","A","A","A","A","A","A","A","A","A","A","A","A","A","A","A","A","A","A","A","A","A","A","A","A","A","A","A","A","A","A","A","A","A","A","A","A","A","A","A","A","A","A","A","A","A","A","A","A","A","A","A","A","A","A","A","A","A","A","A","A","A","A","A","A","A","A","A","A","A","A","A","A","A","A","A","A","A","A","A","A","A","A","A","A","A","A","A","A","A","A","A","A","A","A","A","A","A","A","A","A","A","A","A","A","A","A","A","A","A","A","A","A","A","A","A","A","A","A","A","A","A","A","A","A","A","A","A","A","A","A","A","A","A","A","A","A","A","A","A","A","A","A","A","A","A","A","A","A","A","A","A","A","A","A","A","A","A","A","A","A","A","A","A","A","A","A","A","A","A","A","A","A","A","A","A","A","A","A","A","A","A","A","A","A","A","A","A","A","A","A","A","A","A","A","A","A","A","A","A","A","A","A","A","A","A","A","A","A","A","A","A","A","A","A","A","A","A","A","A","A","A","A","A","A","A","A","A","A","A","A","A","A","A","A","A","A","A","A","A","A","A","A","A","A","A","A","A","A","A","A","A","A","A","A","A","A","A","A","A","A","A","A","A","A","A","A","A","A","A","A","A","A","A","A","A","A","A","A","A","A","A","A","A","A","A","A","A","A","A","A","A","A","A","A","A","A","A","A","A","A","A","A","A","A","A","A","A","A","A","A","A","A","A","A","A","A","A","A","A","A","A","A","A","A","A","A","A","A","A","A","A","A","A","A","A","A","A","A","A","A","A","A","A","A","A","A","A","A","A","A","A","A","A","A","A","A","A","A","A","A","A","A","A","A","A","A","A","A","A","A","A","A","A","A","A","A","A","A","A","A","A","A","A","A","A","A","A","A","A","A","A","A","A","A","A","A","A","A","A","A","A","A","A","A","A","A","A","A","A","A","A","A","A","A","A","A","A","A","A","A","A","A","A","A","A","A","A","A","A","A","A","A","A","A","A","A","A","A","A","A","A","A","A","A","A","A","A","A","A","A","A","A","A","A","A","A","A","A","A","A","A","A","A","A","A","A","A","A","A","A","A","A","A","A","A","A","A","A","A","A","A","A","A","A","A","A","A","A","A","A","A","A","A","A","A","A","A","A","A","A","A","A","A","A","A","A","A","A","A","A","A","A","A","A","A","A","A","A","A","A","A","A","A","A","A","A","A","A","A","A","A","A","A","A","A","A","A","A","A","A","A","A","A","A","A","A","A","A","A","A","A","A","A","A","A"],
  "atom_plddts": [45.09,45.56,40.92,40.31,46.31,46.81,48.96,50.03,50.48,50.56,48.68,48.5,48.48,47.69,46.61,46.01,45.99,45.45,44.51,45.42,50.29,45.34,45.05,49.87,50.59,52.43,52.35,53.56,52.01,52.17,49.86,51.86,50.66,48.83,49.03,48.76,47.59,46.52,46.65,47.92,48.85,52.01,48.75,50.16,52.42,53.8,55.18,57.77,56.16,55.53,54.83,55.04,55.56,56.1,55.48,56.16,56.75,56.45,55.93,55.41,55.61,55.19,56.32,53.74,51.43,52.45,53.43,54.01,55.5,58.04,56.68,55.95,55.2,55.28,55.78,56.4,56.21,56.92,57.56,57.32,56.89,56.36,56.37,55.94,56.94,54.69,52.93,53.18,53.94,54.02,54.26,55.42,54.51,54.0,52.86,51.73,53.26,52.78,52.68,53.19,53.67,53.31,52.54,52.22,52.43,51.28,52.92,49.89,48.18,47.65,49.37,49.16,49.09,48.05,49.88,48.69,48.05,46.8,47.94,46.36,43.98,43.56,42.65,42.1,41.15,42.4,44.3,46.02,42.76,42.14,46.22,46.6,47.32,47.24,49.18,48.16,47.54,46.77,47.34,46.36,43.69,43.25,42.65,41.95,40.97,42.08,43.76,47.33,43.41,42.92,47.05,46.8,48.27,48.1,50.83,49.8,49.07,47.67,48.86,47.36,44.81,44.65,44.16,42.72,41.83,42.28,43.71,44.36,50.33,46.71,45.98,49.64,49.4,50.47,49.6,52.05,50.86,50.27,48.15,49.9,48.26,46.09,45.83,45.41,44.04,42.82,43.37,44.83,45.2,50.64,47.26,48.16,50.81,52.3,53.6,56.04,54.86,54.32,53.78,53.87,53.79,54.37,53.64,54.5,55.14,54.87,54.27,53.71,53.69,53.21,54.46,53.15,50.69,51.62,53.06,53.67,55.28,57.84,56.66,55.92,55.16,55.35,55.52,56.25,55.96,56.63,57.36,57.12,56.68,56.14,56.12,55.57,56.61,53.43,50.88,51.38,52.95,53.42,54.14,55.37,54.51,53.93,53.27,52.62,53.57,53.5,53.68,54.25,54.71,54.39,53.68,53.36,53.55,52.54,53.91,48.78,46.57,45.73,48.02,47.95,48.1,47.54,49.02,47.68,47.42,45.98,47.2,45.99,44.16,43.82,43.19,42.54,41.57,42.55,44.04,46.43,43.15,42.97,45.84,45.54,46.09,45.58,48.13,47.16,46.66,44.81,46.49,45.15,43.19,43.1,42.55,41.3,40.57,40.86,42.16,42.76,42.72,39.27,38.38,42.52,42.65,43.6,43.91,46.53,45.54,45.44,44.25,45.16,44.27,41.74,41.43,40.99,40.17,39.28,40.17,41.83,43.66,39.97,39.96,43.58,43.24,44.33,44.74,47.37,46.57,45.92,45.01,45.41,44.72,42.72,42.85,42.45,41.34,40.88,40.91,41.72,42.75,43.0,39.59,39.16,42.7,42.09,43.71,43.38,46.63,45.72,45.12,44.3,44.37,43.76,41.9,41.84,41.57,40.53,40.09,40.28,40.9,41.47,42.42,40.03,39.77,41.57,41.39,43.7,44.39,46.47,45.82,44.71,44.9,44.28,44.08,41.85,41.67,41.49,41.47,41.12,42.1,44.36,41.1,40.48,44.09,44.02,44.74,44.64,46.85,45.93,45.33,44.21,44.76,43.65,41.23,40.81,40.16,39.39,38.5,39.63,41.5,43.61,40.39,39.91,43.34,43.91,44.62,44.91,46.92,46.23,45.76,44.48,45.33,44.57,42.03,41.59,41.02,40.24,39.26,40.35,42.19,44.38,40.71,40.42,44.67,44.94,46.11,46.36,48.62,47.58,47.15,46.1,47.31,46.78,44.49,44.17,43.86,43.07,41.94,42.82,44.38,50.54,46.83,46.92,49.97,50.39,51.66,52.06,52.97,51.87,51.41,49.46,51.39,50.27,48.5,48.64,48.34,47.07,46.0,46.21,47.42,48.28,52.66,49.42,50.3,52.63,54.01,54.98,57.23,55.6,54.98,54.38,53.84,54.58,54.81,54.2,54.55,55.25,54.79,54.06,53.72,53.96,53.27,54.86,54.86,52.57,53.44,54.75,56.02,56.98,59.57,57.63,57.05,56.47,56.74,56.86,57.61,57.25,57.57,58.53,58.31,57.79,57.29,57.31,56.83,57.84,54.29,52.45,53.37,54.09,54.19,55.19,57.43,55.83,55.2,54.52,54.41,55.05,55.6,55.35,55.94,56.78,56.63,56.34,55.59,55.48,54.93,55.91,52.83,50.52,50.67,52.26,52.4,52.81,53.3,52.75,52.02,51.14,50.27,51.35,50.8,50.6,51.15,51.54,51.06,50.45,50.13,50.33,48.94,50.94,45.54,43.3,42.71,45.14,45.59,45.48,44.75,47.08,45.89,45.54,44.5,44.85,43.58,41.17,40.71,40.05,39.53,38.64,39.67,41.3,46.66,42.86,42.39,47.1,47.56,48.59,48.83,50.78,49.71,48.93,48.43,49.15,48.49,45.92,45.67,45.24,44.62,43.56,44.56,46.1,52.43,48.36,48.21,51.96,52.15,53.26,53.3,54.64,53.51,53.16,51.09,53.01,51.84,49.71,49.89,49.64,48.39,47.14,47.44,48.63,49.18,51.61,48.45,49.61,51.75,52.93,54.17,56.54,55.38,54.57,54.21,54.28,54.37,55.06,54.69,55.51,56.22,56.01,55.52,54.87,54.89,54.5,55.57,54.87,52.81,53.45,54.73,55.16,56.67,59.04,57.87,56.97,56.59,56.67,56.68,57.47,57.32,57.93,58.77,58.6,58.18,57.59,57.55,57.16,58.12,56.04,53.71,53.97,55.3,55.86,56.51,57.84,56.95,56.08,55.65,55.02,55.84,56.01,56.34,56.85,57.38,57.1,56.47,56.15,56.3,55.46,56.62,47.12,45.41,45.17,46.64,46.64,46.7,46.35,47.12,45.78,45.69,44.45,45.47,44.88,43.86,43.6,43.23,42.75,41.83,42.42,43.46,41.5,38.49,38.2,41.6,42.83,43.49,43.68,45.28,43.95,44.25,42.81,43.39,43.11,41.44,41.03,40.8,40.26,39.4,39.96,41.18],
  "contact_probs": [[1.0,0.74,0.15,0.02,0.01,0.01,0.01,0.01,0.03,0.08,0.05,0.04,0.04,0.03,0.03,0.01,0.0,0.0,0.0,0.01,0.01,0.05,0.1,0.21,0.16,0.08,0.08,0.11,0.13,0.05,0.01,0.01,0.01,0.01],[0.74,1.0,0.86,0.18,0.02,0.01,0.01,0.02,0.05,0.09,0.08,0.07,0.05,0.05,0.05,0.02,0.01,0.0,0.01,0.01,0.04,0.14,0.28,0.37,0.18,0.09,0.06,0.09,0.14,0.08,0.03,0.02,0.02,0.02],[0.15,0.86,1.0,0.99,0.3,0.03,0.03,0.05,0.12,0.27,0.25,0.11,0.02,0.03,0.03,0.01,0.01,0.0,0.01,0.01,0.04,0.18,0.47,0.36,0.18,0.07,0.02,0.04,0.08,0.04,0.06,0.04,0.02,0.01],[0.02,0.18,0.99,1.0,0.98,0.2,0.14,0.16,0.24,0.51,0.33,0.12,0.01,0.02,0.02,0.01,0.02,0.02,0.01,0.01,0.04,0.15,0.29,0.21,0.11,0.08,0.02,0.02,0.05,0.05,0.04,0.11,0.04,0.01],[0.01,0.02,0.3,0.98,1.0,0.6,0.35,0.4,0.36,0.4,0.29,0.1,0.02,0.02,0.02,0.03,0.04,0.05,0.03,0.02,0.04,0.09,0.1,0.09,0.11,0.11,0.06,0.04,0.06,0.05,0.1,0.09,0.06,0.02],[0.01,0.01,0.03,0.2,0.6,1.0,0.49,0.25,0.18,0.05,0.02,0.02,0.01,0.02,0.02,0.03,0.06,0.04,0.03,0.03,0.03,0.03,0.02,0.01,0.04,0.09,0.11,0.08,0.06,0.02,0.01,0.02,0.03,0.02],[0.01,0.01,0.03,0.14,0.35,0.49,1.0,0.73,0.28,0.1,0.03,0.01,0.01,0.02,0.03,0.05,0.04,0.02,0.01,0.02,0.04,0.06,0.03,0.02,0.04,0.11,0.18,0.21,0.21,0.05,0.02,0.02,0.03,0.02],[0.01,0.02,0.05,0.16,0.4,0.25,0.73,1.0,0.7,0.23,0.06,0.02,0.01,0.02,0.04,0.03,0.02,0.01,0.01,0.02,0.05,0.06,0.04,0.04,0.08,0.17,0.21,0.33,0.35,0.16,0.07,0.04,0.03,0.02],[0.03,0.05,0.12,0.24,0.36,0.18,0.28,0.7,1.0,0.75,0.19,0.03,0.01,0.01,0.01,0.01,0.01,0.01,0.01,0.01,0.03,0.04,0.04,0.05,0.09,0.17,0.19,0.29,0.41,0.38,0.2,0.06,0.02,0.01],[0.08,0.09,0.27,0.51,0.4,0.05,0.1,0.23,0.75,1.0,0.98,0.28,0.02,0.02,0.01,0.0,0.0,0.01,0.0,0.0,0.01,0.02,0.05,0.07,0.11,0.11,0.05,0.09,0.25,0.27,0.42,0.17,0.03,0.01],[0.05,0.08,0.25,0.33,0.29,0.02,0.03,0.06,0.19,0.98,1.0,0.98,0.16,0.1,0.04,0.02,0.02,0.02,0.01,0.01,0.01,0.04,0.08,0.1,0.07,0.1,0.02,0.02,0.09,0.19,0.3,0.41,0.18,0.06],[0.04,0.07,0.11,0.12,0.1,0.02,0.01,0.02,0.03,0.28,0.98,1.0,0.64,0.41,0.19,0.13,0.08,0.05,0.03,0.02,0.05,0.09,0.13,0.11,0.09,0.05,0.01,0.01,0.03,0.09,0.26,0.24,0.35,0.24],[0.04,0.05,0.02,0.01,0.02,0.01,0.01,0.01,0.01,0.02,0.16,0.64,1.0,0.68,0.19,0.15,0.09,0.04,0.04,0.05,0.08,0.09,0.05,0.03,0.02,0.02,0.01,0.01,0.01,0.02,0.04,0.13,0.2,0.24],[0.03,0.05,0.03,0.02,0.02,0.02,0.02,0.02,0.01,0.02,0.1,0.41,0.68,1.0,0.72,0.33,0.16,0.06,0.09,0.11,0.19,0.17,0.11,0.06,0.03,0.01,0.01,0.01,0.02,0.02,0.05,0.16,0.25,0.33],[0.03,0.05,0.03,0.02,0.02,0.02,0.03,0.04,0.01,0.01,0.04,0.19,0.19,0.72,1.0,0.79,0.29,0.09,0.11,0.15,0.25,0.29,0.23,0.09,0.02,0.01,0.01,0.01,0.02,0.02,0.03,0.14,0.2,0.25],[0.01,0.02,0.01,0.01,0.03,0.03,0.05,0.03,0.01,0.0,0.02,0.13,0.15,0.33,0.79,1.0,0.87,0.34,0.19,0.22,0.26,0.25,0.11,0.02,0.01,0.01,0.01,0.02,0.01,0.01,0.02,0.12,0.23,0.33],[0.0,0.01,0.01,0.02,0.04,0.06,0.04,0.02,0.01,0.0,0.02,0.08,0.09,0.16,0.29,0.87,1.0,0.76,0.36,0.28,0.24,0.15,0.03,0.01,0.01,0.01,0.01,0.01,0.01,0.0,0.02,0.11,0.26,0.28],[0.0,0.0,0.0,0.02,0.05,0.04,0.02,0.01,0.01,0.01,0.02,0.05,0.04,0.06,0.09,0.34,0.76,1.0,0.66,0.22,0.13,0.07,0.03,0.01,0.0,0.01,0.01,0.0,0.0,0.0,0.02,0.11,0.19,0.16],[0.0,0.01,0.01,0.01,0.03,0.03,0.01,0.01,0.01,0.0,0.01,0.03,0.04,0.09,0.11,0.19,0.36,0.66,1.0,0.7,0.22,0.11,0.02,0.0,0.0,0.0,0.0,0.0,0.0,0.0,0.01,0.07,0.14,0.17],[0.01,0.01,0.01,0.01,0.02,0.03,0.02,0.02,0.01,0.0,0.01,0.02,0.05,0.11,0.15,0.22,0.28,0.22,0.7,1.0,0.71,0.22,0.04,0.01,0.0,0.0,0.0,0.0,0.0,0.0,0.01,0.08,0.23,0.25],[0.01,0.04,0.04,0.04,0.04,0.03,0.04,0.05,0.03,0.01,0.01,0.05,0.08,0.19,0.25,0.26,0.24,0.13,0.22,0.71,1.0,0.77,0.15,0.02,0.0,0.0,0.0,0.0,0.0,0.01,0.03,0.2,0.37,0.27],[0.05,0.14,0.18,0.15,0.09,0.03,0.06,0.06,0.04,0.02,0.04,0.09,0.09,0.17,0.29,0.25,0.15,0.07,0.11,0.22,0.77,1.0,0.86,0.17,0.01,0.0,0.0,0.0,0.01,0.01,0.13,0.42,0.35,0.18],[0.1,0.28,0.47,0.29,0.1,0.02,0.03,0.04,0.04,0.05,0.08,0.13,0.05,0.11,0.23,0.11,0.03,0.03,0.02,0.04,0.15,0.86,1.0,0.98,0.19,0.01,0.0,0.0,0.02,0.12,0.36,0.34,0.1,0.04],[0.21,0.37,0.36,0.21,0.09,0.01,0.02,0.04,0.05,0.07,0.1,0.11,0.03,0.06,0.09,0.02,0.01,0.01,0.0,0.01,0.02,0.17,0.98,1.0,0.99,0.33,0.03,0.03,0.09,0.43,0.43,0.18,0.02,0.01],[0.16,0.18,0.18,0.11,0.11,0.04,0.04,0.08,0.09,0.11,0.07,0.09,0.02,0.03,0.02,0.01,0.01,0.0,0.0,0.0,0.0,0.01,0.19,0.99,1.0,0.98,0.27,0.17,0.35,0.63,0.3,0.06,0.01,0.0],[0.08,0.09,0.07,0.08,0.11,0.09,0.11,0.17,0.17,0.11,0.1,0.05,0.02,0.01,0.01,0.01,0.01,0.01,0.0,0.0,0.0,0.0,0.01,0.33,0.98,1.0,0.68,0.36,0.61,0.55,0.17,0.02,0.01,0.0],[0.08,0.06,0.02,0.02,0.06,0.11,0.18,0.21,0.19,0.05,0.02,0.01,0.01,0.01,0.01,0.01,0.01,0.01,0.0,0.0,0.0,0.0,0.0,0.03,0.27,0.68,1.0,0.5,0.35,0.14,0.01,0.0,0.0,0.0],[0.11,0.09,0.04,0.02,0.04,0.08,0.21,0.33,0.29,0.09,0.02,0.01,0.01,0.01,0.01,0.02,0.01,0.0,0.0,0.0,0.0,0.0,0.0,0.03,0.17,0.36,0.5,1.0,0.69,0.16,0.01,0.0,0.0,0.0],[0.13,0.14,0.08,0.05,0.06,0.06,0.21,0.35,0.41,0.25,0.09,0.03,0.01,0.02,0.02,0.01,0.01,0.0,0.0,0.0,0.0,0.01,0.02,0.09,0.35,0.61,0.35,0.69,1.0,0.79,0.11,0.01,0.0,0.0],[0.05,0.08,0.04,0.05,0.05,0.02,0.05,0.16,0.38,0.27,0.19,0.09,0.02,0.02,0.02,0.01,0.0,0.0,0.0,0.0,0.01,0.01,0.12,0.43,0.63,0.55,0.14,0.16,0.79,1.0,0.99,0.18,0.01,0.0],[0.01,0.03,0.06,0.04,0.1,0.01,0.02,0.07,0.2,0.42,0.3,0.26,0.04,0.05,0.03,0.02,0.02,0.02,0.01,0.01,0.03,0.13,0.36,0.43,0.3,0.17,0.01,0.01,0.11,0.99,1.0,0.99,0.2,0.04],[0.01,0.02,0.04,0.11,0.09,0.02,0.02,0.04,0.06,0.17,0.41,0.24,0.13,0.16,0.14,0.12,0.11,0.11,0.07,0.08,0.2,0.42,0.34,0.18,0.06,0.02,0.0,0.0,0.01,0.18,0.99,1.0,0.81,0.33],[0.01,0.02,0.02,0.04,0.06,0.03,0.03,0.03,0.02,0.03,0.18,0.35,0.2,0.25,0.2,0.23,0.26,0.19,0.14,0.23,0.37,0.35,0.1,0.02,0.01,0.01,0.0,0.0,0.0,0.01,0.2,0.81,1.0,0.68],[0.01,0.02,0.01,0.01,0.02,0.02,0.02,0.02,0.01,0.01,0.06,0.24,0.24,0.33,0.25,0.33,0.28,0.16,0.17,0.25,0.27,0.18,0.04,0.01,0.0,0.0,0.0,0.0,0.0,0.0,0.04,0.33,0.68,1.0]],
  "pae": [[1.8,4.4,7.4,11.4,14.2,15.2,16.4,18.1,14.9,12.8,11.5,10.4,10.3,10.0,10.2,13.5,16.9,19.8,18.5,16.2,13.7,11.0,8.6,9.1,11.6,13.9,19.9,18.4,15.4,13.8,12.8,11.8,12.1,15.5],[4.7,1.1,4.3,5.9,8.8,11.3,12.2,13.9,11.2,9.7,8.4,8.4,11.0,11.2,12.0,15.9,17.0,18.0,16.4,15.2,13.6,11.0,6.9,6.5,7.2,9.4,15.4,13.3,10.8,9.4,8.6,8.5,10.9,14.0],[6.0,4.0,0.9,2.8,4.6,7.7,9.0,10.5,8.1,7.5,6.4,7.0,10.9,11.2,12.2,14.3,15.7,15.3,14.9,14.0,12.2,9.9,6.0,5.8,5.5,7.1,12.3,10.6,8.4,7.4,6.7,7.0,9.6,13.0],[7.8,4.2,2.7,0.9,3.1,6.3,7.8,9.9,7.4,6.2,5.8,6.6,10.3,11.3,12.8,15.7,16.4,16.6,15.1,13.8,13.5,11.3,6.6,5.6,5.5,6.4,11.5,9.5,7.6,6.5,6.2,7.0,9.3,13.0],[8.9,5.7,3.9,2.6,0.9,5.4,6.2,9.4,7.3,6.4,6.8,7.1,12.0,13.9,14.6,16.5,18.4,19.6,17.3,15.1,14.4,12.6,7.8,6.5,5.9,6.9,11.7,10.2,7.8,6.4,6.7,7.7,10.5,15.4],[14.5,12.3,11.4,7.7,7.2,1.2,7.4,7.9,9.0,9.9,11.3,12.1,15.9,17.1,18.4,19.7,20.8,22.1,20.7,19.6,18.4,16.4,12.9,11.8,10.7,11.0,18.5,16.6,12.4,11.9,11.3,12.5,15.7,18.7],[15.9,13.6,11.5,9.4,7.1,5.5,1.3,6.1,6.7,8.9,10.6,11.9,14.7,16.9,17.5,19.5,21.0,21.7,20.8,19.1,17.6,16.2,12.9,11.5,11.0,9.9,16.3,13.0,8.4,10.4,10.9,12.3,14.9,17.3],[16.1,14.4,11.3,9.6,7.1,6.0,4.4,1.1,6.3,8.0,9.5,12.3,14.8,17.3,18.1,20.4,21.3,22.1,21.2,19.8,18.0,16.9,13.4,12.1,11.0,9.1,14.1,11.0,9.0,8.9,10.2,11.6,14.4,17.0],[14.0,12.2,10.0,9.1,6.7,7.1,5.8,5.4,1.2,4.9,6.8,9.1,12.2,14.3,16.0,18.0,19.4,19.8,18.2,17.1,16.4,14.0,11.2,10.5,9.7,8.9,12.3,11.5,9.1,7.8,8.5,9.9,11.9,15.2],[12.0,9.7,7.0,7.0,6.8,8.3,8.7,7.4,4.2,1.0,4.0,5.1,8.1,10.7,12.3,15.0,15.0,16.1,14.5,13.3,12.5,10.5,7.9,7.4,7.2,7.4,11.4,10.3,7.4,6.4,5.7,6.2,8.3,11.2],[10.8,8.5,5.6,5.9,5.8,8.6,8.0,7.9,4.4,2.7,0.9,3.0,6.5,8.6,10.7,13.8,14.6,15.8,13.6,12.6,11.0,9.3,6.1,5.9,6.1,6.7,11.1,9.2,7.0,5.7,4.8,5.1,7.5,10.2],[10.5,9.6,6.0,6.5,6.8,9.6,9.3,10.7,6.0,4.6,3.4,1.0,5.8,6.9,9.0,13.0,13.4,14.4,13.4,12.4,11.7,9.9,7.1,6.9,7.4,8.4,12.7,10.5,8.1,6.6,5.8,6.4,7.8,10.6],[11.4,10.2,8.8,10.4,11.8,14.1,14.7,15.9,11.9,9.1,7.7,6.3,1.3,6.1,6.9,11.5,13.4,14.2,13.9,14.0,13.1,12.1,10.9,11.2,11.8,13.1,17.4,15.8,13.4,12.1,11.0,10.3,10.4,12.5],[10.4,10.5,9.6,11.5,12.5,15.2,16.2,18.1,14.8,11.7,10.2,7.6,5.1,1.1,5.7,7.3,8.2,10.3,10.7,11.5,10.9,11.7,11.1,11.7,12.6,14.2,18.1,16.6,14.3,13.2,12.1,11.0,10.8,11.3],[9.9,12.1,11.5,12.8,14.4,16.6,17.2,19.9,16.2,12.5,12.2,9.4,6.8,5.6,1.2,4.8,6.7,8.7,10.5,10.5,9.6,10.8,12.2,12.3,13.7,16.1,19.6,18.1,16.1,13.9,13.3,12.2,10.9,10.9],[11.9,11.9,12.6,14.7,15.8,17.9,20.0,21.1,18.3,14.8,13.7,12.1,9.5,7.0,6.1,1.1,4.6,6.6,8.2,8.8,8.8,10.5,12.3,13.3,15.4,17.1,21.0,20.1,18.3,16.0,14.2,14.0,12.5,11.6],[12.2,13.0,13.2,14.4,16.0,19.1,20.5,21.5,19.2,16.1,14.9,13.5,11.2,9.3,6.8,4.8,1.0,5.7,6.9,8.0,9.1,11.5,13.8,14.0,16.1,18.3,21.4,20.7,19.2,16.1,14.4,15.1,12.7,11.8],[12.9,14.0,15.7,16.4,17.9,21.8,22.8,22.7,20.9,17.5,16.4,14.9,13.5,11.6,8.9,6.5,4.7,1.1,5.8,6.5,7.4,11.4,13.8,15.2,16.2,19.3,22.1,21.8,20.4,18.0,16.6,16.3,13.8,12.7],[13.5,13.4,15.3,16.3,16.7,20.7,21.8,22.5,20.6,17.3,16.2,15.5,14.1,13.4,11.6,9.1,7.1,6.4,1.2,5.6,7.1,9.2,12.6,14.6,16.0,18.8,21.5,21.0,19.9,18.0,16.7,15.3,13.3,12.5],[13.9,13.3,14.9,14.8,15.3,19.7,20.5,21.9,19.0,16.4,15.6,14.8,14.2,14.3,12.5,12.0,9.6,8.3,6.8,1.1,6.4,7.7,11.5,13.5,15.2,17.3,21.0,20.2,18.4,17.0,15.9,14.8,12.7,12.4],[12.7,12.0,13.3,13.8,14.8,17.7,19.0,20.5,16.8,15.3,15.3,14.1,13.3,12.1,10.4,11.8,10.5,11.6,7.7,6.1,1.1,5.7,8.7,11.7,12.9,15.5,18.7,17.6,16.1,15.3,15.0,13.0,11.9,11.7],[10.2,9.1,10.1,11.3,12.4,15.3,16.2,17.8,14.9,12.4,11.7,11.4,12.9,11.7,11.6,12.2,12.5,12.1,10.4,8.0,6.1,1.1,6.1,7.7,9.7,12.0,14.8,14.4,12.5,12.2,11.8,10.8,11.1,11.8],[9.6,7.4,6.4,7.9,9.1,12.1,11.7,12.7,10.1,8.6,7.7,8.0,11.2,11.5,11.1,13.8,14.3,14.1,12.1,10.7,7.3,4.9,1.0,3.1,5.4,7.0,11.7,10.7,8.6,8.0,7.4,7.3,9.4,11.5],[9.5,6.4,4.9,5.8,7.4,10.0,9.5,10.4,7.8,6.4,6.0,6.7,11.1,11.2,11.5,14.3,14.6,14.5,12.8,11.5,8.9,5.3,2.7,0.9,2.7,5.1,10.0,8.9,7.0,5.8,5.0,5.8,8.4,11.6],[10.2,7.6,5.3,5.5,6.5,9.8,9.5,10.2,7.7,6.6,6.6,7.3,11.7,12.1,12.9,16.2,16.1,16.2,13.1,11.8,11.6,6.9,4.4,3.0,0.9,3.5,8.1,7.5,5.6,5.4,5.4,6.3,8.8,12.5],[11.6,9.9,7.7,6.8,6.8,11.1,11.7,10.9,9.2,7.9,8.3,9.0,13.3,14.9,15.1,17.5,17.7,18.4,15.6,13.8,13.0,9.1,6.4,5.3,4.0,1.0,7.1,6.4,5.7,7.2,7.9,9.5,11.4,14.6],[18.8,16.4,14.5,11.9,10.8,13.2,15.1,13.0,11.6,12.5,14.9,15.5,18.5,19.5,20.7,21.8,23.3,24.0,22.7,21.2,19.3,17.7,16.8,14.5,10.5,8.8,1.4,6.2,7.4,12.0,14.3,15.9,17.4,19.5],[15.8,14.4,12.4,10.3,8.7,12.3,12.3,13.0,9.5,10.6,11.3,12.6,15.2,16.6,17.2,18.8,20.6,21.3,19.3,18.3,16.8,14.5,12.3,12.4,9.6,8.0,5.1,1.2,5.9,8.3,10.3,11.4,14.1,16.3],[13.9,11.5,9.2,8.6,7.2,10.1,10.2,10.5,8.0,8.4,8.6,9.9,13.6,14.6,15.8,18.0,19.0,19.4,17.1,15.4,14.1,11.8,9.4,9.1,6.8,6.4,6.9,4.6,1.1,4.7,6.4,8.0,10.9,12.8],[11.7,9.9,7.4,7.5,7.4,10.0,9.6,9.7,7.7,6.2,7.2,7.6,11.6,12.8,13.7,15.7,16.9,17.8,15.8,14.3,13.4,10.7,7.5,6.8,6.4,6.5,9.2,5.4,3.9,0.9,2.7,5.0,7.8,10.3],[10.5,8.8,6.7,6.5,7.2,9.9,9.5,10.0,6.8,5.0,4.9,6.2,10.2,11.2,11.9,14.2,14.9,16.4,14.5,13.5,12.0,10.2,6.1,5.6,5.6,6.8,10.4,7.7,4.8,3.0,0.9,2.5,5.9,9.2],[11.4,9.5,7.1,7.7,8.2,11.4,11.1,11.4,8.0,6.2,5.6,6.6,10.6,11.6,12.0,14.4,15.2,16.1,14.8,13.5,12.1,10.7,6.3,5.9,6.3,7.6,11.7,9.4,5.9,4.1,2.9,0.9,5.1,8.8],[12.7,10.9,9.8,11.0,12.0,15.7,16.5,17.1,12.0,10.0,8.4,9.0,12.5,12.4,12.9,15.4,15.3,16.9,16.2,14.4,12.2,10.5,9.0,9.1,9.6,11.5,15.8,14.2,10.7,8.3,6.7,5.3,1.2,6.3],[13.7,13.6,12.1,13.7,15.9,17.4,18.5,19.7,16.1,13.5,11.1,10.6,11.8,11.3,11.9,11.7,14.5,16.3,15.5,13.9,10.9,10.8,11.0,12.7,13.9,15.9,19.1,18.7,16.0,14.2,11.6,9.1,5.3,1.7]],
  "token_chain_ids": ["A","A","A","A","A","A","A","A","A","A","A","A","A","A","A","A","A","A","A","A","A","A","A","A","A","A","A","A","A","A","A","A","A","A"],
  "token_res_ids": [1,2,3,4,5,6,7,8,9,10,11,12,13,14,15,16,17,18,19,20,21,22,23,24,25,26,27,28,29,30,31,32,33,34]
}