{
  "atom_chain_ids": ["A","A","A","A","A","A","A","A","A","A","A","A","A","A","A","A","A","A","A","A","A","A","A","A","A","A","A","A","A","A","A","A","A","A","A","A","A","A","A","A","A","A","A","A","A","A","A","A","A","A","A","A","A","A","A","A","A","A","A","A","A","A","A","A","A","A","A","A","A","A","A","A","A","A","A","A","A","A","A","A","A","A","A","A","A","A","A","A","A","A","A","A","A","A","A","A","A","A","A","A","A","A","A","A","A","A","A","A","A","A","A","A","A","A","A","A","A","A","A","A","A","A","A","A","A","A","A","A","A","A","A","A","A","A","A","A","A","A","A","A","A","A","A","A","A","A","A","A","A","A","A","A","A","A","A","A","A","A","A","A","A","A","A","A","A","A","A","A","A","A","A","A","A","A","A","A","A","A","A","A","A","A","A","A","A","A","A","A","A","A","A","A","A","A","A","A","A","A","A","A","A","A","A","A","A","A","A","A","A","A","A","A","A","A","A","A","A","A","A","A","A","A","A","A","A","A","A","A","A","A","A","A","A","A","A","A","A","A","A","A","A","A","A","A","A","A","A","A","A","A","A","A","A","A","A","A","A","A","A","A","A","A","A","A","A","A","A","A","A","A","A","A","A","A","A","A","A","A","A","A","A","A","A","A","A","A","A","A","A","A","A","A","A","A","A","A","A","A","A","A","A","A","A","A","A","A","A","A","A","A","A","A","A","A","A","A","A","A","A","A","A","A","A","A","A","A","A","A","A","A","A","A","A","A","A","A","A","A","A","A","A","A","A","A","A","A","A","A","A","A","A","A","A","A","A","A","A","A","A","A","A","A","A","A","A","A","A","A","A","A","A","A","A","A","A","A","A","A","A","A","A","A","A","A","A","A","A","A","A","A","A","A","A","A","A","A","A","A","A","A","A","A","A","A","A","A","A","A","A","A","A","A","A","A","A","A","A","A","A","A","A","A","A","A","A","A","A","A","A","A","A","A","A","A","A","A","A","A","A","A","A","A","A","A","A","A","A","A","A","A","A","A","A","A","A","A","A","A","A","A","A","A","A","A","A","A","A","A","A","A","A","A","A","A","A","A","A","A","A","A","A","A","A","A","A","A","A","A","A","A","A","A","A","A","A","A","A","A","A","A","A","A","A","A","A","A","A","A","A","A","A","A","A","A","A","A","A","A","A","A","A","A","A","A","A","A","A","A","A","A","A","A","A","A","A","A","A","A","A","A","A","A","A","A","A","A","A","A","A","A","A","A","A","A","A","A","A","A","A","A","A","A","A","A","A","A","A","A","A","A","A","A","A","A","A","A","A","A","A","A","A","A","A","A","A","A","A","A","A","A","A","A","A","A","A","A","A","A","A","A","A","A","A","A","A","A","A","A","A","A","A","A","A","A","A","A","A","A","A","A","A","A","A","A","A","A","A","A","A","A","A","A","A","A","A","A","A","A","A","A","A","A","A","A","A","A","A","A","A","A","A","A","A","A","A","A","A","A","A","A","A","A","A","A","A","A","A","A","A","A","A","A","A","A","A","A","A","A","A","A","A","A","A","A","A","A","A","A","A","A","A","A","A","A","A","A","A","A","A","A","A","A","A","A","A","A","A","A","A","A","A","A","A"],
  "atom_plddts": [44.15,44.51,39.88,39.05,45.4,45.92,48.1,49.1,49.54,49.62,47.81,47.61,47.52,46.84,45.63,45.08,45.08,44.55,43.66,44.5,49.7,44.57,44.26,49.4,50.11,51.98,51.94,53.19,51.7,51.81,49.48,51.45,50.28,48.35,48.52,48.28,47.12,46.03,46.17,47.45,48.42,52.41,48.8,50.19,52.85,54.4,55.84,58.58,57.05,56.4,55.76,55.97,56.4,56.98,56.3,56.95,57.56,57.26,56.65,56.19,56.41,56.01,57.17,54.39,52.07,53.03,54.13,54.71,56.16,58.74,57.43,56.71,56.01,56.04,56.53,57.16,56.89,57.58,58.25,58.02,57.55,57.05,57.07,56.64,57.65,54.98,53.2,53.41,54.25,54.21,54.45,55.68,54.74,54.25,53.14,51.89,53.49,53.0,52.89,53.37,53.91,53.55,52.76,52.43,52.59,51.4,53.12,50.83,49.1,48.6,50.31,50.0,49.93,48.98,50.4,49.24,48.58,47.45,48.62,47.12,44.93,44.54,43.64,43.12,42.15,43.37,45.2,47.62,44.26,43.7,47.95,48.17,48.8,48.8,50.41,49.49,48.79,48.12,48.82,47.85,45.3,44.89,44.32,43.64,42.58,43.71,45.37,48.91,45.05,44.71,48.78,48.48,49.9,49.87,52.02,50.91,50.13,48.67,50.04,48.65,46.25,46.11,45.72,44.29,43.34,43.8,45.14,45.57,50.9,47.21,46.57,50.22,49.99,51.2,50.59,52.76,51.57,51.03,48.84,50.65,49.08,46.85,46.55,46.17,44.76,43.5,44.1,45.54,45.85,50.81,47.25,48.13,50.97,52.55,53.86,56.4,55.24,54.71,54.2,54.3,54.19,54.79,53.99,54.84,55.48,55.21,54.57,54.04,54.06,53.63,54.9,53.15,50.89,51.73,52.96,53.5,54.89,57.43,56.19,55.51,54.79,54.85,55.13,55.81,55.54,56.17,56.89,56.67,56.23,55.7,55.65,55.11,56.13,53.24,50.88,51.38,52.78,53.15,53.8,54.98,54.15,53.63,52.91,52.13,53.17,53.06,53.23,53.77,54.22,53.92,53.2,52.88,53.06,52.02,53.4,47.52,45.62,44.78,46.59,46.6,46.65,46.15,47.55,46.19,46.09,44.53,45.67,44.53,42.84,42.47,41.89,41.25,40.35,41.23,42.63,44.51,41.63,41.5,44.08,43.87,44.06,43.51,46.01,45.17,44.66,42.89,44.41,43.1,41.1,40.89,40.49,39.36,38.72,38.9,40.02,40.61,41.07,37.92,37.11,40.86,41.09,41.94,42.28,44.95,43.96,43.96,42.59,43.47,42.68,40.14,39.8,39.49,38.71,37.9,38.65,40.14,41.65,38.29,38.32,41.68,41.44,42.22,42.56,45.36,44.65,43.93,43.01,43.44,42.84,40.82,40.85,40.55,39.53,39.16,39.11,39.81,40.81,41.23,38.0,37.68,41.04,40.58,42.07,41.91,45.23,44.36,43.69,43.03,43.03,42.64,40.82,40.83,40.65,39.74,39.39,39.46,40.0,40.56,41.8,39.42,39.12,41.02,40.82,43.07,43.74,45.79,45.18,44.06,44.24,43.55,43.35,41.12,40.94,40.77,40.74,40.4,41.35,42.61,39.6,38.97,42.15,42.15,42.75,42.55,45.31,44.41,43.89,42.77,43.07,41.9,39.26,38.76,38.14,37.41,36.66,37.77,39.61,41.51,38.51,38.03,41.27,41.76,42.39,42.58,44.85,44.02,43.79,42.43,43.25,42.55,40.03,39.6,39.17,38.42,37.53,38.45,40.15,42.81,39.29,38.97,43.03,43.33,44.51,44.64,47.15,46.08,45.79,44.69,45.8,45.33,42.98,42.66,42.38,41.62,40.58,41.36,42.88,50.25,46.6,46.72,49.69,50.15,51.35,51.72,52.56,51.47,50.93,48.98,50.96,49.87,48.17,48.27,47.99,46.78,45.75,45.93,47.11,47.89,51.74,48.45,49.36,51.69,53.26,54.28,56.57,54.93,54.31,53.68,53.11,53.85,54.1,53.39,53.72,54.4,53.92,53.23,52.89,53.11,52.48,54.07,54.5,52.22,53.1,54.31,55.64,56.55,59.18,57.18,56.62,56.02,56.28,56.4,57.15,56.79,57.08,58.03,57.79,57.3,56.8,56.81,56.36,57.38,54.86,53.08,53.9,54.58,54.69,55.57,57.82,56.13,55.48,54.85,54.72,55.39,55.91,55.7,56.26,57.09,56.93,56.65,55.92,55.82,55.27,56.26,52.16,49.97,50.12,51.58,51.83,52.2,52.72,52.2,51.5,50.61,49.71,50.8,50.25,50.04,50.58,50.96,50.48,49.89,49.57,49.76,48.41,50.41,43.32,41.19,40.48,42.81,43.49,43.56,42.91,45.33,44.03,43.9,42.69,42.85,41.73,39.31,38.79,38.25,37.74,36.96,37.89,39.37,43.77,40.39,39.74,43.98,44.52,45.45,45.43,48.03,46.89,46.37,45.65,46.16,45.35,42.62,42.32,41.88,41.29,40.37,41.29,42.81,50.78,47.0,46.82,50.38,50.51,51.36,51.08,52.85,51.81,51.35,49.31,51.12,49.8,47.68,47.83,47.51,46.33,45.18,45.39,46.55,47.13,51.76,49.0,50.08,51.85,52.75,53.83,56.12,54.96,54.23,53.83,53.76,53.94,54.58,54.21,55.0,55.75,55.57,55.09,54.4,54.34,53.88,54.96,54.89,52.8,53.41,54.76,55.21,56.65,59.06,57.93,57.09,56.74,56.65,56.71,57.47,57.27,57.83,58.69,58.51,58.05,57.49,57.45,57.05,58.04,55.67,53.47,53.77,54.92,55.38,56.02,57.29,56.37,55.51,55.01,54.34,55.21,55.36,55.74,56.16,56.7,56.41,55.76,55.48,55.67,54.78,55.95,46.94,45.34,45.11,46.42,46.4,46.43,46.04,46.87,45.53,45.46,44.07,45.07,44.37,43.33,42.99,42.59,42.05,41.11,41.77,42.86,41.31,38.31,38.0,41.44,42.69,43.35,43.57,45.18,43.9,44.21,42.77,43.29,42.98,41.27,40.83,40.62,40.08,39.21,39.79,41.0],
  "contact_probs": [[1.0,0.74,0.15,0.02,0.01,0.01,0.01,0.01,0.03,0.08,0.05,0.04,0.04,0.03,0.03,0.01,0.0,0.0,0.0,0.01,0.01,0.05,0.1,0.21,0.16,0.08,0.08,0.11,0.13,0.05,0.01,0.01,0.01,0.01],[0.74,1.0,0.86,0.18,0.02,0.01,0.01,0.02,0.05,0.09,0.08,0.07,0.05,0.05,0.05,0.02,0.01,0.0,0.01,0.01,0.04,0.14,0.28,0.37,0.18,0.09,0.06,0.09,0.14,0.08,0.03,0.02,0.02,0.02],[0.15,0.86,1.0,0.99,0.3,0.03,0.03,0.05,0.12,0.27,0.25,0.11,0.02,0.03,0.03,0.01,0.01,0.0,0.01,0.01,0.04,0.18,0.47,0.36,0.18,0.07,0.02,0.04,0.08,0.04,0.06,0.04,0.02,0.01],[0.02,0.18,0.99,1.0,0.98,0.2,0.14,0.16,0.24,0.51,0.33,0.12,0.01,0.02,0.02,0.01,0.02,0.02,0.01,0.01,0.04,0.15,0.29,0.21,0.11,0.08,0.02,0.02,0.05,0.05,0.04,0.11,0.04,0.01],[0.01,0.02,0.3,0.98,1.0,0.6,0.35,0.4,0.36,0.4,0.29,0.1,0.02,0.02,0.02,0.03,0.04,0.05,0.03,0.02,0.04,0.09,0.1,0.09,0.11,0.11,0.06,0.04,0.06,0.05,0.1,0.09,0.06,0.02],[0.01,0.01,0.03,0.2,0.6,1.0,0.49,0.25,0.18,0.05,0.02,0.02,0.01,0.02,0.02,0.03,0.06,0.04,0.03,0.03,0.03,0.03,0.02,0.01,0.04,0.09,0.11,0.08,0.06,0.02,0.01,0.02,0.03,0.02],[0.01,0.01,0.03,0.14,0.35,0.49,1.0,0.73,0.28,0.1,0.03,0.01,0.01,0.02,0.03,0.05,0.04,0.02,0.01,0.02,0.04,0.06,0.03,0.02,0.04,0.11,0.18,0.21,0.21,0.05,0.02,0.02,0.03,0.02],[0.01,0.02,0.05,0.16,0.4,0.25,0.73,1.0,0.7,0.23,0.06,0.02,0.01,0.02,0.04,0.03,0.02,0.01,0.01,0.02,0.05,0.06,0.04,0.04,0.08,0.17,0.21,0.33,0.35,0.16,0.07,0.04,0.03,0.02],[0.03,0.05,0.12,0.24,0.36,0.18,0.28,0.7,1.0,0.75,0.19,0.03,0.01,0.01,0.01,0.01,0.01,0.01,0.01,0.01,0.03,0.04,0.04,0.05,0.09,0.17,0.19,0.29,0.41,0.38,0.2,0.06,0.02,0.01],[0.08,0.09,0.27,0.51,0.4,0.05,0.1,0.23,0.75,1.0,0.98,0.28,0.02,0.02,0.01,0.0,0.0,0.01,0.0,0.0,0.01,0.02,0.05,0.07,0.11,0.11,0.05,0.09,0.25,0.27,0.42,0.17,0.03,0.01],[0.05,0.08,0.25,0.33,0.29,0.02,0.03,0.06,0.19,0.98,1.0,0.98,0.16,0.1,0.04,0.02,0.02,0.02,0.01,0.01,0.01,0.04,0.08,0.1,0.07,0.1,0.02,0.02,0.09,0.19,0.3,0.41,0.18,0.06],[0.04,0.07,0.11,0.12,0.1,0.02,0.01,0.02,0.03,0.28,0.98,1.0,0.64,0.41,0.19,0.13,0.08,0.05,0.03,0.02,0.05,0.09,0.13,0.11,0.09,0.05,0.01,0.01,0.03,0.09,0.26,0.24,0.35,0.24],[0.04,0.05,0.02,0.01,0.02,0.01,0.01,0.01,0.01,0.02,0.16,0.64,1.0,0.68,0.19,0.15,0.09,0.04,0.04,0.05,0.08,0.09,0.05,0.03,0.02,0.02,0.01,0.01,0.01,0.02,0.04,0.13,0.2,0.24],[0.03,0.05,0.03,0.02,0.02,0.02,0.02,0.02,0.01,0.02,0.1,0.41,0.68,1.0,0.72,0.33,0.16,0.06,0.09,0.11,0.19,0.17,0.11,0.06,0.03,0.01,0.01,0.01,0.02,0.02,0.05,0.16,0.25,0.33],[0.03,0.05,0.03,0.02,0.02,0.02,0.03,0.04,0.01,0.01,0.04,0.19,0.19,0.72,1.0,0.79,0.29,0.09,0.11,0.15,0.25,0.29,0.23,0.09,0.02,0.01,0.01,0.01,0.02,0.02,0.03,0.14,0.2,0.25],[0.01,0.02,0.01,0.01,0.03,0.03,0.05,0.03,0.01,0.0,0.02,0.13,0.15,0.33,0.79,1.0,0.87,0.34,0.19,0.22,0.26,0.25,0.11,0.02,0.01,0.01,0.01,0.02,0.01,0.01,0.02,0.12,0.23,0.33],[0.0,0.01,0.01,0.02,0.04,0.06,0.04,0.02,0.01,0.0,0.02,0.08,0.09,0.16,0.29,0.87,1.0,0.76,0.36,0.28,0.24,0.15,0.03,0.01,0.01,0.01,0.01,0.01,0.01,0.0,0.02,0.11,0.26,0.28],[0.0,0.0,0.0,0.02,0.05,0.04,0.02,0.01,0.01,0.01,0.02,0.05,0.04,0.06,0.09,0.34,0.76,1.0,0.66,0.22,0.13,0.07,0.03,0.01,0.0,0.01,0.01,0.0,0.0,0.0,0.02,0.11,0.19,0.16],[0.0,0.01,0.01,0.01,0.03,0.03,0.01,0.01,0.01,0.0,0.01,0.03,0.04,0.09,0.11,0.19,0.36,0.66,1.0,0.7,0.22,0.11,0.02,0.0,0.0,0.0,0.0,0.0,0.0,0.0,0.01,0.07,0.14,0.17],[0.01,0.01,0.01,0.01,0.02,0.03,0.02,0.02,0.01,0.0,0.01,0.02,0.05,0.11,0.15,0.22,0.28,0.22,0.7,1.0,0.71,0.22,0.04,0.01,0.0,0.0,0.0,0.0,0.0,0.0,0.01,0.08,0.23,0.25],[0.01,0.04,0.04,0.04,0.04,0.03,0.04,0.05,0.03,0.01,0.01,0.05,0.08,0.19,0.25,0.26,0.24,0.13,0.22,0.71,1.0,0.77,0.15,0.02,0.0,0.0,0.0,0.0,0.0,0.01,0.03,0.2,0.37,0.27],[0.05,0.14,0.18,0.15,0.09,0.03,0.06,0.06,0.04,0.02,0.04,0.09,0.09,0.17,0.29,0.25,0.15,0.07,0.11,0.22,0.77,1.0,0.86,0.17,0.01,0.0,0.0,0.0,0.01,0.01,0.13,0.42,0.35,0.18],[0.1,0.28,0.47,0.29,0.1,0.02,0.03,0.04,0.04,0.05,0.08,0.13,0.05,0.11,0.23,0.11,0.03,0.03,0.02,0.04,0.15,0.86,1.0,0.98,0.19,0.01,0.0,0.0,0.02,0.12,0.36,0.34,0.1,0.04],[0.21,0.37,0.36,0.21,0.09,0.01,0.02,0.04,0.05,0.07,0.1,0.11,0.03,0.06,0.09,0.02,0.01,0.01,0.0,0.01,0.02,0.17,0.98,1.0,0.99,0.33,0.03,0.03,0.09,0.43,0.43,0.18,0.02,0.01],[0.16,0.18,0.18,0.11,0.11,0.04,0.04,0.08,0.09,0.11,0.07,0.09,0.02,0.03,0.02,0.01,0.01,0.0,0.0,0.0,0.0,0.01,0.19,0.99,1.0,0.98,0.27,0.17,0.35,0.63,0.3,0.06,0.01,0.0],[0.08,0.09,0.07,0.08,0.11,0.09,0.11,0.17,0.17,0.11,0.1,0.05,0.02,0.01,0.01,0.01,0.01,0.01,0.0,0.0,0.0,0.0,0.01,0.33,0.98,1.0,0.68,0.36,0.61,0.55,0.17,0.02,0.01,0.0],[0.08,0.06,0.02,0.02,0.06,0.11,0.18,0.21,0.19,0.05,0.02,0.01,0.01,0.01,0.01,0.01,0.01,0.01,0.0,0.0,0.0,0.0,0.0,0.03,0.27,0.68,1.0,0.5,0.35,0.14,0.01,0.0,0.0,0.0],[0.11,0.09,0.04,0.02,0.04,0.08,0.21,0.33,0.29,0.09,0.02,0.01,0.01,0.01,0.01,0.02,0.01,0.0,0.0,0.0,0.0,0.0,0.0,0.03,0.17,0.36,0.5,1.0,0.69,0.16,0.01,0.0,0.0,0.0],[0.13,0.14,0.08,0.05,0.06,0.06,0.21,0.35,0.41,0.25,0.09,0.03,0.01,0.02,0.02,0.01,0.01,0.0,0.0,0.0,0.0,0.01,0.02,0.09,0.35,0.61,0.35,0.69,1.0,0.79,0.11,0.01,0.0,0.0],[0.05,0.08,0.04,0.05,0.05,0.02,0.05,0.16,0.38,0.27,0.19,0.09,0.02,0.02,0.02,0.01,0.0,0.0,0.0,0.0,0.01,0.01,0.12,0.43,0.63,0.55,0.14,0.16,0.79,1.0,0.99,0.18,0.01,0.0],[0.01,0.03,0.06,0.04,0.1,0.01,0.02,0.07,0.2,0.42,0.3,0.26,0.04,0.05,0.03,0.02,0.02,0.02,0.01,0.01,0.03,0.13,0.36,0.43,0.3,0.17,0.01,0.01,0.11,0.99,1.0,0.99,0.2,0.04],[0.01,0.02,0.04,0.11,0.09,0.02,0.02,0.04,0.06,0.17,0.41,0.24,0.13,0.16,0.14,0.12,0.11,0.11,0.07,0.08,0.2,0.42,0.34,0.18,0.06,0.02,0.0,0.0,0.01,0.18,0.99,1.0,0.81,0.33],[0.01,0.02,0.02,0.04,0.06,0.03,0.03,0.03,0.02,0.03,0.18,0.35,0.2,0.25,0.2,0.23,0.26,0.19,0.14,0.23,0.37,0.35,0.1,0.02,0.01,0.01,0.0,0.0,0.0,0.01,0.2,0.81,1.0,0.68],[0.01,0.02,0.01,0.01,0.02,0.02,0.02,0.02,0.01,0.01,0.06,0.24,0.24,0.33,0.25,0.33,0.28,0.16,0.17,0.25,0.27,0.18,0.04,0.01,0.0,0.0,0.0,0.0,0.0,0.0,0.04,0.33,0.68,1.0]],
  "pae": [[1.7,4.6,9.1,12.7,15.4,16.6,17.1,17.8,14.8,13.5,12.4,10.5,10.1,11.1,10.8,16.2,18.8,20.8,21.1,16.8,14.0,11.1,8.8,9.2,12.0,14.7,20.8,20.3,16.5,13.6,13.6,12.6,12.9,13.9],[5.0,1.1,3.8,5.7,8.3,10.4,11.2,11.9,10.5,8.8,8.0,8.2,11.7,12.7,12.9,16.5,17.4,17.9,18.5,15.5,14.1,10.2,7.1,6.0,6.4,8.3,16.0,14.4,10.7,8.2,7.7,8.3,11.3,13.6],[6.3,3.9,0.9,2.6,4.5,6.9,7.8,8.5,7.4,6.7,6.1,6.7,10.7,11.7,12.4,14.8,16.2,15.0,15.7,13.9,12.8,9.1,6.0,5.2,5.0,6.7,12.4,11.6,8.5,6.4,6.4,6.6,9.1,12.5],[8.0,4.2,2.4,0.9,3.0,5.9,6.9,8.6,6.9,6.0,5.8,6.6,10.8,13.0,13.9,16.4,16.7,16.8,17.9,14.4,13.9,10.5,6.7,5.3,4.9,6.2,12.0,10.9,7.9,6.2,6.3,6.9,9.5,13.2],[9.4,6.2,4.1,3.0,0.9,4.9,5.9,7.9,7.4,6.9,7.4,8.0,12.8,15.5,15.8,18.3,19.5,20.1,21.1,16.6,15.4,12.7,9.0,6.7,6.0,7.0,13.0,12.3,8.4,7.1,7.5,8.7,11.6,16.1],[14.2,11.7,10.2,6.8,6.3,1.2,6.5,6.6,8.3,10.4,11.9,12.5,16.1,17.5,18.4,19.9,21.2,21.7,22.3,19.2,18.1,15.5,12.7,10.9,9.9,10.3,18.3,17.0,11.1,10.6,11.1,11.9,15.7,17.3],[15.0,12.7,10.2,8.4,6.3,4.9,1.2,5.0,6.1,8.8,10.5,12.2,14.7,16.7,17.4,19.0,20.8,21.1,22.0,18.8,17.2,14.9,11.8,10.4,10.6,9.7,16.4,14.8,8.9,10.3,10.9,12.1,14.0,16.7],[14.8,13.2,10.6,8.9,7.0,5.8,4.7,1.1,5.3,7.3,8.6,11.3,14.6,16.9,17.7,19.2,20.0,20.8,21.0,18.4,16.9,14.5,11.7,10.8,10.0,8.6,14.5,12.0,8.7,8.7,9.9,11.3,13.5,16.2],[13.5,11.2,9.4,8.3,6.9,6.6,5.3,4.9,1.2,5.0,7.0,8.5,12.4,14.6,15.7,17.5,19.0,19.2,19.3,16.9,16.2,12.9,10.6,9.6,8.9,8.9,13.7,12.0,9.1,7.6,8.7,9.4,11.4,14.5],[13.0,9.0,6.8,6.8,7.5,8.9,7.8,6.3,4.3,1.0,3.9,5.1,8.0,11.4,12.3,14.8,15.5,15.7,15.9,13.5,12.7,9.6,7.7,6.9,7.1,7.7,12.4,11.6,7.8,6.5,5.8,6.1,8.4,11.1],[12.1,7.8,6.1,5.6,7.1,8.7,8.1,8.0,4.8,3.0,0.9,3.0,6.6,9.9,11.0,14.2,15.2,15.8,15.5,12.6,11.4,8.7,6.2,5.9,6.3,7.2,12.8,11.4,8.0,6.0,5.1,5.1,7.6,10.5],[11.9,9.2,6.2,6.6,7.7,9.6,9.2,9.7,6.2,4.9,3.3,1.0,7.2,9.1,9.7,14.2,14.1,14.4,14.3,12.6,11.8,9.4,7.0,6.6,7.5,8.4,13.2,12.1,8.5,6.4,5.9,6.6,7.6,10.9],[12.0,11.9,10.8,12.7,13.7,16.2,16.4,16.3,13.3,10.0,8.5,7.0,1.4,5.9,7.4,11.7,14.2,15.0,15.7,13.2,12.8,12.1,11.5,12.2,13.4,14.4,18.9,17.5,14.5,12.9,11.9,11.2,11.7,12.4],[11.9,11.7,12.4,13.9,14.8,17.3,18.0,19.1,15.6,13.0,11.2,8.5,6.1,1.2,6.0,6.9,8.7,10.0,12.3,11.1,10.7,11.2,11.5,12.8,14.8,15.9,20.2,19.4,16.0,14.2,13.1,12.2,11.3,11.3],[11.5,13.1,13.4,15.2,16.1,18.8,19.3,20.6,17.1,13.8,13.7,11.0,7.5,6.0,1.2,5.2,7.0,8.5,10.6,9.9,9.1,9.9,12.7,13.7,15.1,17.5,21.3,20.5,18.1,14.7,14.0,13.6,11.1,11.1],[13.5,13.2,14.7,15.7,17.3,20.1,21.5,22.6,19.2,16.3,15.0,13.0,10.4,7.6,5.9,1.0,5.0,6.4,8.6,8.7,8.6,10.4,12.8,14.5,16.2,18.1,22.1,21.8,20.2,16.7,14.8,14.2,12.8,12.1],[13.6,14.0,15.3,16.4,18.3,21.4,22.1,23.0,20.5,17.4,16.6,15.1,12.2,10.1,6.5,4.8,1.0,5.2,7.0,7.9,8.7,11.9,14.9,15.6,17.5,19.8,23.2,22.6,21.3,17.3,16.2,15.8,13.6,12.2],[13.7,14.7,16.0,16.3,18.9,22.1,23.0,23.4,21.5,17.5,16.8,15.7,14.1,11.9,8.5,6.1,4.7,1.1,5.8,6.7,7.0,11.0,14.0,15.4,16.4,19.2,22.3,21.8,21.2,17.5,16.4,16.2,13.2,12.6],[15.4,15.7,17.6,18.3,21.3,24.6,24.8,24.8,23.0,18.9,17.8,17.0,16.7,14.4,12.5,9.0,6.1,5.8,1.2,6.2,7.4,11.4,14.3,16.6,18.0,21.1,23.6,23.5,23.2,19.5,18.4,17.0,14.6,15.0],[14.4,14.4,16.0,15.6,16.7,21.2,21.6,22.3,20.3,17.0,15.8,15.3,15.2,14.2,11.3,11.4,9.4,8.4,8.5,1.2,6.2,8.4,11.7,13.9,15.6,17.7,21.5,21.2,19.9,17.3,16.4,15.1,12.4,12.5],[13.5,12.8,14.4,14.8,15.8,19.0,19.9,20.8,18.3,16.5,15.8,14.7,13.4,11.7,9.5,10.9,10.5,11.0,8.4,6.3,1.1,6.9,9.0,12.3,14.1,15.9,19.6,19.6,17.5,16.2,15.3,13.2,11.5,11.5],[10.9,9.0,10.3,11.0,12.2,15.1,16.2,16.0,14.3,11.4,10.8,11.0,12.7,11.9,11.2,12.6,12.5,12.4,11.1,8.2,6.1,1.1,5.8,7.2,8.7,11.0,15.2,15.1,12.6,11.8,11.1,10.1,10.7,11.4],[10.5,7.0,6.6,7.9,9.5,12.0,11.7,11.6,9.9,8.2,7.4,7.5,11.1,11.9,10.5,13.0,14.0,13.4,13.1,10.2,6.9,4.2,1.0,3.2,5.3,7.0,11.9,12.0,9.0,8.4,7.4,7.4,9.1,11.1],[10.2,6.3,5.0,5.5,7.3,9.9,9.7,9.3,7.7,6.0,6.0,6.6,10.9,11.7,10.9,13.5,14.7,14.0,14.0,12.0,9.2,5.0,2.9,0.9,2.4,5.0,10.5,10.4,7.6,5.7,5.0,5.8,8.1,11.3],[10.9,6.7,5.3,5.5,7.1,10.0,9.9,9.7,8.0,6.7,7.0,8.0,11.7,13.2,13.0,15.7,17.1,15.7,14.8,12.3,12.4,6.4,4.5,3.0,0.9,3.5,8.4,9.3,6.6,6.0,6.0,6.8,9.0,12.7],[12.5,9.7,8.7,7.9,8.1,11.3,11.0,10.7,9.9,8.4,9.7,10.7,14.0,16.6,15.8,17.7,19.5,18.9,18.0,15.0,14.1,9.7,7.3,6.6,4.8,1.0,7.6,8.2,7.4,8.7,9.6,10.9,12.3,15.3],[20.2,17.3,16.4,13.1,12.5,13.3,15.2,14.0,13.8,16.5,17.2,18.0,20.2,21.4,21.8,23.7,25.1,24.8,24.3,22.5,20.9,19.3,17.5,16.2,13.2,10.1,1.3,6.6,8.7,13.7,17.2,17.8,19.5,21.0],[18.8,15.8,14.4,12.8,10.4,12.4,12.7,11.5,12.1,13.4,15.1,15.6,18.2,19.3,19.7,21.5,23.2,23.5,22.9,20.4,19.2,16.8,16.4,14.8,11.8,8.4,6.0,1.2,10.1,11.7,14.0,15.4,18.0,19.3],[15.9,12.9,10.0,9.5,8.1,9.8,11.3,11.1,9.2,10.2,10.4,11.5,15.5,17.2,17.4,18.8,20.9,20.6,20.0,17.0,15.9,13.2,11.9,11.6,9.0,7.4,10.1,7.5,1.1,7.4,9.0,11.4,12.9,14.4],[12.6,9.8,7.7,7.8,8.4,9.9,9.9,9.9,8.2,6.8,7.8,8.3,12.3,14.0,14.0,15.6,17.4,17.1,17.9,14.8,13.3,10.2,8.4,7.3,7.3,7.2,11.0,8.4,5.6,1.0,2.9,5.9,7.9,10.3],[11.3,8.6,6.8,6.6,7.9,10.0,10.1,9.3,7.2,5.5,5.4,6.8,10.9,12.6,12.6,14.4,15.7,15.8,16.3,13.9,12.2,9.1,6.2,5.6,6.0,7.5,13.0,10.8,5.8,3.3,0.9,2.8,5.6,9.2],[12.2,9.1,7.0,7.3,9.0,11.7,11.4,10.7,8.2,6.6,6.0,7.2,10.9,12.7,12.4,14.3,15.6,15.7,15.7,13.4,11.8,9.7,6.6,6.0,6.4,7.7,12.6,11.6,7.3,4.3,3.1,0.9,5.3,8.5],[13.7,11.0,10.4,11.1,12.4,16.3,16.9,16.4,12.0,10.2,9.7,9.8,12.1,12.3,12.1,13.8,15.5,16.7,16.5,13.8,11.4,8.9,8.9,8.6,9.8,11.7,15.5,15.7,12.0,8.6,6.6,5.2,1.2,5.4],[14.7,13.7,13.7,14.9,16.4,18.5,19.6,19.1,15.6,14.0,12.4,11.8,12.4,12.0,11.4,11.5,15.0,16.4,16.4,13.3,10.9,10.3,11.1,12.9,14.7,16.1,19.4,20.2,16.7,14.1,11.4,8.2,5.0,1.7]],
  "token_chain_ids": ["A","A","A","A","A","A","A","A","A","A","A","A","A","A","A","A","A","A","A","A","A","A","A","A","A","A","A","A","A","A","A","A","A","A"],
  "token_res_ids": [1,2,3,4,5,6,7,8,9,10,11,12,13,14,15,16,17,18,19,20,21,22,23,24,25,26,27,28,29,30,31,32,33,34]
}