{
  "atom_chain_ids": ["A","A","A","A","A","A","A","A","A","A","A","A","A","A","A","A","A","A","A","A","A","A","A","A","A","A","A","A","A","A","A","A","A","A","A","A","A","A","A","A","A","A","A","A","A","A","A","A","A","A","A","A","A","A","A","A","A","A","A","A","A","A","A","A","A","A","A","A","A","A","A","A","A","A","A","A","A","A","A","A","A","A","A","A","A","A","A","A","A","A","A","A","A","A","A","A","A","A","A","A","A","A","A","A","A","A","A","A","A","A","A","A","A","A","A","A","A","A","A","A","A","A","A","A","A","A","A","A","A","A","A","A","A","A","A","A","A","A","A","A","A","A","A","A","A","A","A","A","A","A","A","A","A","A","A","A","A","A","A","A","A","A","A","A","A","A","A","A","A","A","A","A","A","A","A","A","A","A","A","A","A","A","A","A","A","A","A","A","A","A","A","A","A","A","A","A","A","A","A","A","A","A","A","A","A","A","A","A","A","A","A","A","A","A","A","A","A","A","A","A","A","A","A","A","A","A","A","A","A","A","A","A","A","A","A","A","A","A","A","A","A","A","A","A","A","A","A","A","A","A","A","A","A","A","A","A","A","A","A","A","A","A","A","A","A","A","A","A","A","A","A","A","A","A","A","A","A","A","A","A","A","A","A","A","A","A","A","A","A","A","A","A","A","A","A","A","A","A","A","A","A","A","A","A","A","A","A","A","A","A","A","A","A","A","A","A","A","A","A","A","A","A","A","A","A","A","A","A","A","A","A","A","A","A","A","A","A","A","A","A","A","A","A","A","A","A","A","A","A","A","A","A","A","A","A","A","A","A","A","A","A","A","A","A","A","A","A","A","A","A","A","A","A","A","A","A","A","A","A","A","A","A","A","A","A","A","A","A","A","A","A","A","A","A","A","A","A","A","A","A","A","A","A","A","A","A","A","A","A","A","A","A","A","A","A","A","A","A","A","A","A","A","A","A","A","A","A","A","A","A","A","A","A","A","A","A","A","A","A","A","A","A","A","A","A","A","A","A","A","A","A","A","A","A","A","A","A","A","A","A","A","A","A","A","A","A","A","A","A","A","A","A","A","A","A","A","A","A","A","A","A","A","A","A","A","A","A","A","A","A","A","A","A","A","A","A","A","A","A","A","A","A","A","A","A","A","A","A","A","A","A","A","A","A","A","A","A","A","A","A","A","A","A","A","A","A","A","A","A","A","A","A","A","A","A","A","A","A","A","A","A","A","A","A","A","A","A","A","A","A","A","A","A","A","A","A","A","A","A","A","A","A","A","A","A","A","A","A","A","A","A","A","A","A","A","A","A","A","A","A","A","A","A","A","A","A","A","A","A","A","A","A","A","A","A","A","A","A","A","A","A","A","A","A","A","A","A","A","A","A","A","A","A","A","A","A","A","A","A","A","A","A","A","A","A","A","A","A","A","A","A","A","A","A","A","A","A","A","A","A","A","A","A","A","A","A","A","A","A","A","A","A","A","A","A","A","A","A","A","A","A","A","A","A","A","A","A","A","A","A","A","A","A","A","A","A","A","A","A","A","A","A","A","A","A","A","A","A","A","A","A","A","A","A","A","A","A","A","A","A","A","A","A","A","A","A","A","A","A","A","A","A","A"],
  "atom_plddts": [44.26,44.76,40.24,39.51,45.55,46.04,48.15,49.16,49.71,49.81,47.92,47.75,47.72,46.95,45.77,45.24,45.19,44.66,43.78,44.63,49.35,43.92,43.46,49.04,49.69,51.76,51.65,52.88,51.43,51.56,49.31,51.27,50.12,48.25,48.42,48.14,46.96,45.86,46.04,47.39,48.4,52.28,48.74,50.17,52.72,54.34,55.7,58.27,56.7,56.01,55.33,55.53,55.99,56.54,55.91,56.46,57.04,56.69,56.14,55.73,55.98,55.58,56.7,54.39,52.08,53.01,54.1,54.75,56.18,58.75,57.41,56.69,56.0,55.92,56.44,57.06,56.73,57.3,58.01,57.73,57.25,56.79,56.82,56.37,57.43,55.2,53.41,53.65,54.45,54.49,54.65,55.95,54.92,54.42,53.29,52.0,53.62,53.17,53.09,53.46,54.01,53.61,52.76,52.51,52.72,51.54,53.3,50.23,48.61,48.05,49.64,49.33,49.13,48.15,49.8,48.64,48.09,46.77,48.0,46.49,44.22,43.79,42.91,42.37,41.36,42.6,44.48,46.75,43.7,43.23,46.99,47.24,47.79,47.59,49.44,48.47,47.83,46.89,47.73,46.62,43.94,43.45,42.83,42.07,41.03,42.19,43.88,46.74,42.85,42.33,46.4,46.13,47.51,47.34,50.27,49.27,48.6,47.15,48.31,46.78,44.14,43.89,43.39,41.93,41.07,41.53,42.96,43.67,50.02,46.52,45.83,49.41,49.05,49.99,49.16,51.67,50.55,49.95,47.79,49.52,47.88,45.67,45.35,44.94,43.59,42.34,42.9,44.35,44.71,50.54,47.11,48.02,50.62,52.25,53.52,55.98,54.69,54.14,53.6,53.66,53.63,54.22,53.45,54.24,54.86,54.57,53.99,53.45,53.44,53.02,54.27,52.51,50.26,51.23,52.28,52.92,54.42,56.98,55.71,54.95,54.25,54.34,54.61,55.33,54.98,55.56,56.27,56.0,55.62,55.12,55.09,54.61,55.62,52.89,50.71,51.18,52.33,52.76,53.35,54.57,53.65,53.18,52.48,51.69,52.71,52.6,52.73,53.24,53.7,53.4,52.7,52.36,52.51,51.5,52.91,46.48,44.72,43.84,45.6,45.52,45.53,44.94,46.65,45.3,45.27,43.78,44.87,43.7,41.99,41.67,41.11,40.51,39.66,40.47,41.83,43.67,40.47,40.27,43.29,43.01,43.44,43.11,45.93,45.02,44.47,42.73,44.32,43.13,41.07,40.92,40.56,39.41,38.82,38.95,40.09,40.8,40.43,37.42,36.64,40.22,40.45,41.27,41.51,44.21,43.22,43.3,41.82,42.8,42.06,39.59,39.27,39.04,38.3,37.54,38.18,39.55,40.3,37.0,36.94,40.33,40.23,40.92,41.16,44.01,43.31,42.61,41.57,42.03,41.43,39.43,39.37,39.13,38.13,37.83,37.75,38.37,39.34,39.2,36.18,35.96,39.08,38.72,40.0,39.85,43.5,42.7,42.09,41.34,41.33,40.95,39.01,38.9,38.74,37.82,37.53,37.59,38.08,38.67,39.54,37.14,36.89,38.82,38.79,40.93,41.44,43.82,43.19,42.28,42.33,41.75,41.69,39.37,39.23,39.12,39.07,38.81,39.65,41.65,38.56,37.91,41.33,41.32,42.02,41.99,44.41,43.47,43.3,42.12,42.62,41.69,39.29,38.95,38.51,37.81,37.03,37.89,39.54,41.41,38.42,37.91,41.21,41.75,42.53,42.73,44.78,43.96,43.88,42.48,43.39,42.76,40.25,39.89,39.51,38.77,37.91,38.7,40.3,44.91,41.35,41.06,45.13,45.44,46.67,46.97,48.77,47.82,47.43,46.39,47.69,47.23,45.0,44.75,44.46,43.71,42.6,43.38,44.83,50.93,47.23,47.33,50.27,50.72,51.99,52.44,53.04,51.91,51.47,49.5,51.61,50.63,49.06,49.22,49.0,47.84,46.81,46.98,48.1,48.78,52.8,49.53,50.4,52.71,54.24,55.17,57.5,55.85,55.22,54.66,54.12,54.85,55.12,54.49,54.78,55.49,55.03,54.29,53.98,54.24,53.6,55.14,55.08,52.9,53.7,54.92,56.28,57.13,59.69,57.69,57.11,56.49,56.76,56.89,57.63,57.3,57.55,58.5,58.25,57.75,57.27,57.31,56.83,57.83,54.55,52.8,53.59,54.29,54.38,55.24,57.5,55.87,55.26,54.57,54.36,55.03,55.55,55.27,55.75,56.63,56.45,56.14,55.44,55.31,54.76,55.8,52.62,50.37,50.56,52.09,52.31,52.7,53.25,52.6,51.83,50.92,50.0,51.13,50.62,50.4,50.86,51.28,50.78,50.16,49.88,50.09,48.7,50.72,43.85,41.83,41.08,43.13,43.72,43.72,43.06,45.64,44.36,44.25,43.05,43.33,42.12,39.64,39.11,38.53,38.03,37.23,38.2,39.76,45.43,41.83,41.22,45.64,46.04,46.97,47.05,49.36,48.26,47.68,46.97,47.61,46.84,44.18,43.84,43.39,42.78,41.74,42.78,44.35,51.83,47.92,47.74,51.41,51.42,52.35,52.31,53.87,52.83,52.35,50.25,52.18,50.89,48.73,48.86,48.55,47.28,46.03,46.34,47.57,48.14,51.02,48.25,49.35,51.06,51.99,53.0,55.26,54.05,53.31,52.88,52.73,53.01,53.62,53.27,53.99,54.7,54.5,54.04,53.38,53.31,52.88,53.95,54.23,52.2,52.88,53.98,54.38,55.68,58.06,56.85,55.98,55.62,55.55,55.72,56.46,56.33,56.84,57.67,57.48,57.09,56.53,56.47,56.08,57.01,54.74,52.68,52.96,53.93,54.39,54.91,56.11,55.19,54.35,53.86,53.12,54.06,54.18,54.53,54.97,55.45,55.13,54.55,54.27,54.43,53.58,54.7,43.61,41.75,41.47,43.28,43.67,44.07,43.76,45.11,43.68,43.82,42.39,43.2,42.68,41.25,40.92,40.67,40.14,39.28,39.8,40.86,39.75,37.16,36.82,39.84,40.86,41.44,41.43,43.35,42.02,42.49,40.94,41.51,41.18,39.5,39.0,38.87,38.33,37.51,38.04,39.16],
  "contact_probs": [[1.0,0.74,0.15,0.02,0.01,0.01,0.01,0.01,0.03,0.08,0.05,0.04,0.04,0.03,0.03,0.01,0.0,0.0,0.0,0.01,0.01,0.05,0.1,0.21,0.16,0.08,0.08,0.11,0.13,0.05,0.01,0.01,0.01,0.01],[0.74,1.0,0.86,0.18,0.02,0.01,0.01,0.02,0.05,0.09,0.08,0.07,0.05,0.05,0.05,0.02,0.01,0.0,0.01,0.01,0.04,0.14,0.28,0.37,0.18,0.09,0.06,0.09,0.14,0.08,0.03,0.02,0.02,0.02],[0.15,0.86,1.0,0.99,0.3,0.03,0.03,0.05,0.12,0.27,0.25,0.11,0.02,0.03,0.03,0.01,0.01,0.0,0.01,0.01,0.04,0.18,0.47,0.36,0.18,0.07,0.02,0.04,0.08,0.04,0.06,0.04,0.02,0.01],[0.02,0.18,0.99,1.0,0.98,0.2,0.14,0.16,0.24,0.51,0.33,0.12,0.01,0.02,0.02,0.01,0.02,0.02,0.01,0.01,0.04,0.15,0.29,0.21,0.11,0.08,0.02,0.02,0.05,0.05,0.04,0.11,0.04,0.01],[0.01,0.02,0.3,0.98,1.0,0.6,0.35,0.4,0.36,0.4,0.29,0.1,0.02,0.02,0.02,0.03,0.04,0.05,0.03,0.02,0.04,0.09,0.1,0.09,0.11,0.11,0.06,0.04,0.06,0.05,0.1,0.09,0.06,0.02],[0.01,0.01,0.03,0.2,0.6,1.0,0.49,0.25,0.18,0.05,0.02,0.02,0.01,0.02,0.02,0.03,0.06,0.04,0.03,0.03,0.03,0.03,0.02,0.01,0.04,0.09,0.11,0.08,0.06,0.02,0.01,0.02,0.03,0.02],[0.01,0.01,0.03,0.14,0.35,0.49,1.0,0.73,0.28,0.1,0.03,0.01,0.01,0.02,0.03,0.05,0.04,0.02,0.01,0.02,0.04,0.06,0.03,0.02,0.04,0.11,0.18,0.21,0.21,0.05,0.02,0.02,0.03,0.02],[0.01,0.02,0.05,0.16,0.4,0.25,0.73,1.0,0.7,0.23,0.06,0.02,0.01,0.02,0.04,0.03,0.02,0.01,0.01,0.02,0.05,0.06,0.04,0.04,0.08,0.17,0.21,0.33,0.35,0.16,0.07,0.04,0.03,0.02],[0.03,0.05,0.12,0.24,0.36,0.18,0.28,0.7,1.0,0.75,0.19,0.03,0.01,0.01,0.01,0.01,0.01,0.01,0.01,0.01,0.03,0.04,0.04,0.05,0.09,0.17,0.19,0.29,0.41,0.38,0.2,0.06,0.02,0.01],[0.08,0.09,0.27,0.51,0.4,0.05,0.1,0.23,0.75,1.0,0.98,0.28,0.02,0.02,0.01,0.0,0.0,0.01,0.0,0.0,0.01,0.02,0.05,0.07,0.11,0.11,0.05,0.09,0.25,0.27,0.42,0.17,0.03,0.01],[0.05,0.08,0.25,0.33,0.29,0.02,0.03,0.06,0.19,0.98,1.0,0.98,0.16,0.1,0.04,0.02,0.02,0.02,0.01,0.01,0.01,0.04,0.08,0.1,0.07,0.1,0.02,0.02,0.09,0.19,0.3,0.41,0.18,0.06],[0.04,0.07,0.11,0.12,0.1,0.02,0.01,0.02,0.03,0.28,0.98,1.0,0.64,0.41,0.19,0.13,0.08,0.05,0.03,0.02,0.05,0.09,0.13,0.11,0.09,0.05,0.01,0.01,0.03,0.09,0.26,0.24,0.35,0.24],[0.04,0.05,0.02,0.01,0.02,0.01,0.01,0.01,0.01,0.02,0.16,0.64,1.0,0.68,0.19,0.15,0.09,0.04,0.04,0.05,0.08,0.09,0.05,0.03,0.02,0.02,0.01,0.01,0.01,0.02,0.04,0.13,0.2,0.24],[0.03,0.05,0.03,0.02,0.02,0.02,0.02,0.02,0.01,0.02,0.1,0.41,0.68,1.0,0.72,0.33,0.16,0.06,0.09,0.11,0.19,0.17,0.11,0.06,0.03,0.01,0.01,0.01,0.02,0.02,0.05,0.16,0.25,0.33],[0.03,0.05,0.03,0.02,0.02,0.02,0.03,0.04,0.01,0.01,0.04,0.19,0.19,0.72,1.0,0.79,0.29,0.09,0.11,0.15,0.25,0.29,0.23,0.09,0.02,0.01,0.01,0.01,0.02,0.02,0.03,0.14,0.2,0.25],[0.01,0.02,0.01,0.01,0.03,0.03,0.05,0.03,0.01,0.0,0.02,0.13,0.15,0.33,0.79,1.0,0.87,0.34,0.19,0.22,0.26,0.25,0.11,0.02,0.01,0.01,0.01,0.02,0.01,0.01,0.02,0.12,0.23,0.33],[0.0,0.01,0.01,0.02,0.04,0.06,0.04,0.02,0.01,0.0,0.02,0.08,0.09,0.16,0.29,0.87,1.0,0.76,0.36,0.28,0.24,0.15,0.03,0.01,0.01,0.01,0.01,0.01,0.01,0.0,0.02,0.11,0.26,0.28],[0.0,0.0,0.0,0.02,0.05,0.04,0.02,0.01,0.01,0.01,0.02,0.05,0.04,0.06,0.09,0.34,0.76,1.0,0.66,0.22,0.13,0.07,0.03,0.01,0.0,0.01,0.01,0.0,0.0,0.0,0.02,0.11,0.19,0.16],[0.0,0.01,0.01,0.01,0.03,0.03,0.01,0.01,0.01,0.0,0.01,0.03,0.04,0.09,0.11,0.19,0.36,0.66,1.0,0.7,0.22,0.11,0.02,0.0,0.0,0.0,0.0,0.0,0.0,0.0,0.01,0.07,0.14,0.17],[0.01,0.01,0.01,0.01,0.02,0.03,0.02,0.02,0.01,0.0,0.01,0.02,0.05,0.11,0.15,0.22,0.28,0.22,0.7,1.0,0.71,0.22,0.04,0.01,0.0,0.0,0.0,0.0,0.0,0.0,0.01,0.08,0.23,0.25],[0.01,0.04,0.04,0.04,0.04,0.03,0.04,0.05,0.03,0.01,0.01,0.05,0.08,0.19,0.25,0.26,0.24,0.13,0.22,0.71,1.0,0.77,0.15,0.02,0.0,0.0,0.0,0.0,0.0,0.01,0.03,0.2,0.37,0.27],[0.05,0.14,0.18,0.15,0.09,0.03,0.06,0.06,0.04,0.02,0.04,0.09,0.09,0.17,0.29,0.25,0.15,0.07,0.11,0.22,0.77,1.0,0.86,0.17,0.01,0.0,0.0,0.0,0.01,0.01,0.13,0.42,0.35,0.18],[0.1,0.28,0.47,0.29,0.1,0.02,0.03,0.04,0.04,0.05,0.08,0.13,0.05,0.11,0.23,0.11,0.03,0.03,0.02,0.04,0.15,0.86,1.0,0.98,0.19,0.01,0.0,0.0,0.02,0.12,0.36,0.34,0.1,0.04],[0.21,0.37,0.36,0.21,0.09,0.01,0.02,0.04,0.05,0.07,0.1,0.11,0.03,0.06,0.09,0.02,0.01,0.01,0.0,0.01,0.02,0.17,0.98,1.0,0.99,0.33,0.03,0.03,0.09,0.43,0.43,0.18,0.02,0.01],[0.16,0.18,0.18,0.11,0.11,0.04,0.04,0.08,0.09,0.11,0.07,0.09,0.02,0.03,0.02,0.01,0.01,0.0,0.0,0.0,0.0,0.01,0.19,0.99,1.0,0.98,0.27,0.17,0.35,0.63,0.3,0.06,0.01,0.0],[0.08,0.09,0.07,0.08,0.11,0.09,0.11,0.17,0.17,0.11,0.1,0.05,0.02,0.01,0.01,0.01,0.01,0.01,0.0,0.0,0.0,0.0,0.01,0.33,0.98,1.0,0.68,0.36,0.61,0.55,0.17,0.02,0.01,0.0],[0.08,0.06,0.02,0.02,0.06,0.11,0.18,0.21,0.19,0.05,0.02,0.01,0.01,0.01,0.01,0.01,0.01,0.01,0.0,0.0,0.0,0.0,0.0,0.03,0.27,0.68,1.0,0.5,0.35,0.14,0.01,0.0,0.0,0.0],[0.11,0.09,0.04,0.02,0.04,0.08,0.21,0.33,0.29,0.09,0.02,0.01,0.01,0.01,0.01,0.02,0.01,0.0,0.0,0.0,0.0,0.0,0.0,0.03,0.17,0.36,0.5,1.0,0.69,0.16,0.01,0.0,0.0,0.0],[0.13,0.14,0.08,0.05,0.06,0.06,0.21,0.35,0.41,0.25,0.09,0.03,0.01,0.02,0.02,0.01,0.01,0.0,0.0,0.0,0.0,0.01,0.02,0.09,0.35,0.61,0.35,0.69,1.0,0.79,0.11,0.01,0.0,0.0],[0.05,0.08,0.04,0.05,0.05,0.02,0.05,0.16,0.38,0.27,0.19,0.09,0.02,0.02,0.02,0.01,0.0,0.0,0.0,0.0,0.01,0.01,0.12,0.43,0.63,0.55,0.14,0.16,0.79,1.0,0.99,0.18,0.01,0.0],[0.01,0.03,0.06,0.04,0.1,0.01,0.02,0.07,0.2,0.42,0.3,0.26,0.04,0.05,0.03,0.02,0.02,0.02,0.01,0.01,0.03,0.13,0.36,0.43,0.3,0.17,0.01,0.01,0.11,0.99,1.0,0.99,0.2,0.04],[0.01,0.02,0.04,0.11,0.09,0.02,0.02,0.04,0.06,0.17,0.41,0.24,0.13,0.16,0.14,0.12,0.11,0.11,0.07,0.08,0.2,0.42,0.34,0.18,0.06,0.02,0.0,0.0,0.01,0.18,0.99,1.0,0.81,0.33],[0.01,0.02,0.02,0.04,0.06,0.03,0.03,0.03,0.02,0.03,0.18,0.35,0.2,0.25,0.2,0.23,0.26,0.19,0.14,0.23,0.37,0.35,0.1,0.02,0.01,0.01,0.0,0.0,0.0,0.01,0.2,0.81,1.0,0.68],[0.01,0.02,0.01,0.01,0.02,0.02,0.02,0.02,0.01,0.01,0.06,0.24,0.24,0.33,0.25,0.33,0.28,0.16,0.17,0.25,0.27,0.18,0.04,0.01,0.0,0.0,0.0,0.0,0.0,0.0,0.04,0.33,0.68,1.0]],
  "pae": [[1.7,4.1,8.1,12.1,14.7,15.7,16.7,18.5,14.9,13.7,12.3,11.1,11.8,11.4,14.5,16.8,19.3,21.6,19.5,16.9,12.3,9.6,7.7,9.3,12.6,14.5,20.4,19.5,16.3,14.0,13.7,12.3,13.5,16.1],[5.2,1.1,4.7,6.0,8.6,11.4,11.8,13.6,10.9,10.0,8.3,7.6,12.4,12.4,14.5,18.2,18.5,19.9,17.6,16.2,13.9,9.8,7.0,6.2,7.9,9.6,16.0,14.0,11.1,9.4,8.2,9.0,12.3,15.4],[7.0,4.0,0.9,2.5,4.5,7.5,8.4,10.0,7.6,7.1,6.2,6.1,10.8,11.8,13.3,16.1,16.2,16.2,15.0,14.2,12.6,8.9,5.5,5.5,5.7,6.9,12.3,10.8,8.2,6.8,6.1,6.9,10.2,13.7],[8.3,4.2,2.7,0.9,2.9,6.2,7.1,9.5,7.3,6.0,5.6,5.5,10.7,12.1,13.2,17.5,16.3,17.4,15.1,15.2,13.2,10.0,6.1,5.3,5.6,6.7,12.4,10.4,7.9,6.3,5.9,6.7,9.8,13.5],[9.4,5.5,4.0,2.7,0.9,5.1,5.8,9.5,7.1,6.7,6.9,6.5,12.7,14.5,15.6,18.9,19.0,20.8,17.9,16.3,14.5,11.0,7.6,6.6,6.4,7.1,12.9,11.7,8.3,6.9,7.1,7.6,11.7,16.3],[14.1,11.2,10.7,7.3,6.5,1.2,6.8,7.3,8.7,9.5,11.1,10.8,15.9,17.3,19.3,19.7,21.0,22.7,20.6,20.0,18.2,15.1,12.0,11.1,10.4,10.8,17.9,16.4,12.6,11.3,10.8,12.3,15.8,18.6],[15.0,12.5,10.8,8.7,6.7,5.1,1.2,5.8,6.5,8.1,10.2,11.4,15.1,17.3,17.8,19.9,21.0,21.9,20.4,18.9,17.5,14.7,12.6,11.2,10.6,9.0,15.8,12.5,8.3,10.3,10.9,12.9,15.1,17.3],[16.3,13.6,12.1,9.6,7.4,6.1,4.9,1.1,6.4,8.1,9.4,12.8,16.0,17.6,18.7,21.3,21.3,22.3,21.1,20.0,18.0,15.9,13.5,12.0,11.0,8.9,14.1,11.7,8.6,8.7,10.7,12.4,15.6,17.4],[14.5,11.5,10.3,8.9,7.0,6.8,5.4,5.1,1.1,5.0,6.9,9.0,13.2,15.4,16.2,18.9,19.9,21.0,18.4,17.8,16.5,13.3,11.4,10.5,8.9,8.1,12.6,11.7,9.0,7.9,8.9,10.8,12.7,15.6],[11.9,8.9,7.2,6.8,7.0,8.0,7.8,6.3,4.3,1.0,3.8,5.4,8.9,11.9,13.0,15.9,15.8,17.3,14.3,13.8,12.9,9.9,7.8,7.2,7.1,7.4,11.2,10.6,7.6,6.0,5.8,6.4,8.8,11.7],[11.3,7.7,5.5,5.3,5.8,8.6,7.7,8.4,4.7,3.0,0.9,3.1,7.7,10.2,11.6,15.6,15.5,17.0,13.8,12.9,11.1,9.0,6.1,5.8,6.2,6.7,11.8,9.7,6.9,5.6,4.7,5.4,8.2,10.6],[11.4,8.9,6.1,6.3,7.0,9.6,8.9,10.5,6.1,4.9,3.4,1.0,8.0,8.6,10.0,14.9,13.5,15.2,13.5,13.0,11.6,9.4,7.4,6.9,7.4,8.1,12.4,11.0,8.1,6.5,5.7,6.8,8.9,11.2],[13.1,10.9,10.1,11.0,13.5,15.2,16.0,17.2,14.1,10.9,8.8,7.5,1.4,7.5,7.6,14.1,14.6,14.9,15.0,14.7,13.0,11.4,11.7,12.6,13.6,14.1,18.5,17.2,14.7,13.1,12.4,11.1,10.3,12.0],[10.7,10.2,10.7,12.2,13.7,15.9,17.2,19.3,16.1,13.4,11.7,8.4,6.3,1.1,7.5,6.6,8.6,10.5,11.9,12.3,11.4,11.1,11.8,13.0,14.5,15.5,19.4,18.1,15.8,14.9,14.2,12.5,11.3,11.4],[12.1,12.0,12.3,13.3,15.5,18.1,18.9,21.1,17.7,14.1,13.7,10.7,8.0,6.5,1.3,5.1,6.7,8.4,10.2,10.8,10.4,11.0,12.7,13.5,15.2,16.8,20.5,19.6,17.3,15.1,14.8,13.3,11.1,11.3],[13.4,12.4,13.9,15.9,17.0,19.8,21.9,23.4,20.1,16.9,15.5,13.3,11.0,7.9,6.3,1.0,4.9,7.1,8.8,9.8,9.7,11.5,13.6,15.5,17.3,18.5,22.8,22.2,20.4,17.1,15.6,15.3,13.0,12.4],[13.7,13.4,14.5,16.1,17.7,20.8,22.2,23.7,20.9,17.6,17.0,15.0,12.5,10.2,6.8,4.6,1.1,5.4,8.0,9.1,10.4,13.1,15.6,15.8,18.2,20.0,23.2,22.8,21.5,17.5,15.8,16.6,14.2,12.6],[14.5,15.2,16.4,17.5,19.7,22.7,24.0,24.3,22.0,19.0,17.9,16.4,15.4,12.9,9.4,6.2,5.0,1.1,6.8,7.9,9.5,13.5,15.2,16.7,18.4,21.1,23.6,23.6,22.7,19.4,17.8,17.5,15.6,13.8],[15.0,14.7,16.6,18.0,18.9,22.0,23.1,23.8,22.2,19.5,18.1,17.5,16.3,14.7,12.6,10.1,7.7,8.7,1.2,7.6,8.4,11.8,14.4,16.4,18.5,20.3,23.0,22.9,22.1,19.9,18.7,17.2,14.8,13.9],[14.6,12.9,15.0,15.5,16.3,19.9,21.0,22.3,19.6,17.4,16.4,15.9,15.8,15.2,12.3,11.7,11.1,10.6,8.4,1.3,7.3,8.5,11.0,14.1,16.0,17.9,21.2,20.5,19.5,17.2,17.3,15.4,13.5,13.4],[12.9,11.0,12.7,13.6,14.4,16.9,18.3,18.8,16.6,15.9,15.0,13.8,13.7,12.4,10.1,12.1,12.4,12.4,9.6,6.9,1.2,5.9,8.6,11.3,13.2,15.3,17.9,16.9,15.8,15.0,14.3,12.8,12.2,12.0],[10.0,8.0,9.0,10.3,11.8,13.9,14.4,15.3,13.1,10.6,10.2,10.5,13.1,11.8,11.6,13.1,13.2,13.3,11.1,9.2,6.1,1.1,5.4,7.0,8.4,10.5,13.8,13.2,10.9,10.0,10.2,10.1,11.5,12.8],[10.2,6.5,6.0,6.9,8.7,11.4,10.8,11.6,9.1,7.7,7.0,7.1,11.7,11.7,11.3,14.4,15.0,15.1,12.2,11.0,7.8,5.0,0.9,3.0,4.9,6.5,11.6,10.2,7.7,7.0,6.7,6.9,9.8,11.6],[10.0,5.9,4.9,5.4,7.0,9.6,8.8,9.9,7.5,6.1,5.8,6.4,11.1,11.5,11.6,15.6,15.3,16.4,12.9,12.6,9.2,5.3,2.8,0.9,2.5,4.9,10.4,8.9,6.7,5.3,5.0,6.0,9.1,11.9],[10.7,7.3,5.5,5.6,6.6,9.9,9.1,9.9,7.3,6.3,6.4,7.2,12.1,12.8,13.0,17.9,17.0,17.6,13.1,12.7,11.3,6.3,4.1,3.0,0.9,3.4,9.6,8.0,5.6,5.4,5.7,6.6,9.7,13.0],[12.2,9.4,8.5,7.0,7.2,11.2,11.0,10.7,9.5,7.8,8.2,9.3,14.0,15.5,15.3,18.0,18.3,20.4,15.8,14.7,13.4,9.4,6.2,5.5,4.3,1.0,7.9,6.6,6.0,7.6,9.1,10.2,12.7,15.5],[19.8,16.8,16.3,14.1,13.2,13.8,14.5,12.8,12.4,15.0,16.4,16.7,19.1,20.4,21.2,23.6,24.5,25.0,23.0,21.9,19.4,17.9,18.0,15.6,12.0,8.9,1.4,6.6,8.3,13.0,16.0,17.5,18.7,20.8],[17.0,14.2,13.0,11.3,10.1,12.1,11.7,12.9,9.3,11.7,12.5,13.1,16.3,17.6,17.9,19.3,21.4,22.4,20.1,19.1,17.5,15.0,13.0,13.0,10.0,7.9,6.0,1.2,8.0,9.9,12.4,12.7,16.1,17.6],[14.6,11.8,9.8,9.5,7.3,10.1,9.4,9.6,8.2,9.1,9.2,10.3,14.3,15.8,16.2,19.0,19.7,20.4,17.0,15.7,14.8,12.0,9.5,9.4,7.3,6.5,8.8,5.0,1.1,6.0,7.0,9.1,12.0,14.0],[12.3,9.8,8.2,8.1,8.1,10.7,9.5,10.0,8.3,7.4,7.8,8.1,12.2,14.1,14.1,17.0,17.0,18.7,15.6,14.9,13.0,9.7,7.5,7.6,7.0,7.0,10.7,6.8,5.4,0.9,3.0,6.1,8.5,11.8],[11.3,8.8,7.0,6.6,7.8,10.2,9.9,10.6,7.5,5.8,5.2,6.6,11.0,12.3,12.7,16.2,15.1,17.0,15.1,14.1,11.5,8.9,6.1,6.0,6.0,7.3,12.2,9.7,5.8,3.4,0.9,3.0,7.0,10.2],[11.7,9.2,7.4,7.2,8.5,11.6,10.9,11.4,8.4,6.4,5.7,6.3,10.5,12.4,12.4,15.3,16.0,17.2,15.0,13.8,12.0,9.4,6.4,6.4,6.6,7.6,12.3,10.5,6.5,4.5,3.0,0.9,6.3,9.8],[14.0,10.7,10.4,12.0,13.2,16.0,16.8,17.4,13.2,11.0,9.7,8.9,10.9,12.9,12.6,16.1,16.9,18.3,16.1,15.6,12.6,9.7,9.2,10.2,11.1,12.6,17.1,15.9,12.6,9.5,8.0,6.7,1.2,7.4],[15.1,13.3,12.9,14.6,15.9,18.2,19.5,19.8,17.2,14.7,12.7,11.0,11.5,12.1,11.5,12.1,15.2,17.3,15.2,13.6,11.3,10.0,12.0,14.4,15.5,16.4,19.8,19.5,16.5,14.6,11.8,10.0,6.1,1.7]],
  "token_chain_ids": ["A","A","A","A","A","A","A","A","A","A","A","A","A","A","A","A","A","A","A","A","A","A","A","A","A","A","A","A","A","A","A","A","A","A"],
  "token_res_ids": [1,2,3,4,5,6,7,8,9,10,11,12,13,14,15,16,17,18,19,20,21,22,23,24,25,26,27,28,29,30,31,32,33,34]
}