{
  "atom_chain_ids": ["A","A","A","A","A","A","A","A","A","A","A","A","A","A","A","A","A","A","A","A","A","A","A","A","A","A","A","A","A","A","A","A","A","A","A","A","A","A","A","A","A","A","A","A","A","A","A","A","A","A","A","A","A","A","A","A","A","A","A","A","A","A","A","A","A","A","A","A","A","A","A","A","A","A","A","A","A","A","A","A","A","A","A","A","A","A","A","A","A","A","A","A","A","A","A","A","A","A","A","A","A","A","A","A","A","A","A","A","A","A","A","A","A","A","A","A","A","A","A","A","A","A","A","A","A","A","A","A","A","A","A","A","A","A","A","A","A","A","A","A","A","A","A","A","A","A","A","A","A","A","A","A","A","A","A","A","A","A","A","A","A","A","A","A","A","A","A","A","A","A","A","A","A","A","A","A","A","A","A","A","A","A","A","A","A","A","A","A","A","A","A","A","A","A","A","A","A","A","A","A","A","A","A","A","A","A","A","A","A","A","A","A","A","A","A","A","A","A","A","A","A","A","A","A","A","A","A","A","A","A","A","A","A","A","A","A","A","A","A","A","A","A","A","A","A","A","A","A","A","A","A","A","A","A","A","A","A","A","A","A","A","A","A","A","A","A","A","A","A","A","A","A","A","A","A","A","A","A","A","A","A","A","A","A","A","A","A","A","A","A","A","A","A","A","A","A","A","A","A","A","A","A","A","A","A","A","A","A","A","A","A","A","A","A","A","A","A","A","A","A","A","A","A","A","A","A","A","A","A","A","A","A","A","A","A","A","A","A","A","A","A","A","A","A","A","A","A","A","A","A","A","A","A","A","A","A","A","A","A","A","A","A","A","A","A","A","A","A","A","A","A","A","A","A","A","A","A","A","A","A","A","A","A","A","A","A","A","A","A","A","A","A","A","A","A","A","A","A","A","A","A","A","A","A","A","A","A","A","A","A","A","A","A","A","A","A","A","A","A","A","A","A","A","A","A","A","A","A","A","A","A","A","A","A","A","A","A","A","A","A","A","A","A","A","A","A","A","A","A","A","A","A","A","A","A","A","A","A","A","A","A","A","A","A","A","A","A","A","A","A","A","A","A","A","A","A","A","A","A","A","A","A","A","A","A","A","A","A","A","A","A","A","A","A","A","A","A","A","A","A","A","A","A","A","A","A","A","A","A","A","A","A","A","A","A","A","A","A","A","A","A","A","A","A","A","A","A","A","A","A","A","A","A","A","A","A","A","A","A","A","A","A","A","A","A","A","A","A","A","A","A","A","A","A","A","A","A","A","A","A","A","A","A","A","A","A","A","A","A","A","A","A","A","A","A","A","A","A","A","A","A","A","A","A","A","A","A","A","A","A","A","A","A","A","A","A","A","A","A","A","A","A","A","A","A","A","A","A","A","A","A","A","A","A","A","A","A","A","A","A","A","A","A","A","A","A","A","A","A","A","A","A","A","A","A","A","A","A","A","A","A","A","A","A","A","A","A","A","A","A","A","A","A","A","A","A","A","A","A","A","A","A","A","A","A","A","A","A","A","A","A","A","A","A","A","A","A","A","A","A","A","A","A","A","A","A","A","A","A","A","A","A","A","A","A","A","A","A","A","A","A","A","A","A","A","A","A","A","A","A","A","A","A","A","A","A","A","A","A","A","A","A","A","A"],
  "atom_plddts": [55.82,56.52,50.41,51.97,57.73,58.97,62.43,64.47,64.22,63.01,62.69,64.71,64.55,64.33,63.94,64.12,64.03,63.43,62.34,63.16,57.11,53.59,54.23,58.12,58.29,60.1,62.0,62.15,61.34,61.58,62.63,61.97,62.43,61.51,62.92,62.71,61.9,61.54,61.48,61.8,62.05,62.79,60.04,58.2,59.06,61.42,59.9,60.68,63.02,61.33,61.1,60.21,61.11,61.06,61.56,61.46,61.69,62.17,62.08,61.52,61.34,59.64,57.75,58.77,60.55,58.74,59.98,62.33,60.54,60.06,59.27,60.1,60.4,60.89,61.16,61.39,61.84,61.76,61.11,60.96,55.84,54.27,55.19,56.21,56.25,58.15,59.61,58.75,58.17,57.8,57.97,58.53,58.94,58.48,59.62,59.65,59.05,58.61,58.29,58.48,57.86,58.91,53.61,50.47,51.13,54.4,54.96,57.23,58.56,58.58,58.19,57.46,57.22,58.08,57.42,55.14,55.66,55.81,54.75,53.53,53.7,54.81,52.96,55.63,51.22,47.77,47.82,51.42,51.4,53.84,54.43,55.11,54.77,53.73,52.95,54.44,53.12,50.79,51.24,50.73,49.36,48.2,48.78,50.46,48.64,51.43,49.9,46.24,46.04,49.98,50.26,52.89,53.36,54.64,54.56,53.44,52.48,53.88,52.27,49.91,50.37,49.42,47.78,46.6,47.52,49.33,47.83,50.85,49.95,46.92,46.85,50.05,50.02,52.74,53.7,56.09,55.45,54.95,55.18,55.88,55.12,52.74,52.82,52.29,51.68,50.68,51.76,53.37,52.73,50.15,50.07,52.27,51.59,54.83,57.14,57.43,56.75,56.02,56.86,56.52,56.61,56.06,55.87,55.95,55.94,55.12,55.86,51.41,49.27,47.84,50.83,50.05,53.11,53.22,54.93,53.69,52.72,52.79,53.75,53.2,52.04,53.07,52.72,51.8,51.34,51.31,51.94,50.53,52.86,48.7,46.1,45.08,47.89,46.69,49.82,48.44,51.8,50.3,49.21,49.14,49.97,48.6,46.52,46.81,46.6,45.28,44.83,44.66,45.4,45.99,44.91,41.34,40.38,44.53,43.17,46.02,45.11,49.45,48.27,47.15,46.95,48.02,46.06,43.38,43.3,42.71,41.04,40.4,40.87,42.49,42.93,39.86,37.32,36.39,38.88,37.67,39.5,39.61,42.83,42.4,41.6,41.89,42.63,41.68,40.07,40.43,39.99,38.77,38.41,38.55,39.38,38.48,40.95,35.79,33.59,33.29,34.74,34.22,35.27,34.57,39.57,38.17,36.99,36.5,37.76,36.28,34.01,33.61,33.17,31.81,31.68,31.8,32.69,33.8,37.06,34.03,33.29,35.99,36.09,37.56,36.95,40.49,39.89,38.77,37.91,39.01,37.92,35.08,34.38,34.21,33.7,33.03,34.55,38.75,35.44,34.27,38.47,38.16,39.66,39.1,42.73,41.88,41.84,40.74,41.98,40.42,37.18,36.81,36.14,35.13,34.48,35.82,38.15,43.37,39.77,39.12,42.8,42.19,45.4,46.47,49.2,48.31,47.52,48.28,48.51,48.53,47.56,48.8,48.32,47.4,47.24,47.09,47.79,47.33,48.71,47.02,44.65,45.47,46.53,45.75,48.25,49.59,50.41,49.49,48.75,49.56,49.77,50.26,49.29,49.59,49.73,49.61,49.37,49.63,49.24,46.3,46.59,49.4,48.34,50.61,51.32,52.19,51.24,50.25,51.11,51.37,51.15,49.7,49.86,49.67,49.24,48.75,49.51,45.99,42.44,41.59,46.0,45.4,48.4,46.75,50.49,48.81,48.04,47.66,48.31,46.34,43.24,43.41,42.4,40.53,40.21,40.76,42.58,43.0,47.43,43.81,42.65,47.14,46.94,49.82,49.49,51.84,50.62,49.5,49.22,50.2,49.05,46.74,47.15,46.25,44.84,44.21,44.85,46.47,44.61,47.94,47.67,43.51,42.91,47.9,48.01,50.65,50.65,52.0,51.2,49.61,49.89,49.97,48.79,46.47,46.0,45.33,44.5,43.38,44.98,46.5,42.8,43.13,46.66,46.8,49.93,51.62,52.78,52.24,51.79,52.13,52.34,52.33,50.98,52.05,51.55,50.67,50.3,50.31,51.03,50.42,51.85,47.58,45.14,45.9,47.75,47.98,51.24,52.4,53.43,52.75,52.08,52.62,53.02,52.93,51.75,52.73,52.29,51.47,51.14,51.14,51.79,51.12,52.38,50.92,48.35,49.09,50.83,51.64,54.01,55.01,54.49,54.33,53.07,53.56,53.72,53.41,52.31,51.93,51.77,51.27,50.31,51.16,49.72,46.7,47.33,50.56,51.11,53.07,54.17,54.1,53.75,53.35,54.09,54.48,54.54,52.74,53.08,52.83,52.35,51.39,51.86,53.06,51.05,47.98,49.3,51.98,52.36,54.97,57.51,55.87,55.74,55.33,57.21,56.32,56.9,56.38,56.7,56.79,56.68,56.04,56.26,52.7,49.83,50.11,53.21,53.39,55.42,57.25,57.08,56.66,55.91,56.51,56.63,56.5,55.35,56.35,56.19,55.42,54.7,54.7,55.46,54.21,55.85,58.25,55.9,55.84,58.12,57.49,60.55,61.55,62.06,61.02,60.62,60.95,61.32,60.98,58.82,59.44,59.82,58.87,57.94,57.75,58.37,58.55,59.41,56.95,58.26,60.95,60.5,62.81,65.55,63.64,63.19,62.83,64.31,63.77,64.43,64.01,64.17,64.72,64.56,63.88,63.91,61.35,59.8,60.47,61.78,61.07,63.45,64.81,63.96,63.15,63.44,63.78,63.98,64.44,64.19,65.26,65.16,64.4,64.0,64.03,64.3,63.86,64.7,62.67,61.18,61.51,63.45,62.25,64.56,65.57,64.79,64.13,63.93,64.97,65.11,65.43,64.87,66.08,65.91,65.1,64.76,64.77,65.04,64.75,65.59,66.74,65.43,64.91,67.83,65.78,66.55,68.09,66.58,65.75,64.95,66.42,66.54,66.73,66.58,66.75,67.02,66.57,65.9,66.22,67.59,67.06,65.98,66.45,65.64,66.59,66.72,66.35,64.7,64.2,64.4,65.57,65.23,65.36,66.22,65.82,64.69,64.34,64.61,65.06,64.63,65.82],
  "contact_probs": [[1.0,0.98,0.29,0.0,0.0,0.0,0.0,0.0,0.0,0.0,0.0,0.0,0.0,0.0,0.0,0.0,0.0,0.0,0.0,0.0,0.0,0.0,0.0,0.0,0.0,0.0,0.0,0.0,0.0,0.0,0.0,0.0,0.02,0.28,0.96],[0.98,1.0,1.0,0.25,0.0,0.0,0.0,0.0,0.0,0.0,0.0,0.0,0.0,0.0,0.0,0.0,0.0,0.0,0.0,0.0,0.0,0.0,0.0,0.0,0.0,0.0,0.0,0.0,0.0,0.0,0.0,0.02,0.34,0.98,0.91],[0.29,1.0,1.0,1.0,0.32,0.0,0.0,0.0,0.0,0.0,0.0,0.0,0.0,0.0,0.0,0.0,0.0,0.0,0.0,0.0,0.0,0.0,0.0,0.0,0.0,0.0,0.0,0.0,0.0,0.0,0.02,0.5,0.99,0.98,0.71],[0.0,0.25,1.0,1.0,1.0,0.4,0.01,0.01,0.0,0.0,0.0,0.0,0.0,0.0,0.0,0.0,0.0,0.0,0.0,0.0,0.0,0.0,0.0,0.0,0.0,0.0,0.0,0.0,0.01,0.03,0.64,0.98,0.96,0.73,0.01],[0.0,0.0,0.32,1.0,1.0,0.97,0.33,0.04,0.05,0.03,0.01,0.0,0.0,0.0,0.0,0.0,0.0,0.0,0.0,0.0,0.0,0.0,0.0,0.0,0.0,0.0,0.01,0.02,0.09,0.32,0.97,0.85,0.38,0.01,0.0],[0.0,0.0,0.0,0.4,0.97,1.0,0.92,0.23,0.12,0.07,0.03,0.01,0.0,0.0,0.0,0.0,0.01,0.01,0.01,0.01,0.01,0.0,0.0,0.01,0.02,0.03,0.06,0.07,0.15,0.31,0.62,0.25,0.02,0.0,0.0],[0.0,0.0,0.0,0.01,0.33,0.92,1.0,0.73,0.25,0.13,0.05,0.02,0.01,0.01,0.01,0.01,0.05,0.04,0.03,0.03,0.01,0.01,0.01,0.04,0.11,0.15,0.17,0.16,0.15,0.27,0.23,0.05,0.01,0.0,0.0],[0.0,0.0,0.0,0.01,0.04,0.23,0.73,1.0,0.68,0.26,0.08,0.06,0.04,0.04,0.05,0.21,0.15,0.12,0.06,0.05,0.02,0.01,0.02,0.06,0.18,0.27,0.2,0.13,0.14,0.19,0.11,0.04,0.01,0.0,0.0],[0.0,0.0,0.0,0.0,0.05,0.12,0.25,0.68,1.0,0.8,0.23,0.06,0.07,0.11,0.24,0.19,0.1,0.05,0.03,0.02,0.01,0.01,0.01,0.04,0.11,0.16,0.11,0.08,0.21,0.37,0.25,0.05,0.0,0.0,0.0],[0.0,0.0,0.0,0.0,0.03,0.07,0.13,0.26,0.8,1.0,0.9,0.42,0.13,0.19,0.17,0.09,0.04,0.02,0.01,0.01,0.01,0.01,0.02,0.07,0.06,0.05,0.09,0.27,0.58,0.45,0.17,0.01,0.0,0.0,0.0],[0.0,0.0,0.0,0.0,0.01,0.03,0.05,0.08,0.23,0.9,1.0,0.89,0.34,0.14,0.06,0.04,0.06,0.05,0.02,0.02,0.01,0.01,0.04,0.04,0.04,0.05,0.19,0.67,0.53,0.24,0.01,0.0,0.0,0.0,0.0],[0.0,0.0,0.0,0.0,0.0,0.01,0.02,0.06,0.06,0.42,0.89,1.0,0.8,0.36,0.07,0.05,0.09,0.09,0.03,0.01,0.01,0.02,0.04,0.03,0.05,0.12,0.5,0.57,0.3,0.04,0.01,0.0,0.0,0.0,0.0],[0.0,0.0,0.0,0.0,0.0,0.0,0.01,0.04,0.07,0.13,0.34,0.8,1.0,0.85,0.3,0.1,0.12,0.12,0.05,0.02,0.03,0.03,0.05,0.06,0.1,0.22,0.43,0.27,0.05,0.01,0.0,0.0,0.0,0.0,0.0],[0.0,0.0,0.0,0.0,0.0,0.0,0.01,0.04,0.11,0.19,0.14,0.36,0.85,1.0,0.86,0.25,0.13,0.12,0.06,0.04,0.03,0.04,0.06,0.11,0.18,0.29,0.27,0.08,0.02,0.01,0.0,0.0,0.0,0.0,0.0],[0.0,0.0,0.0,0.0,0.0,0.0,0.01,0.05,0.24,0.17,0.06,0.07,0.3,0.86,1.0,0.71,0.22,0.15,0.08,0.05,0.06,0.08,0.13,0.14,0.2,0.21,0.11,0.04,0.01,0.0,0.0,0.0,0.0,0.0,0.0],[0.0,0.0,0.0,0.0,0.0,0.0,0.01,0.21,0.19,0.09,0.04,0.05,0.1,0.25,0.71,1.0,0.6,0.22,0.1,0.05,0.1,0.18,0.17,0.08,0.07,0.13,0.07,0.03,0.01,0.0,0.0,0.0,0.0,0.0,0.0],[0.0,0.0,0.0,0.0,0.0,0.01,0.05,0.15,0.1,0.04,0.06,0.09,0.12,0.13,0.22,0.6,1.0,0.74,0.19,0.04,0.1,0.12,0.11,0.07,0.07,0.17,0.14,0.1,0.03,0.01,0.0,0.0,0.0,0.0,0.0],[0.0,0.0,0.0,0.0,0.0,0.01,0.04,0.12,0.05,0.02,0.05,0.09,0.12,0.12,0.15,0.22,0.74,1.0,0.9,0.23,0.06,0.08,0.13,0.08,0.19,0.59,0.3,0.13,0.02,0.01,0.0,0.0,0.0,0.0,0.0],[0.0,0.0,0.0,0.0,0.0,0.01,0.03,0.06,0.03,0.01,0.02,0.03,0.05,0.06,0.08,0.1,0.19,0.9,1.0,0.92,0.29,0.18,0.14,0.28,0.58,0.47,0.14,0.01,0.01,0.0,0.0,0.0,0.0,0.0,0.0],[0.0,0.0,0.0,0.0,0.0,0.01,0.03,0.05,0.02,0.01,0.02,0.01,0.02,0.04,0.05,0.05,0.04,0.23,0.92,1.0,0.81,0.5,0.24,0.56,0.47,0.3,0.01,0.0,0.0,0.0,0.0,0.0,0.0,0.0,0.0],[0.0,0.0,0.0,0.0,0.0,0.01,0.01,0.02,0.01,0.01,0.01,0.01,0.03,0.03,0.06,0.1,0.1,0.06,0.29,0.81,1.0,0.85,0.28,0.24,0.12,0.03,0.01,0.0,0.0,0.0,0.0,0.0,0.0,0.0,0.0],[0.0,0.0,0.0,0.0,0.0,0.0,0.01,0.01,0.01,0.01,0.01,0.02,0.03,0.04,0.08,0.18,0.12,0.08,0.18,0.5,0.85,1.0,0.81,0.47,0.1,0.02,0.0,0.0,0.0,0.0,0.0,0.0,0.0,0.0,0.0],[0.0,0.0,0.0,0.0,0.0,0.0,0.01,0.02,0.01,0.02,0.04,0.04,0.05,0.06,0.13,0.17,0.11,0.13,0.14,0.24,0.28,0.81,1.0,0.78,0.24,0.04,0.01,0.0,0.0,0.0,0.0,0.0,0.0,0.0,0.0],[0.0,0.0,0.0,0.0,0.0,0.01,0.04,0.06,0.04,0.07,0.04,0.03,0.06,0.11,0.14,0.08,0.07,0.08,0.28,0.56,0.24,0.47,0.78,1.0,0.95,0.31,0.01,0.0,0.0,0.0,0.0,0.0,0.0,0.0,0.0],[0.0,0.0,0.0,0.0,0.0,0.02,0.11,0.18,0.11,0.06,0.04,0.05,0.1,0.18,0.2,0.07,0.07,0.19,0.58,0.47,0.12,0.1,0.24,0.95,1.0,0.92,0.14,0.02,0.01,0.0,0.0,0.0,0.0,0.0,0.0],[0.0,0.0,0.0,0.0,0.0,0.03,0.15,0.27,0.16,0.05,0.05,0.12,0.22,0.29,0.21,0.13,0.17,0.59,0.47,0.3,0.03,0.02,0.04,0.31,0.92,1.0,0.66,0.12,0.02,0.01,0.0,0.0,0.0,0.0,0.0],[0.0,0.0,0.0,0.0,0.01,0.06,0.17,0.2,0.11,0.09,0.19,0.5,0.43,0.27,0.11,0.07,0.14,0.3,0.14,0.01,0.01,0.0,0.01,0.01,0.14,0.66,1.0,0.84,0.34,0.03,0.0,0.0,0.0,0.0,0.0],[0.0,0.0,0.0,0.0,0.02,0.07,0.16,0.13,0.08,0.27,0.67,0.57,0.27,0.08,0.04,0.03,0.1,0.13,0.01,0.0,0.0,0.0,0.0,0.0,0.02,0.12,0.84,1.0,0.95,0.37,0.01,0.0,0.0,0.0,0.0],[0.0,0.0,0.0,0.01,0.09,0.15,0.15,0.14,0.21,0.58,0.53,0.3,0.05,0.02,0.01,0.01,0.03,0.02,0.01,0.0,0.0,0.0,0.0,0.0,0.01,0.02,0.34,0.95,1.0,0.97,0.34,0.0,0.0,0.0,0.0],[0.0,0.0,0.0,0.03,0.32,0.31,0.27,0.19,0.37,0.45,0.24,0.04,0.01,0.01,0.0,0.0,0.01,0.01,0.0,0.0,0.0,0.0,0.0,0.0,0.0,0.01,0.03,0.37,0.97,1.0,0.98,0.27,0.0,0.0,0.0],[0.0,0.0,0.02,0.64,0.97,0.62,0.23,0.11,0.25,0.17,0.01,0.01,0.0,0.0,0.0,0.0,0.0,0.0,0.0,0.0,0.0,0.0,0.0,0.0,0.0,0.0,0.0,0.01,0.34,0.98,1.0,1.0,0.36,0.0,0.0],[0.0,0.02,0.5,0.98,0.85,0.25,0.05,0.04,0.05,0.01,0.0,0.0,0.0,0.0,0.0,0.0,0.0,0.0,0.0,0.0,0.0,0.0,0.0,0.0,0.0,0.0,0.0,0.0,0.0,0.27,1.0,1.0,1.0,0.44,0.0],[0.02,0.34,0.99,0.96,0.38,0.02,0.01,0.01,0.0,0.0,0.0,0.0,0.0,0.0,0.0,0.0,0.0,0.0,0.0,0.0,0.0,0.0,0.0,0.0,0.0,0.0,0.0,0.0,0.0,0.0,0.36,1.0,1.0,1.0,0.29],[0.28,0.98,0.98,0.73,0.01,0.0,0.0,0.0,0.0,0.0,0.0,0.0,0.0,0.0,0.0,0.0,0.0,0.0,0.0,0.0,0.0,0.0,0.0,0.0,0.0,0.0,0.0,0.0,0.0,0.0,0.0,0.44,1.0,1.0,0.99],[0.96,0.91,0.71,0.01,0.0,0.0,0.0,0.0,0.0,0.0,0.0,0.0,0.0,0.0,0.0,0.0,0.0,0.0,0.0,0.0,0.0,0.0,0.0,0.0,0.0,0.0,0.0,0.0,0.0,0.0,0.0,0.0,0.29,0.99,1.0]],
  "pae": [[1.2,4.3,5.8,6.9,9.3,8.9,9.8,10.0,9.9,10.6,12.4,12.3,13.8,16.4,17.9,15.5,14.6,14.2,13.9,14.4,15.1,16.7,15.5,13.9,12.4,11.9,11.2,9.8,9.0,8.4,8.1,8.0,7.1,5.5,6.0],[3.1,1.0,2.3,3.2,4.3,5.3,6.4,6.5,6.9,7.1,8.7,8.6,10.7,11.9,14.6,12.7,11.5,10.6,11.1,10.9,12.0,13.7,13.2,11.4,9.5,9.2,7.9,6.9,5.2,4.8,4.7,4.4,4.0,3.4,3.5],[3.5,2.6,1.0,2.1,3.3,4.0,5.6,5.3,6.0,6.4,7.5,8.6,10.7,11.8,14.0,12.3,11.1,10.7,11.3,10.7,11.2,12.3,11.8,10.0,8.9,8.5,7.4,6.1,5.0,4.3,4.0,3.5,3.2,3.4,3.6],[4.3,3.1,2.4,1.0,2.1,3.4,4.6,4.9,5.4,5.6,7.0,7.6,9.9,11.5,13.1,12.0,10.9,9.8,10.9,10.4,11.0,11.7,11.1,9.4,8.2,7.9,6.8,5.6,4.3,3.8,3.3,3.0,3.1,4.0,4.2],[5.1,4.0,3.0,2.3,1.0,2.6,3.9,4.3,4.7,5.4,6.4,6.8,9.0,11.4,13.3,11.7,10.5,9.2,9.9,9.9,9.7,10.6,10.4,8.5,7.5,7.2,5.9,4.9,4.0,3.3,3.1,3.2,3.7,4.6,5.0],[6.3,4.9,4.6,3.4,2.6,1.0,3.1,3.8,4.0,4.6,6.0,6.1,8.2,10.4,12.4,10.5,10.2,8.7,9.0,9.4,9.6,10.3,10.0,7.9,6.9,6.5,5.3,4.5,3.7,3.3,3.4,3.5,4.4,5.2,6.0],[9.0,6.9,6.9,5.8,4.5,3.6,1.1,4.1,4.2,5.2,7.5,7.3,9.5,11.0,13.1,10.4,10.9,10.1,10.1,10.3,10.4,11.3,11.1,8.6,8.0,7.7,6.2,6.0,4.9,4.6,5.1,6.0,6.4,7.7,8.8],[9.4,7.9,7.2,6.7,5.3,4.4,3.8,1.0,3.5,4.5,6.3,7.7,9.4,11.6,13.0,11.6,11.7,9.9,10.6,11.1,11.3,12.5,11.2,9.4,8.1,7.8,6.6,6.3,5.1,5.0,5.6,6.4,7.5,8.4,9.4],[9.8,8.3,7.6,6.1,5.6,4.8,4.1,3.3,1.1,2.6,3.7,4.5,6.5,9.1,10.5,9.9,10.0,8.4,9.0,9.2,9.7,10.1,9.1,7.9,7.1,6.8,5.5,5.1,4.7,4.3,5.5,6.5,7.8,9.3,10.1],[8.5,6.8,6.5,5.6,5.1,4.5,4.1,3.1,2.0,1.0,2.1,2.9,4.1,7.9,9.8,7.9,8.4,6.6,7.8,8.0,8.5,8.7,8.0,6.9,5.6,5.0,4.0,4.0,3.6,3.5,5.2,5.9,6.2,7.5,8.1],[9.0,7.9,7.3,5.8,5.3,4.7,4.6,3.6,2.7,2.2,0.9,1.8,3.0,6.3,7.6,7.3,7.9,6.2,7.5,8.2,8.0,8.3,7.7,6.1,5.2,4.6,3.5,3.3,4.2,5.1,5.4,5.9,6.5,7.7,8.9],[9.3,8.0,7.3,6.5,5.8,5.5,5.2,5.1,3.8,3.0,2.0,1.0,2.8,5.7,6.6,6.6,6.9,6.1,7.7,7.7,7.5,7.7,7.5,5.9,4.9,4.6,4.3,3.8,4.5,5.5,6.0,6.6,6.9,7.8,8.9],[10.9,10.0,8.8,8.2,7.2,7.2,6.6,7.1,5.9,5.3,4.3,2.6,1.0,5.1,6.1,6.3,6.3,6.0,7.2,7.7,8.1,8.4,7.7,6.7,6.3,5.5,4.6,5.5,5.9,7.0,7.6,8.6,9.2,10.2,11.1],[15.6,14.7,13.5,12.2,11.9,11.4,11.6,12.2,11.5,10.5,9.9,6.5,5.9,1.2,4.6,5.5,6.8,8.0,8.9,10.2,11.6,11.1,9.4,11.0,11.3,9.0,8.9,9.6,10.0,10.9,11.8,14.2,14.4,14.9,15.9],[17.3,17.3,15.0,14.2,13.6,13.0,12.9,13.9,14.1,12.0,9.9,8.0,6.8,4.3,1.2,5.5,6.4,7.2,9.6,10.4,11.2,11.0,10.5,11.4,11.3,10.3,10.1,10.4,11.5,11.9,12.9,15.1,15.7,16.3,17.7],[17.7,17.6,16.2,14.2,13.5,12.7,12.9,14.4,14.0,11.8,10.9,9.0,6.9,5.5,4.6,1.3,4.7,6.4,7.8,10.2,11.5,12.8,11.0,10.9,11.0,10.2,10.0,10.9,11.4,12.7,13.6,16.0,16.5,17.6,18.1],[16.3,16.9,15.1,14.1,13.2,11.7,10.7,13.0,12.5,11.8,9.3,8.5,7.6,7.4,5.9,4.4,1.4,5.3,6.6,7.9,9.8,10.2,9.9,10.2,8.7,7.8,8.4,9.8,11.2,12.0,12.5,14.2,15.5,16.7,17.0],[11.5,11.8,11.5,11.1,10.6,9.6,8.2,9.5,7.7,7.6,5.4,4.7,5.2,6.6,6.2,4.1,3.3,1.0,2.7,4.1,5.2,6.0,6.2,5.0,4.7,4.5,5.1,5.9,7.0,7.7,8.3,10.0,10.7,12.6,11.5],[12.3,11.5,10.9,9.9,9.3,8.8,8.0,9.5,8.3,8.8,7.0,6.2,6.3,8.0,7.6,6.0,4.8,2.9,1.0,2.5,3.6,4.1,5.6,4.3,4.4,4.4,5.7,6.4,7.3,8.2,8.5,10.4,10.5,12.3,12.3],[12.4,12.5,11.1,10.3,9.4,9.1,8.1,9.9,8.6,8.7,7.6,6.6,7.1,8.4,8.8,7.3,5.8,3.6,2.7,1.0,2.6,3.3,4.6,3.9,4.2,4.8,5.8,6.8,7.7,8.7,8.7,10.5,11.0,12.7,12.7],[13.1,13.8,11.6,10.7,10.1,9.3,8.7,9.8,9.4,9.0,8.3,7.5,7.7,8.9,9.4,8.2,7.6,5.5,4.0,3.4,1.1,3.3,4.5,3.9,5.1,5.2,6.5,7.8,8.0,9.1,9.2,11.2,11.8,13.4,14.1],[13.5,15.0,13.2,10.7,10.4,10.4,9.3,10.2,10.0,10.3,8.7,8.3,8.0,9.0,10.1,9.0,8.0,6.2,4.9,3.8,3.1,1.1,3.6,4.0,4.8,5.1,7.2,8.3,8.4,9.9,10.0,11.5,12.1,13.7,14.3],[14.3,14.9,12.6,11.2,11.2,10.7,10.0,11.0,10.3,10.0,9.5,7.9,8.8,9.8,10.6,9.0,9.5,8.0,6.1,5.1,3.9,3.7,1.3,3.6,4.5,5.3,7.3,8.6,9.2,10.4,10.7,11.8,12.7,14.4,14.9],[11.1,10.4,9.1,8.2,8.0,7.7,7.0,7.9,7.8,7.6,6.6,5.6,6.6,8.6,9.8,8.3,7.8,6.0,5.0,4.9,4.3,3.4,3.3,1.0,2.3,3.2,4.2,5.3,6.3,7.8,8.2,9.3,9.3,10.2,10.7],[10.6,9.3,8.3,7.3,6.7,6.5,6.2,7.9,6.3,6.7,5.9,5.2,6.8,8.8,9.9,8.3,7.7,6.1,5.5,5.6,5.2,4.7,3.8,2.4,1.0,2.6,3.4,4.3,5.0,6.1,7.1,8.2,8.7,9.8,10.4],[10.1,9.2,8.2,6.9,6.4,6.8,5.9,7.2,6.6,6.4,5.6,5.3,7.1,8.4,9.8,8.0,7.5,6.3,5.6,6.0,5.5,5.7,5.3,3.4,2.5,1.0,2.6,3.6,4.8,5.8,6.7,7.8,8.1,9.2,10.3],[8.4,7.8,7.1,6.4,5.9,5.7,5.4,5.5,5.2,5.1,4.4,4.4,6.1,8.5,9.3,8.0,8.6,6.6,7.1,7.2,6.6,6.5,6.3,4.8,3.9,3.2,1.0,2.6,3.6,4.4,5.5,6.3,6.8,7.5,9.2],[7.8,6.8,6.0,5.6,4.8,4.6,4.6,5.1,4.2,4.2,4.1,4.0,6.2,8.2,9.6,8.4,9.2,6.7,7.8,7.4,7.6,6.5,6.9,4.9,4.0,3.4,2.3,1.0,2.2,3.2,4.1,5.0,5.6,6.3,7.8],[6.7,5.9,5.1,4.7,3.9,4.0,4.1,4.5,4.0,3.4,4.1,4.0,6.9,8.9,10.0,8.5,8.8,7.0,7.8,7.8,7.5,7.2,7.6,5.6,4.4,3.9,2.6,2.1,0.9,2.1,2.9,3.5,4.7,5.3,6.0],[5.8,5.2,4.5,3.6,3.5,3.6,4.2,4.2,4.0,4.0,4.6,4.9,7.3,9.3,11.0,9.5,9.6,8.5,8.8,8.5,8.2,8.0,8.4,6.5,5.3,4.8,3.4,2.5,2.1,0.9,2.3,2.9,3.6,4.7,5.3],[4.8,4.4,3.8,3.0,2.9,3.4,4.2,4.0,3.6,4.1,5.0,5.4,7.5,9.2,11.1,9.9,9.7,8.6,9.0,9.1,8.9,9.0,9.2,7.8,6.6,5.8,4.3,3.4,2.6,2.0,0.9,1.8,2.8,3.4,4.4],[4.3,3.7,2.8,2.7,2.8,3.7,4.5,4.2,4.2,4.8,5.7,6.3,8.7,10.1,12.0,10.9,10.3,9.2,10.0,9.8,9.5,10.0,9.9,8.2,6.9,6.5,5.1,4.1,3.2,2.5,2.0,0.9,1.9,2.8,3.4],[4.1,3.2,3.1,3.2,3.3,4.0,5.1,4.8,4.9,5.4,6.8,7.3,9.6,10.6,12.3,11.5,10.9,9.8,10.2,9.9,10.6,11.1,10.6,9.0,7.7,7.2,5.8,4.9,3.8,3.0,2.7,1.9,0.9,2.1,3.0],[4.2,3.1,3.2,3.6,4.0,5.3,6.1,5.6,6.0,6.6,8.0,8.7,10.6,11.5,13.5,12.1,11.2,11.6,11.3,11.2,11.7,12.3,12.2,10.2,8.9,8.8,7.5,6.5,5.2,4.2,3.8,3.1,2.4,1.0,2.4],[3.4,3.9,4.0,4.7,5.7,6.1,7.7,7.2,8.0,8.8,10.8,10.8,12.3,15.0,15.9,14.2,12.9,13.3,12.7,12.8,13.4,15.1,14.4,12.4,10.7,10.6,9.2,8.0,7.0,6.2,4.6,4.4,3.6,2.4,1.1]],
  "token_chain_ids": ["A","A","A","A","A","A","A","A","A","A","A","A","A","A","A","A","A","A","A","A","A","A","A","A","A","A","A","A","A","A","A","A","A","A","A"],
  "token_res_ids": [1,2,3,4,5,6,7,8,9,10,11,12,13,14,15,16,17,18,19,20,21,22,23,24,25,26,27,28,29,30,31,32,33,34,35]
}