{
  "atom_chain_ids": ["A","A","A","A","A","A","A","A","A","A","A","A","A","A","A","A","A","A","A","A","A","A","A","A","A","A","A","A","A","A","A","A","A","A","A","A","A","A","A","A","A","A","A","A","A","A","A","A","A","A","A","A","A","A","A","A","A","A","A","A","A","A","A","A","A","A","A","A","A","A","A","A","A","A","A","A","A","A","A","A","A","A","A","A","A","A","A","A","A","A","A","A","A","A","A","A","A","A","A","A","A","A","A","A","A","A","A","A","A","A","A","A","A","A","A","A","A","A","A","A","A","A","A","A","A","A","A","A","A","A","A","A","A","A","A","A","A","A","A","A","A","A","A","A","A","A","A","A","A","A","A","A","A","A","A","A","A","A","A","A","A","A","A","A","A","A","A","A","A","A","A","A","A","A","A","A","A","A","A","A","A","A","A","A","A","A","A","A","A","A","A","A","A","A","A","A","A","A","A","A","A","A","A","A","A","A","A","A","A","A","A","A","A","A","A","A","A","A","A","A","A","A","A","A","A","A","A","A","A","A","A","A","A","A","A","A","A","A","A","A","A","A","A","A","A","A","A","A","A","A","A","A","A","A","A","A","A","A","A","A","A","A","A","A","A","A","A","A","A","A","A","A","A","A","A","A","A","A","A","A","A","A","A","A","A","A","A","A","A","A","A","A","A","A","A","A","A","A","A","A","A","A","A","A","A","A","A","A","A","A","A","A","A","A","A","A","A","A","A","A","A","A","A","A","A","A","A","A","A","A","A","A","A","A","A","A","A","A","A","A","A","A","A","A","A","A","A","A","A","A","A","A","A","A","A","A","A","A","A","A","A","A","A","A","A","A","A","A","A","A","A","A","A","A","A","A","A","A","A","A","A","A","A","A","A","A","A","A","A","A","A","A","A","A","A","A","A","A","A","A","A","A","A","A","A","A","A","A","A","A","A","A","A","A","A","A","A","A","A","A","A","A","A","A","A","A","A","A","A","A","A","A","A","A","A","A","A","A","A","A","A","A","A","A","A","A","A","A","A","A","A","A","A","A","A","A","A","A","A","A","A","A","A","A","A","A","A","A","A","A","A","A","A","A","A","A","A","A","A","A","A","A","A","A","A","A","A","A","A","A","A","A","A","A","A","A","A","A","A","A","A","A","A","A","A","A","A","A","A","A","A","A","A","A","A","A","A","A","A","A","A","A","A","A","A","A","A","A","A","A","A","A","A","A","A","A","A","A","A","A","A","A","A","A","A","A","A","A","A","A","A","A","A","A","A","A","A","A","A","A","A","A","A","A","A","A","A","A","A","A","A","A","A","A","A","A","A","A","A","A","A","A","A","A","A","A","A","A","A","A","A","A","A","A","A","A","A","A","A","A","A","A","A","A","A","A","A","A","A","A","A","A","A","A","A","A","A","A","A","A","A","A","A","A","A","A","A","A","A","A","A","A","A","A","A","A","A","A","A","A","A","A","A","A","A","A","A","A","A","A","A","A","A","A","A","A","A","A","A","A","A","A","A","A","A","A","A","A","A","A","A","A","A","A","A","A","A","A","A","A","A","A","A","A","A","A","A","A","A","A","A","A","A","A","A","A","A","A","A","A","A","A","A","A","A","A","A","A","A","A","A","A","A","A","A","A","A","A","A","A","A","A","A","A"],
  "atom_plddts": [52.31,52.16,46.51,47.05,53.25,54.36,57.37,59.36,58.75,57.98,57.12,59.22,58.62,58.51,58.32,58.41,58.11,57.68,56.76,57.58,46.9,44.36,45.56,47.27,48.22,50.14,50.75,52.08,51.17,51.34,51.28,51.54,52.15,50.95,52.16,51.79,51.33,51.17,50.92,51.1,51.0,51.83,49.72,49.07,50.6,50.28,50.28,50.79,52.38,51.72,51.69,51.6,51.64,51.62,52.38,52.08,52.29,52.52,52.46,52.19,52.14,48.04,47.67,49.51,48.33,48.36,48.91,49.76,49.16,48.92,49.15,49.06,49.47,50.11,50.04,50.26,50.37,50.24,49.98,50.03,44.71,44.23,45.71,44.76,45.56,46.97,47.27,47.3,46.51,46.91,46.53,47.44,48.04,47.36,48.08,48.05,47.66,47.51,47.27,47.21,46.72,47.77,39.75,38.49,39.14,39.87,40.86,42.62,42.53,43.04,42.52,42.47,41.14,43.07,42.59,40.81,40.87,41.05,40.34,39.73,39.59,39.98,38.85,41.31,36.04,34.23,34.16,35.69,36.2,37.91,37.68,39.18,38.16,38.03,36.49,38.84,37.95,35.52,35.17,35.55,34.59,33.94,33.94,34.53,33.82,36.27,30.24,28.84,28.42,29.77,29.64,30.86,30.71,32.96,31.75,32.33,30.74,32.68,31.87,29.7,28.94,29.61,28.81,28.31,28.34,28.58,28.36,30.22,29.08,27.29,27.12,28.5,28.0,28.94,29.2,32.71,31.56,32.99,31.57,33.05,32.79,30.38,29.93,30.7,30.32,29.79,29.84,30.37,33.3,30.89,31.13,33.06,32.9,34.14,34.32,36.34,35.54,36.19,35.8,36.83,37.38,35.94,36.09,36.63,36.41,36.11,35.92,32.82,31.0,30.64,32.73,32.42,33.92,33.9,35.77,34.77,35.48,35.19,36.19,36.45,35.1,35.34,35.84,35.46,35.38,34.84,34.81,34.61,35.87,33.14,31.38,31.41,33.05,32.7,33.06,32.96,35.61,34.39,34.65,34.03,34.76,34.42,33.34,32.92,33.07,32.41,32.33,32.22,32.46,32.83,32.23,29.99,29.8,32.48,32.02,31.99,32.09,35.01,34.05,33.72,32.75,34.02,33.24,31.6,30.83,31.12,30.15,29.91,30.14,30.6,31.07,31.12,28.99,28.72,31.24,31.06,32.02,32.55,34.25,33.49,33.65,33.11,34.2,34.42,32.83,32.59,33.02,32.46,32.37,32.22,32.18,32.05,33.45,30.21,28.54,28.68,29.97,29.78,30.42,30.91,33.34,31.99,31.87,30.66,31.89,31.52,30.08,29.34,29.55,28.77,28.68,28.85,29.17,29.65,30.31,28.47,28.39,29.97,29.94,30.96,31.01,33.16,32.09,32.22,30.82,31.93,31.56,29.56,28.88,29.27,28.81,28.57,29.29,28.47,27.0,26.61,28.11,27.54,27.83,27.92,30.42,29.13,30.0,28.09,29.31,28.41,26.72,25.89,26.29,25.65,25.44,26.08,26.82,27.24,25.68,25.74,27.37,27.06,27.95,28.42,30.4,30.0,30.42,29.82,30.29,30.52,29.28,28.92,29.57,29.18,29.19,28.82,28.52,28.52,29.75,29.4,27.94,28.7,28.81,28.27,29.55,29.95,32.18,31.74,32.17,31.82,32.23,32.83,31.72,31.68,31.83,31.94,32.02,32.12,28.16,26.66,26.82,28.09,27.7,28.28,28.21,30.39,30.0,30.48,30.38,30.21,30.46,29.39,29.23,29.37,29.39,29.38,29.68,29.47,27.72,27.4,29.73,29.16,29.21,28.65,32.07,30.9,30.98,29.94,30.5,29.55,27.66,26.67,26.79,25.73,25.66,25.91,26.56,27.22,30.76,28.87,28.04,30.82,30.19,31.29,31.16,34.17,33.0,33.2,32.24,33.2,32.67,30.69,30.0,30.56,29.84,29.72,29.61,29.89,29.33,31.48,32.73,30.55,29.71,32.28,31.99,33.15,32.81,35.95,34.88,34.95,33.48,34.23,33.64,31.45,30.73,31.02,30.57,30.17,30.87,30.23,28.3,28.51,30.59,30.5,31.64,32.01,33.72,33.32,33.69,33.28,34.35,34.74,33.22,33.06,33.48,33.1,32.96,32.76,32.57,32.55,33.58,30.74,29.14,29.79,30.79,30.58,31.37,32.01,33.87,33.28,33.83,33.37,34.53,34.83,33.43,33.28,33.67,33.32,33.11,32.92,32.72,32.69,33.65,32.93,31.09,31.41,32.18,32.2,33.71,33.61,35.94,35.08,35.43,33.99,35.5,35.33,33.18,32.6,33.13,32.75,32.26,32.64,34.35,32.46,32.92,34.11,34.38,36.26,36.56,38.56,37.47,38.64,36.81,38.82,39.2,36.69,36.51,36.91,36.58,36.15,36.09,36.55,36.97,34.78,35.63,36.66,37.09,38.89,39.29,40.58,39.98,40.35,39.86,40.7,41.36,39.75,39.91,40.04,39.81,39.62,39.55,36.69,34.66,34.9,36.78,36.94,38.96,39.4,40.42,39.74,40.02,39.16,40.88,40.95,39.0,39.27,39.72,39.21,38.83,38.38,38.6,38.28,39.56,41.82,40.18,41.54,41.97,42.39,43.77,44.26,45.13,44.6,44.13,43.45,45.0,44.93,43.47,43.71,43.74,43.16,42.91,42.54,42.72,43.26,47.19,45.24,47.39,47.41,48.67,50.13,51.9,51.14,50.94,50.91,51.56,51.42,52.37,51.69,51.98,52.2,51.89,51.84,51.75,52.56,51.63,52.74,52.46,53.11,54.4,55.27,54.99,54.34,54.46,54.23,54.74,55.4,55.14,55.95,55.76,55.3,55.17,55.14,55.34,54.9,55.5,53.27,52.61,53.51,53.38,53.3,54.2,54.84,54.58,53.73,53.91,54.23,54.61,55.25,54.97,55.89,55.67,55.31,55.31,55.17,55.27,54.9,55.47,57.17,56.69,56.8,57.8,56.68,56.77,58.6,57.21,56.66,56.19,56.92,56.93,57.5,57.44,57.75,57.92,57.84,57.45,57.49,59.94,60.02,59.12,59.03,58.6,59.56,59.9,59.54,58.17,57.36,57.29,58.33,58.11,58.04,58.8,58.36,57.67,57.2,57.34,57.86,57.21,58.6],
  "contact_probs": [[1.0,0.98,0.29,0.0,0.0,0.0,0.0,0.0,0.0,0.0,0.0,0.0,0.0,0.0,0.0,0.0,0.0,0.0,0.0,0.0,0.0,0.0,0.0,0.0,0.0,0.0,0.0,0.0,0.0,0.0,0.0,0.0,0.02,0.28,0.96],[0.98,1.0,1.0,0.25,0.0,0.0,0.0,0.0,0.0,0.0,0.0,0.0,0.0,0.0,0.0,0.0,0.0,0.0,0.0,0.0,0.0,0.0,0.0,0.0,0.0,0.0,0.0,0.0,0.0,0.0,0.0,0.02,0.34,0.98,0.91],[0.29,1.0,1.0,1.0,0.32,0.0,0.0,0.0,0.0,0.0,0.0,0.0,0.0,0.0,0.0,0.0,0.0,0.0,0.0,0.0,0.0,0.0,0.0,0.0,0.0,0.0,0.0,0.0,0.0,0.0,0.02,0.5,0.99,0.98,0.71],[0.0,0.25,1.0,1.0,1.0,0.4,0.01,0.01,0.0,0.0,0.0,0.0,0.0,0.0,0.0,0.0,0.0,0.0,0.0,0.0,0.0,0.0,0.0,0.0,0.0,0.0,0.0,0.0,0.01,0.03,0.64,0.98,0.96,0.73,0.01],[0.0,0.0,0.32,1.0,1.0,0.97,0.33,0.04,0.05,0.03,0.01,0.0,0.0,0.0,0.0,0.0,0.0,0.0,0.0,0.0,0.0,0.0,0.0,0.0,0.0,0.0,0.01,0.02,0.09,0.32,0.97,0.85,0.38,0.01,0.0],[0.0,0.0,0.0,0.4,0.97,1.0,0.92,0.23,0.12,0.07,0.03,0.01,0.0,0.0,0.0,0.0,0.01,0.01,0.01,0.01,0.01,0.0,0.0,0.01,0.02,0.03,0.06,0.07,0.15,0.31,0.62,0.25,0.02,0.0,0.0],[0.0,0.0,0.0,0.01,0.33,0.92,1.0,0.73,0.25,0.13,0.05,0.02,0.01,0.01,0.01,0.01,0.05,0.04,0.03,0.03,0.01,0.01,0.01,0.04,0.11,0.15,0.17,0.16,0.15,0.27,0.23,0.05,0.01,0.0,0.0],[0.0,0.0,0.0,0.01,0.04,0.23,0.73,1.0,0.68,0.26,0.08,0.06,0.04,0.04,0.05,0.21,0.15,0.12,0.06,0.05,0.02,0.01,0.02,0.06,0.18,0.27,0.2,0.13,0.14,0.19,0.11,0.04,0.01,0.0,0.0],[0.0,0.0,0.0,0.0,0.05,0.12,0.25,0.68,1.0,0.8,0.23,0.06,0.07,0.11,0.24,0.19,0.1,0.05,0.03,0.02,0.01,0.01,0.01,0.04,0.11,0.16,0.11,0.08,0.21,0.37,0.25,0.05,0.0,0.0,0.0],[0.0,0.0,0.0,0.0,0.03,0.07,0.13,0.26,0.8,1.0,0.9,0.42,0.13,0.19,0.17,0.09,0.04,0.02,0.01,0.01,0.01,0.01,0.02,0.07,0.06,0.05,0.09,0.27,0.58,0.45,0.17,0.01,0.0,0.0,0.0],[0.0,0.0,0.0,0.0,0.01,0.03,0.05,0.08,0.23,0.9,1.0,0.89,0.34,0.14,0.06,0.04,0.06,0.05,0.02,0.02,0.01,0.01,0.04,0.04,0.04,0.05,0.19,0.67,0.53,0.24,0.01,0.0,0.0,0.0,0.0],[0.0,0.0,0.0,0.0,0.0,0.01,0.02,0.06,0.06,0.42,0.89,1.0,0.8,0.36,0.07,0.05,0.09,0.09,0.03,0.01,0.01,0.02,0.04,0.03,0.05,0.12,0.5,0.57,0.3,0.04,0.01,0.0,0.0,0.0,0.0],[0.0,0.0,0.0,0.0,0.0,0.0,0.01,0.04,0.07,0.13,0.34,0.8,1.0,0.85,0.3,0.1,0.12,0.12,0.05,0.02,0.03,0.03,0.05,0.06,0.1,0.22,0.43,0.27,0.05,0.01,0.0,0.0,0.0,0.0,0.0],[0.0,0.0,0.0,0.0,0.0,0.0,0.01,0.04,0.11,0.19,0.14,0.36,0.85,1.0,0.86,0.25,0.13,0.12,0.06,0.04,0.03,0.04,0.06,0.11,0.18,0.29,0.27,0.08,0.02,0.01,0.0,0.0,0.0,0.0,0.0],[0.0,0.0,0.0,0.0,0.0,0.0,0.01,0.05,0.24,0.17,0.06,0.07,0.3,0.86,1.0,0.71,0.22,0.15,0.08,0.05,0.06,0.08,0.13,0.14,0.2,0.21,0.11,0.04,0.01,0.0,0.0,0.0,0.0,0.0,0.0],[0.0,0.0,0.0,0.0,0.0,0.0,0.01,0.21,0.19,0.09,0.04,0.05,0.1,0.25,0.71,1.0,0.6,0.22,0.1,0.05,0.1,0.18,0.17,0.08,0.07,0.13,0.07,0.03,0.01,0.0,0.0,0.0,0.0,0.0,0.0],[0.0,0.0,0.0,0.0,0.0,0.01,0.05,0.15,0.1,0.04,0.06,0.09,0.12,0.13,0.22,0.6,1.0,0.74,0.19,0.04,0.1,0.12,0.11,0.07,0.07,0.17,0.14,0.1,0.03,0.01,0.0,0.0,0.0,0.0,0.0],[0.0,0.0,0.0,0.0,0.0,0.01,0.04,0.12,0.05,0.02,0.05,0.09,0.12,0.12,0.15,0.22,0.74,1.0,0.9,0.23,0.06,0.08,0.13,0.08,0.19,0.59,0.3,0.13,0.02,0.01,0.0,0.0,0.0,0.0,0.0],[0.0,0.0,0.0,0.0,0.0,0.01,0.03,0.06,0.03,0.01,0.02,0.03,0.05,0.06,0.08,0.1,0.19,0.9,1.0,0.92,0.29,0.18,0.14,0.28,0.58,0.47,0.14,0.01,0.01,0.0,0.0,0.0,0.0,0.0,0.0],[0.0,0.0,0.0,0.0,0.0,0.01,0.03,0.05,0.02,0.01,0.02,0.01,0.02,0.04,0.05,0.05,0.04,0.23,0.92,1.0,0.81,0.5,0.24,0.56,0.47,0.3,0.01,0.0,0.0,0.0,0.0,0.0,0.0,0.0,0.0],[0.0,0.0,0.0,0.0,0.0,0.01,0.01,0.02,0.01,0.01,0.01,0.01,0.03,0.03,0.06,0.1,0.1,0.06,0.29,0.81,1.0,0.85,0.28,0.24,0.12,0.03,0.01,0.0,0.0,0.0,0.0,0.0,0.0,0.0,0.0],[0.0,0.0,0.0,0.0,0.0,0.0,0.01,0.01,0.01,0.01,0.01,0.02,0.03,0.04,0.08,0.18,0.12,0.08,0.18,0.5,0.85,1.0,0.81,0.47,0.1,0.02,0.0,0.0,0.0,0.0,0.0,0.0,0.0,0.0,0.0],[0.0,0.0,0.0,0.0,0.0,0.0,0.01,0.02,0.01,0.02,0.04,0.04,0.05,0.06,0.13,0.17,0.11,0.13,0.14,0.24,0.28,0.81,1.0,0.78,0.24,0.04,0.01,0.0,0.0,0.0,0.0,0.0,0.0,0.0,0.0],[0.0,0.0,0.0,0.0,0.0,0.01,0.04,0.06,0.04,0.07,0.04,0.03,0.06,0.11,0.14,0.08,0.07,0.08,0.28,0.56,0.24,0.47,0.78,1.0,0.95,0.31,0.01,0.0,0.0,0.0,0.0,0.0,0.0,0.0,0.0],[0.0,0.0,0.0,0.0,0.0,0.02,0.11,0.18,0.11,0.06,0.04,0.05,0.1,0.18,0.2,0.07,0.07,0.19,0.58,0.47,0.12,0.1,0.24,0.95,1.0,0.92,0.14,0.02,0.01,0.0,0.0,0.0,0.0,0.0,0.0],[0.0,0.0,0.0,0.0,0.0,0.03,0.15,0.27,0.16,0.05,0.05,0.12,0.22,0.29,0.21,0.13,0.17,0.59,0.47,0.3,0.03,0.02,0.04,0.31,0.92,1.0,0.66,0.12,0.02,0.01,0.0,0.0,0.0,0.0,0.0],[0.0,0.0,0.0,0.0,0.01,0.06,0.17,0.2,0.11,0.09,0.19,0.5,0.43,0.27,0.11,0.07,0.14,0.3,0.14,0.01,0.01,0.0,0.01,0.01,0.14,0.66,1.0,0.84,0.34,0.03,0.0,0.0,0.0,0.0,0.0],[0.0,0.0,0.0,0.0,0.02,0.07,0.16,0.13,0.08,0.27,0.67,0.57,0.27,0.08,0.04,0.03,0.1,0.13,0.01,0.0,0.0,0.0,0.0,0.0,0.02,0.12,0.84,1.0,0.95,0.37,0.01,0.0,0.0,0.0,0.0],[0.0,0.0,0.0,0.01,0.09,0.15,0.15,0.14,0.21,0.58,0.53,0.3,0.05,0.02,0.01,0.01,0.03,0.02,0.01,0.0,0.0,0.0,0.0,0.0,0.01,0.02,0.34,0.95,1.0,0.97,0.34,0.0,0.0,0.0,0.0],[0.0,0.0,0.0,0.03,0.32,0.31,0.27,0.19,0.37,0.45,0.24,0.04,0.01,0.01,0.0,0.0,0.01,0.01,0.0,0.0,0.0,0.0,0.0,0.0,0.0,0.01,0.03,0.37,0.97,1.0,0.98,0.27,0.0,0.0,0.0],[0.0,0.0,0.02,0.64,0.97,0.62,0.23,0.11,0.25,0.17,0.01,0.01,0.0,0.0,0.0,0.0,0.0,0.0,0.0,0.0,0.0,0.0,0.0,0.0,0.0,0.0,0.0,0.01,0.34,0.98,1.0,1.0,0.36,0.0,0.0],[0.0,0.02,0.5,0.98,0.85,0.25,0.05,0.04,0.05,0.01,0.0,0.0,0.0,0.0,0.0,0.0,0.0,0.0,0.0,0.0,0.0,0.0,0.0,0.0,0.0,0.0,0.0,0.0,0.0,0.27,1.0,1.0,1.0,0.44,0.0],[0.02,0.34,0.99,0.96,0.38,0.02,0.01,0.01,0.0,0.0,0.0,0.0,0.0,0.0,0.0,0.0,0.0,0.0,0.0,0.0,0.0,0.0,0.0,0.0,0.0,0.0,0.0,0.0,0.0,0.0,0.36,1.0,1.0,1.0,0.29],[0.28,0.98,0.98,0.73,0.01,0.0,0.0,0.0,0.0,0.0,0.0,0.0,0.0,0.0,0.0,0.0,0.0,0.0,0.0,0.0,0.0,0.0,0.0,0.0,0.0,0.0,0.0,0.0,0.0,0.0,0.0,0.44,1.0,1.0,0.99],[0.96,0.91,0.71,0.01,0.0,0.0,0.0,0.0,0.0,0.0,0.0,0.0,0.0,0.0,0.0,0.0,0.0,0.0,0.0,0.0,0.0,0.0,0.0,0.0,0.0,0.0,0.0,0.0,0.0,0.0,0.0,0.0,0.29,0.99,1.0]],
  "pae": [[1.2,4.4,5.4,7.3,9.6,10.0,12.1,14.1,15.3,16.1,18.1,19.1,19.4,19.6,21.3,21.9,23.2,24.7,24.9,26.1,25.6,24.4,22.5,21.1,19.1,16.8,15.8,13.4,11.9,10.1,8.8,8.2,6.9,5.3,7.2],[3.6,1.0,2.6,3.6,5.0,6.3,8.5,10.4,13.0,13.7,15.2,16.3,17.4,17.3,19.2,20.6,21.8,23.0,23.6,24.8,25.7,23.4,21.3,19.1,17.1,15.1,12.8,11.2,9.1,7.7,6.3,5.3,5.7,4.5,4.7],[4.5,2.9,1.0,2.5,4.4,5.2,7.1,9.6,12.7,13.1,14.8,16.2,17.2,17.0,18.8,19.9,20.8,22.6,23.7,24.4,25.1,22.1,20.6,18.1,16.6,15.2,13.0,11.0,9.3,7.4,5.9,5.5,5.2,4.6,4.6],[5.7,3.6,3.2,1.0,2.8,5.2,6.1,8.4,11.9,12.1,13.7,15.1,16.7,17.1,18.4,19.9,20.8,22.2,23.6,24.7,24.5,21.7,19.9,17.3,15.2,14.4,12.3,10.2,7.8,6.6,5.3,4.8,4.6,4.8,6.0],[7.5,5.4,4.3,3.4,1.0,3.7,5.4,7.3,9.8,11.4,13.3,14.9,16.4,16.9,19.2,20.5,22.0,22.0,22.9,23.9,24.8,21.8,19.8,17.1,15.2,14.7,12.3,10.1,7.7,6.4,5.2,5.6,5.7,6.0,7.4],[10.2,8.3,6.7,5.0,4.2,1.0,4.5,6.7,8.5,10.1,12.8,13.9,15.9,16.3,19.2,19.9,20.8,21.3,22.2,23.1,24.3,21.8,20.1,16.2,14.3,14.2,12.2,10.8,7.3,6.4,6.8,7.7,8.3,8.5,10.7],[13.8,10.6,8.5,7.0,6.1,4.2,1.1,5.0,7.7,9.1,12.5,14.5,15.6,16.9,18.4,19.6,20.6,20.7,22.2,23.4,25.0,22.3,20.2,17.0,16.0,15.3,11.8,11.2,8.7,8.4,8.6,11.0,11.2,11.4,12.7],[17.3,14.9,12.7,10.6,8.5,7.1,5.4,1.1,6.8,7.7,11.3,14.4,15.3,16.4,18.2,19.9,21.1,22.1,22.1,24.5,25.6,22.9,20.6,18.2,16.1,15.7,12.3,12.0,11.1,10.0,11.7,14.0,15.7,16.0,17.6],[21.3,19.7,16.6,14.4,13.6,9.6,7.0,6.0,1.2,5.0,7.2,9.3,13.0,14.5,17.7,19.2,20.0,20.6,21.3,24.4,25.4,20.9,19.3,17.1,15.8,14.7,11.9,11.7,11.8,11.3,13.2,16.2,19.4,21.0,22.3],[20.9,20.5,18.0,16.3,15.1,11.1,8.4,6.8,5.6,1.2,5.3,6.5,8.9,11.7,14.7,16.9,18.1,19.1,19.7,22.2,23.6,19.4,16.7,15.2,12.9,12.1,9.4,10.6,11.6,12.2,15.4,17.7,19.5,20.9,22.1],[22.0,22.5,20.1,18.4,16.6,14.0,11.0,8.5,5.8,4.8,1.1,4.0,6.4,8.4,11.8,14.7,15.9,17.5,19.4,20.7,20.6,17.6,15.9,13.7,11.5,10.7,10.0,11.1,11.1,14.7,16.5,19.1,21.0,21.9,23.1],[21.5,21.2,19.0,17.6,15.7,13.4,11.1,10.2,8.0,6.3,4.5,1.2,5.7,7.7,10.0,13.1,14.9,17.8,18.4,20.5,20.5,17.9,16.6,12.8,12.0,11.5,10.5,10.9,12.4,14.5,16.5,18.7,20.5,21.5,22.2],[22.4,22.3,20.3,18.5,16.3,15.2,13.1,12.3,11.6,8.6,6.8,5.4,1.2,6.5,9.0,12.2,13.9,16.6,17.7,18.9,19.3,17.5,15.7,14.0,12.9,11.7,10.2,11.9,13.6,15.7,18.0,19.4,21.4,22.3,23.6],[23.6,23.6,21.8,20.5,19.1,17.6,15.5,15.4,14.4,11.3,10.6,7.1,6.1,1.2,6.1,9.4,11.6,12.6,16.1,16.8,17.5,15.1,14.0,13.7,12.6,11.8,12.0,13.2,15.4,17.5,19.2,21.1,22.9,23.7,24.9],[24.8,25.0,23.4,22.0,21.4,19.6,17.6,17.8,16.5,13.5,12.6,10.0,7.7,6.5,1.3,8.4,10.0,10.6,12.9,15.4,15.9,14.5,13.9,13.4,13.6,13.2,13.3,14.9,17.1,18.6,20.3,22.3,24.2,25.2,25.6],[26.3,26.4,25.3,24.2,23.8,22.5,21.1,21.4,19.0,17.2,16.6,15.1,12.5,9.0,8.7,1.4,8.4,8.8,10.5,13.3,14.2,12.6,13.4,13.5,13.1,14.3,15.3,16.8,19.2,20.9,22.0,24.1,25.2,26.5,27.1],[27.5,27.9,26.7,25.9,25.7,24.5,24.0,23.3,21.1,20.0,19.1,17.7,15.9,12.5,10.0,7.4,1.4,7.2,8.3,10.1,12.0,11.4,13.1,12.7,13.5,14.4,16.4,18.9,21.3,22.6,23.2,25.9,27.0,27.8,28.2],[27.2,27.9,26.6,26.0,25.2,24.3,24.2,23.3,21.5,20.5,20.1,18.1,16.8,14.5,12.2,8.4,6.4,1.2,6.1,8.4,8.5,9.5,10.1,11.6,12.8,14.9,16.6,17.9,21.0,22.6,23.2,25.5,26.8,27.4,27.2],[27.9,28.6,27.8,27.1,26.3,25.1,24.3,23.9,21.8,20.9,19.7,18.6,17.1,15.8,14.2,10.7,9.5,8.3,1.1,6.1,8.4,7.9,9.4,12.4,14.2,14.9,17.0,18.0,21.2,22.8,24.1,26.7,27.8,28.5,28.1],[28.4,29.3,28.1,27.1,27.1,25.9,25.1,24.3,23.4,22.0,20.4,19.8,18.1,16.8,15.8,12.9,10.5,7.6,5.3,1.2,6.2,7.0,9.9,13.5,13.5,15.5,18.5,19.0,21.6,24.0,25.3,27.6,28.4,28.4,28.5],[28.1,28.9,27.6,26.1,25.8,24.7,24.1,23.7,22.0,20.9,21.4,20.9,19.2,18.0,17.1,14.1,13.6,11.4,6.7,5.9,1.3,7.1,9.7,12.8,14.8,15.9,17.8,18.5,20.9,22.5,23.9,26.4,27.8,28.3,28.3],[25.7,27.1,25.5,23.9,23.1,22.6,21.4,20.7,19.7,18.7,19.0,19.1,17.6,15.9,15.7,12.8,12.4,11.4,9.7,6.4,5.7,1.2,6.6,8.2,10.0,11.9,15.9,16.7,18.3,20.5,21.7,24.3,25.8,26.6,26.3],[24.9,25.8,23.9,23.0,23.6,22.4,21.1,20.7,19.7,18.5,18.7,17.4,16.5,15.7,15.6,13.6,12.9,13.7,11.3,11.1,6.9,5.6,1.4,6.9,6.9,10.0,13.6,16.1,18.5,20.3,21.4,24.0,24.9,26.0,25.6],[22.9,21.9,21.7,20.1,19.1,18.5,17.0,17.4,17.1,14.5,14.4,14.2,13.7,13.2,14.4,13.3,14.1,13.2,13.4,14.9,11.9,7.9,7.0,1.2,4.5,6.8,10.0,11.7,13.9,16.3,18.3,20.9,22.7,23.4,22.4],[22.0,20.3,18.9,17.7,17.6,16.5,15.1,15.8,15.2,13.7,14.2,13.8,13.9,14.1,14.3,13.2,13.5,14.3,15.4,16.1,14.4,11.7,7.7,5.5,1.1,5.7,7.9,9.7,11.9,14.4,16.7,19.3,21.7,22.2,21.4],[22.0,20.7,18.8,17.9,16.8,16.3,15.0,16.5,15.0,13.4,13.4,13.3,13.3,13.7,14.3,14.1,14.3,14.8,16.5,17.4,16.4,13.3,10.4,6.8,5.4,1.2,6.4,8.4,11.3,14.4,16.0,18.3,20.7,22.1,21.9],[18.8,16.4,15.7,15.1,13.4,12.9,11.9,11.6,11.7,10.0,10.1,12.4,11.9,12.0,14.5,14.8,15.7,17.3,17.6,19.2,18.8,16.0,12.6,9.4,7.2,6.4,1.3,5.2,8.7,10.4,13.8,14.8,16.5,17.7,19.3],[14.9,13.3,11.6,11.4,9.0,9.9,9.9,10.2,10.3,8.9,10.8,11.1,12.5,12.9,15.5,16.2,17.2,18.4,19.3,20.8,21.1,17.7,15.1,11.7,9.4,7.8,5.5,1.2,4.8,6.9,8.8,11.6,12.4,13.6,15.2],[13.7,10.5,10.6,10.5,8.1,8.6,8.4,9.2,9.9,8.8,10.5,11.5,12.9,13.4,15.7,16.9,17.5,17.7,18.2,21.3,22.5,19.1,15.8,12.9,10.8,8.5,5.8,5.6,1.1,5.2,6.3,9.3,12.1,11.8,12.9],[10.6,7.8,8.5,7.4,7.0,7.0,7.7,9.6,10.6,10.1,11.3,12.7,13.7,14.5,16.9,17.9,19.5,20.6,20.3,22.4,22.9,19.7,17.8,14.6,12.3,10.5,7.4,5.9,5.3,1.1,4.1,6.2,7.5,9.0,9.4],[6.7,5.8,5.5,5.0,5.4,5.8,7.3,9.4,11.0,11.6,13.4,13.2,14.2,15.2,16.9,18.5,19.6,20.6,20.8,22.4,22.6,19.8,18.2,15.3,13.3,11.8,9.2,7.5,5.3,3.9,1.0,3.5,4.3,4.7,5.7],[6.2,5.0,4.7,4.9,4.9,6.5,7.5,9.7,11.3,12.1,13.6,14.3,15.5,15.8,17.6,19.2,20.1,21.4,22.1,23.7,23.3,20.6,18.9,16.3,13.9,12.7,10.6,8.3,5.9,4.6,3.2,1.0,2.9,3.6,4.4],[7.2,4.9,5.1,5.4,5.7,6.4,8.0,10.9,12.7,13.5,15.1,15.5,16.6,17.2,18.7,20.0,21.0,22.6,23.2,24.4,24.1,21.7,20.3,17.7,15.3,13.8,11.6,9.7,7.3,5.6,4.4,3.0,0.9,2.9,4.2],[7.4,5.0,5.2,5.8,6.4,8.0,9.6,12.4,14.0,15.1,16.3,17.7,18.1,18.3,19.9,20.8,21.4,23.4,23.3,24.5,24.3,22.5,21.1,19.1,17.3,15.6,13.5,12.1,9.3,7.2,5.3,4.7,3.6,1.0,3.4],[5.0,5.2,5.5,5.9,6.4,9.0,10.9,14.0,15.2,15.3,16.4,18.3,18.4,18.3,19.6,20.7,21.6,23.4,24.0,24.9,24.5,22.4,21.3,19.3,17.7,16.3,14.3,12.5,10.4,8.7,5.4,5.4,4.2,2.8,1.2]],
  "token_chain_ids": ["A","A","A","A","A","A","A","A","A","A","A","A","A","A","A","A","A","A","A","A","A","A","A","A","A","A","A","A","A","A","A","A","A","A","A"],
  "token_res_ids": [1,2,3,4,5,6,7,8,9,10,11,12,13,14,15,16,17,18,19,20,21,22,23,24,25,26,27,28,29,30,31,32,33,34,35]
}