{
  "atom_chain_ids": ["A","A","A","A","A","A","A","A","A","A","A","A","A","A","A","A","A","A","A","A","A","A","A","A","A","A","A","A","A","A","A","A","A","A","A","A","A","A","A","A","A","A","A","A","A","A","A","A","A","A","A","A","A","A","A","A","A","A","A","A","A","A","A","A","A","A","A","A","A","A","A","A","A","A","A","A","A","A","A","A","A","A","A","A","A","A","A","A","A","A","A","A","A","A","A","A","A","A","A","A","A","A","A","A","A","A","A","A","A","A","A","A","A","A","A","A","A","A","A","A","A","A","A","A","A","A","A","A","A","A","A","A","A","A","A","A","A","A","A","A","A","A","A","A","A","A","A","A","A","A","A","A","A","A","A","A","A","A","A","A","A","A","A","A","A","A","A","A","A","A","A","A","A","A","A","A","A","A","A","A","A","A","A","A","A","A","A","A","A","A","A","A","A","A","A","A","A","A","A","A","A","A","A","A","A","A","A","A","A","A","A","A","A","A","A","A","A","A","A","A","A","A","A","A","A","A","A","A","A","A","A","A","A","A","A","A","A","A","A","A","A","A","A","A","A","A","A","A","A","A","A","A","A","A","A","A","A","A","A","A","A","A","A","A","A","A","A","A","A","A","A","A","A","A","A","A","A","A","A","A","A","A","A","A","A","A","A","A","A","A","A","A","A","A","A","A","A","A","A","A","A","A","A","A","A","A","A","A","A","A","A","A","A","A","A","A","A","A","A","A","A","A","A","A","A","A","A","A","A","A","A","A","A","A","A","A","A","A","A","A","A","A","A","A","A","A","A","A","A","A","A","A","A","A","A","A","A","A","A","A","A","A","A","A","A","A","A","A","A","A","A","A","A","A","A","A","A","A","A","A","A","A","A","A","A","A","A","A","A","A","A","A","A","A","A","A","A","A","A","A","A","A","A","A","A","A","A","A","A","A","A","A","A","A","A","A","A","A","A","A","A","A","A","A","A","A","A","A","A","A","A","A","A","A","A","A","A","A","A","A","A","A","A","A","A","A","A","A","A","A","A","A","A","A","A","A","A","A","A","A","A","A","A","A","A","A","A","A","A","A","A","A","A","A","A","A","A","A","A","A","A","A","A","A","A","A","A","A","A","A","A","A","A","A","A","A","A","A","A","A","A","A","A","A","A","A","A","A","A","A","A","A","A","A","A","A","A","A","A","A","A","A","A","A","A","A","A","A","A","A","A","A","A","A","A","A","A","A","A","A","A","A","A","A","A","A","A","A","A","A","A","A","A","A","A","A","A","A","A","A","A","A","A","A","A","A","A","A","A","A","A","A","A","A","A","A","A","A","A","A","A","A","A","A","A","A","A","A","A","A","A","A","A","A","A","A","A","A","A","A","A","A","A","A","A","A","A","A","A","A","A","A","A","A","A","A","A","A","A","A","A","A","A","A","A","A","A","A","A","A","A","A","A","A","A","A","A","A","A","A","A","A","A","A","A","A","A","A","A","A","A","A","A","A","A","A","A","A","A","A","A","A","A","A","A","A","A","A","A","A","A","A","A","A","A","A","A","A","A","A","A","A","A","A","A","A","A","A","A","A","A","A","A","A","A","A","A","A","A","A","A","A","A","A","A","A","A","A","A","A","A","A","A","A","A","A","A","A","A","A","A","A","A","A"],
  "atom_plddts": [51.42,51.36,45.77,46.1,52.5,53.38,56.35,58.34,57.78,57.09,56.1,58.14,57.56,57.38,57.14,57.18,56.86,56.46,55.54,56.39,45.21,42.53,43.92,45.59,46.71,48.74,49.21,50.36,49.4,49.59,49.49,49.9,50.6,49.43,50.62,50.27,49.82,49.74,49.44,49.59,49.51,50.3,47.69,46.72,48.67,48.21,48.41,48.96,50.38,49.94,49.86,49.88,50.02,50.07,50.88,50.49,50.74,50.93,50.85,50.69,50.6,45.85,45.06,47.19,46.05,46.36,47.17,48.09,47.88,47.56,47.82,47.8,48.11,48.84,48.45,48.64,48.77,48.65,48.41,48.45,43.99,43.22,44.8,44.02,44.86,46.4,46.73,46.8,45.93,46.36,45.98,46.9,47.57,46.79,47.51,47.47,47.08,47.01,46.74,46.63,46.23,47.22,40.45,39.07,39.72,40.55,41.6,43.48,43.58,43.87,43.33,43.19,41.99,43.92,43.53,41.71,41.9,42.06,41.41,40.9,40.65,41.02,39.97,42.18,37.74,35.82,35.81,37.45,38.02,39.89,39.73,40.91,39.97,39.83,38.26,40.55,39.74,37.35,37.21,37.45,36.57,36.01,35.91,36.51,35.72,38.08,31.59,30.08,29.57,31.0,30.93,32.47,32.4,34.66,33.49,34.09,32.53,34.58,33.83,31.45,30.87,31.54,30.78,30.34,30.24,30.48,30.26,32.0,30.76,28.8,28.61,30.1,29.56,30.73,31.11,34.95,33.81,35.26,33.84,35.29,35.08,32.45,32.14,32.79,32.45,31.86,31.91,32.57,34.47,32.12,32.46,34.07,33.7,35.05,35.38,37.43,36.78,37.38,37.22,38.13,38.76,37.4,37.69,38.16,38.04,37.74,37.51,34.05,32.2,31.77,33.93,33.54,35.14,35.04,36.89,35.91,36.58,36.4,37.3,37.52,36.23,36.6,37.03,36.65,36.56,35.99,36.02,35.74,37.05,33.59,31.8,31.75,33.46,33.08,33.47,33.24,35.96,34.75,35.0,34.43,35.07,34.63,33.47,33.04,33.2,32.5,32.38,32.25,32.52,32.98,32.6,30.27,30.11,32.85,32.42,32.53,32.61,35.76,34.73,34.38,33.3,34.52,33.64,31.83,31.06,31.26,30.22,29.97,30.22,30.74,31.26,31.65,29.41,29.18,31.8,31.61,32.7,33.3,35.06,34.25,34.33,33.8,34.96,35.27,33.57,33.43,33.84,33.29,33.23,33.05,33.01,32.87,34.22,30.18,28.47,28.59,29.94,29.76,30.42,30.9,33.43,32.1,31.97,30.82,32.01,31.65,30.18,29.48,29.71,28.95,28.87,29.0,29.3,29.81,30.33,28.41,28.32,30.02,29.99,31.06,31.08,33.3,32.23,32.4,31.0,32.07,31.68,29.66,29.0,29.38,28.92,28.7,29.39,28.87,27.35,26.93,28.46,27.89,28.21,28.26,30.84,29.55,30.45,28.53,29.75,28.79,27.01,26.19,26.55,25.89,25.68,26.33,27.13,27.84,26.17,26.14,27.89,27.54,28.53,28.93,31.13,30.71,31.18,30.7,31.12,31.38,30.03,29.76,30.43,30.04,30.03,29.59,29.31,29.3,30.59,29.17,27.63,28.34,28.71,28.24,29.51,29.94,32.2,31.75,32.11,31.82,32.21,32.8,31.62,31.62,31.79,31.87,31.93,32.04,28.6,27.09,27.31,28.47,28.08,28.75,28.67,30.99,30.54,31.08,30.9,30.77,31.0,29.72,29.55,29.71,29.72,29.68,29.99,29.24,27.54,27.24,29.5,28.95,28.98,28.53,31.96,30.83,30.94,29.9,30.51,29.64,27.82,26.9,27.01,26.01,25.99,26.21,26.82,27.44,31.53,29.53,28.74,31.65,31.04,32.23,32.11,35.06,33.86,33.99,33.1,34.05,33.52,31.44,30.81,31.31,30.58,30.44,30.33,30.65,30.07,32.26,34.12,31.76,30.81,33.68,33.41,34.83,34.5,37.48,36.36,36.3,34.96,35.72,35.11,32.81,32.16,32.44,31.95,31.5,32.15,30.99,28.97,29.2,31.39,31.29,32.65,33.1,34.86,34.41,34.72,34.27,35.32,35.79,34.15,34.09,34.44,34.04,33.93,33.72,33.54,33.51,34.52,31.01,29.35,30.07,31.07,30.86,31.78,32.53,34.37,33.76,34.33,33.82,35.02,35.4,33.93,33.83,34.25,33.92,33.7,33.48,33.28,33.28,34.19,33.06,31.07,31.33,32.34,32.44,34.04,33.98,36.39,35.51,35.81,34.36,35.71,35.5,33.21,32.65,33.14,32.7,32.18,32.6,33.12,31.33,31.64,32.81,32.97,34.67,35.03,37.36,36.21,37.51,35.57,37.5,37.62,35.07,34.74,35.21,34.82,34.34,34.34,34.84,36.8,34.56,35.28,36.6,36.95,38.85,39.3,40.54,39.96,40.39,39.98,40.8,41.56,39.86,40.1,40.26,40.04,39.85,39.7,36.62,34.64,34.86,36.66,36.8,38.77,39.23,40.24,39.5,39.85,39.0,40.69,40.8,38.97,39.28,39.73,39.25,38.94,38.42,38.64,38.37,39.55,41.95,40.06,41.38,42.24,42.71,44.31,44.97,45.83,45.28,44.78,44.18,45.64,45.55,43.95,44.29,44.27,43.63,43.41,43.0,43.21,43.84,46.88,45.03,47.15,47.02,48.28,49.82,51.73,50.99,50.73,50.75,51.44,51.17,52.23,51.46,51.76,51.98,51.69,51.7,51.58,51.5,50.51,51.75,51.47,52.1,53.33,54.09,53.93,53.22,53.4,53.18,53.73,54.41,54.15,55.02,54.8,54.34,54.28,54.21,54.38,53.96,54.53,51.85,51.33,52.41,51.96,51.81,52.77,53.24,53.19,52.3,52.56,52.73,53.2,53.86,53.58,54.5,54.27,53.93,53.96,53.78,53.84,53.44,54.02,56.05,55.69,55.98,56.65,55.7,55.87,57.58,56.34,55.78,55.38,56.07,56.04,56.65,56.52,56.85,57.0,56.92,56.57,56.57,58.76,59.01,58.19,57.94,57.56,58.47,58.85,58.49,57.17,56.37,56.31,57.35,57.16,57.03,57.81,57.38,56.74,56.29,56.39,56.91,56.27,57.62],
  "contact_probs": [[1.0,0.98,0.29,0.0,0.0,0.0,0.0,0.0,0.0,0.0,0.0,0.0,0.0,0.0,0.0,0.0,0.0,0.0,0.0,0.0,0.0,0.0,0.0,0.0,0.0,0.0,0.0,0.0,0.0,0.0,0.0,0.0,0.02,0.28,0.96],[0.98,1.0,1.0,0.25,0.0,0.0,0.0,0.0,0.0,0.0,0.0,0.0,0.0,0.0,0.0,0.0,0.0,0.0,0.0,0.0,0.0,0.0,0.0,0.0,0.0,0.0,0.0,0.0,0.0,0.0,0.0,0.02,0.34,0.98,0.91],[0.29,1.0,1.0,1.0,0.32,0.0,0.0,0.0,0.0,0.0,0.0,0.0,0.0,0.0,0.0,0.0,0.0,0.0,0.0,0.0,0.0,0.0,0.0,0.0,0.0,0.0,0.0,0.0,0.0,0.0,0.02,0.5,0.99,0.98,0.71],[0.0,0.25,1.0,1.0,1.0,0.4,0.01,0.01,0.0,0.0,0.0,0.0,0.0,0.0,0.0,0.0,0.0,0.0,0.0,0.0,0.0,0.0,0.0,0.0,0.0,0.0,0.0,0.0,0.01,0.03,0.64,0.98,0.96,0.73,0.01],[0.0,0.0,0.32,1.0,1.0,0.97,0.33,0.04,0.05,0.03,0.01,0.0,0.0,0.0,0.0,0.0,0.0,0.0,0.0,0.0,0.0,0.0,0.0,0.0,0.0,0.0,0.01,0.02,0.09,0.32,0.97,0.85,0.38,0.01,0.0],[0.0,0.0,0.0,0.4,0.97,1.0,0.92,0.23,0.12,0.07,0.03,0.01,0.0,0.0,0.0,0.0,0.01,0.01,0.01,0.01,0.01,0.0,0.0,0.01,0.02,0.03,0.06,0.07,0.15,0.31,0.62,0.25,0.02,0.0,0.0],[0.0,0.0,0.0,0.01,0.33,0.92,1.0,0.73,0.25,0.13,0.05,0.02,0.01,0.01,0.01,0.01,0.05,0.04,0.03,0.03,0.01,0.01,0.01,0.04,0.11,0.15,0.17,0.16,0.15,0.27,0.23,0.05,0.01,0.0,0.0],[0.0,0.0,0.0,0.01,0.04,0.23,0.73,1.0,0.68,0.26,0.08,0.06,0.04,0.04,0.05,0.21,0.15,0.12,0.06,0.05,0.02,0.01,0.02,0.06,0.18,0.27,0.2,0.13,0.14,0.19,0.11,0.04,0.01,0.0,0.0],[0.0,0.0,0.0,0.0,0.05,0.12,0.25,0.68,1.0,0.8,0.23,0.06,0.07,0.11,0.24,0.19,0.1,0.05,0.03,0.02,0.01,0.01,0.01,0.04,0.11,0.16,0.11,0.08,0.21,0.37,0.25,0.05,0.0,0.0,0.0],[0.0,0.0,0.0,0.0,0.03,0.07,0.13,0.26,0.8,1.0,0.9,0.42,0.13,0.19,0.17,0.09,0.04,0.02,0.01,0.01,0.01,0.01,0.02,0.07,0.06,0.05,0.09,0.27,0.58,0.45,0.17,0.01,0.0,0.0,0.0],[0.0,0.0,0.0,0.0,0.01,0.03,0.05,0.08,0.23,0.9,1.0,0.89,0.34,0.14,0.06,0.04,0.06,0.05,0.02,0.02,0.01,0.01,0.04,0.04,0.04,0.05,0.19,0.67,0.53,0.24,0.01,0.0,0.0,0.0,0.0],[0.0,0.0,0.0,0.0,0.0,0.01,0.02,0.06,0.06,0.42,0.89,1.0,0.8,0.36,0.07,0.05,0.09,0.09,0.03,0.01,0.01,0.02,0.04,0.03,0.05,0.12,0.5,0.57,0.3,0.04,0.01,0.0,0.0,0.0,0.0],[0.0,0.0,0.0,0.0,0.0,0.0,0.01,0.04,0.07,0.13,0.34,0.8,1.0,0.85,0.3,0.1,0.12,0.12,0.05,0.02,0.03,0.03,0.05,0.06,0.1,0.22,0.43,0.27,0.05,0.01,0.0,0.0,0.0,0.0,0.0],[0.0,0.0,0.0,0.0,0.0,0.0,0.01,0.04,0.11,0.19,0.14,0.36,0.85,1.0,0.86,0.25,0.13,0.12,0.06,0.04,0.03,0.04,0.06,0.11,0.18,0.29,0.27,0.08,0.02,0.01,0.0,0.0,0.0,0.0,0.0],[0.0,0.0,0.0,0.0,0.0,0.0,0.01,0.05,0.24,0.17,0.06,0.07,0.3,0.86,1.0,0.71,0.22,0.15,0.08,0.05,0.06,0.08,0.13,0.14,0.2,0.21,0.11,0.04,0.01,0.0,0.0,0.0,0.0,0.0,0.0],[0.0,0.0,0.0,0.0,0.0,0.0,0.01,0.21,0.19,0.09,0.04,0.05,0.1,0.25,0.71,1.0,0.6,0.22,0.1,0.05,0.1,0.18,0.17,0.08,0.07,0.13,0.07,0.03,0.01,0.0,0.0,0.0,0.0,0.0,0.0],[0.0,0.0,0.0,0.0,0.0,0.01,0.05,0.15,0.1,0.04,0.06,0.09,0.12,0.13,0.22,0.6,1.0,0.74,0.19,0.04,0.1,0.12,0.11,0.07,0.07,0.17,0.14,0.1,0.03,0.01,0.0,0.0,0.0,0.0,0.0],[0.0,0.0,0.0,0.0,0.0,0.01,0.04,0.12,0.05,0.02,0.05,0.09,0.12,0.12,0.15,0.22,0.74,1.0,0.9,0.23,0.06,0.08,0.13,0.08,0.19,0.59,0.3,0.13,0.02,0.01,0.0,0.0,0.0,0.0,0.0],[0.0,0.0,0.0,0.0,0.0,0.01,0.03,0.06,0.03,0.01,0.02,0.03,0.05,0.06,0.08,0.1,0.19,0.9,1.0,0.92,0.29,0.18,0.14,0.28,0.58,0.47,0.14,0.01,0.01,0.0,0.0,0.0,0.0,0.0,0.0],[0.0,0.0,0.0,0.0,0.0,0.01,0.03,0.05,0.02,0.01,0.02,0.01,0.02,0.04,0.05,0.05,0.04,0.23,0.92,1.0,0.81,0.5,0.24,0.56,0.47,0.3,0.01,0.0,0.0,0.0,0.0,0.0,0.0,0.0,0.0],[0.0,0.0,0.0,0.0,0.0,0.01,0.01,0.02,0.01,0.01,0.01,0.01,0.03,0.03,0.06,0.1,0.1,0.06,0.29,0.81,1.0,0.85,0.28,0.24,0.12,0.03,0.01,0.0,0.0,0.0,0.0,0.0,0.0,0.0,0.0],[0.0,0.0,0.0,0.0,0.0,0.0,0.01,0.01,0.01,0.01,0.01,0.02,0.03,0.04,0.08,0.18,0.12,0.08,0.18,0.5,0.85,1.0,0.81,0.47,0.1,0.02,0.0,0.0,0.0,0.0,0.0,0.0,0.0,0.0,0.0],[0.0,0.0,0.0,0.0,0.0,0.0,0.01,0.02,0.01,0.02,0.04,0.04,0.05,0.06,0.13,0.17,0.11,0.13,0.14,0.24,0.28,0.81,1.0,0.78,0.24,0.04,0.01,0.0,0.0,0.0,0.0,0.0,0.0,0.0,0.0],[0.0,0.0,0.0,0.0,0.0,0.01,0.04,0.06,0.04,0.07,0.04,0.03,0.06,0.11,0.14,0.08,0.07,0.08,0.28,0.56,0.24,0.47,0.78,1.0,0.95,0.31,0.01,0.0,0.0,0.0,0.0,0.0,0.0,0.0,0.0],[0.0,0.0,0.0,0.0,0.0,0.02,0.11,0.18,0.11,0.06,0.04,0.05,0.1,0.18,0.2,0.07,0.07,0.19,0.58,0.47,0.12,0.1,0.24,0.95,1.0,0.92,0.14,0.02,0.01,0.0,0.0,0.0,0.0,0.0,0.0],[0.0,0.0,0.0,0.0,0.0,0.03,0.15,0.27,0.16,0.05,0.05,0.12,0.22,0.29,0.21,0.13,0.17,0.59,0.47,0.3,0.03,0.02,0.04,0.31,0.92,1.0,0.66,0.12,0.02,0.01,0.0,0.0,0.0,0.0,0.0],[0.0,0.0,0.0,0.0,0.01,0.06,0.17,0.2,0.11,0.09,0.19,0.5,0.43,0.27,0.11,0.07,0.14,0.3,0.14,0.01,0.01,0.0,0.01,0.01,0.14,0.66,1.0,0.84,0.34,0.03,0.0,0.0,0.0,0.0,0.0],[0.0,0.0,0.0,0.0,0.02,0.07,0.16,0.13,0.08,0.27,0.67,0.57,0.27,0.08,0.04,0.03,0.1,0.13,0.01,0.0,0.0,0.0,0.0,0.0,0.02,0.12,0.84,1.0,0.95,0.37,0.01,0.0,0.0,0.0,0.0],[0.0,0.0,0.0,0.01,0.09,0.15,0.15,0.14,0.21,0.58,0.53,0.3,0.05,0.02,0.01,0.01,0.03,0.02,0.01,0.0,0.0,0.0,0.0,0.0,0.01,0.02,0.34,0.95,1.0,0.97,0.34,0.0,0.0,0.0,0.0],[0.0,0.0,0.0,0.03,0.32,0.31,0.27,0.19,0.37,0.45,0.24,0.04,0.01,0.01,0.0,0.0,0.01,0.01,0.0,0.0,0.0,0.0,0.0,0.0,0.0,0.01,0.03,0.37,0.97,1.0,0.98,0.27,0.0,0.0,0.0],[0.0,0.0,0.02,0.64,0.97,0.62,0.23,0.11,0.25,0.17,0.01,0.01,0.0,0.0,0.0,0.0,0.0,0.0,0.0,0.0,0.0,0.0,0.0,0.0,0.0,0.0,0.0,0.01,0.34,0.98,1.0,1.0,0.36,0.0,0.0],[0.0,0.02,0.5,0.98,0.85,0.25,0.05,0.04,0.05,0.01,0.0,0.0,0.0,0.0,0.0,0.0,0.0,0.0,0.0,0.0,0.0,0.0,0.0,0.0,0.0,0.0,0.0,0.0,0.0,0.27,1.0,1.0,1.0,0.44,0.0],[0.02,0.34,0.99,0.96,0.38,0.02,0.01,0.01,0.0,0.0,0.0,0.0,0.0,0.0,0.0,0.0,0.0,0.0,0.0,0.0,0.0,0.0,0.0,0.0,0.0,0.0,0.0,0.0,0.0,0.0,0.36,1.0,1.0,1.0,0.29],[0.28,0.98,0.98,0.73,0.01,0.0,0.0,0.0,0.0,0.0,0.0,0.0,0.0,0.0,0.0,0.0,0.0,0.0,0.0,0.0,0.0,0.0,0.0,0.0,0.0,0.0,0.0,0.0,0.0,0.0,0.0,0.44,1.0,1.0,0.99],[0.96,0.91,0.71,0.01,0.0,0.0,0.0,0.0,0.0,0.0,0.0,0.0,0.0,0.0,0.0,0.0,0.0,0.0,0.0,0.0,0.0,0.0,0.0,0.0,0.0,0.0,0.0,0.0,0.0,0.0,0.0,0.0,0.29,0.99,1.0]],
  "pae": [[1.2,4.3,5.6,8.0,10.3,10.7,12.5,14.1,14.9,15.5,18.1,19.2,19.8,19.9,21.6,22.4,23.9,25.5,26.1,27.1,26.2,25.6,23.8,21.9,19.6,17.4,16.1,14.3,13.4,10.9,9.7,8.8,7.6,5.8,7.4],[4.2,1.0,2.9,4.0,5.4,7.0,9.1,10.5,12.6,12.6,14.5,17.1,17.9,18.0,20.3,21.6,22.9,24.8,25.5,25.9,26.6,25.3,23.5,21.0,17.6,14.9,12.9,12.0,10.5,8.5,7.4,6.4,6.3,4.9,5.0],[5.0,3.1,1.0,2.8,4.5,5.5,7.4,9.4,12.0,12.4,14.3,16.3,17.4,17.1,19.1,20.5,21.8,24.0,25.2,25.3,25.6,23.9,22.4,19.4,16.6,15.1,13.4,11.8,10.3,7.9,6.6,6.0,5.5,5.1,4.9],[6.5,3.8,3.5,1.0,3.1,5.1,6.2,8.5,10.9,11.5,13.5,15.3,17.0,17.0,18.5,20.7,21.9,23.7,25.4,25.7,25.1,23.4,21.4,18.8,15.4,14.1,12.9,10.6,9.0,6.9,5.9,5.1,5.0,5.5,6.5],[7.8,5.7,4.2,3.4,1.0,4.0,5.7,7.1,9.0,10.4,12.7,15.1,16.3,16.8,18.7,20.2,22.2,22.7,24.5,25.3,25.3,23.0,21.3,18.3,15.0,14.5,13.0,10.5,8.9,6.7,5.6,5.7,6.4,7.0,7.8],[10.3,8.1,6.8,5.1,4.1,1.1,4.7,6.6,8.0,9.1,12.1,13.6,15.1,15.9,18.5,20.0,21.6,22.4,23.3,24.4,24.7,22.9,21.0,17.2,14.7,14.2,12.1,10.4,7.7,6.5,6.6,6.7,9.0,9.3,10.4],[13.6,10.5,8.5,7.6,5.9,4.1,1.1,5.2,7.6,8.6,11.7,13.7,14.9,16.0,17.7,19.3,20.4,21.5,22.9,24.1,24.7,22.5,20.3,16.9,15.5,14.7,11.3,10.3,8.5,8.0,8.2,10.2,10.7,11.8,12.5],[17.6,15.6,12.1,11.4,9.1,8.0,5.6,1.2,6.9,7.4,10.2,13.4,14.7,15.3,17.2,19.4,21.3,22.8,23.0,24.5,25.0,22.4,19.8,17.5,15.5,14.6,12.3,11.9,11.4,10.9,10.8,15.8,16.4,16.6,17.3],[21.3,19.5,17.6,15.4,13.3,10.4,7.4,6.2,1.2,4.7,6.9,8.9,12.4,14.3,16.7,18.7,19.9,20.9,21.5,24.6,24.4,20.7,19.3,16.6,15.9,14.3,12.2,11.9,11.4,12.0,13.3,16.6,19.1,20.6,22.4],[20.6,20.4,18.6,16.3,14.6,10.6,7.9,6.6,5.2,1.2,4.4,6.1,8.9,11.6,14.1,16.7,18.5,19.3,20.4,22.4,23.1,19.4,16.7,15.2,12.9,11.5,9.4,10.7,11.4,12.4,14.1,17.2,20.1,19.8,21.4],[21.7,22.7,20.6,19.0,15.2,13.2,10.1,7.7,5.7,4.5,1.1,3.7,6.2,7.8,11.2,14.3,16.1,18.4,19.7,20.7,20.2,17.4,15.8,12.7,11.8,10.2,9.9,10.3,11.1,13.5,15.2,18.5,20.6,21.4,22.8],[21.3,21.7,19.4,17.6,15.3,13.7,10.9,9.2,7.6,5.7,4.2,1.1,5.4,7.6,9.4,12.6,15.2,18.0,19.0,20.4,19.9,17.7,16.8,13.1,12.2,11.1,10.8,10.4,11.3,14.0,15.2,18.6,20.1,20.7,22.1],[22.6,22.7,20.9,19.0,16.6,15.3,12.8,11.9,11.3,8.6,6.3,4.9,1.2,6.2,8.3,11.2,13.5,17.0,17.6,18.8,18.9,16.7,15.7,13.9,13.5,11.9,11.3,12.8,13.7,15.5,17.0,19.4,20.9,22.2,23.9],[23.3,23.7,22.2,20.8,19.0,17.2,14.8,13.9,13.7,10.7,9.7,6.5,5.8,1.2,5.7,9.4,11.7,13.5,17.2,17.7,17.8,15.6,14.4,13.9,13.3,12.3,13.2,13.0,15.3,16.6,17.8,20.8,22.1,23.3,24.7],[24.5,25.3,23.9,22.4,20.7,19.2,16.8,16.4,15.4,12.9,11.5,8.6,7.7,6.5,1.2,7.8,10.0,11.9,13.7,16.5,16.6,14.8,13.9,13.4,13.5,12.9,13.5,14.6,15.5,17.3,19.2,21.8,23.5,24.8,25.4],[26.3,27.1,26.0,25.0,23.8,23.1,21.0,20.5,19.1,17.0,16.0,14.5,11.6,9.5,8.6,1.4,8.6,9.0,10.6,13.3,13.5,11.8,12.8,12.8,13.6,14.4,16.2,17.0,18.6,20.8,21.7,24.1,25.3,26.7,27.3],[27.6,28.6,27.4,26.9,25.5,25.2,24.0,22.4,21.4,20.1,19.3,17.4,15.4,13.4,9.9,7.3,1.4,7.2,8.5,9.6,11.3,11.1,11.9,12.6,13.7,14.8,17.2,19.3,21.3,22.0,23.0,26.0,27.3,28.2,28.2],[27.3,28.7,27.5,26.9,25.4,25.1,24.2,22.5,22.0,20.6,20.3,18.9,17.1,15.5,13.1,8.4,6.9,1.2,5.3,7.6,8.0,8.9,9.3,11.0,13.4,15.5,16.9,19.1,21.9,23.1,23.5,26.0,27.2,27.9,27.5],[27.9,29.2,28.3,27.8,26.7,25.6,24.4,23.5,22.4,20.7,20.2,18.9,17.5,16.4,15.0,10.9,8.5,7.1,1.1,5.2,8.1,7.9,9.5,13.4,15.3,15.3,17.8,19.3,21.5,23.7,24.7,27.0,28.3,28.8,28.1],[28.3,29.8,28.7,27.9,27.1,26.2,25.0,24.0,23.5,22.0,21.0,19.9,18.3,17.4,16.1,12.9,9.9,6.6,4.7,1.2,5.5,7.0,9.3,13.5,13.8,15.7,18.0,20.2,22.1,24.7,25.6,27.4,28.6,28.7,28.6],[27.9,29.2,27.9,27.2,25.5,24.9,23.7,23.1,22.2,20.8,21.3,20.6,19.3,18.2,17.0,13.6,12.2,10.4,6.8,5.6,1.3,6.2,8.9,11.8,14.3,16.1,18.0,19.0,21.1,22.5,24.0,26.6,27.9,28.4,28.3],[26.0,27.9,26.4,25.3,24.0,23.5,21.6,20.6,19.8,18.5,19.1,19.2,17.4,16.4,16.0,12.6,12.2,10.8,9.9,6.0,5.3,1.2,6.7,8.4,10.5,12.2,16.3,17.5,19.4,21.3,22.6,25.1,26.4,27.2,26.6],[25.6,27.4,25.5,25.4,24.6,23.9,21.9,21.0,20.3,18.5,18.9,18.0,16.5,16.4,16.1,12.8,12.5,13.6,11.4,10.8,7.1,5.4,1.4,6.5,6.9,10.0,14.3,17.1,19.5,21.1,22.6,24.8,25.7,26.8,26.4],[23.7,24.7,24.4,22.5,20.3,19.5,17.7,17.4,17.1,14.8,14.9,14.8,14.1,14.2,14.7,13.0,14.0,14.0,14.3,15.7,12.0,8.0,6.3,1.2,5.1,7.8,10.9,13.3,15.1,17.0,19.3,21.5,23.6,24.8,23.7],[22.0,21.9,20.7,18.0,17.3,16.8,15.3,15.7,14.7,13.4,13.6,13.6,13.6,14.5,14.9,13.2,14.0,15.3,16.3,17.1,14.3,11.9,7.8,5.6,1.1,5.7,8.5,10.4,12.8,14.9,17.1,19.3,21.7,22.7,22.0],[21.8,21.8,19.4,17.6,16.8,15.2,13.5,14.5,14.2,13.1,12.9,13.1,13.3,14.3,14.8,14.4,15.0,16.3,17.5,18.9,16.5,13.4,10.2,6.6,5.3,1.2,6.0,8.2,11.6,14.4,15.6,17.9,20.8,22.0,22.2],[20.1,18.4,16.2,15.2,13.7,12.6,11.1,11.0,11.6,10.0,10.1,12.0,11.9,13.1,15.1,15.5,16.7,18.5,19.1,20.3,19.4,16.5,13.2,9.7,7.5,5.9,1.3,5.4,9.1,11.2,14.1,15.3,17.6,18.9,20.4],[16.0,13.5,12.1,12.0,10.2,10.1,9.6,9.6,10.0,8.2,9.7,10.7,11.9,13.0,15.2,16.5,17.6,18.9,20.1,21.4,21.0,18.6,15.3,12.5,9.1,7.3,5.8,1.2,5.1,7.6,8.9,11.3,12.1,14.6,15.7],[14.8,11.4,10.6,10.7,8.6,8.3,8.0,8.8,9.0,7.5,9.7,10.8,12.4,12.9,15.1,16.6,18.2,18.4,19.0,21.2,22.3,19.5,16.6,13.5,10.2,8.2,5.8,5.4,1.1,5.4,5.8,8.8,11.4,11.9,13.2],[10.3,8.3,8.2,7.2,7.1,6.9,7.4,9.0,10.0,9.0,10.4,11.5,12.8,14.0,16.3,18.2,19.7,20.8,21.2,23.1,22.8,20.6,18.2,15.1,12.1,10.4,7.6,5.7,4.8,1.1,4.1,5.9,6.9,8.6,8.8],[7.7,6.1,5.8,5.2,5.3,5.8,7.3,9.0,10.4,10.4,12.2,12.6,13.7,15.0,16.8,18.5,20.3,21.1,22.6,23.7,23.4,21.9,19.3,16.6,13.8,12.1,9.1,6.7,5.1,3.8,1.0,3.5,4.1,4.9,6.0],[6.5,5.2,4.8,5.1,4.9,6.3,7.3,9.3,11.3,11.1,12.4,13.9,14.8,15.6,17.5,19.5,21.0,22.0,23.5,25.2,24.0,22.4,20.1,17.9,14.6,13.3,10.9,8.4,6.0,4.5,3.3,1.0,3.0,3.9,4.7],[7.3,5.6,5.6,5.5,6.3,6.3,7.9,10.4,11.8,12.0,13.6,15.0,16.2,16.9,18.6,20.3,21.8,22.9,24.3,25.6,24.5,23.1,21.2,18.6,15.7,14.1,12.0,9.6,7.4,5.4,4.5,3.2,1.0,3.4,4.5],[6.8,4.8,5.4,6.1,6.8,8.2,9.5,11.4,13.2,14.0,15.4,17.5,17.7,18.2,19.6,20.8,22.0,24.2,24.2,25.2,24.9,23.6,21.7,20.2,18.0,15.8,13.8,12.1,9.6,6.9,5.4,4.9,3.6,1.0,3.5],[4.7,5.3,5.6,6.0,7.0,9.2,11.1,13.2,14.3,14.6,16.0,18.0,18.6,18.6,20.1,21.2,22.7,24.3,24.9,26.1,25.6,24.0,22.2,20.3,18.4,17.1,15.1,12.8,11.5,8.5,5.9,5.7,4.4,3.0,1.2]],
  "token_chain_ids": ["A","A","A","A","A","A","A","A","A","A","A","A","A","A","A","A","A","A","A","A","A","A","A","A","A","A","A","A","A","A","A","A","A","A","A"],
  "token_res_ids": [1,2,3,4,5,6,7,8,9,10,11,12,13,14,15,16,17,18,19,20,21,22,23,24,25,26,27,28,29,30,31,32,33,34,35]
}