{
  "atom_chain_ids": ["A","A","A","A","A","A","A","A","A","A","A","A","A","A","A","A","A","A","A","A","A","A","A","A","A","A","A","A","A","A","A","A","A","A","A","A","A","A","A","A","A","A","A","A","A","A","A","A","A","A","A","A","A","A","A","A","A","A","A","A","A","A","A","A","A","A","A","A","A","A","A","A","A","A","A","A","A","A","A","A","A","A","A","A","A","A","A","A","A","A","A","A","A","A","A","A","A","A","A","A","A","A","A","A","A","A","A","A","A","A","A","A","A","A","A","A","A","A","A","A","A","A","A","A","A","A","A","A","A","A","A","A","A","A","A","A","A","A","A","A","A","A","A","A","A","A","A","A","A","A","A","A","A","A","A","A","A","A","A","A","A","A","A","A","A","A","A","A","A","A","A","A","A","A","A","A","A","A","A","A","A","A","A","A","A","A","A","A","A","A","A","A","A","A","A","A","A","A","A","A","A","A","A","A","A","A","A","A","A","A","A","A","A","A","A","A","A","A","A","A","A","A","A","A","A","A","A","A","A","A","A","A","A","A","A","A","A","A","A","A","A","A","A","A","A","A","A","A","A","A","A","A","A","A","A","A","A","A","A","A","A","A","A","A","A","A","A","A","A","A","A","A","A","A","A","A","A","A","A","A","A","A","A","A","A","A","A","A","A","A","A","A","A","A","A","A","A","A","A","A","A","A","A","A","A","A","A","A","A","A","A","A","A","A","A","A","A","A","A","A","A","A","A","A","A","A","A","A","A","A","A","A","A","A","A","A","A","A","A","A","A","A","A","A","A","A","A","A","A","A","A","A","A","A","A","A","A","A","A","A","A","A","A","A","A","A","A","A","A","A","A","A","A","A","A","A","A","A","A","A","A","A","A","A","A","A","A","A","A","A","A","A","A","A","A","A","A","A","A","A","A","A","A","A","A","A","A","A","A","A","A","A","A","A","A","A","A","A","A","A","A","A","A","A","A","A","A","A","A","A","A","A","A","A","A","A","A","A","A","A","A","A","A","A","A","A","A","A","A","A","A","A","A","A","A","A","A","A","A","A","A","A","A","A","A","A","A","A","A","A","A","A","A","A","A","A","A","A","A","A","A","A","A","A","A","A","A","A","A","A","A","A","A","A","A","A","A","A","A","A","A","A","A","A","A","A","A","A","A","A","A","A","A","A","A","A","A","A","A","A","A","A","A","A","A","A","A","A","A","A","A","A","A","A","A","A","A","A","A","A","A","A","A","A","A","A","A","A","A","A","A","A","A","A","A","A","A","A","A","A","A","A","A","A","A","A","A","A","A","A","A","A","A","A","A","A","A","A","A","A","A","A","A","A","A","A","A","A","A","A","A","A","A","A","A","A","A","A","A","A","A","A","A","A","A","A","A","A","A","A","A","A","A","A","A","A","A","A","A","A","A","A","A","A","A","A","A","A","A","A","A","A","A","A","A","A","A","A","A","A","A","A","A","A","A","A","A","A","A","A","A","A","A","A","A","A","A","A","A","A","A","A","A","A","A","A","A","A","A","A","A","A","A","A","A","A","A","A","A","A","A","A","A","A","A","A","A","A","A","A","A","A","A","A","A","A","A","A","A","A","A","A","A","A","A","A","A","A","A","A","A","A","A","A","A","A","A","A","A","A","A","A","A","A"],
  "atom_plddts": [54.08,54.26,48.25,49.2,55.37,56.5,59.74,61.75,61.33,60.43,59.85,61.92,61.46,61.25,61.2,61.34,61.05,60.55,59.56,60.46,47.93,45.23,46.42,48.41,49.45,51.5,52.2,53.3,52.35,52.45,52.74,52.78,53.39,52.26,53.55,53.13,52.6,52.51,52.27,52.52,52.53,53.24,49.84,49.08,50.64,50.57,50.18,50.43,52.05,51.2,51.2,51.15,51.37,51.38,52.13,51.88,52.2,52.42,52.4,52.22,52.05,48.87,48.36,50.06,49.12,49.18,49.93,51.18,50.4,50.09,50.21,50.27,50.45,51.15,50.99,51.2,51.35,51.21,50.98,50.98,45.96,45.46,46.86,45.94,46.7,48.09,48.44,48.37,47.5,47.81,47.51,48.45,49.04,48.45,49.25,49.14,48.75,48.67,48.41,48.43,47.95,48.84,41.59,40.2,40.72,41.62,42.72,44.58,44.78,44.99,44.45,44.1,43.02,44.91,44.41,42.64,42.93,43.01,42.3,41.76,41.47,41.98,40.88,43.12,38.13,36.1,36.07,37.92,38.42,40.21,40.03,41.27,40.35,40.06,38.74,40.97,40.12,37.8,37.79,38.01,37.11,36.56,36.41,37.1,36.24,38.53,32.32,30.59,30.02,31.8,31.84,33.51,33.42,35.78,34.54,35.03,33.46,35.49,34.66,32.05,31.49,32.12,31.25,30.73,30.67,31.03,30.77,32.71,31.0,29.09,28.85,30.24,29.7,30.85,31.29,35.29,34.18,35.57,34.18,35.54,35.26,32.51,32.19,32.71,32.35,31.73,31.89,32.65,35.17,32.78,33.0,34.67,34.11,35.35,35.77,37.92,37.36,37.9,37.9,38.66,39.23,37.91,38.24,38.64,38.55,38.19,38.0,34.59,32.72,32.18,34.43,33.92,35.46,35.33,37.43,36.39,37.04,37.06,38.04,38.26,36.88,37.39,37.81,37.43,37.32,36.69,36.8,36.47,37.77,33.92,32.22,32.07,33.61,33.05,33.38,33.12,36.14,34.93,35.19,34.73,35.3,34.77,33.53,33.13,33.31,32.6,32.48,32.26,32.57,33.13,33.3,30.99,30.72,33.43,32.88,32.91,32.91,36.14,35.17,34.77,33.86,34.96,33.97,32.18,31.4,31.62,30.56,30.28,30.47,31.05,31.65,32.1,29.82,29.56,32.23,32.05,33.1,33.64,35.55,34.76,34.76,34.5,35.51,35.76,34.07,33.99,34.34,33.74,33.7,33.52,33.52,33.33,34.73,30.48,28.78,28.84,30.15,29.98,30.64,31.05,33.79,32.39,32.27,31.19,32.4,31.98,30.35,29.65,29.93,29.15,29.04,29.1,29.41,30.05,30.69,28.82,28.68,30.3,30.28,31.35,31.28,33.64,32.58,32.7,31.39,32.43,31.99,29.87,29.23,29.57,29.12,28.89,29.61,28.89,27.39,26.91,28.44,27.88,28.24,28.22,31.03,29.73,30.71,28.74,29.92,28.87,26.93,26.09,26.43,25.77,25.55,26.23,27.11,28.72,27.02,26.88,28.58,28.15,29.26,29.62,32.06,31.58,32.01,31.63,32.0,32.21,30.81,30.61,31.22,30.79,30.79,30.32,30.07,30.05,31.42,30.78,29.22,29.82,30.05,29.39,31.08,31.47,34.02,33.49,33.79,33.61,33.86,34.52,33.07,33.08,33.34,33.48,33.48,33.52,30.34,29.07,29.25,29.97,29.32,29.91,29.73,31.95,31.61,32.09,32.17,31.67,31.82,30.66,30.48,30.58,30.66,30.61,30.94,31.02,29.19,28.83,31.21,30.54,30.71,30.12,33.75,32.49,32.48,31.54,32.15,31.09,29.06,28.18,28.22,27.14,27.1,27.31,28.02,28.68,32.28,30.22,29.29,32.3,31.66,33.19,33.07,36.23,34.98,35.11,34.16,35.07,34.5,32.22,31.65,32.1,31.34,31.21,31.01,31.4,30.83,33.12,35.87,33.4,32.4,35.29,35.06,36.7,36.34,39.24,38.2,38.03,36.82,37.42,36.74,34.3,33.71,33.86,33.37,32.87,33.56,32.4,30.19,30.36,32.71,32.62,34.26,34.73,36.55,36.06,36.31,35.83,36.79,37.24,35.49,35.52,35.78,35.34,35.21,35.0,34.87,34.84,35.96,32.33,30.61,31.2,32.2,31.93,33.02,33.82,35.84,35.16,35.74,35.26,36.46,36.82,35.23,35.24,35.62,35.24,35.02,34.75,34.59,34.64,35.59,34.76,32.59,32.81,33.95,34.18,36.06,36.09,38.38,37.6,37.73,36.45,37.74,37.66,35.29,34.83,35.25,34.8,34.27,34.64,34.43,32.66,33.03,34.08,34.33,36.08,36.44,38.6,37.52,38.78,37.01,38.88,39.07,36.49,36.29,36.67,36.31,35.79,35.77,36.34,38.39,35.93,36.72,38.22,38.79,40.7,41.28,42.24,41.69,42.01,41.86,42.49,43.3,41.69,42.03,42.11,41.88,41.7,41.55,38.58,36.41,36.76,38.57,38.96,41.17,41.91,42.72,41.93,42.04,41.27,42.85,43.1,41.25,41.76,42.01,41.5,41.21,40.73,41.05,40.63,41.88,42.79,41.2,42.37,42.78,42.99,44.56,45.38,46.42,45.93,45.37,44.93,46.25,46.07,44.53,44.87,44.85,44.23,43.96,43.53,43.79,44.34,48.34,46.42,48.36,48.53,49.62,51.3,53.5,52.54,52.34,52.21,53.0,52.69,53.64,52.95,53.25,53.53,53.27,53.15,53.04,52.42,51.09,52.25,52.42,53.09,54.6,55.66,55.31,54.64,54.81,54.84,55.17,55.84,55.53,56.49,56.23,55.77,55.68,55.61,55.83,55.48,56.02,53.33,52.58,53.48,53.51,53.21,54.36,55.04,54.86,54.06,54.23,54.62,54.97,55.55,55.16,56.18,55.93,55.55,55.53,55.36,55.47,55.13,55.72,58.45,57.55,57.67,59.32,58.22,58.47,60.46,58.94,58.43,57.86,58.9,58.66,59.14,59.06,59.36,59.55,59.42,58.99,59.07,63.24,63.12,62.09,62.19,61.69,62.68,62.91,62.48,61.04,60.36,60.4,61.46,61.17,61.23,62.0,61.57,60.73,60.27,60.49,61.01,60.42,61.74],
  "contact_probs": [[1.0,0.98,0.29,0.0,0.0,0.0,0.0,0.0,0.0,0.0,0.0,0.0,0.0,0.0,0.0,0.0,0.0,0.0,0.0,0.0,0.0,0.0,0.0,0.0,0.0,0.0,0.0,0.0,0.0,0.0,0.0,0.0,0.02,0.28,0.96],[0.98,1.0,1.0,0.25,0.0,0.0,0.0,0.0,0.0,0.0,0.0,0.0,0.0,0.0,0.0,0.0,0.0,0.0,0.0,0.0,0.0,0.0,0.0,0.0,0.0,0.0,0.0,0.0,0.0,0.0,0.0,0.02,0.34,0.98,0.91],[0.29,1.0,1.0,1.0,0.32,0.0,0.0,0.0,0.0,0.0,0.0,0.0,0.0,0.0,0.0,0.0,0.0,0.0,0.0,0.0,0.0,0.0,0.0,0.0,0.0,0.0,0.0,0.0,0.0,0.0,0.02,0.5,0.99,0.98,0.71],[0.0,0.25,1.0,1.0,1.0,0.4,0.01,0.01,0.0,0.0,0.0,0.0,0.0,0.0,0.0,0.0,0.0,0.0,0.0,0.0,0.0,0.0,0.0,0.0,0.0,0.0,0.0,0.0,0.01,0.03,0.64,0.98,0.96,0.73,0.01],[0.0,0.0,0.32,1.0,1.0,0.97,0.33,0.04,0.05,0.03,0.01,0.0,0.0,0.0,0.0,0.0,0.0,0.0,0.0,0.0,0.0,0.0,0.0,0.0,0.0,0.0,0.01,0.02,0.09,0.32,0.97,0.85,0.38,0.01,0.0],[0.0,0.0,0.0,0.4,0.97,1.0,0.92,0.23,0.12,0.07,0.03,0.01,0.0,0.0,0.0,0.0,0.01,0.01,0.01,0.01,0.01,0.0,0.0,0.01,0.02,0.03,0.06,0.07,0.15,0.31,0.62,0.25,0.02,0.0,0.0],[0.0,0.0,0.0,0.01,0.33,0.92,1.0,0.73,0.25,0.13,0.05,0.02,0.01,0.01,0.01,0.01,0.05,0.04,0.03,0.03,0.01,0.01,0.01,0.04,0.11,0.15,0.17,0.16,0.15,0.27,0.23,0.05,0.01,0.0,0.0],[0.0,0.0,0.0,0.01,0.04,0.23,0.73,1.0,0.68,0.26,0.08,0.06,0.04,0.04,0.05,0.21,0.15,0.12,0.06,0.05,0.02,0.01,0.02,0.06,0.18,0.27,0.2,0.13,0.14,0.19,0.11,0.04,0.01,0.0,0.0],[0.0,0.0,0.0,0.0,0.05,0.12,0.25,0.68,1.0,0.8,0.23,0.06,0.07,0.11,0.24,0.19,0.1,0.05,0.03,0.02,0.01,0.01,0.01,0.04,0.11,0.16,0.11,0.08,0.21,0.37,0.25,0.05,0.0,0.0,0.0],[0.0,0.0,0.0,0.0,0.03,0.07,0.13,0.26,0.8,1.0,0.9,0.42,0.13,0.19,0.17,0.09,0.04,0.02,0.01,0.01,0.01,0.01,0.02,0.07,0.06,0.05,0.09,0.27,0.58,0.45,0.17,0.01,0.0,0.0,0.0],[0.0,0.0,0.0,0.0,0.01,0.03,0.05,0.08,0.23,0.9,1.0,0.89,0.34,0.14,0.06,0.04,0.06,0.05,0.02,0.02,0.01,0.01,0.04,0.04,0.04,0.05,0.19,0.67,0.53,0.24,0.01,0.0,0.0,0.0,0.0],[0.0,0.0,0.0,0.0,0.0,0.01,0.02,0.06,0.06,0.42,0.89,1.0,0.8,0.36,0.07,0.05,0.09,0.09,0.03,0.01,0.01,0.02,0.04,0.03,0.05,0.12,0.5,0.57,0.3,0.04,0.01,0.0,0.0,0.0,0.0],[0.0,0.0,0.0,0.0,0.0,0.0,0.01,0.04,0.07,0.13,0.34,0.8,1.0,0.85,0.3,0.1,0.12,0.12,0.05,0.02,0.03,0.03,0.05,0.06,0.1,0.22,0.43,0.27,0.05,0.01,0.0,0.0,0.0,0.0,0.0],[0.0,0.0,0.0,0.0,0.0,0.0,0.01,0.04,0.11,0.19,0.14,0.36,0.85,1.0,0.86,0.25,0.13,0.12,0.06,0.04,0.03,0.04,0.06,0.11,0.18,0.29,0.27,0.08,0.02,0.01,0.0,0.0,0.0,0.0,0.0],[0.0,0.0,0.0,0.0,0.0,0.0,0.01,0.05,0.24,0.17,0.06,0.07,0.3,0.86,1.0,0.71,0.22,0.15,0.08,0.05,0.06,0.08,0.13,0.14,0.2,0.21,0.11,0.04,0.01,0.0,0.0,0.0,0.0,0.0,0.0],[0.0,0.0,0.0,0.0,0.0,0.0,0.01,0.21,0.19,0.09,0.04,0.05,0.1,0.25,0.71,1.0,0.6,0.22,0.1,0.05,0.1,0.18,0.17,0.08,0.07,0.13,0.07,0.03,0.01,0.0,0.0,0.0,0.0,0.0,0.0],[0.0,0.0,0.0,0.0,0.0,0.01,0.05,0.15,0.1,0.04,0.06,0.09,0.12,0.13,0.22,0.6,1.0,0.74,0.19,0.04,0.1,0.12,0.11,0.07,0.07,0.17,0.14,0.1,0.03,0.01,0.0,0.0,0.0,0.0,0.0],[0.0,0.0,0.0,0.0,0.0,0.01,0.04,0.12,0.05,0.02,0.05,0.09,0.12,0.12,0.15,0.22,0.74,1.0,0.9,0.23,0.06,0.08,0.13,0.08,0.19,0.59,0.3,0.13,0.02,0.01,0.0,0.0,0.0,0.0,0.0],[0.0,0.0,0.0,0.0,0.0,0.01,0.03,0.06,0.03,0.01,0.02,0.03,0.05,0.06,0.08,0.1,0.19,0.9,1.0,0.92,0.29,0.18,0.14,0.28,0.58,0.47,0.14,0.01,0.01,0.0,0.0,0.0,0.0,0.0,0.0],[0.0,0.0,0.0,0.0,0.0,0.01,0.03,0.05,0.02,0.01,0.02,0.01,0.02,0.04,0.05,0.05,0.04,0.23,0.92,1.0,0.81,0.5,0.24,0.56,0.47,0.3,0.01,0.0,0.0,0.0,0.0,0.0,0.0,0.0,0.0],[0.0,0.0,0.0,0.0,0.0,0.01,0.01,0.02,0.01,0.01,0.01,0.01,0.03,0.03,0.06,0.1,0.1,0.06,0.29,0.81,1.0,0.85,0.28,0.24,0.12,0.03,0.01,0.0,0.0,0.0,0.0,0.0,0.0,0.0,0.0],[0.0,0.0,0.0,0.0,0.0,0.0,0.01,0.01,0.01,0.01,0.01,0.02,0.03,0.04,0.08,0.18,0.12,0.08,0.18,0.5,0.85,1.0,0.81,0.47,0.1,0.02,0.0,0.0,0.0,0.0,0.0,0.0,0.0,0.0,0.0],[0.0,0.0,0.0,0.0,0.0,0.0,0.01,0.02,0.01,0.02,0.04,0.04,0.05,0.06,0.13,0.17,0.11,0.13,0.14,0.24,0.28,0.81,1.0,0.78,0.24,0.04,0.01,0.0,0.0,0.0,0.0,0.0,0.0,0.0,0.0],[0.0,0.0,0.0,0.0,0.0,0.01,0.04,0.06,0.04,0.07,0.04,0.03,0.06,0.11,0.14,0.08,0.07,0.08,0.28,0.56,0.24,0.47,0.78,1.0,0.95,0.31,0.01,0.0,0.0,0.0,0.0,0.0,0.0,0.0,0.0],[0.0,0.0,0.0,0.0,0.0,0.02,0.11,0.18,0.11,0.06,0.04,0.05,0.1,0.18,0.2,0.07,0.07,0.19,0.58,0.47,0.12,0.1,0.24,0.95,1.0,0.92,0.14,0.02,0.01,0.0,0.0,0.0,0.0,0.0,0.0],[0.0,0.0,0.0,0.0,0.0,0.03,0.15,0.27,0.16,0.05,0.05,0.12,0.22,0.29,0.21,0.13,0.17,0.59,0.47,0.3,0.03,0.02,0.04,0.31,0.92,1.0,0.66,0.12,0.02,0.01,0.0,0.0,0.0,0.0,0.0],[0.0,0.0,0.0,0.0,0.01,0.06,0.17,0.2,0.11,0.09,0.19,0.5,0.43,0.27,0.11,0.07,0.14,0.3,0.14,0.01,0.01,0.0,0.01,0.01,0.14,0.66,1.0,0.84,0.34,0.03,0.0,0.0,0.0,0.0,0.0],[0.0,0.0,0.0,0.0,0.02,0.07,0.16,0.13,0.08,0.27,0.67,0.57,0.27,0.08,0.04,0.03,0.1,0.13,0.01,0.0,0.0,0.0,0.0,0.0,0.02,0.12,0.84,1.0,0.95,0.37,0.01,0.0,0.0,0.0,0.0],[0.0,0.0,0.0,0.01,0.09,0.15,0.15,0.14,0.21,0.58,0.53,0.3,0.05,0.02,0.01,0.01,0.03,0.02,0.01,0.0,0.0,0.0,0.0,0.0,0.01,0.02,0.34,0.95,1.0,0.97,0.34,0.0,0.0,0.0,0.0],[0.0,0.0,0.0,0.03,0.32,0.31,0.27,0.19,0.37,0.45,0.24,0.04,0.01,0.01,0.0,0.0,0.01,0.01,0.0,0.0,0.0,0.0,0.0,0.0,0.0,0.01,0.03,0.37,0.97,1.0,0.98,0.27,0.0,0.0,0.0],[0.0,0.0,0.02,0.64,0.97,0.62,0.23,0.11,0.25,0.17,0.01,0.01,0.0,0.0,0.0,0.0,0.0,0.0,0.0,0.0,0.0,0.0,0.0,0.0,0.0,0.0,0.0,0.01,0.34,0.98,1.0,1.0,0.36,0.0,0.0],[0.0,0.02,0.5,0.98,0.85,0.25,0.05,0.04,0.05,0.01,0.0,0.0,0.0,0.0,0.0,0.0,0.0,0.0,0.0,0.0,0.0,0.0,0.0,0.0,0.0,0.0,0.0,0.0,0.0,0.27,1.0,1.0,1.0,0.44,0.0],[0.02,0.34,0.99,0.96,0.38,0.02,0.01,0.01,0.0,0.0,0.0,0.0,0.0,0.0,0.0,0.0,0.0,0.0,0.0,0.0,0.0,0.0,0.0,0.0,0.0,0.0,0.0,0.0,0.0,0.0,0.36,1.0,1.0,1.0,0.29],[0.28,0.98,0.98,0.73,0.01,0.0,0.0,0.0,0.0,0.0,0.0,0.0,0.0,0.0,0.0,0.0,0.0,0.0,0.0,0.0,0.0,0.0,0.0,0.0,0.0,0.0,0.0,0.0,0.0,0.0,0.0,0.44,1.0,1.0,0.99],[0.96,0.91,0.71,0.01,0.0,0.0,0.0,0.0,0.0,0.0,0.0,0.0,0.0,0.0,0.0,0.0,0.0,0.0,0.0,0.0,0.0,0.0,0.0,0.0,0.0,0.0,0.0,0.0,0.0,0.0,0.0,0.0,0.29,0.99,1.0]],
  "pae": [[1.2,3.9,5.4,7.1,8.5,9.6,11.9,13.0,14.9,15.2,17.7,18.9,19.5,19.5,21.8,22.9,24.1,25.4,26.0,26.5,25.8,25.2,22.9,21.4,19.4,17.1,15.4,12.9,11.8,9.9,8.8,8.7,7.6,5.5,7.1],[3.6,1.0,2.7,3.7,4.9,6.3,8.3,10.0,12.4,12.2,14.0,16.0,17.2,17.3,19.9,21.8,22.9,24.1,25.0,25.5,25.8,24.4,21.9,20.6,17.7,15.0,12.6,10.9,9.2,7.0,6.2,5.7,5.5,4.6,4.9],[4.4,2.7,1.0,2.5,4.1,4.9,6.8,9.1,11.9,11.9,14.1,15.7,16.7,16.8,19.4,20.9,21.8,23.7,24.7,24.9,25.2,23.1,21.0,19.3,16.3,15.0,12.4,10.4,8.7,6.7,5.5,5.4,5.0,4.7,5.0],[5.8,3.7,3.6,1.0,3.1,5.0,6.0,8.3,11.5,11.1,13.2,15.3,16.6,16.9,19.0,21.2,22.1,23.8,24.7,25.1,24.5,22.5,20.4,18.7,15.5,14.7,12.5,10.3,7.4,6.3,5.4,4.8,4.8,5.0,6.1],[6.8,5.2,4.1,3.2,1.0,3.9,5.6,7.2,9.2,10.1,12.8,15.6,16.5,17.2,18.9,20.9,22.1,22.7,24.3,24.6,24.7,22.1,19.8,18.1,14.7,14.2,11.9,9.6,7.5,5.9,5.1,4.9,5.6,6.2,7.4],[9.1,7.3,6.3,4.6,4.2,1.1,4.7,6.9,8.2,9.8,12.5,14.3,16.5,17.4,19.4,21.1,22.3,23.5,23.9,24.4,23.8,22.3,20.3,17.9,15.0,14.3,12.2,10.5,7.8,6.4,6.1,6.4,7.6,8.0,8.6],[12.9,10.0,8.8,7.3,5.8,4.3,1.1,5.2,7.5,8.7,12.9,14.4,15.3,16.8,18.9,20.1,21.7,22.5,23.7,23.6,24.2,22.3,19.7,17.6,15.4,14.6,11.9,10.4,9.2,7.1,8.4,10.3,10.4,11.2,12.8],[16.4,15.1,11.9,11.1,9.1,7.8,5.3,1.1,6.8,7.8,11.4,14.4,15.8,16.8,19.7,21.1,23.0,24.1,24.5,25.4,25.5,23.1,20.9,18.3,15.9,15.2,12.2,11.8,10.4,10.2,11.5,14.7,15.3,17.0,17.3],[20.7,20.1,17.7,14.3,12.8,9.8,7.0,5.9,1.2,4.8,6.8,9.0,12.2,14.8,16.8,19.4,20.9,21.4,23.3,25.1,23.9,20.7,18.6,16.8,15.7,14.7,12.0,11.4,11.7,11.9,13.6,17.0,18.5,21.2,22.3],[20.4,20.1,17.7,15.9,14.5,11.2,8.4,6.6,5.0,1.1,4.1,6.1,8.5,11.0,15.0,17.1,18.8,19.5,21.5,22.7,22.1,19.7,17.3,15.8,13.1,11.9,9.4,9.8,11.4,12.1,14.9,17.6,18.7,21.2,21.5],[21.5,22.3,19.6,18.7,15.4,14.1,10.3,7.6,5.6,4.5,1.0,3.6,5.8,7.7,11.1,14.7,16.7,18.9,19.4,20.3,20.0,18.0,15.5,13.3,11.5,10.4,9.8,10.1,11.6,13.7,16.1,18.9,20.0,21.9,22.5],[20.7,21.5,19.1,16.9,15.2,14.0,11.3,9.9,7.6,5.8,4.3,1.1,4.9,7.3,9.0,12.8,15.2,18.3,19.0,19.0,19.6,17.5,16.1,12.7,11.8,11.1,10.1,10.0,11.6,13.8,16.1,19.2,19.8,21.8,21.7],[22.0,21.9,20.2,18.3,16.3,15.4,13.4,12.1,10.7,8.7,6.3,4.7,1.1,5.4,8.5,12.3,14.1,16.8,17.9,18.8,19.2,17.7,15.4,14.0,13.1,12.0,11.0,12.4,12.9,14.8,16.8,19.5,20.5,22.7,23.4],[22.8,23.2,21.4,20.1,19.1,18.1,14.8,14.0,13.3,11.3,9.0,5.9,5.2,1.1,5.8,9.5,11.5,14.5,17.0,17.7,17.7,16.2,14.7,13.9,13.1,12.2,12.9,13.1,15.3,15.7,18.6,21.3,22.4,23.8,24.4],[24.3,24.8,23.3,21.9,20.7,19.5,17.3,16.8,15.6,14.1,11.7,8.0,7.0,6.1,1.2,8.0,9.3,12.3,13.5,15.5,15.9,15.0,14.0,13.6,13.8,13.2,13.9,15.0,16.0,17.4,19.5,22.6,23.8,25.3,25.0],[26.1,26.8,25.3,24.5,23.7,23.5,21.7,21.1,19.5,18.1,16.7,14.7,11.4,9.5,8.6,1.4,8.7,9.3,10.1,13.1,13.8,11.9,12.5,13.3,13.7,14.8,16.9,18.4,19.4,20.8,21.8,24.3,25.5,26.8,26.9],[27.6,28.3,27.1,26.8,25.7,25.6,24.3,23.4,21.8,20.8,19.5,17.5,15.4,13.6,9.8,7.8,1.4,8.0,9.3,9.9,11.6,11.6,11.6,12.9,13.9,15.3,18.1,20.3,21.2,22.3,24.0,26.4,27.5,28.3,28.0],[27.0,28.2,27.2,26.5,25.8,25.9,24.7,23.3,22.9,21.8,21.1,19.6,17.3,15.6,12.8,8.2,7.2,1.2,5.9,7.7,8.1,9.0,9.5,12.1,14.2,16.2,18.0,20.5,22.8,23.7,24.5,26.1,27.1,27.8,27.4],[27.4,28.5,27.6,27.3,26.6,26.0,24.1,23.8,22.9,21.3,20.3,19.1,17.4,16.7,14.6,10.6,9.3,8.4,1.1,5.7,7.9,7.4,9.3,13.8,15.0,15.2,17.6,20.2,22.1,23.8,25.2,26.8,27.8,28.4,27.6],[27.8,29.4,28.2,27.8,27.2,26.3,24.9,24.4,23.8,22.9,21.3,19.7,18.2,16.9,15.1,12.7,10.3,7.3,5.2,1.2,5.7,7.3,9.5,14.4,13.8,16.0,18.8,20.9,23.2,24.7,26.0,27.4,28.5,28.6,28.2],[27.1,28.4,27.1,26.6,25.1,24.7,23.7,22.9,22.3,21.1,20.9,20.1,18.7,17.3,16.1,13.1,12.1,10.4,7.5,6.1,1.3,6.4,8.6,12.1,14.4,15.9,18.0,19.1,21.2,22.6,23.6,25.9,27.4,27.8,27.7],[25.5,27.4,26.2,25.0,24.2,24.2,22.5,21.7,21.0,19.6,19.4,19.5,17.1,15.6,15.1,11.9,11.9,11.2,9.7,5.9,5.0,1.2,6.6,8.4,10.9,12.8,16.8,18.1,20.3,21.7,22.9,24.7,26.3,27.0,26.2],[25.0,26.8,24.6,24.6,23.8,24.0,21.7,21.6,20.5,19.2,18.8,17.7,16.2,15.1,15.4,12.7,11.9,13.6,11.1,10.5,7.2,5.3,1.4,6.4,7.2,10.0,13.7,16.7,18.9,20.5,21.9,24.2,25.4,26.2,25.8],[22.7,23.6,23.0,21.5,20.6,20.0,17.4,18.2,17.9,14.7,15.6,14.7,13.8,13.4,14.2,12.5,12.9,14.9,14.3,15.4,11.6,7.8,6.2,1.2,4.5,7.0,10.4,12.9,14.9,16.6,19.0,21.6,23.2,24.1,23.0],[21.4,20.7,19.6,17.7,17.6,17.0,14.8,16.2,15.3,13.1,13.7,13.3,13.2,13.6,14.4,13.2,13.1,16.3,15.7,16.5,13.5,10.9,6.9,5.3,1.1,5.3,7.9,10.8,12.9,14.6,16.8,19.1,21.4,22.5,21.4],[20.6,20.3,18.7,17.5,16.2,16.3,14.1,15.5,15.0,12.5,12.7,13.1,13.1,13.3,14.3,14.2,14.3,16.5,17.6,18.7,15.7,13.4,9.6,6.4,4.9,1.2,5.4,7.8,11.3,13.6,15.0,17.0,19.6,21.4,21.2],[18.7,16.6,15.5,15.3,13.8,14.3,11.5,11.5,12.2,10.1,9.6,12.8,12.3,12.3,15.4,15.9,16.8,19.0,18.2,19.4,18.7,16.7,12.7,9.7,7.2,5.7,1.3,5.2,9.3,10.9,14.3,15.3,17.0,18.6,19.6],[14.9,12.3,11.5,11.2,9.4,11.2,9.7,10.0,9.8,8.3,9.7,10.9,12.1,12.5,15.8,17.1,18.3,19.0,19.4,20.9,20.8,19.3,15.2,13.0,8.6,7.2,5.2,1.2,5.2,7.2,8.9,11.2,12.1,14.2,15.2],[13.6,10.8,10.4,10.3,8.5,9.1,7.9,9.0,9.4,7.5,9.6,10.5,12.4,12.9,15.4,17.3,18.1,19.5,19.3,21.2,21.8,20.1,15.7,13.7,10.3,8.0,5.6,4.9,1.0,5.2,6.1,8.6,11.2,11.9,12.9],[10.1,8.0,8.2,7.2,7.0,7.3,7.5,9.2,10.0,9.3,10.2,11.6,12.8,13.6,16.4,19.0,20.0,20.9,21.9,22.5,22.3,20.7,17.7,15.4,12.7,10.1,7.4,5.5,4.7,1.1,4.3,6.1,7.2,8.5,9.1],[6.8,5.8,6.0,5.2,4.8,5.9,7.2,8.6,10.3,10.5,12.0,13.2,14.3,15.2,17.0,19.9,21.0,21.4,22.8,23.6,23.1,21.6,18.6,16.7,14.0,11.9,9.4,7.0,4.9,3.5,1.0,3.7,4.5,5.0,6.0],[6.4,5.6,5.2,5.2,5.1,6.7,7.7,9.4,11.1,11.2,12.4,14.4,15.0,15.7,17.5,20.2,20.5,21.6,22.9,24.4,23.3,21.5,19.1,17.4,14.6,13.0,10.4,8.1,6.0,4.5,3.5,1.0,3.4,4.2,4.7],[6.9,5.4,5.4,5.6,5.8,7.3,8.2,10.2,12.5,12.5,13.6,15.4,16.2,16.7,19.1,20.7,21.5,22.5,23.3,24.4,24.0,22.6,20.4,18.9,16.3,14.2,11.7,9.2,6.9,5.3,4.5,3.1,1.0,3.3,4.4],[6.3,5.0,5.2,6.0,6.2,8.4,9.8,11.4,13.6,14.3,15.2,17.2,17.6,17.7,19.7,20.6,21.2,23.5,23.4,24.3,24.3,22.7,21.1,19.6,17.8,15.6,13.3,11.4,8.2,6.5,5.2,4.5,3.7,1.0,3.3],[4.5,5.4,5.5,5.8,6.2,8.8,10.2,12.7,14.6,14.5,15.7,17.9,18.3,17.8,20.3,21.7,22.8,24.1,24.3,25.4,24.7,23.6,21.8,20.0,18.0,16.5,14.2,11.7,9.7,7.9,5.2,5.2,4.3,2.7,1.1]],
  "token_chain_ids": ["A","A","A","A","A","A","A","A","A","A","A","A","A","A","A","A","A","A","A","A","A","A","A","A","A","A","A","A","A","A","A","A","A","A","A"],
  "token_res_ids": [1,2,3,4,5,6,7,8,9,10,11,12,13,14,15,16,17,18,19,20,21,22,23,24,25,26,27,28,29,30,31,32,33,34,35]
}