{
  "atom_chain_ids": ["A","A","A","A","A","A","A","A","A","A","A","A","A","A","A","A","A","A","A","A","A","A","A","A","A","A","A","A","A","A","A","A","A","A","A","A","A","A","A","A","A","A","A","A","A","A","A","A","A","A","A","A","A","A","A","A","A","A","A","A","A","A","A","A","A","A","A","A","A","A","A","A","A","A","A","A","A","A","A","A","A","A","A","A","A","A","A","A","A","A","A","A","A","A","A","A","A","A","A","A","A","A","A","A","A","A","A","A","A","A","A","A","A","A","A","A","A","A","A","A","A","A","A","A","A","A","A","A","A","A","A","A","A","A","A","A","A","A","A","A","A","A","A","A","A","A","A","A","A","A","A","A","A","A","A","A","A","A","A","A","A","A","A","A","A","A","A","A","A","A","A","A","A","A","A","A","A","A","A","A","A","A","A","A","A","A","A","A","A","A","A","A","A","A","A","A","A","A","A","A","A","A","A","A","A","A","A","A","A","A","A","A","A","A","A","A","A","A","A","A","A","A","A","A","A","A","A","A","A","A","A","A","A","A","A","A","A","A","A","A","A","A","A","A","A","A","A","A","A","A","A","A","A","A","A","A","A","A","A","A","A","A","A","A","A","A","A","A","A","A","A","A","A","A","A","A","A","A","A","A","A","A","A","A","A","A","A","A","A","A","A","A","A","A","A","A","A","A","A","A","A","A","A","A","A","A","A","A","A","A","A","A","A","A","A","A","A","A","A","A","A","A","A","A","A","A","A","A","A","A","A","A","A","A","A","A","A","A","A","A","A","A","A","A","A","A","A","A","A","A","A","A","A","A","A","A","A","A","A","A","A","A","A","A","A","A","A","A","A","A","A","A","A","A","A","A","A","A","A","A","A","A","A","A","A","A","A","A","A","A","A","A","A","A","A","A","A","A","A","A","A","A","A","A","A","A","A","A","A","A","A","A","A","A","A","A","A","A","A","A","A","A","A","A","A","A","A","A","A","A","A","A","A","A","A","A","A","A","A","A","A","A","A","A","A","A","A","A","A","A","A","A","A","A","A","A","A","A","A","A","A","A","A","A","A","A","A","A","A","A","A","A","A","A","A","A","A","A","A","A","A","A","A","A","A","A","A","A","A","A","A","A","A","A","A","A","A","A","A","A","A","A","A","A","A","A","A","A","A","A","A","A","A","A","A","A","A","A","A","A","A","A","A","A","A","A","A","A","A","A","A","A","A","A","A","A","A","A","A","A","A","A","A","A","A","A","A","A","A","A","A","A","A","A","A","A","A","A","A","A","A","A","A","A","A","A","A","A","A","A","A","A","A","A","A","A","A","A","A","A","A","A","A","A","A","A","A","A","A","A","A","A","A","A","A","A","A","A","A","A","A","A","A","A","A","A","A","A","A","A","A","A","A","A","A","A","A","A","A","A","A","A","A","A","A","A","A","A","A","A","A","A","A","A","A","A","A","A","A","A","A","A","A","A","A","A","A","A","A","A","A","A","A","A","A","A","A","A","A","A","A","A","A","A","A","A","A","A","A","A","A","A","A","A","A","A","A","A","A","A","A","A","A","A","A","A","A","A","A","A","A","A","A","A","A","A","A","A","A","A","A","A","A","A","A","A","A","A","A","A","A","A","A","A","A","A","A","A","A","A","A","A","A","A"],
  "atom_plddts": [56.21,56.94,50.74,52.43,58.11,59.26,62.72,64.84,64.68,63.46,63.15,64.94,64.95,64.73,64.31,64.43,64.41,63.88,62.78,63.56,57.15,53.62,54.33,58.1,58.3,60.09,62.06,62.11,61.31,61.5,62.41,61.92,62.44,61.55,62.92,62.77,62.0,61.61,61.55,61.85,62.06,62.82,60.09,58.29,59.13,61.43,59.68,60.54,62.93,61.37,61.18,60.21,60.94,61.05,61.5,61.35,61.55,62.09,62.04,61.42,61.23,58.51,56.92,58.0,59.41,57.67,58.85,61.23,59.5,59.09,58.32,59.15,59.31,59.8,60.09,60.35,60.72,60.68,60.06,59.91,55.88,54.65,55.43,56.15,56.19,57.94,59.19,58.35,57.68,57.23,57.24,57.94,58.29,57.95,59.02,59.01,58.44,57.95,57.69,57.88,57.14,58.29,54.39,52.02,52.66,54.85,55.0,57.1,58.05,58.07,57.59,56.74,56.24,57.46,56.6,54.65,55.17,55.14,54.06,52.83,53.05,54.33,52.23,54.89,52.21,48.54,48.75,52.5,52.3,54.74,55.22,55.76,55.3,54.13,53.22,54.9,53.58,51.45,51.83,51.37,49.92,48.68,49.35,51.11,49.12,52.07,48.72,45.01,44.77,48.71,49.13,51.86,52.4,53.5,53.29,52.33,51.61,52.82,51.56,49.47,50.02,49.18,47.75,46.68,47.42,49.16,47.69,50.41,50.73,47.64,47.73,51.23,51.2,53.87,54.77,57.2,56.5,55.85,55.89,56.79,55.88,53.33,53.28,52.77,52.05,50.95,52.13,53.91,54.86,52.23,52.25,54.66,53.89,57.42,59.96,60.0,59.25,58.71,59.41,59.59,59.61,58.69,58.44,58.7,58.63,57.76,58.43,54.99,52.22,51.09,54.86,54.5,57.68,58.37,59.33,58.01,57.11,56.87,58.08,57.63,56.2,57.1,56.95,55.8,55.2,55.23,55.87,54.52,57.22,51.01,48.21,47.34,50.28,49.1,52.22,50.98,53.61,52.1,51.18,50.81,52.01,50.76,48.65,48.97,48.9,47.56,46.96,46.78,47.49,47.96,48.44,44.6,43.87,48.26,46.98,50.39,49.55,53.05,51.73,50.65,49.87,51.1,49.03,46.15,45.84,45.29,43.37,42.48,43.18,44.92,45.18,46.12,42.64,41.56,45.23,44.36,47.39,48.44,50.26,49.69,48.9,49.3,49.86,49.43,48.3,49.11,48.61,47.59,47.04,47.26,48.17,47.17,49.2,41.41,40.0,39.79,39.86,39.08,40.21,38.8,43.01,41.4,40.11,39.61,41.31,39.54,37.51,37.22,36.64,35.18,35.03,35.2,36.23,37.1,39.08,36.78,36.27,37.83,37.99,39.32,38.68,41.57,40.88,39.89,39.07,40.21,39.11,36.38,35.7,35.51,34.99,34.33,35.72,38.93,35.71,34.58,38.5,38.45,39.69,38.95,42.66,41.94,41.78,40.52,41.65,39.79,36.4,35.9,35.11,34.09,33.45,34.93,37.32,42.59,39.14,38.51,42.0,41.28,44.29,45.29,48.3,47.53,46.83,47.46,47.69,47.66,46.59,47.81,47.38,46.47,46.37,46.14,46.76,46.28,47.66,46.96,44.45,45.09,46.62,45.67,48.41,49.82,50.85,50.04,49.44,50.52,50.42,50.99,49.96,50.38,50.53,50.52,50.27,50.5,49.09,45.81,46.03,49.45,48.62,50.85,51.26,52.16,51.13,50.1,50.79,51.09,50.93,49.55,49.66,49.53,49.13,48.62,49.41,47.86,44.27,43.45,47.67,47.1,50.43,48.76,52.0,50.34,49.54,48.93,49.64,47.72,44.74,44.88,43.9,41.96,41.57,42.16,44.03,44.31,48.2,44.77,43.69,47.86,47.61,50.45,50.26,52.39,51.22,50.02,49.7,50.71,49.54,47.25,47.65,46.7,45.29,44.63,45.27,46.93,45.07,48.45,48.6,44.59,44.16,48.98,49.03,51.62,51.63,52.82,51.98,50.36,50.6,50.71,49.56,47.25,46.76,46.13,45.34,44.2,45.78,47.69,44.01,44.4,48.0,48.14,51.29,53.17,54.05,53.56,53.04,53.18,53.36,53.24,51.82,52.81,52.38,51.4,50.96,50.98,51.68,50.97,52.71,47.86,45.44,46.39,48.21,48.28,51.56,52.96,53.8,53.19,52.54,52.89,53.41,53.3,51.91,52.85,52.58,51.69,51.37,51.29,51.83,51.08,52.63,52.25,49.53,50.37,52.44,53.25,55.95,57.19,56.62,56.47,55.24,55.44,55.8,55.36,53.96,53.36,53.3,52.72,51.58,52.62,49.91,46.73,47.4,50.94,51.52,53.48,54.93,54.75,54.44,54.02,54.89,55.18,55.33,53.45,53.83,53.65,53.17,52.16,52.6,53.77,52.03,49.0,50.33,53.1,53.44,56.14,58.81,57.15,56.94,56.54,58.37,57.52,58.04,57.44,57.7,57.85,57.73,56.99,57.25,53.62,51.06,51.4,54.21,54.38,56.41,58.14,57.94,57.51,56.74,57.26,57.43,57.25,56.01,56.96,56.84,56.03,55.28,55.28,56.03,54.7,56.47,57.86,55.65,55.72,57.68,57.25,60.12,61.29,61.4,60.4,59.92,60.2,60.7,60.44,58.55,59.09,59.49,58.59,57.7,57.53,58.12,58.22,58.8,56.46,57.96,60.22,60.25,62.45,65.16,63.01,62.5,62.17,63.6,63.17,63.82,63.54,63.66,64.24,64.09,63.47,63.45,60.62,59.27,59.97,61.11,60.65,62.85,64.57,63.42,62.75,62.93,63.35,63.44,63.9,63.5,64.56,64.54,63.86,63.48,63.44,63.68,63.32,64.12,62.28,61.13,61.5,62.92,61.67,63.69,64.88,63.85,63.28,63.03,64.02,64.24,64.58,64.05,65.21,65.11,64.44,64.11,64.07,64.31,64.0,64.73,66.56,65.29,64.82,67.42,65.36,66.0,67.58,66.05,65.23,64.49,65.65,65.9,66.06,66.11,66.26,66.6,66.25,65.6,65.85,67.56,67.02,65.95,66.33,65.24,66.19,66.35,65.98,64.42,63.97,63.91,65.32,64.98,65.22,65.99,65.68,64.64,64.2,64.5,64.96,64.44,65.72],
  "contact_probs": [[1.0,0.98,0.29,0.0,0.0,0.0,0.0,0.0,0.0,0.0,0.0,0.0,0.0,0.0,0.0,0.0,0.0,0.0,0.0,0.0,0.0,0.0,0.0,0.0,0.0,0.0,0.0,0.0,0.0,0.0,0.0,0.0,0.02,0.28,0.96],[0.98,1.0,1.0,0.25,0.0,0.0,0.0,0.0,0.0,0.0,0.0,0.0,0.0,0.0,0.0,0.0,0.0,0.0,0.0,0.0,0.0,0.0,0.0,0.0,0.0,0.0,0.0,0.0,0.0,0.0,0.0,0.02,0.34,0.98,0.91],[0.29,1.0,1.0,1.0,0.32,0.0,0.0,0.0,0.0,0.0,0.0,0.0,0.0,0.0,0.0,0.0,0.0,0.0,0.0,0.0,0.0,0.0,0.0,0.0,0.0,0.0,0.0,0.0,0.0,0.0,0.02,0.5,0.99,0.98,0.71],[0.0,0.25,1.0,1.0,1.0,0.4,0.01,0.01,0.0,0.0,0.0,0.0,0.0,0.0,0.0,0.0,0.0,0.0,0.0,0.0,0.0,0.0,0.0,0.0,0.0,0.0,0.0,0.0,0.01,0.03,0.64,0.98,0.96,0.73,0.01],[0.0,0.0,0.32,1.0,1.0,0.97,0.33,0.04,0.05,0.03,0.01,0.0,0.0,0.0,0.0,0.0,0.0,0.0,0.0,0.0,0.0,0.0,0.0,0.0,0.0,0.0,0.01,0.02,0.09,0.32,0.97,0.85,0.38,0.01,0.0],[0.0,0.0,0.0,0.4,0.97,1.0,0.92,0.23,0.12,0.07,0.03,0.01,0.0,0.0,0.0,0.0,0.01,0.01,0.01,0.01,0.01,0.0,0.0,0.01,0.02,0.03,0.06,0.07,0.15,0.31,0.62,0.25,0.02,0.0,0.0],[0.0,0.0,0.0,0.01,0.33,0.92,1.0,0.73,0.25,0.13,0.05,0.02,0.01,0.01,0.01,0.01,0.05,0.04,0.03,0.03,0.01,0.01,0.01,0.04,0.11,0.15,0.17,0.16,0.15,0.27,0.23,0.05,0.01,0.0,0.0],[0.0,0.0,0.0,0.01,0.04,0.23,0.73,1.0,0.68,0.26,0.08,0.06,0.04,0.04,0.05,0.21,0.15,0.12,0.06,0.05,0.02,0.01,0.02,0.06,0.18,0.27,0.2,0.13,0.14,0.19,0.11,0.04,0.01,0.0,0.0],[0.0,0.0,0.0,0.0,0.05,0.12,0.25,0.68,1.0,0.8,0.23,0.06,0.07,0.11,0.24,0.19,0.1,0.05,0.03,0.02,0.01,0.01,0.01,0.04,0.11,0.16,0.11,0.08,0.21,0.37,0.25,0.05,0.0,0.0,0.0],[0.0,0.0,0.0,0.0,0.03,0.07,0.13,0.26,0.8,1.0,0.9,0.42,0.13,0.19,0.17,0.09,0.04,0.02,0.01,0.01,0.01,0.01,0.02,0.07,0.06,0.05,0.09,0.27,0.58,0.45,0.17,0.01,0.0,0.0,0.0],[0.0,0.0,0.0,0.0,0.01,0.03,0.05,0.08,0.23,0.9,1.0,0.89,0.34,0.14,0.06,0.04,0.06,0.05,0.02,0.02,0.01,0.01,0.04,0.04,0.04,0.05,0.19,0.67,0.53,0.24,0.01,0.0,0.0,0.0,0.0],[0.0,0.0,0.0,0.0,0.0,0.01,0.02,0.06,0.06,0.42,0.89,1.0,0.8,0.36,0.07,0.05,0.09,0.09,0.03,0.01,0.01,0.02,0.04,0.03,0.05,0.12,0.5,0.57,0.3,0.04,0.01,0.0,0.0,0.0,0.0],[0.0,0.0,0.0,0.0,0.0,0.0,0.01,0.04,0.07,0.13,0.34,0.8,1.0,0.85,0.3,0.1,0.12,0.12,0.05,0.02,0.03,0.03,0.05,0.06,0.1,0.22,0.43,0.27,0.05,0.01,0.0,0.0,0.0,0.0,0.0],[0.0,0.0,0.0,0.0,0.0,0.0,0.01,0.04,0.11,0.19,0.14,0.36,0.85,1.0,0.86,0.25,0.13,0.12,0.06,0.04,0.03,0.04,0.06,0.11,0.18,0.29,0.27,0.08,0.02,0.01,0.0,0.0,0.0,0.0,0.0],[0.0,0.0,0.0,0.0,0.0,0.0,0.01,0.05,0.24,0.17,0.06,0.07,0.3,0.86,1.0,0.71,0.22,0.15,0.08,0.05,0.06,0.08,0.13,0.14,0.2,0.21,0.11,0.04,0.01,0.0,0.0,0.0,0.0,0.0,0.0],[0.0,0.0,0.0,0.0,0.0,0.0,0.01,0.21,0.19,0.09,0.04,0.05,0.1,0.25,0.71,1.0,0.6,0.22,0.1,0.05,0.1,0.18,0.17,0.08,0.07,0.13,0.07,0.03,0.01,0.0,0.0,0.0,0.0,0.0,0.0],[0.0,0.0,0.0,0.0,0.0,0.01,0.05,0.15,0.1,0.04,0.06,0.09,0.12,0.13,0.22,0.6,1.0,0.74,0.19,0.04,0.1,0.12,0.11,0.07,0.07,0.17,0.14,0.1,0.03,0.01,0.0,0.0,0.0,0.0,0.0],[0.0,0.0,0.0,0.0,0.0,0.01,0.04,0.12,0.05,0.02,0.05,0.09,0.12,0.12,0.15,0.22,0.74,1.0,0.9,0.23,0.06,0.08,0.13,0.08,0.19,0.59,0.3,0.13,0.02,0.01,0.0,0.0,0.0,0.0,0.0],[0.0,0.0,0.0,0.0,0.0,0.01,0.03,0.06,0.03,0.01,0.02,0.03,0.05,0.06,0.08,0.1,0.19,0.9,1.0,0.92,0.29,0.18,0.14,0.28,0.58,0.47,0.14,0.01,0.01,0.0,0.0,0.0,0.0,0.0,0.0],[0.0,0.0,0.0,0.0,0.0,0.01,0.03,0.05,0.02,0.01,0.02,0.01,0.02,0.04,0.05,0.05,0.04,0.23,0.92,1.0,0.81,0.5,0.24,0.56,0.47,0.3,0.01,0.0,0.0,0.0,0.0,0.0,0.0,0.0,0.0],[0.0,0.0,0.0,0.0,0.0,0.01,0.01,0.02,0.01,0.01,0.01,0.01,0.03,0.03,0.06,0.1,0.1,0.06,0.29,0.81,1.0,0.85,0.28,0.24,0.12,0.03,0.01,0.0,0.0,0.0,0.0,0.0,0.0,0.0,0.0],[0.0,0.0,0.0,0.0,0.0,0.0,0.01,0.01,0.01,0.01,0.01,0.02,0.03,0.04,0.08,0.18,0.12,0.08,0.18,0.5,0.85,1.0,0.81,0.47,0.1,0.02,0.0,0.0,0.0,0.0,0.0,0.0,0.0,0.0,0.0],[0.0,0.0,0.0,0.0,0.0,0.0,0.01,0.02,0.01,0.02,0.04,0.04,0.05,0.06,0.13,0.17,0.11,0.13,0.14,0.24,0.28,0.81,1.0,0.78,0.24,0.04,0.01,0.0,0.0,0.0,0.0,0.0,0.0,0.0,0.0],[0.0,0.0,0.0,0.0,0.0,0.01,0.04,0.06,0.04,0.07,0.04,0.03,0.06,0.11,0.14,0.08,0.07,0.08,0.28,0.56,0.24,0.47,0.78,1.0,0.95,0.31,0.01,0.0,0.0,0.0,0.0,0.0,0.0,0.0,0.0],[0.0,0.0,0.0,0.0,0.0,0.02,0.11,0.18,0.11,0.06,0.04,0.05,0.1,0.18,0.2,0.07,0.07,0.19,0.58,0.47,0.12,0.1,0.24,0.95,1.0,0.92,0.14,0.02,0.01,0.0,0.0,0.0,0.0,0.0,0.0],[0.0,0.0,0.0,0.0,0.0,0.03,0.15,0.27,0.16,0.05,0.05,0.12,0.22,0.29,0.21,0.13,0.17,0.59,0.47,0.3,0.03,0.02,0.04,0.31,0.92,1.0,0.66,0.12,0.02,0.01,0.0,0.0,0.0,0.0,0.0],[0.0,0.0,0.0,0.0,0.01,0.06,0.17,0.2,0.11,0.09,0.19,0.5,0.43,0.27,0.11,0.07,0.14,0.3,0.14,0.01,0.01,0.0,0.01,0.01,0.14,0.66,1.0,0.84,0.34,0.03,0.0,0.0,0.0,0.0,0.0],[0.0,0.0,0.0,0.0,0.02,0.07,0.16,0.13,0.08,0.27,0.67,0.57,0.27,0.08,0.04,0.03,0.1,0.13,0.01,0.0,0.0,0.0,0.0,0.0,0.02,0.12,0.84,1.0,0.95,0.37,0.01,0.0,0.0,0.0,0.0],[0.0,0.0,0.0,0.01,0.09,0.15,0.15,0.14,0.21,0.58,0.53,0.3,0.05,0.02,0.01,0.01,0.03,0.02,0.01,0.0,0.0,0.0,0.0,0.0,0.01,0.02,0.34,0.95,1.0,0.97,0.34,0.0,0.0,0.0,0.0],[0.0,0.0,0.0,0.03,0.32,0.31,0.27,0.19,0.37,0.45,0.24,0.04,0.01,0.01,0.0,0.0,0.01,0.01,0.0,0.0,0.0,0.0,0.0,0.0,0.0,0.01,0.03,0.37,0.97,1.0,0.98,0.27,0.0,0.0,0.0],[0.0,0.0,0.02,0.64,0.97,0.62,0.23,0.11,0.25,0.17,0.01,0.01,0.0,0.0,0.0,0.0,0.0,0.0,0.0,0.0,0.0,0.0,0.0,0.0,0.0,0.0,0.0,0.01,0.34,0.98,1.0,1.0,0.36,0.0,0.0],[0.0,0.02,0.5,0.98,0.85,0.25,0.05,0.04,0.05,0.01,0.0,0.0,0.0,0.0,0.0,0.0,0.0,0.0,0.0,0.0,0.0,0.0,0.0,0.0,0.0,0.0,0.0,0.0,0.0,0.27,1.0,1.0,1.0,0.44,0.0],[0.02,0.34,0.99,0.96,0.38,0.02,0.01,0.01,0.0,0.0,0.0,0.0,0.0,0.0,0.0,0.0,0.0,0.0,0.0,0.0,0.0,0.0,0.0,0.0,0.0,0.0,0.0,0.0,0.0,0.0,0.36,1.0,1.0,1.0,0.29],[0.28,0.98,0.98,0.73,0.01,0.0,0.0,0.0,0.0,0.0,0.0,0.0,0.0,0.0,0.0,0.0,0.0,0.0,0.0,0.0,0.0,0.0,0.0,0.0,0.0,0.0,0.0,0.0,0.0,0.0,0.0,0.44,1.0,1.0,0.99],[0.96,0.91,0.71,0.01,0.0,0.0,0.0,0.0,0.0,0.0,0.0,0.0,0.0,0.0,0.0,0.0,0.0,0.0,0.0,0.0,0.0,0.0,0.0,0.0,0.0,0.0,0.0,0.0,0.0,0.0,0.0,0.0,0.29,0.99,1.0]],
  "pae": [[1.2,4.4,5.5,7.1,9.5,8.8,10.4,10.9,11.2,11.6,13.0,12.3,13.5,14.0,17.7,18.3,17.2,14.2,14.5,15.4,15.8,16.9,16.0,14.6,13.3,12.5,11.8,10.0,9.4,8.8,8.5,8.5,7.2,5.4,6.6],[3.3,1.0,2.7,3.4,4.7,6.2,7.2,7.7,8.4,8.4,9.2,9.0,10.4,10.4,14.8,15.6,13.4,11.1,11.6,12.0,13.0,14.3,13.7,12.2,10.5,9.5,8.2,6.8,5.6,5.4,5.3,5.0,4.6,3.7,4.2],[3.8,2.7,1.0,2.3,3.7,5.3,6.7,7.1,8.1,7.6,8.7,8.9,10.5,10.9,14.1,15.0,12.9,11.6,11.7,11.7,12.6,13.0,12.6,11.4,9.8,9.3,7.8,6.3,5.6,4.8,4.6,4.1,3.6,3.8,4.1],[4.6,3.6,2.7,1.0,2.5,4.2,5.5,6.1,7.0,6.9,8.0,7.8,9.9,10.3,12.9,14.4,12.5,10.7,11.2,11.5,12.4,12.5,11.9,10.5,9.1,8.8,7.4,5.8,4.8,4.4,3.9,3.8,3.4,4.3,4.8],[5.7,4.6,3.4,2.8,1.0,3.6,4.6,5.4,5.8,6.4,7.0,6.7,8.4,9.0,12.8,14.0,11.9,9.6,10.1,10.6,11.3,11.9,11.1,9.3,8.4,8.1,6.3,5.4,4.8,4.0,3.6,3.9,4.3,5.5,5.9],[7.7,6.0,5.6,4.3,4.2,1.1,3.7,4.9,5.6,6.6,7.4,6.8,8.0,9.1,12.5,12.8,12.0,9.6,10.2,10.7,11.6,12.0,11.5,8.7,8.0,8.0,6.4,5.7,5.1,5.1,4.6,5.3,5.8,6.7,7.6],[9.4,7.5,6.6,6.0,5.4,3.9,1.1,3.9,5.3,6.8,7.6,7.1,8.8,9.9,12.8,12.4,11.9,9.9,10.0,10.5,11.9,12.2,11.5,9.3,8.6,8.6,6.9,6.6,5.5,5.3,5.6,7.1,7.3,8.7,8.8],[11.2,9.1,7.6,7.3,6.3,5.1,3.9,1.1,5.0,5.5,6.5,6.7,8.1,9.3,12.6,12.6,12.3,10.6,11.0,11.7,12.8,12.5,12.0,9.5,8.6,8.3,7.1,6.8,6.8,6.5,6.8,7.8,8.6,10.0,10.5],[10.7,9.2,8.3,6.9,6.4,5.3,4.5,3.6,1.1,2.8,4.0,4.6,6.3,8.2,11.0,12.0,11.5,9.7,10.0,10.4,11.4,11.5,10.2,8.9,7.8,7.4,5.9,5.4,5.5,5.2,6.3,7.4,8.7,10.7,10.7],[8.8,7.5,6.8,6.2,5.5,4.6,4.0,3.1,2.4,1.0,2.0,2.7,4.0,5.8,10.0,9.8,9.1,7.4,8.2,8.7,9.0,9.6,8.3,7.1,5.7,5.4,3.6,4.1,4.1,4.4,5.9,6.7,6.9,8.0,8.4],[8.8,8.3,7.3,6.0,5.5,4.6,4.3,3.6,3.0,2.5,0.9,1.8,3.0,3.9,7.7,8.3,8.5,6.4,7.8,8.2,8.3,8.9,8.1,6.0,5.0,4.6,3.1,3.3,4.2,5.1,5.7,6.3,6.7,8.0,8.7],[8.9,8.5,7.4,6.5,5.9,4.9,4.8,4.1,3.7,2.7,1.7,0.9,2.5,3.6,6.3,7.5,7.1,6.4,7.0,7.6,8.2,8.3,7.5,5.4,4.7,4.8,3.6,3.8,4.6,5.4,6.4,6.4,6.9,7.9,8.6],[9.6,8.8,7.7,7.0,6.5,5.9,5.5,5.0,5.0,4.4,3.4,2.2,1.0,3.0,5.0,6.3,6.5,5.9,6.5,7.6,7.8,8.2,7.5,6.3,5.1,5.0,3.8,4.8,5.7,6.2,6.6,7.7,7.9,9.3,9.8],[11.5,10.1,9.1,8.5,8.1,7.3,7.6,6.8,7.2,6.9,5.3,3.5,2.9,1.0,5.5,6.0,6.6,6.0,6.7,8.0,8.9,8.8,8.1,6.9,5.2,5.6,5.3,6.3,7.3,7.5,8.6,9.6,9.8,11.2,11.4],[16.8,16.9,14.6,13.1,13.6,12.7,12.9,11.9,13.5,12.5,10.3,9.1,7.8,7.5,1.3,4.5,5.6,6.5,7.4,9.6,11.6,10.9,9.2,9.6,9.4,9.3,10.8,10.8,12.3,12.5,12.2,14.6,15.5,16.5,17.3],[17.6,17.6,15.6,14.0,13.5,12.9,13.3,12.6,14.3,12.0,10.6,9.7,8.2,6.8,4.3,1.3,4.4,6.1,6.7,7.9,10.2,10.4,9.5,9.7,9.4,10.1,10.5,11.6,12.4,13.0,12.8,14.6,16.1,17.3,18.3],[17.0,17.8,15.9,14.4,13.7,12.4,12.1,11.2,13.7,12.5,11.2,9.8,8.7,7.0,6.0,4.4,1.4,5.1,5.5,6.8,7.5,9.4,9.2,9.5,8.9,8.2,10.7,10.7,11.6,12.6,13.2,15.3,16.3,17.4,17.7],[12.1,12.3,11.9,11.0,11.0,9.8,9.9,9.1,10.4,10.6,8.3,6.3,5.8,5.3,5.1,3.7,3.6,1.0,2.7,3.9,5.2,6.1,6.1,4.9,4.3,4.9,6.6,7.2,8.8,9.4,10.2,11.3,12.4,13.1,12.3],[11.8,11.9,10.9,10.1,9.7,9.3,8.6,7.9,9.2,9.0,8.4,6.6,5.8,5.5,5.6,5.3,4.0,2.4,1.0,2.5,3.9,4.3,5.1,4.3,4.4,4.4,6.1,6.9,7.7,8.7,9.4,10.7,11.6,12.5,12.1],[13.0,12.9,11.3,10.8,10.0,9.7,9.0,8.0,9.8,9.6,8.9,7.4,7.2,6.1,7.3,7.0,5.5,3.4,2.8,1.0,2.7,3.6,4.2,4.2,3.9,5.0,6.6,7.8,8.7,9.6,9.7,11.2,12.3,13.1,13.2],[13.4,13.9,11.6,11.0,10.4,10.0,9.4,8.7,10.4,9.7,9.4,8.0,8.1,7.3,8.8,8.1,6.6,5.0,4.0,3.3,1.1,3.4,4.2,4.0,4.5,5.0,7.0,8.3,8.8,9.9,9.8,11.7,12.6,13.5,14.1],[14.0,14.8,13.3,11.5,10.4,10.7,9.9,8.8,10.8,10.5,9.7,8.6,8.6,7.1,9.2,8.8,7.1,5.4,4.6,3.8,3.0,1.1,3.4,3.7,4.4,5.0,7.7,8.7,8.8,10.0,10.0,11.5,12.6,14.2,14.7],[14.7,15.0,12.7,11.9,11.2,11.1,10.2,9.7,10.9,10.7,10.4,8.9,8.8,8.1,10.2,9.1,8.7,7.3,5.8,5.2,4.0,3.7,1.2,3.7,4.3,5.3,7.7,9.2,9.5,11.0,10.9,11.9,13.2,14.5,15.1],[12.0,10.8,10.2,9.0,8.5,8.4,8.0,7.4,8.8,9.2,7.6,6.5,7.2,6.2,8.7,8.8,7.8,5.4,5.1,5.0,4.7,3.7,3.2,1.0,2.3,3.6,4.7,6.1,7.5,8.3,8.2,9.7,10.2,11.6,11.6],[10.6,9.6,8.6,8.3,7.3,7.2,7.0,6.1,7.9,7.6,6.6,5.6,6.6,6.0,8.4,8.6,6.9,5.0,5.4,5.2,5.6,5.0,3.6,2.3,0.9,2.6,3.5,4.7,6.2,7.0,7.1,8.5,9.1,10.1,10.5],[10.3,9.5,8.5,7.4,6.4,7.0,6.3,6.1,7.6,7.3,6.4,5.2,6.2,5.5,8.6,8.6,7.2,5.3,5.3,5.7,5.5,5.7,5.2,3.5,2.8,1.0,3.1,3.9,5.4,6.9,6.6,8.2,8.6,9.4,10.7],[8.5,7.9,7.2,6.6,6.2,6.0,5.7,5.1,6.0,5.5,5.0,4.2,5.3,5.9,8.8,9.0,8.8,6.7,7.3,7.1,7.5,7.5,6.5,5.0,4.1,3.2,1.0,2.6,4.0,5.0,5.5,6.6,7.2,8.1,8.9],[7.8,7.1,6.0,5.6,5.2,4.9,5.0,4.8,4.9,4.6,3.8,4.0,5.2,5.8,8.7,9.1,9.0,6.5,7.4,7.4,8.1,7.4,7.1,5.4,4.4,3.8,2.3,1.0,2.5,3.5,4.1,5.3,5.8,6.7,7.7],[6.9,5.9,5.3,4.8,4.1,4.4,4.4,4.2,5.0,4.0,4.5,4.0,5.9,6.5,9.5,10.2,9.3,6.6,8.0,8.0,8.9,8.3,8.2,6.3,4.9,4.2,2.5,2.1,0.9,2.4,3.2,3.8,5.0,5.6,6.1],[6.0,5.2,4.6,3.8,3.8,4.0,4.6,4.6,5.4,5.2,4.9,4.9,6.4,7.6,10.0,10.5,10.3,8.0,8.5,9.4,9.8,9.4,9.2,7.3,5.9,5.3,3.4,2.7,2.3,0.9,2.2,3.0,3.8,4.9,5.4],[5.1,4.4,3.9,3.3,3.1,4.2,4.8,4.8,4.9,5.1,5.6,5.3,7.0,7.7,10.3,11.9,10.8,8.7,9.4,9.8,10.4,9.9,9.6,8.4,6.9,6.2,4.2,3.5,2.7,2.1,0.9,1.9,2.9,3.6,4.5],[4.7,3.8,3.2,3.0,3.1,4.5,5.0,5.1,5.4,6.0,6.3,6.3,8.4,8.4,11.8,12.8,11.1,9.5,10.0,10.4,10.9,10.9,10.4,9.3,7.4,6.9,5.1,4.2,3.4,2.7,2.0,0.9,2.0,3.2,3.7],[4.8,3.4,3.5,3.6,3.9,5.1,5.9,5.8,6.7,7.0,7.8,7.7,9.4,9.2,12.6,13.6,12.0,10.4,10.9,11.0,12.6,12.4,11.7,10.3,8.4,7.9,6.3,5.2,4.2,3.4,3.1,2.3,0.9,2.4,3.2],[4.9,3.3,3.7,4.1,4.8,6.2,7.1,7.1,8.0,8.5,9.3,9.7,11.0,10.6,13.5,14.1,13.0,11.8,12.1,12.1,13.3,13.5,13.2,11.4,10.0,9.5,8.1,6.9,5.6,4.5,3.9,3.7,2.9,1.0,2.5],[4.0,4.2,4.4,4.9,5.6,7.3,8.5,9.2,9.5,10.1,10.9,11.5,12.7,12.3,16.1,16.4,15.3,13.5,13.7,13.6,14.2,15.1,14.7,13.2,11.3,11.0,9.7,8.1,7.1,6.5,4.5,4.7,3.7,2.6,1.1]],
  "token_chain_ids": ["A","A","A","A","A","A","A","A","A","A","A","A","A","A","A","A","A","A","A","A","A","A","A","A","A","A","A","A","A","A","A","A","A","A","A"],
  "token_res_ids": [1,2,3,4,5,6,7,8,9,10,11,12,13,14,15,16,17,18,19,20,21,22,23,24,25,26,27,28,29,30,31,32,33,34,35]
}